RequestID,ArrivalTime,DelayTime,FinishTime,InitiatorID,TargetID,IOType,Size,VolumeID,Offset
0,0,15602,15602,0,0,1,29696,13,7754723726
1,1,202179,202180,1,0,0,116224,17,5958359940
2,2,133058,133060,6,0,0,50688,7,9917975716
3,3,22409,22412,5,0,1,22016,10,209943918
4,4,256270,256274,2,0,0,14336,11,7725116654
5,5,214141,214146,8,0,0,14848,3,1282402635
6,6,428117,428123,3,0,0,89088,7,2763209263
7,7,209576,209583,9,0,0,24064,16,7803123325
8,8,218233,218241,7,0,0,13312,2,5553438434
9,9,139477,139486,4,0,0,20992,6,8917321741
10,13900,16044,29944,1,0,1,23552,17,2062296882
11,25620,247958,273578,7,0,0,29696,2,5742810384
12,27290,477137,504427,7,0,0,49152,2,5218846135
13,29400,299258,328658,3,0,0,49152,7,506596358
14,44860,969719,1014579,9,0,0,31744,16,4945728427
15,50210,194972,245182,1,0,0,9216,17,8080453796
16,53080,418864,471944,1,0,0,10240,17,50214121
17,66341,5326,71667,2,0,1,5632,11,7311774305
18,70470,308103,378573,6,0,0,30208,7,2263243715
19,82550,12995,95545,9,0,1,25088,16,318356023
20,95540,162621,258161,3,0,0,6144,7,5560929974
21,97230,578909,676139,4,0,0,12288,6,4300139016
22,114100,18975,133075,1,0,1,4608,17,7590553489
23,137250,250030,387280,4,0,0,23552,6,8994132442
24,137701,6998,144699,2,0,1,13312,11,1614941843
25,145000,155019,300019,6,0,0,5632,7,8480265478
26,153591,1994,155585,8,0,1,2048,3,2273076216
27,153930,615743,769673,3,0,0,24064,7,5782157289
28,154670,446355,601025,1,0,0,18944,17,2816954421
29,162200,207154,369354,0,0,0,39424,13,10066126696
30,166340,265386,431726,2,0,0,11776,11,4351308674
31,173670,44834,218504,7,0,1,4608,2,7451492675
32,174920,585534,760454,9,0,0,11264,16,644152136
33,176729,448179,624908,5,0,0,78336,10,4711482066
34,177369,697060,874429,5,0,0,50688,10,7185611876
35,177830,43580,221410,9,0,1,4608,16,3601560703
36,181940,1022564,1204504,4,0,0,48128,6,515982031
37,183040,884908,1067948,7,0,0,63488,2,2542215016
38,191670,313716,505386,1,0,0,3072,17,1009710074
39,193240,259163,452403,8,0,0,3072,3,3117388433
40,195520,1031836,1227356,1,0,0,36864,17,6278706088
41,199720,895557,1095277,3,0,0,47616,7,9014917104
42,206390,15505,221895,0,0,1,10240,13,7870567906
43,210970,422705,633675,6,0,0,28672,7,4625220703
44,220130,1635675,1855805,4,0,0,35840,6,6075159513
45,222010,1092354,1314364,4,0,0,37888,6,3503268359
46,231861,14029,245890,8,0,1,27136,3,10109853106
47,233050,1342971,1576021,3,0,0,93184,7,9846299047
48,239640,1038016,1277656,7,0,0,38400,2,8652013767
49,241130,1685484,1926614,9,0,0,32768,16,2843962021
50,261060,422839,683899,6,0,0,512,7,1619400357
51,271350,797245,1068595,4,0,0,2048,6,5272549481
52,279590,1213082,1492672,7,0,0,51200,2,6804065194
53,296990,516975,813965,1,0,0,3072,17,8145285883
54,300100,1495719,1795819,2,0,0,35840,11,849422740
55,301380,2106009,2407389,1,0,0,57856,17,2305563624
56,309729,155262,464991,6,0,1,255488,7,3947679824
57,310530,347462,657992,0,0,0,3584,13,6527106793
58,310829,216014,526843,6,0,1,197632,7,8581125028
59,316780,873045,1189825,1,0,0,196608,17,8454782802
60,318340,1462909,1781249,3,0,0,11776,7,9942019974
61,333941,198599,532540,2,0,1,18944,11,780008248
62,334700,1301037,1635737,4,0,0,49664,6,856938237
63,338020,1270152,1608172,8,0,0,105472,3,5125277935
64,341440,899939,1241379,8,0,0,2560,3,5167851942
65,353150,2271076,2624226,2,0,0,74240,11,8388550900
66,363270,1421606,1784876,3,0,0,11776,7,3997552390
67,363640,1298679,1662319,6,0,0,78848,7,7932093725
68,365270,1392065,1757335,1,0,0,132608,17,9970230529
69,368400,468236,836636,6,0,0,3072,7,8891542092
70,370830,702319,1073149,6,0,0,14848,7,9071722140
71,381079,848804,1229883,5,0,0,8192,10,10117179356
72,381540,151666,533206,1,0,1,11264,17,1552433602
73,394930,3047933,3442863,8,0,0,44544,3,1758372644
74,400029,1039871,1439900,5,0,0,19456,10,4204240001
75,404470,1835810,2240280,2,0,0,47104,11,6959600865
76,406220,1920151,2326371,9,0,0,66048,16,2626452391
77,409460,936721,1346181,4,0,0,81408,6,8556233717
78,422280,111080,533360,7,0,1,8704,2,8132151889
79,425940,2877986,3303926,8,0,0,82944,3,9292421284
80,429160,1209120,1638280,4,0,0,8192,6,9391076872
81,444701,90042,534743,2,0,1,14848,11,6736579155
82,446220,2205849,2652069,8,0,0,41984,3,9154193573
83,455290,81719,537009,7,0,1,3584,2,2057326498
84,464330,896916,1361246,8,0,0,24576,3,6102234523
85,485100,1719628,2204728,9,0,0,512,16,10137135134
86,486640,1682639,2169279,4,0,0,134656,6,635073144
87,487050,1315852,1802902,2,0,0,23040,11,6280123044
88,496030,2016397,2512427,2,0,0,104448,11,1837257129
89,502341,35744,538085,8,0,1,13312,3,4394434457
90,515329,1612892,2128221,5,0,0,50176,10,10451576854
91,520410,2067525,2587935,3,0,0,58368,7,4274094283
92,528310,1092264,1620574,3,0,0,16896,7,10412508822
93,544280,957721,1502001,3,0,0,19968,7,4152098965
94,549490,2089118,2638608,4,0,0,3072,6,650496261
95,553040,1804627,2357667,7,0,0,3072,2,7458448829
96,555169,2126341,2681510,5,0,0,44032,10,1582504428
97,563210,3898,567108,7,0,1,4096,2,1323045250
98,601460,1315132,1916592,4,0,0,46592,6,9596115035
99,601580,2506608,3108188,8,0,0,105984,3,10163381131
100,611240,337268,948508,8,0,0,24064,3,6167063272
101,613409,3025291,3638700,5,0,0,98304,10,3663561093
102,620689,2455184,3075873,5,0,0,58368,10,396035864
103,631620,2872028,3503648,2,0,0,113152,11,384266827
104,637460,3093447,3730907,3,0,0,47616,7,9513153218
105,638980,1962611,2601591,8,0,0,22528,3,3776375811
106,646690,867179,1513869,6,0,0,24576,7,9150582310
107,650660,1534078,2184738,2,0,0,50688,11,4177206255
108,673539,1525121,2198660,5,0,0,40448,10,9833938526
109,681640,2915569,3597209,9,0,0,8192,16,1126756051
110,696110,519999,1216109,9,0,0,25088,16,5403407006
111,699150,1505391,2204541,9,0,0,3072,16,9600132819
112,704390,7230,711620,0,0,1,7680,13,6935031750
113,707800,1304384,2012184,4,0,0,36864,6,5775213824
114,708080,7406,715486,1,0,1,6144,17,5656666850
115,708420,500030,1208450,2,0,0,11264,11,3362580837
116,713510,2240945,2954455,1,0,0,2048,17,4199274436
117,714119,1217510,1931629,5,0,0,16384,10,9931300753
118,723220,3279032,4002252,2,0,0,34304,11,5662436547
119,723450,1570339,2293789,7,0,0,48128,2,10348988128
120,748990,1028648,1777638,4,0,0,66560,6,6211981359
121,753061,16635,769696,2,0,1,20992,11,3776370980
122,762770,43783,806553,7,0,1,65024,2,8502683336
123,766250,910334,1676584,4,0,0,46592,6,5901103678
124,770850,2102200,2873050,2,0,0,29184,11,8365502923
125,796510,728914,1525424,7,0,0,12800,2,3258088576
126,806230,1380083,2186313,0,0,0,5120,13,5994255682
127,807030,539946,1346976,9,0,0,2560,16,10121447990
128,808950,2497371,3306321,4,0,0,7680,6,10271862540
129,810270,3392965,4203235,6,0,0,84992,7,2065977163
130,810490,394505,1204995,4,0,0,1536,6,658054082
131,815240,1283878,2099118,2,0,0,28672,11,9003246905
132,827160,991652,1818812,6,0,0,512,7,4132592272
133,832270,2703545,3535815,2,0,0,105472,11,4979200233
134,846510,768853,1615363,4,0,0,23552,6,675030152
135,846840,2692454,3539294,6,0,0,11264,7,10224513076
136,846870,3052861,3899731,8,0,0,200192,3,4255321853
137,860310,1957335,2817645,3,0,0,47616,7,3154659482
138,896270,1663125,2559395,6,0,0,97280,7,2950936171
139,906879,161731,1068610,6,0,1,253952,7,8625962283
140,915570,157594,1073164,0,0,1,27648,13,2134852068
141,920360,3474378,4394738,4,0,0,74752,6,279851225
142,923610,4120817,5044427,2,0,0,41984,11,3148451835
143,947371,125808,1073179,2,0,1,5632,11,8079753295
144,947960,2591661,3539621,8,0,0,1024,3,3588158230
145,948950,3655123,4604073,1,0,0,50176,17,10536338372
146,965610,1007498,1973108,2,0,0,35840,11,6139694158
147,966870,3891315,4858185,6,0,0,14848,7,9495322308
148,969270,1393404,2362674,4,0,0,9216,6,696792644
149,976749,2688813,3665562,5,0,0,56832,10,2418516264
150,980060,1610104,2590164,1,0,0,3584,17,3052374852
151,1024510,2309862,3334372,9,0,0,52736,16,9195948447
152,1026630,1176912,2203542,2,0,0,2560,11,120428700
153,1032980,2938588,3971568,2,0,0,157696,11,8379724578
154,1052990,1226120,2279110,4,0,0,13824,6,125063541
155,1079890,869345,1949235,1,0,0,5120,17,8460724403
156,1088090,2714438,3802528,6,0,0,3072,7,4948360795
157,1089630,7658,1097288,0,0,1,2048,13,4233713580
158,1118880,2901039,4019919,0,0,0,57856,13,2465907663
159,1129810,702971,1832781,6,0,0,7168,7,203361440
160,1136450,1696665,2833115,3,0,0,5632,7,3484605533
161,1153570,94911,1248481,7,0,1,34304,2,3663058401
162,1193430,1009309,2202739,6,0,0,13312,7,3134882943
163,1228250,1987333,3215583,7,0,0,54272,2,2135791241
164,1238250,3133689,4371939,1,0,0,15360,17,5114425037
165,1240290,8550,1248840,0,0,1,9728,13,800168658
166,1243691,7095,1250786,2,0,1,3072,11,6437461553
167,1244460,1586772,2831232,6,0,0,44544,7,3204552537
168,1249710,1528359,2778069,9,0,0,46080,16,6158116552
169,1263080,4011983,5275063,7,0,0,39424,2,3454761959
170,1268430,1157643,2426073,8,0,0,7168,3,3517345045
171,1277630,967197,2244827,6,0,0,14848,7,51122233
172,1296579,2802055,4098634,5,0,0,86528,10,1132774421
173,1303110,3310182,4613292,7,0,0,30208,2,3817011736
174,1332460,3089905,4422365,7,0,0,90624,2,8718968787
175,1342200,3092551,4434751,0,0,0,3584,13,3067194326
176,1347341,2870,1350211,2,0,1,8704,11,4750723802
177,1352650,1450472,2803122,0,0,0,7680,13,5175190166
178,1356110,1206264,2562374,0,0,0,9728,13,6673107103
179,1358030,2071221,3429251,0,0,0,46080,13,10261322935
180,1366680,2742163,4108843,4,0,0,25088,6,8248306322
181,1374289,2925728,4300017,5,0,0,6656,10,7687964189
182,1377090,3939414,5316504,6,0,0,66048,7,3604878726
183,1381400,2286361,3667761,4,0,0,7168,6,10062076174
184,1385920,2535838,3921758,1,0,0,72192,17,1871473753
185,1394110,2592496,3986606,2,0,0,34816,11,5147875733
186,1416960,1859588,3276548,8,0,0,108032,3,8181059268
187,1417711,6754,1424465,2,0,1,7168,11,1753283619
188,1441341,6754,1448095,3,0,1,7168,7,5803984126
189,1446280,4937,1451217,9,0,1,12800,16,6566915256
190,1457420,2086452,3543872,6,0,0,13824,7,11247089
191,1462361,3422,1465783,3,0,1,3584,7,9978310031
192,1483071,18945,1502016,8,0,1,4096,3,7310216689
193,1497180,1680939,3178119,0,0,0,39936,13,10531109081
194,1505030,3075629,4580659,0,0,0,113664,13,1396603734
195,1511840,3387461,4899301,6,0,0,17920,7,9658064762
196,1520980,2727689,4248669,1,0,0,99840,17,8671797018
197,1522900,1693166,3216066,4,0,0,1536,6,10612396761
198,1525290,2226066,3751356,2,0,0,14336,11,6841622011
199,1531980,2933895,4465875,8,0,0,45568,3,5400963544
200,1534590,3685437,5220027,8,0,0,99328,3,5657333323
201,1560751,101583,1662334,3,0,1,1536,7,7520771954
202,1570720,91629,1662349,8,0,1,5632,3,4897124102
203,1575880,3861104,5436984,7,0,0,32256,2,5031452431
204,1579100,2069131,3648231,8,0,0,31232,3,5448838041
205,1579210,4452604,6031814,1,0,0,74240,17,5690246470
206,1593360,3936871,5530231,4,0,0,37888,6,8871961318
207,1598230,2545500,4143730,2,0,0,73216,11,1083190295
208,1603950,3738192,5342142,2,0,0,9728,11,3450159253
209,1612110,1838740,3450850,6,0,0,26112,7,7025603771
210,1618700,1045309,2664009,0,0,0,512,13,4733923303
211,1657390,3512328,5169718,7,0,0,83968,2,6974232342
212,1659250,1933405,3592655,3,0,0,20992,7,8337673639
213,1660300,4038984,5699284,6,0,0,75776,7,4197542295
214,1664930,1804187,3469117,6,0,0,59904,7,6311686478
215,1679460,3565721,5245181,4,0,0,56320,6,7701077726
216,1706400,1527016,3233416,8,0,0,36864,3,8475749946
217,1720540,82377,1802917,0,0,1,1536,13,2435967537
218,1725370,77570,1802940,9,0,1,4096,16,2881053248
219,1727940,3262117,4990057,4,0,0,15360,6,7643811787
220,1729500,1969164,3698664,0,0,0,101376,13,5877108587
221,1729540,3498466,5228006,3,0,0,26112,7,5194400347
222,1755290,4110403,5865693,0,0,0,41984,13,1764406217
223,1771020,2447214,4218234,8,0,0,49152,3,7137008196
224,1773670,4111525,5885195,3,0,0,17408,7,556932025
225,1780211,34973,1815184,8,0,1,20480,3,5620802775
226,1781700,6389037,8170737,8,0,0,64512,3,1058267950
227,1801430,4605751,6407181,0,0,0,19968,13,7032593152
228,1808780,3368137,5176917,7,0,0,23552,2,10315377073
229,1814169,4994848,6809017,5,0,0,217600,10,6016473640
230,1818390,2975754,4794144,3,0,0,4608,7,4753935
231,1830880,5431079,7261959,2,0,0,67072,11,3325441214
232,1838170,2610504,4448674,7,0,0,45568,2,3932215087
233,1878360,38255,1916615,1,0,1,48640,17,6691083893
234,1883779,2549857,4433636,5,0,0,36864,10,9309272573
235,1891880,2757250,4649130,8,0,0,1536,3,1278101062
236,1894969,5039487,6934456,5,0,0,411648,10,5890133816
237,1895019,4499605,6394624,5,0,0,41984,10,6614154169
238,1900750,3674974,5575724,4,0,0,15360,6,9481755355
239,1901740,4686525,6588265,7,0,0,54784,2,2322837642
240,1904920,2256453,4161373,4,0,0,57856,6,5271906066
241,1912080,2079697,3991777,2,0,0,16896,11,8627478985
242,1921030,716627,2637657,2,0,0,44032,11,6104950878
243,1941220,5033046,6974266,4,0,0,20992,6,10045384023
244,1944360,4153769,6098129,0,0,0,217600,13,1427081198
245,1951790,2149386,4101176,6,0,0,2560,7,9834180443
246,1961591,11548,1973139,2,0,1,16384,11,6935425991
247,1963860,2136521,4100381,6,0,0,5632,7,4062376922
248,1966410,6642291,8608701,1,0,0,14848,17,3830630533
249,1997990,14217,2012207,7,0,1,26112,2,3849570645
250,2005070,5137586,7142656,2,0,0,127488,11,5292089722
251,2012360,3331677,5344037,0,0,0,6144,13,3685526923
252,2012400,2643765,4656165,6,0,0,23040,7,519971317
253,2025790,2472017,4497807,7,0,0,9216,2,5947013834
254,2033439,1994702,4028141,5,0,0,26112,10,8035895722
255,2037910,4929945,6967855,0,0,0,109568,13,8871019464
256,2052640,6306575,8359215,3,0,0,26624,7,1282092924
257,2072350,4850,2077200,9,0,1,5120,16,8019844386
258,2077290,6178270,8255560,3,0,0,90112,7,10633286952
259,2095100,6490912,8586012,8,0,0,93696,3,7210184176
260,2095940,5047995,7143935,7,0,0,4096,2,9955834980
261,2104440,3128,2107568,1,0,1,9216,17,6427433531
262,2105471,22765,2128236,2,0,1,15360,11,5678134359
263,2128120,88946,2217066,4,0,1,20992,6,9577256151
264,2149340,3631262,5780602,6,0,0,44032,7,5800530857
265,2152490,3186649,5339139,0,0,0,74240,13,10653410071
266,2158800,2749043,4907843,1,0,0,2048,17,4676308467
267,2168730,2099198,4267928,7,0,0,13312,2,965648720
268,2169130,3020594,5189724,3,0,0,41984,7,3152488075
269,2174180,1749309,3923489,1,0,0,5632,17,2368285161
270,2178280,2807066,4985346,8,0,0,56320,3,3881411249
271,2182120,2552498,4734618,4,0,0,19968,6,9223716647
272,2188860,3393743,5582603,1,0,0,22528,17,2028527327
273,2217450,3791729,6009179,7,0,0,111104,2,225214644
274,2220760,6316534,8537294,1,0,0,145408,17,9822706575
275,2231550,5833709,8065259,0,0,0,27136,13,2523754519
276,2238180,19722,2257902,8,0,1,22016,3,8328884879
277,2256420,11274,2267694,1,0,1,18432,17,9060933394
278,2256610,3588537,5845147,3,0,0,22016,7,7170480665
279,2260439,3340275,5600714,5,0,0,59392,10,1541737217
280,2268980,6674718,8943698,4,0,0,156672,6,7858214550
281,2279230,6512800,8792030,3,0,0,24064,7,6015905648
282,2280541,19236,2299777,8,0,1,14848,3,4103621799
283,2294370,1503675,3798045,0,0,0,2048,13,945837349
284,2302920,5323593,7626513,8,0,0,68608,3,9480975074
285,2305110,21276,2326386,7,0,1,8704,2,5991849131
286,2324240,4761172,7085412,7,0,0,160256,2,1275027592
287,2325090,2301789,4626879,6,0,0,44544,7,8932488508
288,2332620,1700961,4033581,8,0,0,1536,3,2714887474
289,2351460,3087451,5438911,2,0,0,6144,11,872668603
290,2356670,2280827,4637497,6,0,0,17920,7,10126130813
291,2358570,5245256,7603826,2,0,0,68608,11,9740806832
292,2361470,5830662,8192132,7,0,0,70144,2,398221467
293,2363470,2306022,4669492,4,0,0,18432,6,1534458951
294,2378311,5454,2383765,3,0,1,13824,7,8015329963
295,2394529,509135,2903664,6,0,1,802816,7,8790740626
296,2401310,2298793,4700103,4,0,0,16384,6,3959543530
297,2406510,498780,2905290,0,0,1,2560,13,6257040411
298,2424760,622012,3046772,1,0,0,5632,17,664353127
299,2447750,6981333,9429083,1,0,0,159744,17,861350768
300,2455750,4694806,7150556,8,0,0,7680,3,3903726882
301,2457130,1352135,3809265,2,0,0,3584,11,7581697062
302,2462830,5032328,7495158,0,0,0,18432,13,4133420808
303,2472499,26927074,29399573,6,0,1,356864,7,5513309828
304,2483960,2943181,5427141,0,0,0,101376,13,479407453
305,2506040,3839883,6345923,4,0,0,9216,6,2600293371
306,2514910,3020558,5535468,2,0,0,11264,11,3224420169
307,2517730,27185226,29702956,1,0,1,2048,17,8441657366
308,2527931,27524354,30052285,3,0,1,35840,7,3546155508
309,2530280,2746202,5276482,1,0,0,4608,17,5693162422
310,2531020,3278160,5809180,4,0,0,32768,6,8322283135
311,2542770,28307967,30850737,1,0,1,9216,17,9800772435
312,2546360,5088061,7634421,6,0,0,18944,7,2211552521
313,2567259,3003770,5571029,5,0,0,46080,10,6631820372
314,2569989,5816398,8386387,5,0,0,27136,10,7574752035
315,2581980,1964032,4546012,7,0,0,45568,2,5212537660
316,2586210,28993425,31579635,8,0,1,54784,3,3530192109
317,2588410,5715357,8303767,2,0,0,70656,11,3288128418
318,2592880,7954742,10547622,3,0,0,16384,7,10169733236
319,2594290,2269214,4863504,8,0,0,17408,3,4880978727
320,2597790,29124386,31722176,1,0,1,23040,17,5394518503
321,2598249,6186426,8784675,5,0,0,43520,10,1301155808
322,2611400,29621433,32232833,1,0,1,512,17,432833658
323,2613600,6564597,9178197,6,0,0,76288,7,3537220926
324,2616960,7238696,9855656,2,0,0,21504,11,1670220656
325,2618690,3337591,5956281,6,0,0,1536,7,4128786385
326,2627560,3118003,5745563,4,0,0,40448,6,8040209878
327,2628301,29605518,32233819,2,0,1,1536,11,8497409427
328,2633250,6336679,8969929,3,0,0,86016,7,5473411569
329,2638090,30383376,33021466,1,0,1,33280,17,2255596652
330,2639490,6982521,9622011,1,0,0,75776,17,8910540580
331,2654851,30369201,33024052,2,0,1,4096,11,10329853316
332,2670940,360807,3031747,3,0,0,8704,7,10404441020
333,2672121,30555792,33227913,2,0,1,15872,11,10324201009
334,2692310,6128314,8820624,6,0,0,80384,7,4322025734
335,2707720,7690592,10398312,6,0,0,87040,7,10375511171
336,2708199,3959240,6667439,5,0,0,99328,10,4744837188
337,2713480,5156255,7869735,2,0,0,109568,11,9706874726
338,2714080,4381830,7095910,2,0,0,6144,11,4807160566
339,2728840,549751,3278591,2,0,0,6656,11,5752151113
340,2732410,3373114,6105524,8,0,0,24064,3,3204165541
341,2738870,30496117,33234987,1,0,1,19968,17,7431718741
342,2748300,2741263,5489563,6,0,0,45568,7,3951426300
343,2759870,4950237,7710107,3,0,0,38400,7,9860040648
344,2766020,4270541,7036561,2,0,0,27136,11,8540808872
345,2778200,4893397,7671597,7,0,0,19968,2,9397562381
346,2800220,8028258,10828478,3,0,0,27648,7,5393208716
347,2801549,3012170,5813719,5,0,0,14848,10,1105623826
348,2804480,1215634,4020114,3,0,0,512,7,5083399986
349,2805190,30509770,33314960,7,0,1,4608,2,4508708571
350,2816740,8470778,11287518,1,0,0,5120,17,7459919507
351,2834440,5894177,8728617,8,0,0,13824,3,3089472554
352,2839860,6935722,9775582,4,0,0,12288,6,2525411691
353,2840170,30799093,33639263,7,0,1,23552,2,2840551663
354,2840220,4476229,7316449,8,0,0,170496,3,10024095383
355,2842509,1133450,3975959,5,0,0,14336,10,1303382661
356,2845720,1967753,4813473,4,0,0,5632,6,4892969923
357,2847811,30795329,33643140,2,0,1,20992,11,5042415946
358,2853190,5409421,8262611,1,0,0,23040,17,7412605790
359,2856401,31036553,33892954,2,0,1,29184,11,1398872182
360,2858769,2789579,5648348,5,0,0,25600,10,2450863944
361,2870240,6152798,9023038,6,0,0,125440,7,5451091167
362,2890500,5043071,7933571,6,0,0,24064,7,2528733155
363,2896290,30996687,33892977,9,0,1,8704,16,9701425970
364,2897530,2454634,5352164,1,0,0,26624,17,5666939019
365,2900369,3413658,6314027,5,0,0,86016,10,9437581803
366,2905550,6908503,9814053,7,0,0,40448,2,8895320826
367,2910460,30982540,33893000,1,0,1,11264,17,8778843359
368,2922790,31059885,33982675,1,0,1,13312,17,5605886392
369,2925200,4093375,7018575,7,0,0,43008,2,8117079495
370,2932290,6091083,9023373,1,0,0,1024,17,1409955077
371,2940390,6095531,9035921,0,0,0,20992,13,171583484
372,2945330,5282751,8228081,6,0,0,86016,7,6810738705
373,2949479,4373233,7322712,5,0,0,20480,10,4880026678
374,2955050,3408554,6363604,0,0,0,10752,13,2510752030
375,2971820,6353986,9325806,6,0,0,198656,7,10479128257
376,2981760,1271348,4253108,8,0,0,14336,3,4512040850
377,2994490,2738734,5733224,0,0,0,11776,13,9743400773
378,3020140,4362158,7382298,8,0,0,91648,3,8782595929
379,3027670,2789808,5817478,8,0,0,12288,3,3055916975
380,3039430,6594023,9633453,4,0,0,13824,6,3913763823
381,3043280,31063629,34106909,7,0,1,6656,2,4693357389
382,3043670,5557497,8601167,8,0,0,49664,3,4448201284
383,3047310,31142075,34189385,0,0,1,1024,13,1570991871
384,3048530,6693545,9742075,2,0,0,220160,11,2034341559
385,3051300,8060074,11111374,3,0,0,60416,7,10600142957
386,3062800,4081938,7144738,4,0,0,2560,6,8687430615
387,3077990,3028485,6106475,8,0,0,3072,3,7035933115
388,3078629,32663710,35742339,6,0,1,179712,7,10539761712
389,3078970,4503929,7582899,2,0,0,30208,11,2722441902
390,3087760,5770826,8858586,8,0,0,65024,3,320894934
391,3095340,5508814,8604154,7,0,0,9728,2,9775658714
392,3098980,2700201,5799181,4,0,0,60928,6,6389091436
393,3104100,4770182,7874282,7,0,0,14848,2,10105970614
394,3104360,3638342,6742702,0,0,0,104448,13,2186209082
395,3119280,4209851,7329131,7,0,0,20992,2,5887563092
396,3127680,8623690,11751370,0,0,0,12800,13,2011605096
397,3135639,6991809,10127448,5,0,0,95232,10,6819122906
398,3137950,3269558,6407508,0,0,0,1024,13,3867793823
399,3139340,4743389,7882729,3,0,0,27648,7,5816816267
400,3143260,4313278,7456538,9,0,0,27136,16,5021616212
401,3144400,3532252,6676652,3,0,0,20992,7,596445781
402,3158470,3846978,7005448,7,0,0,95744,2,9651222819
403,3159490,6667534,9827024,6,0,0,42496,7,7830055714
404,3161250,5396191,8557441,8,0,0,66048,3,7830332098
405,3204139,33364391,36568530,6,0,1,101376,7,9331179670
406,3210440,5167656,8378096,8,0,0,58880,3,2620981732
407,3211950,6572859,9784809,9,0,0,30208,16,3874675683
408,3213120,5625631,8838751,8,0,0,59392,3,4322962034
409,3215960,7081921,10297881,0,0,0,4608,13,2228049086
410,3219600,3294354,6513954,1,0,0,35840,17,8040030519
411,3234030,2028958,5262988,9,0,0,58368,16,3219938933
412,3234100,33378514,36612614,9,0,1,6656,16,4039547287
413,3245750,5525642,8771392,3,0,0,60928,7,9578663105
414,3249960,8645998,11895958,0,0,0,79872,13,4456073621
415,3250999,3897194,7148193,1,0,0,11264,17,2180867946
416,3280310,33527997,36808307,0,0,1,46592,13,4459842559
417,3280460,6698743,9979203,9,0,0,6656,16,4614613274
418,3283610,4539513,7823123,9,0,0,96768,16,6118130871
419,3298250,6861403,10159653,6,0,0,84992,7,48848870
420,3304630,5579586,8884216,6,0,0,20480,7,10266022834
421,3317320,33629747,36947067,4,0,1,14336,6,9090334026
422,3330660,3763355,7094015,3,0,0,28160,7,1877938797
423,3335969,2781761,6117730,5,0,0,36864,10,7484541096
424,3344889,4805974,8150863,1,0,0,39936,17,3547060939
425,3362230,3088601,6450831,8,0,0,3072,3,8752389827
426,3367169,33803836,37171005,6,0,1,93696,7,10008833299
427,3382029,4397284,7779313,1,0,0,3072,17,5305089974
428,3388470,8896475,12284945,8,0,0,514560,3,9184563918
429,3390870,5870774,9261644,7,0,0,215552,2,2955808070
430,3394790,6735957,10130747,7,0,0,10752,2,9583630024
431,3398169,6778355,10176524,5,0,0,55296,10,9984985193
432,3400170,33770858,37171028,8,0,1,1536,3,6790079121
433,3400200,5941587,9341787,9,0,0,5120,16,6920036864
434,3402090,8279965,11682055,0,0,0,169984,13,4124204271
435,3410249,7265102,10675351,1,0,0,16384,17,8553048080
436,3423430,6055284,9478714,7,0,0,162816,2,4978683605
437,3431960,3101304,6533264,6,0,0,16384,7,7506093181
438,3433460,4131765,7565225,0,0,0,90112,13,5623123869
439,3443050,7154060,10597110,7,0,0,22528,2,662439795
440,3448080,6226892,9674972,7,0,0,136192,2,7931957611
441,3457420,3983005,7440425,6,0,0,8192,7,408989886
442,3460640,33835076,37295716,7,0,1,6656,2,3012215720
443,3467480,3703792,7171272,6,0,0,43008,7,6413331491
444,3497520,3836626,7334146,9,0,0,16384,16,1446834618
445,3502080,3526190,7028270,7,0,0,31744,2,8322101597
446,3505509,34953662,38459171,6,0,1,702464,7,8357077291
447,3505800,6437720,9943520,2,0,0,82944,11,10665782178
448,3511960,5229341,8741301,4,0,0,17408,6,9191728838
449,3526300,5626267,9152567,2,0,0,77312,11,6325947703
450,3534300,6762154,10296454,8,0,0,83968,3,142280810
451,3538060,34921134,38459194,7,0,1,512,2,5155744320
452,3540040,7639875,11179915,3,0,0,45056,7,3512287113
453,3542130,7371055,10913185,2,0,0,80384,11,9906624066
454,3568070,6772637,10340707,2,0,0,64512,11,8589509697
455,3579071,34896772,38475843,3,0,1,30208,7,1863887135
456,3587830,5484352,9072182,7,0,0,43520,2,9754168927
457,3605570,4292938,7898508,6,0,0,51712,7,9087738350
458,3638130,5723804,9361934,3,0,0,66048,7,9071046135
459,3640430,6571241,10211671,4,0,0,6656,6,3154935746
460,3641810,9002922,12644732,9,0,0,818176,16,6938445772
461,3643340,4994890,8638230,2,0,0,57856,11,2836204049
462,3650230,7415771,11066001,6,0,0,7680,7,1725856672
463,3651590,6189502,9841092,9,0,0,3584,16,2437842788
464,3658550,34875515,38534065,0,0,1,18432,13,10121111738
465,3660050,5217903,8877953,9,0,0,63488,16,2023691847
466,3686050,5110059,8796109,2,0,0,13312,11,1106739620
467,3692350,4638149,8330499,9,0,0,28160,16,3248501637
468,3702670,7927570,11630240,8,0,0,607232,3,6834601383
469,3703700,8065032,11768732,9,0,0,37376,16,181465827
470,3713030,6385379,10098409,7,0,0,99840,2,1300648472
471,3716269,3548209,7264478,1,0,0,8192,17,3458081314
472,3720510,7213788,10934298,2,0,0,9216,11,9864026224
473,3747879,3483954,7231833,5,0,0,35840,10,1739922627
474,3756771,34777317,38534088,2,0,1,5632,11,2317886047
475,3768700,34765411,38534111,8,0,1,1024,3,2025689161
476,3771261,34762873,38534134,8,0,1,8704,3,243060014
477,3780339,35042932,38823271,6,0,1,135168,7,2589599689
478,3787739,5841471,9629210,1,0,0,23552,17,7206468183
479,3788230,5269671,9057901,6,0,0,13312,7,1643405959
480,3795660,7370504,11166164,8,0,0,108544,3,9801786593
481,3795870,35041799,38837669,1,0,1,1024,17,7806259334
482,3795900,8865102,12661002,7,0,0,6144,2,4740031905
483,3801310,5579078,9380388,4,0,0,27648,6,1328993162
484,3805060,4665256,8470316,0,0,0,76800,13,9347549695
485,3809130,9115331,12924461,0,0,0,48640,13,6698083950
486,3809200,3854720,7663920,7,0,0,1536,2,4800958486
487,3809230,5526115,9335345,6,0,0,31232,7,9358009850
488,3811290,9425765,13237055,3,0,0,14336,7,4208850279
489,3829140,4867478,8696618,9,0,0,23040,16,4765599833
490,3836930,7013263,10850193,6,0,0,71168,7,2972301836
491,3838019,35035732,38873751,6,0,1,19456,7,9125271949
492,3842611,35400262,39242873,2,0,1,4608,11,7058788704
493,3848310,3978268,7826578,6,0,0,11264,7,8075385301
494,3856840,8947201,12804041,7,0,0,33280,2,8048101059
495,3860980,1003475,4864455,8,0,0,3072,3,2583434856
496,3872540,35555036,39427576,9,0,1,38400,16,4961480091
497,3888490,7950815,11839305,4,0,0,11776,6,4761767205
498,3890120,5643424,9533544,8,0,0,61440,3,7408345282
499,3895150,35535652,39430802,0,0,1,5120,13,8560010026
500,3905870,4295980,8201850,7,0,0,8192,2,5784622777
501,3911900,6443142,10355042,6,0,0,6144,7,4340603470
502,3914120,7868097,11782217,6,0,0,23552,7,6419468844
503,3921999,5449942,9371941,1,0,0,32768,17,624495064
504,3927950,4029357,7957307,3,0,0,512,7,979260989
505,3932730,5047050,8979780,9,0,0,32256,16,2230903770
506,3939530,7288175,11227705,0,0,0,109056,13,4020986569
507,3955740,8779766,12735506,9,0,0,88576,16,6292335044
508,3956190,8058687,12014877,6,0,0,12800,7,2119117756
509,3963200,10164496,14127696,9,0,0,583680,16,2720126033
510,3988080,5277175,9265255,7,0,0,11776,2,2371026505
511,3991611,35617029,39608640,2,0,1,1024,11,5295105894
512,4003930,5091993,9095923,0,0,0,9728,13,3762703833
513,4003980,35604683,39608663,9,0,1,13312,16,116134497
514,4020919,7776881,11797800,5,0,0,18944,10,7530681357
515,4026050,7678804,11704854,8,0,0,74752,3,8728441078
516,4043949,6529778,10573727,5,0,0,79360,10,10481634517
517,4044510,5554390,9598900,3,0,0,58880,7,9941638754
518,4049540,5105390,9154930,7,0,0,7680,2,9565543656
519,4051310,8732359,12783669,6,0,0,49664,7,9602414526
520,4054700,5959164,10013864,6,0,0,72192,7,9717447255
521,4057150,9657386,13714536,4,0,0,8192,6,5152831878
522,4061841,35583218,39645059,3,0,1,12800,7,10236545098
523,4069470,35579775,39649245,0,0,1,6656,13,4047102598
524,4071150,8809984,12881134,8,0,0,88576,3,4339743888
525,4073290,6627568,10700858,8,0,0,82432,3,934693531
526,4075900,5693076,9768976,7,0,0,61952,2,9328859898
527,4088440,9516978,13605418,4,0,0,158208,6,1388674843
528,4097080,9117965,13215045,8,0,0,86016,3,9110533940
529,4116700,8642876,12759576,4,0,0,3584,6,8462612506
530,4128969,8780649,12909618,1,0,0,34816,17,5186472505
531,4138360,10664243,14802603,9,0,0,517120,16,7976752712
532,4156810,36013552,40170362,1,0,1,50176,17,5691418714
533,4183071,35987314,40170385,3,0,1,10752,7,8998246474
534,4198400,4996484,9194884,2,0,0,22016,11,7663903880
535,4212650,35990855,40203505,7,0,1,18944,2,9090378154
536,4212850,6661600,10874450,9,0,0,27136,16,291597400
537,4215700,5808171,10023871,4,0,0,32768,6,7046311325
538,4229759,7023769,11253528,1,0,0,12288,17,10641056118
539,4240469,11582682,15823151,5,0,0,109568,10,2074852474
540,4269510,4041806,8311316,9,0,0,1024,16,1117956122
541,4275140,5474937,9750077,6,0,0,24576,7,1002092876
542,4308860,7406157,11715017,9,0,0,33280,16,1592019999
543,4313439,9604611,13918050,1,0,0,7680,17,375595838
544,4336950,6460996,10797946,9,0,0,33792,16,10535575322
545,4338970,7452052,11791022,4,0,0,10240,6,1645395921
546,4349070,10546780,14895850,6,0,0,45568,7,1054379889
547,4364410,6271072,10635482,6,0,0,29184,7,10270967553
548,4368610,8597330,12965940,6,0,0,19456,7,2410033280
549,4391701,35914068,40305769,2,0,1,25088,11,6423381989
550,4404231,35918246,40322477,2,0,1,7680,11,1395592780
551,4415170,6574856,10990026,9,0,0,35840,16,1263090745
552,4421220,10507794,14929014,2,0,0,22016,11,8358237957
553,4422440,8869219,13291659,4,0,0,11264,6,9301496752
554,4431009,10726549,15157558,1,0,0,104448,17,3875544052
555,4435200,9823618,14258818,9,0,0,6144,16,8849721119
556,4445740,36149069,40594809,9,0,1,36352,16,10335774839
557,4449790,36145042,40594832,7,0,1,1024,2,7071028980
558,4450961,36203642,40654603,8,0,1,2560,3,7160771527
559,4478460,5935735,10414195,0,0,0,45568,13,7536953458
560,4480189,37742005,42222194,6,0,1,267776,7,8209384927
561,4482079,8806125,13288204,1,0,0,97280,17,188596272
562,4482200,5787077,10269277,6,0,0,4608,7,2396136364
563,4484749,8283765,12768514,1,0,0,4608,17,9451156442
564,4514970,37796351,42311321,9,0,1,26624,16,2606879583
565,4515620,37795724,42311344,7,0,1,1024,2,788826803
566,4521750,10984247,15505997,2,0,0,114688,11,4148091175
567,4528439,8130668,12659107,5,0,0,47104,10,9953471507
568,4531690,38082619,42614309,4,0,1,61440,6,10190591966
569,4533030,38308397,42841427,0,0,1,35328,13,7633386446
570,4534700,7538432,12073132,2,0,0,6144,11,5208811130
571,4537670,7533567,12071237,8,0,0,18944,3,7903470090
572,4541340,4443455,8984795,2,0,0,16384,11,4800448327
573,4574809,2528924,7103733,1,0,0,25600,17,5105583866
574,4579830,7744964,12324794,2,0,0,38400,11,5836198256
575,4582910,5388245,9971155,2,0,0,90624,11,4347503339
576,4588880,9118700,13707580,0,0,0,89088,13,3358018399
577,4600770,9723917,14324687,9,0,0,24064,16,666858487
578,4607420,9970343,14577763,0,0,0,24576,13,7997275859
579,4612570,38323650,42936220,1,0,1,16896,17,202235465
580,4617980,7510162,12128142,6,0,0,28672,7,3564638546
581,4622660,5625029,10247689,8,0,0,19456,3,6490052756
582,4634370,38326723,42961093,7,0,1,12288,2,824191543
583,4637539,4258400,8895939,1,0,0,38400,17,3182024076
584,4643721,38317395,42961116,2,0,1,512,11,3655053108
585,4652799,7135080,11787879,1,0,0,8192,17,6486116108
586,4653660,10350567,15004227,8,0,0,11776,3,7381649190
587,4679120,38557130,43236250,4,0,1,15872,6,4462497225
588,4681021,38555252,43236273,8,0,1,4608,3,9289626083
589,4681260,5293826,9975086,6,0,0,12800,7,9394021705
590,4685849,8268649,12954498,5,0,0,37376,10,9610697751
591,4686220,3953281,8639501,9,0,0,4096,16,8676758
592,4692470,12136520,16828990,4,0,0,908800,6,1344003130
593,4696790,38539506,43236296,7,0,1,1536,2,1660422685
594,4702240,11790682,16492922,4,0,0,35328,6,6486684278
595,4712720,4412531,9125251,4,0,0,21504,6,3417917867
596,4713770,6556767,11270537,6,0,0,45568,7,1685561735
597,4718460,8514204,13232664,9,0,0,44544,16,1340902414
598,4720750,8239231,12959981,0,0,0,17920,13,10453604472
599,4739349,5131619,9870968,1,0,0,6144,17,4506643480
600,4740650,38495669,43236319,0,0,1,1024,13,4980343084
601,4740690,11180831,15921521,8,0,0,3072,3,3502301237
602,4762800,6576227,11339027,0,0,0,67584,13,10136393258
603,4764010,9370581,14134591,9,0,0,22528,16,4842367569
604,4773100,4998715,9771815,3,0,0,9216,7,9539606357
605,4773120,8850596,13623716,8,0,0,34816,3,863827861
606,4773540,6078236,10851776,8,0,0,5120,3,6399364377
607,4784559,2789113,7573672,5,0,0,27648,10,10402176505
608,4787320,11431150,16218470,9,0,0,236032,16,8793539478
609,4789399,9552518,14341917,5,0,0,10752,10,1539084403
610,4810959,11144507,15955466,1,0,0,36864,17,4348278153
611,4821770,5499258,10321028,4,0,0,31744,6,3654448682
612,4835440,7923021,12758461,2,0,0,75264,11,9328827465
613,4839291,38679109,43518400,8,0,1,2048,3,4978549057
614,4847891,38670532,43518423,2,0,1,1536,11,8113819976
615,4851750,7530498,12382248,9,0,0,131584,16,8444237046
616,4873290,8069797,12943087,9,0,0,22016,16,5517886692
617,4874140,10833943,15708083,0,0,0,48128,13,6675568440
618,4876531,38940413,43816944,2,0,1,47616,11,1655664767
619,4888280,7878807,12767087,2,0,0,24576,11,8935873794
620,4889690,6351976,11241666,2,0,0,15872,11,215198233
621,4895630,6847894,11743524,0,0,0,19968,13,4604390053
622,4900330,38991488,43891818,1,0,1,8192,17,7901680011
623,4906350,39347493,44253843,5,0,1,64512,10,2321031631
624,4913020,10023684,14936704,8,0,0,7168,3,1109135086
625,4918720,8808833,13727553,2,0,0,31232,11,5247426938
626,4921580,7921436,12843016,6,0,0,13312,7,7600106498
627,4939410,8819561,13758971,9,0,0,56320,16,4844280549
628,4941340,4398864,9340204,3,0,0,15872,7,8749292344
629,4943381,39314648,44258029,8,0,1,6656,3,2535743489
630,4945810,6354301,11300111,2,0,0,11776,11,9132123363
631,4947630,8538980,13486610,9,0,0,109568,16,9739799753
632,4963999,39359367,44323366,6,0,1,9216,7,4507003154
633,4970320,9225477,14195797,9,0,0,196608,16,8869854115
634,4971660,5848371,10820031,6,0,0,68608,7,8265946678
635,4990070,10385361,15375431,9,0,0,9216,16,2597212341
636,4996000,6816042,11812042,9,0,0,29696,16,1104897200
637,4999350,8890395,13889745,3,0,0,398848,7,2108240646
638,5008640,6720128,11728768,6,0,0,45056,7,459573692
639,5021560,12026145,17047705,3,0,0,183296,7,5595813248
640,5022540,10977903,16000443,0,0,0,24064,13,3082174717
641,5028270,11469542,16497812,4,0,0,12800,6,6064674356
642,5044710,39399220,44443930,4,0,1,26624,6,1502460752
643,5048490,12211417,17259907,4,0,0,107520,6,389262217
644,5051900,5427703,10479603,9,0,0,35840,16,5446366134
645,5051939,39394623,44446562,6,0,1,25088,7,10489504692
646,5053270,11093261,16146531,9,0,0,512,16,9970332712
647,5054489,9805123,14859612,5,0,0,119808,10,4918709879
648,5066020,39455790,44521810,7,0,1,14848,2,1464996970
649,5074230,9174308,14248538,6,0,0,56832,7,9907005536
650,5075879,11294945,16370824,5,0,0,19968,10,2123676714
651,5089220,5915291,11004511,6,0,0,17920,7,2948250330
652,5091730,9360912,14452642,4,0,0,161792,6,4314083408
653,5097260,6302439,11399699,4,0,0,34816,6,10491245413
654,5123680,5740466,10864146,6,0,0,36352,7,9039263565
655,5130539,39442851,44573390,6,0,1,30208,7,3755830004
656,5132080,39559338,44691418,9,0,1,23040,16,9712005418
657,5154140,3045191,8199331,0,0,0,23552,13,5994921158
658,5162380,7126644,12289024,2,0,0,13312,11,3586435494
659,5163819,4578747,9742566,1,0,0,1536,17,8296401729
660,5182060,12203005,17385065,0,0,0,196096,13,4914033823
661,5190820,39500621,44691441,7,0,1,22016,2,5531219162
662,5205639,3867970,9073609,5,0,0,4608,10,5770953909
663,5214890,7684097,12898987,6,0,0,11776,7,9220497190
664,5223120,11320812,16543932,2,0,0,74752,11,894235572
665,5230940,7905195,13136135,2,0,0,512,11,6670273522
666,5234560,11840312,17074872,0,0,0,89088,13,4729120916
667,5240000,6672049,11912049,8,0,0,52736,3,2528413495
668,5252049,7728016,12980065,5,0,0,9728,10,7723399932
669,5279990,10741270,16021260,9,0,0,3584,16,8939720759
670,5307550,6528144,11835694,9,0,0,63488,16,9073426965
671,5316730,9589595,14906325,6,0,0,34304,7,2655309188
672,5319340,7661372,12980712,2,0,0,2048,11,5281809687
673,5331009,5863445,11194454,1,0,0,47616,17,5258027048
674,5346201,39358881,44705082,2,0,1,10752,11,2213698447
675,5355230,9767494,15122724,9,0,0,57856,16,3939214431
676,5365500,6409339,11774839,0,0,0,19968,13,1367588251
677,5369390,39377459,44746849,9,0,1,17408,16,1316145800
678,5370820,6421177,11791997,9,0,0,3072,16,920551832
679,5376899,8115038,13491937,1,0,0,17408,17,1251407918
680,5401120,7935585,13336705,4,0,0,24576,6,4294539414
681,5412170,6900901,12313071,2,0,0,78848,11,2809482822
682,5412790,8144401,13557191,2,0,0,74240,11,6682740023
683,5419470,9751402,15170872,3,0,0,12288,7,7181145980
684,5424320,39343822,44768142,4,0,1,4096,6,1959665718
685,5428490,39339675,44768165,1,0,1,2048,17,10078976709
686,5440219,6901914,12342133,1,0,0,56832,17,32757092
687,5440620,6344740,11785360,3,0,0,10240,7,7424773426
688,5444760,6000441,11445201,2,0,0,63488,11,4423918446
689,5449090,39319106,44768196,7,0,1,17920,2,10668520288
690,5450080,7374607,12824687,4,0,0,54272,6,2751879997
691,5460659,8477561,13938220,1,0,0,30720,17,699114134
692,5485900,11066167,16552067,6,0,0,26624,7,4393575916
693,5488391,44149638,49638029,8,0,1,1535488,3,8072678126
694,5492800,12657910,18150710,4,0,0,8704,6,6322444844
695,5497290,10802876,16300166,8,0,0,132096,3,4391153872
696,5507719,7733727,13241446,1,0,0,14336,17,4195087646
697,5528550,44109502,49638052,0,0,1,4096,13,8878464272
698,5529830,10037902,15567732,7,0,0,12288,2,9777058928
699,5547510,11413922,16961432,0,0,0,33280,13,1048114188
700,5553429,12304744,17858173,5,0,0,81920,10,6169724322
701,5555151,44085763,49640914,3,0,1,3584,7,2169964023
702,5565570,12874100,18439670,8,0,0,260608,3,3232520969
703,5577300,1398953,6976253,9,0,0,5632,16,5309269683
704,5579799,7212340,12792139,1,0,0,25088,17,2198006551
705,5584100,9353251,14937351,3,0,0,2048,7,8701883672
706,5605140,10403126,16008266,8,0,0,25600,3,8674518155
707,5606169,10758548,16364717,1,0,0,103424,17,778925161
708,5629020,5426577,11055597,6,0,0,5120,7,4076436459
709,5643380,8585760,14229140,8,0,0,2560,3,3710652785
710,5651430,11227074,16878504,0,0,0,84480,13,22929500
711,5653970,43986967,49640937,1,0,1,3072,17,2933293010
712,5658890,9905075,15563965,4,0,0,69632,6,6032051749
713,5672059,6085262,11757321,5,0,0,19456,10,9634461588
714,5687050,11895825,17582875,0,0,0,29184,13,3233164384
715,5697610,43978504,49676114,7,0,1,47616,2,460167864
716,5702910,44052775,49755685,1,0,1,111616,17,7385928821
717,5706720,44054645,49761365,7,0,1,7680,2,4207533769
718,5713380,9287228,15000608,2,0,0,54272,11,8407313660
719,5719220,7343069,13062289,8,0,0,14336,3,6825006070
720,5735520,6972975,12708495,0,0,0,39936,13,1178347691
721,5756429,44005922,49762351,6,0,1,1536,7,4198253162
722,5764560,7043568,12808128,8,0,0,13312,3,3160622507
723,5769430,8606290,14375720,3,0,0,7168,7,10130878702
724,5775420,9797335,15572755,4,0,0,16384,6,10733164803
725,5781859,9041226,14823085,5,0,0,54784,10,3657042681
726,5782119,7959653,13741772,5,0,0,46592,10,4998263856
727,5796810,43965797,49762607,4,0,1,9216,6,9739930849
728,5820839,8128994,13949833,5,0,0,23040,10,1125854835
729,5838430,9169564,15007994,6,0,0,12288,7,5345845770
730,5841321,43943278,49784599,2,0,1,6656,11,7258011389
731,5841850,5891800,11733650,6,0,0,9216,7,1948030588
732,5849191,43936176,49785367,3,0,1,11776,7,3281367872
733,5858409,5274660,11133069,1,0,0,17408,17,370768590
734,5877450,43908903,49786353,0,0,1,1536,13,4478591926
735,5880600,8346154,14226754,9,0,0,69632,16,5902621400
736,5882579,9284526,15167105,1,0,0,31232,17,6542822960
737,5922580,8328321,14250901,2,0,0,7680,11,9970319969
738,5930190,10949429,16879619,2,0,0,3584,11,3350075606
739,5938150,11256597,17194747,3,0,0,27136,7,4111354628
740,5939799,6125643,12065442,1,0,0,78336,17,9612435703
741,5940470,9589886,15530356,2,0,0,79872,11,4300337899
742,5948791,43851434,49800225,2,0,1,43008,11,9870759556
743,5949940,4183794,10133734,3,0,0,9728,7,4403486113
744,5952840,11233608,17186448,2,0,0,51200,11,6171440876
745,5974610,8342722,14317332,6,0,0,50688,7,6890127881
746,5981080,8519858,14500938,4,0,0,19456,6,5949318265
747,5992080,6801798,12793878,3,0,0,5632,7,2560343504
748,5993680,9392107,15385787,9,0,0,20992,16,7387279096
749,6001130,10851611,16852741,2,0,0,77824,11,3650282626
750,6006410,9180264,15186674,8,0,0,5120,3,10310259055
751,6048340,7096154,13144494,0,0,0,18432,13,6480256052
752,6068380,8222518,14290898,3,0,0,75776,7,2769614520
753,6070960,8181384,14252344,7,0,0,4608,2,1585402558
754,6080149,5767226,11847375,5,0,0,11776,10,2716800735
755,6083661,44116123,50199784,8,0,1,215040,3,7068465944
756,6098620,44170104,50268724,0,0,1,11264,13,4038222177
757,6098670,9743091,15841761,0,0,0,31744,13,3356189782
758,6102040,44212610,50314650,0,0,1,1536,13,3604080743
759,6130310,6846768,12977078,9,0,0,18944,16,393247928
760,6130570,9290768,15421338,3,0,0,1024,7,8545813773
761,6133789,10828758,16962547,1,0,0,3584,17,3333855523
762,6136180,6560124,12696304,6,0,0,86016,7,6881233078
763,6151810,12352536,18504346,8,0,0,121344,3,749662131
764,6153990,44160683,50314673,9,0,1,16896,16,1073043679
765,6158310,12462781,18621091,9,0,0,187904,16,2864876361
766,6158490,4035693,10194183,9,0,0,26624,16,10140634662
767,6164870,7776961,13941831,2,0,0,11776,11,2492226659
768,6168400,6685723,12854123,3,0,0,36352,7,5644221234
769,6188819,478791,6667610,5,0,0,512,10,3541105097
770,6196490,12022999,18219489,6,0,0,36352,7,469756827
771,6198140,9633926,15832066,7,0,0,29184,2,70120110
772,6206190,44293224,50499414,1,0,1,33792,17,350031900
773,6212150,9780938,15993088,0,0,0,105472,13,772408508
774,6223629,11229099,17452728,5,0,0,47616,10,7499512719
775,6225090,44274347,50499437,7,0,1,11264,2,78834757
776,6237089,8257898,14494987,1,0,0,43008,17,4725072551
777,6237611,44414784,50652395,8,0,1,135680,3,3803449766
778,6265560,11029962,17295522,2,0,0,116736,11,7296650083
779,6275660,5527311,11802971,3,0,0,16896,7,2884489289
780,6289431,44461292,50750723,3,0,1,1536,7,9212625147
781,6291820,7426194,13718014,8,0,0,5632,3,7401498699
782,6320259,4952485,11272744,5,0,0,7168,10,8676560864
783,6322480,9912744,16235224,3,0,0,39936,7,10539340275
784,6323760,8239966,14563726,8,0,0,13824,3,2629175378
785,6326540,4195951,10522491,9,0,0,10240,16,7053107633
786,6329750,44420996,50750746,7,0,1,21504,2,2277205266
787,6334559,6335514,12670073,1,0,0,29696,17,4103911277
788,6338870,44452216,50791086,7,0,1,4608,2,6855711755
789,6357431,45295447,51652878,8,0,1,274944,3,6800910663
790,6364069,6462669,12826738,1,0,0,6656,17,9873209758
791,6375089,6011862,12386951,5,0,0,15360,10,3809086076
792,6377220,10095688,16472908,6,0,0,43008,7,10284786100
793,6391670,11035116,17426786,7,0,0,75264,2,4096360102
794,6398749,45356896,51755645,6,0,1,11264,7,5169504558
795,6405100,9515462,15920562,0,0,0,37888,13,4613583970
796,6406190,12543925,18950115,0,0,0,15360,13,9525764995
797,6406439,12783484,19189923,5,0,0,146432,10,4292922599
798,6407030,7301977,13709007,3,0,0,4608,7,3361973210
799,6424720,5306099,11730819,0,0,0,6656,13,5828884256
800,6426491,46995421,53421912,8,0,1,1189376,3,2813785798
801,6432170,12489195,18921365,0,0,0,98304,13,5173804310
802,6436110,9167111,15603221,8,0,0,65024,3,512216657
803,6450150,10066584,16516734,8,0,0,38912,3,5747385399
804,6450810,7754705,14205515,7,0,0,19456,2,4126432598
805,6480920,7447917,13928837,2,0,0,35328,11,1414305467
806,6481070,11142713,17623783,0,0,0,24576,13,363004982
807,6490460,4362587,10853047,7,0,0,4096,2,8101092339
808,6503580,10488254,16991834,9,0,0,11264,16,6561627487
809,6504290,12963038,19467328,9,0,0,322048,16,8490201711
810,6507840,6628116,13135956,9,0,0,36864,16,3568025306
811,6508060,46931058,53439118,7,0,1,6656,2,5642456816
812,6509710,3692499,10202209,0,0,0,16384,13,3833706900
813,6520040,4099736,10619776,0,0,0,9728,13,9449913700
814,6527780,11484031,18011811,9,0,0,92672,16,6273199069
815,6531960,12982572,19514532,3,0,0,36864,7,8311129011
816,6549120,6346077,12895197,6,0,0,46080,7,7515168903
817,6551450,5843971,12395421,3,0,0,23040,7,907363834
818,6559710,6974838,13534548,7,0,0,139776,2,2557864447
819,6587820,46851321,53439141,7,0,1,6144,2,7522017178
820,6599860,46839304,53439164,7,0,1,4608,2,3648431868
821,6604241,46843949,53448190,2,0,1,27648,11,3168894036
822,6611790,46849151,53460941,9,0,1,2048,16,3235573873
823,6614629,8191741,14806370,5,0,0,12288,10,1416713542
824,6622080,5766298,12388378,8,0,0,4608,3,546264656
825,6625599,10595730,17221329,1,0,0,36864,17,10528355743
826,6626670,46834425,53461095,9,0,1,8704,16,7376143229
827,6652430,12347183,18999613,6,0,0,152064,7,9950019163
828,6659860,8679055,15338915,7,0,0,48640,2,1193080566
829,6661519,10265859,16927378,1,0,0,156672,17,1726368132
830,6661990,9787932,16449922,8,0,0,22528,3,3975475106
831,6664890,46797830,53462720,1,0,1,8704,17,3562005156
832,6668500,13350765,20019265,2,0,0,36864,11,1153179566
833,6670060,10902317,17572377,6,0,0,135680,7,9507214498
834,6680790,6626434,13307224,3,0,0,12800,7,2193795688
835,6702430,7065768,13768198,9,0,0,30208,16,3872142713
836,6711630,11459406,18171036,9,0,0,11776,16,8708204762
837,6714870,3768665,10483535,3,0,0,5120,7,7019988023
838,6734250,46779073,53513323,0,0,1,36864,13,7247868217
839,6740370,7487967,14228337,4,0,0,5120,6,10017102266
840,6766230,10395992,17162222,6,0,0,69120,7,5876751475
841,6777270,10810776,17588046,7,0,0,16896,2,7277772390
842,6779940,6522818,13302758,9,0,0,36352,16,653290920
843,6780170,6936105,13716275,8,0,0,5632,3,9910441936
844,6790450,11300967,18091417,3,0,0,178688,7,170202094
845,6799300,10311240,17110540,3,0,0,2048,7,5550639624
846,6800390,9156035,15956425,0,0,0,3072,13,8739301239
847,6811270,8582136,15393406,9,0,0,19968,16,4117483862
848,6813900,13040884,19854784,0,0,0,49152,13,7020910144
849,6834810,11494747,18329557,9,0,0,56320,16,8015644812
850,6840270,11879914,18720184,2,0,0,5632,11,1306743939
851,6855320,12441268,19296588,6,0,0,145408,7,2735526121
852,6863130,8864045,15727175,2,0,0,25088,11,2263323903
853,6872030,46669538,53541568,1,0,1,35840,17,4759039357
854,6883130,8802276,15685406,3,0,0,57856,7,4816974500
855,6893900,11573451,18467351,9,0,0,43008,16,6738766545
856,6895110,6745188,13640298,7,0,0,31744,2,9227845005
857,6904240,9428934,16333174,7,0,0,47104,2,8076283077
858,6905180,12657001,19562181,8,0,0,14336,3,7039893038
859,6924550,5914387,12838937,0,0,0,39936,13,9540708943
860,6948999,10452313,17401312,5,0,0,53248,10,4941229221
861,6952320,10645577,17597897,4,0,0,32256,6,8147825337
862,6958010,10363025,17321035,8,0,0,15360,3,15247991
863,6967079,12636332,19603411,1,0,0,92672,17,6319786881
864,6970960,6000315,12971275,4,0,0,17408,6,10443458345
865,6971880,6708533,13680413,9,0,0,131584,16,4775783319
866,6972840,12808509,19781349,2,0,0,83968,11,8889575075
867,6981270,46581643,53562913,1,0,1,30720,17,2527625024
868,6983120,10755642,17738762,2,0,0,27648,11,8291351372
869,6983310,6727904,13711214,4,0,0,7168,6,8076217154
870,6984180,11183245,18167425,4,0,0,54784,6,8185029224
871,6985260,6930427,13915687,0,0,0,72192,13,5034718020
872,6995829,12308270,19304099,1,0,0,24576,17,9999282557
873,7000981,46601470,53602451,3,0,1,2560,7,4526802020
874,7003460,13004550,20008010,7,0,0,65536,2,8218339077
875,7011250,13337834,20349084,2,0,0,46080,11,2200698032
876,7014410,5770062,12784472,6,0,0,2560,7,2408764185
877,7025211,46627642,53652853,2,0,1,11776,11,2649519856
878,7048479,8534907,15583386,1,0,0,34816,17,5635384549
879,7062140,6831528,13893668,3,0,0,12800,7,7627655438
880,7073860,12852720,19926580,2,0,0,51200,11,4905803435
881,7091790,13013518,20105308,4,0,0,28672,6,4771413726
882,7097760,10859203,17956963,6,0,0,34816,7,9578661002
883,7109530,12448260,19557790,6,0,0,130048,7,2790005958
884,7111601,47120758,54232359,8,0,1,429056,3,8436166870
885,7134409,7233768,14368177,5,0,0,24576,10,8002911143
886,7136490,47133713,54270203,7,0,1,5632,2,4009949126
887,7138550,5797798,12936348,8,0,0,38912,3,7731829951
888,7140800,9946419,17087219,0,0,0,40448,13,9975932787
889,7153020,7328661,14481681,7,0,0,95232,2,9081848086
890,7168129,47102097,54270226,6,0,1,12800,7,6559651018
891,7174269,12581473,19755742,5,0,0,136192,10,851604410
892,7194320,13374116,20568436,4,0,0,35328,6,8171721580
893,7196811,47073446,54270257,3,0,1,9216,7,5843146349
894,7212240,10768302,17980542,6,0,0,77312,7,8617070606
895,7214740,12658997,19873737,6,0,0,18432,7,5939301993
896,7219909,13672782,20892691,5,0,0,27648,10,2660289711
897,7228389,9185279,16413668,5,0,0,69120,10,10519558124
898,7233670,9082743,16316413,9,0,0,53248,16,281689571
899,7241410,13219092,20460502,7,0,0,60928,2,1224007443
900,7249180,9702089,16951269,9,0,0,78336,16,10179677088
901,7250741,47341994,54592735,8,0,1,356864,3,871989050
902,7253010,10973990,18227000,2,0,0,24576,11,1176230943
903,7283690,4453727,11737417,8,0,0,12288,3,6433076118
904,7296189,10740761,18036950,5,0,0,82432,10,9560944112
905,7301600,11058643,18360243,8,0,0,69632,3,7996266011
906,7302430,9684522,16986952,2,0,0,6656,11,1110633043
907,7302981,47314262,54617243,3,0,1,32256,7,434801438
908,7309210,10674342,17983552,4,0,0,8704,6,622692217
909,7315269,7619228,14934497,1,0,0,17920,17,8464483642
910,7320139,9821000,17141139,5,0,0,100352,10,9290240381
911,7330810,3690527,11021337,8,0,0,3584,3,4229337575
912,7345180,13175295,20520475,9,0,0,77824,16,3086434255
913,7347450,6909457,14256907,9,0,0,14848,16,2103843589
914,7359800,7559496,14919296,3,0,0,42496,7,806299134
915,7360880,7521063,14881943,2,0,0,73216,11,7554046057
916,7367120,4407898,11775018,3,0,0,512,7,9333725647
917,7369869,9124012,16493881,5,0,0,3072,10,4828758805
918,7381099,8878796,16259895,1,0,0,80896,17,3901338862
919,7384370,12603649,19988019,7,0,0,15872,2,4271188612
920,7388130,6843061,14231191,3,0,0,6656,7,8882592251
921,7402240,8068790,15471030,6,0,0,68608,7,8146336069
922,7406480,12983724,20390204,4,0,0,39936,6,3941224927
923,7412960,6217643,13630603,3,0,0,22528,7,1035265635
924,7417720,7899925,15317645,4,0,0,42496,6,10667789984
925,7423700,5834841,13258541,7,0,0,45568,2,9879412385
926,7447750,6890868,14338618,2,0,0,19456,11,1626952310
927,7457770,11765121,19222891,6,0,0,73728,7,3282583753
928,7459570,47158979,54618549,4,0,1,2048,6,5738468437
929,7460909,10113051,17573960,5,0,0,5120,10,272951565
930,7461560,10814496,18276056,4,0,0,2048,6,9310988404
931,7479300,8913277,16392577,6,0,0,37376,7,1307425576
932,7489460,9498919,16988379,6,0,0,4608,7,2620204532
933,7494899,9603887,17098786,1,0,0,37888,17,4323644651
934,7495630,6216387,13712017,0,0,0,2560,13,8513972923
935,7506800,12871213,20378013,4,0,0,62976,6,211724417
936,7507899,10023099,17530998,1,0,0,98304,17,8769002713
937,7508820,13071986,20580806,3,0,0,7168,7,4324455159
938,7512290,8277454,15789744,3,0,0,59904,7,8173307193
939,7514270,10939954,18454224,6,0,0,44544,7,7089673039
940,7525899,7458150,14984049,5,0,0,80384,10,8951365886
941,7530200,47094780,54624980,0,0,1,8704,13,3954170194
942,7531429,6668135,14199564,5,0,0,12288,10,9401199290
943,7540350,47089502,54629852,1,0,1,25088,17,8186641343
944,7543639,7991732,15535371,5,0,0,16384,10,1506941390
945,7552890,13090236,20643126,3,0,0,11776,7,6809451395
946,7563000,10645390,18208390,9,0,0,68608,16,1051937506
947,7573980,13494522,21068502,0,0,0,74752,13,1594245165
948,7577300,8450847,16028147,9,0,0,22528,16,9552185667
949,7578940,47099017,54677957,7,0,1,6144,2,8197751378
950,7588189,8282353,15870542,1,0,0,20480,17,8432910679
951,7592880,12041130,19634010,9,0,0,100352,16,7041141391
952,7593400,47084580,54677980,1,0,1,3584,17,9828389937
953,7600140,11545144,19145284,9,0,0,105984,16,6837744424
954,7603800,8901055,16504855,9,0,0,23040,16,9046018818
955,7618290,14168519,21786809,0,0,0,29184,13,5299817088
956,7622910,6512960,14135870,0,0,0,4096,13,6838522342
957,7635670,10884299,18519969,7,0,0,51200,2,7914450535
958,7638019,47039984,54678003,6,0,1,12800,7,579567219
959,7658240,13056525,20714765,7,0,0,64000,2,9512471828
960,7663910,47044426,54708336,1,0,1,76800,17,6243701165
961,7675520,7284006,14959526,8,0,0,72704,3,2700477066
962,7679960,11169732,18849692,3,0,0,107008,7,8475766788
963,7686530,13794630,21481160,6,0,0,218112,7,8220251036
964,7693611,47027834,54721445,3,0,1,1024,7,8135851230
965,7698521,47451004,55149525,8,0,1,446976,3,9242458341
966,7705640,5907445,13613085,8,0,0,25088,3,7182955555
967,7706341,47603686,55310027,8,0,1,151040,3,9987008199
968,7707369,13978995,21686364,5,0,0,35328,10,4448575050
969,7709150,14434214,22143364,7,0,0,48640,2,3071389998
970,7712159,12622862,20335021,1,0,0,62464,17,10548322551
971,7713400,4034047,11747447,8,0,0,12800,3,619157123
972,7726390,8755745,16482135,9,0,0,30208,16,8239954216
973,7733060,47578593,55311653,1,0,1,2560,17,2784963887
974,7747400,13783304,21530704,7,0,0,19968,2,2552003748
975,7748360,8694675,16443035,3,0,0,96256,7,10006137418
976,7766339,13981589,21747928,1,0,0,55808,17,10019621964
977,7768620,10342499,18111119,3,0,0,5632,7,6527835762
978,7775140,11178118,18953258,4,0,0,10240,6,1305070370
979,7784210,13599023,21383233,8,0,0,634368,3,6531280175
980,7784599,8301553,16086152,1,0,0,56320,17,5854177077
981,7793181,47553542,55346723,2,0,1,5632,11,2037407863
982,7797440,12800268,20597708,3,0,0,21504,7,828379299
983,7813360,47533386,55346746,7,0,1,26624,2,6252364989
984,7820249,13766441,21586690,1,0,0,77824,17,9717250298
985,7845240,11672903,19518143,6,0,0,11776,7,5308959220
986,7865560,9113078,16978638,7,0,0,52736,2,10250779262
987,7866569,47480200,55346769,6,0,1,8704,7,6594531557
988,7882790,47529830,55412620,0,0,1,26624,13,3056096007
989,7892409,12867452,20759861,1,0,0,50688,17,7303870423
990,7897220,13822707,21719927,2,0,0,110080,11,5862998683
991,7902041,47510937,55412978,3,0,1,7680,7,7010292873
992,7905460,47507541,55413001,9,0,1,3584,16,3945480085
993,7928879,14091281,22020160,1,0,0,115200,17,1945729837
994,7931919,12659206,20591125,1,0,0,33792,17,6181705481
995,7948600,47464424,55413024,5,0,1,20480,10,6039447573
996,7962020,8260997,16223017,2,0,0,14848,11,4374287171
997,7962270,12353696,20315966,6,0,0,75264,7,10513680494
998,7973390,8486383,16459773,2,0,0,32256,11,1739405952
999,8018280,9091605,17109885,4,0,0,36352,6,9303676225
1000,8020110,11847988,19868098,0,0,0,38912,13,4302505249
1001,8021910,9416287,17438197,0,0,0,37376,13,4766581768
1002,8038510,8107842,16146352,9,0,0,7168,16,9223235399
1003,8041780,12021487,20063267,0,0,0,36352,13,1965957069
1004,8050390,4844986,12895376,0,0,0,512,13,1010631143
1005,8057010,9153064,17210074,3,0,0,50176,7,2324010613
1006,8084900,47342054,55426954,9,0,1,24576,16,5641278808
1007,8096660,14259905,22356565,6,0,0,82432,7,697544833
1008,8102310,11607202,19709512,6,0,0,107008,7,3530175503
1009,8103810,11978356,20082166,0,0,0,61952,13,4052320495
1010,8111080,13646753,21757833,6,0,0,8704,7,3424249346
1011,8132221,47294756,55426977,3,0,1,512,7,10687110307
1012,8134009,47293007,55427016,6,0,1,1536,7,9245972278
1013,8135060,14110039,22245099,2,0,0,333824,11,209906492
1014,8146100,6776183,14922283,3,0,0,9728,7,367697110
1015,8156470,7479748,15636218,7,0,0,17408,2,6344172274
1016,8162110,47264929,55427039,7,0,1,7680,2,4026828003
1017,8173311,47282220,55455531,3,0,1,26624,7,7316728686
1018,8182440,7672604,15855044,6,0,0,43520,7,4300994530
1019,8196060,9031064,17227124,2,0,0,18944,11,3340502717
1020,8201550,47257207,55458757,4,0,1,5120,6,2497356998
1021,8223081,47236662,55459743,3,0,1,1536,7,6285435659
1022,8235140,12553010,20788150,3,0,0,16384,7,5779104120
1023,8238860,7905285,16144145,0,0,0,81920,13,6303432040
1024,8239760,10200869,18440629,7,0,0,3072,2,648245859
1025,8246840,14243124,22489964,6,0,0,70656,7,5190979093
1026,8254400,14917772,23172172,2,0,0,111616,11,4172025487
1027,8259380,11243897,19503277,0,0,0,41984,13,10694968436
1028,8265800,47194609,55460409,0,0,1,1024,13,4863012884
1029,8267850,47196745,55464595,5,0,1,6656,10,4672094923
1030,8268959,7273767,15542726,1,0,0,24064,17,9431647710
1031,8276470,9840288,18116758,2,0,0,18432,11,8669259473
1032,8277549,9213623,17491172,5,0,0,37888,10,3367557746
1033,8286570,8698331,16984901,3,0,0,20480,7,25349105
1034,8295750,8023049,16318799,8,0,0,7168,3,2603508560
1035,8295969,47173772,55469741,6,0,1,8192,7,3198912492
1036,8295990,10325592,18621582,6,0,0,1536,7,8311780082
1037,8305820,11353219,19659039,9,0,0,36352,16,675563628
1038,8318770,11898946,20217716,3,0,0,45568,7,1742425183
1039,8319459,10625953,18945412,1,0,0,78848,17,1588159052
1040,8319480,13534894,21854374,3,0,0,35840,7,5245305529
1041,8319920,14600800,22920720,2,0,0,102912,11,4922510987
1042,8323150,12255449,20578599,8,0,0,33280,3,3335796746
1043,8362880,7241308,15604188,0,0,0,3072,13,6210588844
1044,8365979,6864560,15230539,1,0,0,15872,17,4608019367
1045,8372030,12318435,20690465,3,0,0,24576,7,1416036316
1046,8397530,6084330,14481860,9,0,0,512,16,5409116122
1047,8404360,4810864,13215224,8,0,0,512,3,8795884005
1048,8413319,15005724,23419043,1,0,0,46592,17,9802086249
1049,8415470,14715137,23130607,9,0,0,87552,16,6082122305
1050,8430360,10440103,18870463,8,0,0,68096,3,1271475771
1051,8448750,11462207,19910957,4,0,0,46080,6,8022686807
1052,8449560,47021487,55471047,5,0,1,2048,10,10390115987
1053,8451950,13391481,21843431,3,0,0,8704,7,6606958570
1054,8462200,8854132,17316332,8,0,0,59904,3,7979011862
1055,8465580,47038811,55504391,5,0,1,23552,10,8769473159
1056,8468620,13575587,22044207,9,0,0,78848,16,3384687619
1057,8485270,14860066,23345336,3,0,0,52736,7,7282177918
1058,8490700,11941537,20432237,7,0,0,43008,2,9015074825
1059,8504240,5438550,13942790,4,0,0,3072,6,5812340533
1060,8506750,14998432,23505182,0,0,0,68096,13,7824767810
1061,8520689,12600747,21121436,5,0,0,21504,10,7868111614
1062,8529890,15134031,23663921,2,0,0,27648,11,9222984595
1063,8546880,12620846,21167726,3,0,0,25600,7,5443642675
1064,8547750,14590391,23138141,7,0,0,2048,2,3949207993
1065,8569220,7810519,16379739,0,0,0,29184,13,1439148513
1066,8583290,9134611,17717901,4,0,0,108544,6,161484127
1067,8589090,46940279,55529369,1,0,1,22528,17,4048057737
1068,8591910,15367589,23959499,3,0,0,64000,7,1297338263
1069,8605150,11647881,20253031,0,0,0,25088,13,6323183499
1070,8619459,15989344,24608803,1,0,0,217088,17,9402384214
1071,8628180,46910672,55538852,4,0,1,5632,6,6848510455
1072,8640110,7676482,16316592,9,0,0,512,16,6087189476
1073,8655120,10835342,19490462,8,0,0,64000,3,2882432848
1074,8660000,13065254,21725254,0,0,0,17408,13,2200071655
1075,8670029,10015426,18685455,1,0,0,76800,17,208406208
1076,8680961,46861757,55542718,2,0,1,6144,11,8183682336
1077,8687680,7693486,16381166,3,0,0,4608,7,4669918235
1078,8699760,12444278,21144038,3,0,0,14336,7,437759987
1079,8701200,16194975,24896175,0,0,0,220672,13,1218862741
1080,8706920,15733188,24440108,0,0,0,175616,13,1614093965
1081,8728090,12834865,21562955,2,0,0,20992,11,6161121796
1082,8735050,11761690,20496740,7,0,0,46080,2,5782733429
1083,8735240,12678771,21414011,2,0,0,29696,11,3633945578
1084,8737819,7282326,16020145,1,0,0,38912,17,2736495047
1085,8738800,15094474,23833274,2,0,0,196608,11,4714942075
1086,8740729,46818206,55558935,6,0,1,20480,7,5196865902
1087,8740971,46923285,55664256,8,0,1,60416,3,6874084580
1088,8751780,8707999,17459779,3,0,0,23040,7,9686122629
1089,8763320,8534737,17298057,4,0,0,8192,6,9665857910
1090,8783470,46889051,55672521,1,0,1,2048,17,5543816774
1091,8797480,14306428,23103908,0,0,0,417280,13,1112722120
1092,8800910,46871634,55672544,5,0,1,12288,10,8171762774
1093,8809149,46865253,55674402,6,0,1,3072,7,5296125534
1094,8824069,8994657,17818726,1,0,0,125952,17,3431673386
1095,8831170,9356269,18187439,8,0,0,53760,3,3784278839
1096,8831450,12705985,21537435,3,0,0,22016,7,6218702393
1097,8833760,8337065,17170825,4,0,0,28160,6,4408017483
1098,8842720,8810109,17652829,7,0,0,93184,2,1849345616
1099,8856400,6269311,15125711,2,0,0,9728,11,1217553906
1100,8857570,8604884,17462454,0,0,0,8704,13,5580982592
1101,8859120,5741847,14600967,4,0,0,1536,6,6598769959
1102,8868619,46849078,55717697,6,0,1,1024,7,1549185920
1103,8883319,9097558,17980877,1,0,0,1024,17,2859506284
1104,8912160,14037817,22949977,4,0,0,12800,6,9703696621
1105,8925510,11954466,20879976,8,0,0,3584,3,3700924462
1106,8927520,12844563,21772083,4,0,0,38400,6,6600431630
1107,8931830,12675327,21607157,7,0,0,67072,2,2924011528
1108,8943350,11857234,20800584,2,0,0,8192,11,10287670411
1109,8954290,11866137,20820427,6,0,0,12288,7,6844602761
1110,8966330,46751390,55717720,4,0,1,6144,6,8973384720
1111,8967000,8534023,17501023,8,0,0,32256,3,7139860237
1112,8981130,10955613,19936743,3,0,0,33280,7,10112566121
1113,8988890,9673142,18662032,3,0,0,47104,7,134307234
1114,8994580,13091683,22086263,8,0,0,44544,3,10464428223
1115,8995559,46722751,55718310,6,0,1,3584,7,9706635919
1116,9006100,16479000,25485100,4,0,0,136704,6,820480878
1117,9023469,46697747,55721216,6,0,1,4608,7,10535416410
1118,9024260,9117824,18142084,6,0,0,48640,7,8916979188
1119,9032680,9115355,18148035,0,0,0,19456,13,10379742865
1120,9033570,9241454,18275024,4,0,0,12800,6,767673950
1121,9089590,9713641,18803231,4,0,0,90112,6,10610989673
1122,9091480,9163256,18254736,0,0,0,25088,13,6597061662
1123,9092419,10715005,19807424,5,0,0,85504,10,6675267232
1124,9098380,9549277,18647657,2,0,0,85504,11,7753528324
1125,9098600,7422525,16521125,2,0,0,14336,11,4099865582
1126,9108480,13549946,22658426,3,0,0,22016,7,8473169715
1127,9114650,12843064,21957714,6,0,0,171008,7,9579053552
1128,9120679,12929011,22049690,5,0,0,17920,10,1402627063
1129,9132800,14795878,23928678,4,0,0,24576,6,7018998644
1130,9137150,9668467,18805617,0,0,0,1536,13,5782029184
1131,9143290,46585261,55728551,4,0,1,28672,6,2360438989
1132,9144590,9746800,18891390,4,0,0,68608,6,3959341961
1133,9148930,46609108,55758038,1,0,1,11776,17,6518262477
1134,9163000,12659902,21822902,8,0,0,105472,3,5247176016
1135,9169400,10023666,19193066,9,0,0,10240,16,5562134713
1136,9187470,6676801,15864271,2,0,0,30208,11,10601674436
1137,9188160,10486346,19674506,4,0,0,50688,6,7375192381
1138,9214690,13041375,22256065,7,0,0,19968,2,912046890
1139,9217150,13981409,23198559,2,0,0,86528,11,5692035819
1140,9219330,9490172,18709502,8,0,0,78848,3,8838045914
1141,9219790,15166779,24386569,7,0,0,123392,2,4528737725
1142,9223220,14929301,24152521,2,0,0,52736,11,2654511482
1143,9226390,46532954,55759344,1,0,1,2048,17,7827524251
1144,9229220,12260855,21490075,8,0,0,29184,3,5748071610
1145,9246049,46514601,55760650,6,0,1,2048,7,7858700789
1146,9252650,9791914,19044564,2,0,0,147456,11,8409614654
1147,9269830,14124091,23393921,7,0,0,27648,2,1020909813
1148,9276600,15345384,24621984,0,0,0,23552,13,3584023937
1149,9282870,15660689,24943559,2,0,0,25088,11,687161512
1150,9285280,46477460,55762740,5,0,1,10240,10,8285930882
1151,9289470,46526672,55816142,4,0,1,35840,6,10340620563
1152,9305920,12454440,21760360,2,0,0,8192,11,10370384930
1153,9318040,46988811,56306851,9,0,1,22528,16,2480701451
1154,9321659,46985215,56306874,6,0,1,2560,7,4603034499
1155,9343490,47200233,56543723,1,0,1,52736,17,3707667775
1156,9349640,12914404,22264044,6,0,0,26112,7,7497759287
1157,9361550,12052640,21414190,7,0,0,512,2,8191923404
1158,9365520,47178226,56543746,4,0,1,1536,6,1353667190
1159,9383550,47160219,56543769,4,0,1,7168,6,2322551171
1160,9390609,7934685,17325294,1,0,0,13824,17,7412670692
1161,9391400,12386478,21777878,7,0,0,18944,2,4767193654
1162,9391530,10546796,19938326,8,0,0,5120,3,4943918704
1163,9392969,12282608,21675577,5,0,0,71680,10,9523884646
1164,9397790,12498414,21896204,2,0,0,58368,11,3437746408
1165,9409820,12964552,22374372,2,0,0,58368,11,7543488117
1166,9418430,15372044,24790474,0,0,0,78848,13,1479696441
1167,9421359,6609619,16030978,1,0,0,9216,17,3142584775
1168,9423871,47167725,56591596,3,0,1,11776,7,2754478727
1169,9426829,13265653,22692482,1,0,0,12800,17,2860195880
1170,9437100,10210840,19647940,3,0,0,36864,7,69360953
1171,9451850,13391238,22843088,6,0,0,26624,7,4816864514
1172,9454560,16553071,26007631,9,0,0,322048,16,5304349782
1173,9458091,47148550,56606641,8,0,1,15360,3,1987694918
1174,9460910,11082364,20543274,0,0,0,74752,13,10225052520
1175,9462120,8647260,18109380,4,0,0,58880,6,1735859392
1176,9466710,8001079,17467789,0,0,0,17408,13,7742603527
1177,9475060,10783922,20258982,9,0,0,19456,16,440043285
1178,9486829,10782004,20268833,1,0,0,32256,17,5434938400
1179,9502450,10915701,20418151,7,0,0,91648,2,9306337377
1180,9505910,16267639,25773549,4,0,0,577536,6,8870527071
1181,9513480,10326305,19839785,0,0,0,74240,13,4892684322
1182,9520240,12776945,22297185,9,0,0,6144,16,1740656674
1183,9531420,10565121,20096541,0,0,0,47104,13,6259921009
1184,9540079,8292086,17832165,1,0,0,44032,17,9188775343
1185,9559290,47187590,56746880,1,0,1,27136,17,5088969473
1186,9565990,13215900,22781890,7,0,0,259584,2,4502343525
1187,9573910,11038641,20612551,0,0,0,48640,13,7247081284
1188,9581090,16688731,26269821,7,0,0,150528,2,247369616
1189,9586930,11180385,20767315,2,0,0,19456,11,3965072795
1190,9617250,47149959,56767209,9,0,1,1536,16,1800773915
1191,9626619,10570625,20197244,5,0,0,3584,10,7772233039
1192,9638339,47131776,56770115,6,0,1,4608,7,4042154688
1193,9659460,13745169,23404629,3,0,0,10752,7,1720499007
1194,9662200,16802336,26464536,6,0,0,89088,7,1103920938
1195,9665870,11181537,20847407,2,0,0,9216,11,2762709253
1196,9672190,47150170,56822360,4,0,1,13824,6,6540593483
1197,9701350,12421914,22123264,7,0,0,53248,2,6584815239
1198,9716990,8539797,18256787,9,0,0,6656,16,2585445637
1199,9720181,47270316,56990497,2,0,1,30720,11,9276296009
1200,9726089,13871189,23597278,5,0,0,154112,10,3986660150
1201,9731700,9904985,19636685,9,0,0,8704,16,8919550667
1202,9744650,10226943,19971593,4,0,0,49152,6,5136852688
1203,9747280,9966943,19714223,8,0,0,15360,3,10388734666
1204,9750459,12155128,21905587,1,0,0,30720,17,10138198528
1205,9752479,13783807,23536286,1,0,0,26112,17,7815805941
1206,9764720,16931625,26696345,2,0,0,105984,11,8164020001
1207,9770489,16619356,26389845,5,0,0,6656,10,6937119651
1208,9775511,47300920,57076431,2,0,1,28672,11,3291231822
1209,9784000,16998744,26782744,7,0,0,2048,2,2940475569
1210,9808420,16739090,26547510,4,0,0,47616,6,9328695429
1211,9820949,9996193,19817142,5,0,0,25088,10,4476860361
1212,9823551,47257005,57080556,8,0,1,22528,3,7584882535
1213,9823849,14030710,23854559,1,0,0,12800,17,4216141096
1214,9836370,16786634,26623004,3,0,0,135168,7,1552925770
1215,9848420,8385171,18233591,7,0,0,21504,2,9358603747
1216,9859520,10868584,20728104,6,0,0,12288,7,85523085
1217,9876251,47286089,57162340,3,0,1,7168,7,5949600784
1218,9885849,13514990,23400839,5,0,0,3584,10,5848646377
1219,9891860,47274346,57166206,1,0,1,6144,17,2412747595
1220,9900189,17321136,27221325,1,0,0,98816,17,8422107215
1221,9902240,13021467,22923707,4,0,0,9728,6,2979104075
1222,9908920,10449547,20358467,0,0,0,30720,13,1888402825
1223,9910850,17036779,26947629,4,0,0,19456,6,2498386059
1224,9934199,16115309,26049508,5,0,0,104960,10,6320676658
1225,9942580,13978587,23921167,4,0,0,97792,6,2899832262
1226,9951821,47294772,57246593,8,0,1,30720,3,3738966562
1227,9953760,17418233,27371993,0,0,0,80896,13,10571284840
1228,9954249,17737372,27691621,5,0,0,87040,10,8728434751
1229,9955930,14125785,24081715,7,0,0,38400,2,4717724273
1230,9975770,14486091,24461861,8,0,0,18944,3,4460494531
1231,9977169,11579367,21556536,5,0,0,32768,10,3799534539
1232,9977489,16844311,26821800,5,0,0,40448,10,6079081270
1233,9993920,47359219,57353139,1,0,1,56320,17,1332558573
1234,10001779,13848857,23850636,5,0,0,56320,10,10326737429
1235,10024609,10247780,20272389,1,0,0,2560,17,3016813245
1236,10027981,47325181,57353162,3,0,1,17920,7,10618390864
1237,10043220,10514429,20557649,8,0,0,47104,3,3966527134
1238,10048130,47336178,57384308,4,0,1,7680,6,4860558589
1239,10050810,14574785,24625595,2,0,0,11776,11,6918402006
1240,10053290,7350541,17403831,7,0,0,8192,2,9815352753
1241,10076850,13129399,23206249,3,0,0,9216,7,476068937
1242,10095410,14147466,24242876,8,0,0,22016,3,10055335941
1243,10098620,47322819,57421439,4,0,1,35840,6,4783678784
1244,10103190,17691101,27794291,2,0,0,60928,11,10168177957
1245,10110790,47418714,57529504,9,0,1,22016,16,6995254248
1246,10119630,47415481,57535111,0,0,1,18432,13,604497776
1247,10123890,8003343,18127233,3,0,0,34304,7,9385498092
1248,10126840,15131443,25258283,4,0,0,25088,6,4833320643
1249,10129800,47407257,57537057,4,0,1,3072,6,8563559616
1250,10140930,9434222,19575152,3,0,0,42496,7,3578318434
1251,10144170,47439073,57583243,9,0,1,7168,16,425715086
1252,10168030,10314647,20482677,0,0,0,72704,13,6114187378
1253,10178550,12710791,22889341,4,0,0,124416,6,7178140178
1254,10190821,47392445,57583266,2,0,1,9216,11,7405006215
1255,10197300,17336705,27534005,6,0,0,7680,7,4090385829
1256,10198111,47618734,57816845,3,0,1,28672,7,6559815196
1257,10202570,10417977,20620547,4,0,0,1536,6,3221159645
1258,10216890,9254049,19470939,8,0,0,11776,3,2678872800
1259,10220410,12208818,22429228,6,0,0,36864,7,10084444301
1260,10223951,47619670,57843621,8,0,1,7168,3,826561392
1261,10227050,11297547,21524597,4,0,0,110592,6,726739427
1262,10228289,12994207,23222496,5,0,0,53248,10,7647788660
1263,10228700,17068954,27297654,8,0,0,26112,3,4131382660
1264,10233340,13418407,23651747,0,0,0,13312,13,8148045782
1265,10236520,11516735,21753255,2,0,0,17408,11,6008992160
1266,10246221,47618618,57864839,3,0,1,24576,7,3750489730
1267,10255189,17722283,27977472,5,0,0,145920,10,7042792250
1268,10260830,13068399,23329229,7,0,0,75264,2,3400673574
1269,10268760,9776202,20044962,6,0,0,12288,7,3388132934
1270,10275310,9707850,19983160,2,0,0,37888,11,3095499723
1271,10285570,12009720,22295290,3,0,0,35840,7,4018126210
1272,10289629,47696231,57985860,6,0,1,30720,7,8748034813
1273,10299130,47725902,58025032,1,0,1,13312,17,10549301706
1274,10307449,14226709,24534158,1,0,0,76288,17,8374239931
1275,10310340,13289613,23599953,6,0,0,8704,7,4814014010
1276,10321440,47809045,58130485,4,0,1,41984,6,8362268282
1277,10324840,11166038,21490878,6,0,0,2560,7,3788128506
1278,10327420,9805116,20132536,0,0,0,29184,13,75415941
1279,10345780,47784728,58130508,7,0,1,8192,2,8286925232
1280,10351750,47780273,58132023,5,0,1,5632,10,7488562511
1281,10353681,47934292,58287973,8,0,1,20480,3,7170696010
1282,10357780,13504758,23862538,0,0,0,26112,13,6753216
1283,10361570,11286193,21647763,4,0,0,112640,6,7180112042
1284,10370569,15072856,25443425,1,0,0,127488,17,8185257043
1285,10375810,8429316,18805126,7,0,0,6144,2,10045058825
1286,10383950,10703199,21087149,0,0,0,37376,13,5890779016
1287,10386960,15434512,25821472,3,0,0,157184,7,1102677988
1288,10390310,47930405,58320715,5,0,1,2048,10,3572695242
1289,10412850,47911195,58324045,5,0,1,13312,10,8122590735
1290,10415750,17838504,28254254,6,0,0,321536,7,4705344117
1291,10419240,12784178,23203418,6,0,0,15872,7,6477943557
1292,10423341,47933660,58357001,8,0,1,16384,3,5920119140
1293,10426661,47974953,58401614,3,0,1,5632,7,9967098892
1294,10429249,13629768,24059017,1,0,0,39936,17,9934074827
1295,10432160,47975255,58407415,7,0,1,8192,2,9030902743
1296,10444070,10960870,21404940,8,0,0,71168,3,6651632881
1297,10456920,12846827,23303747,6,0,0,18432,7,169035670
1298,10466611,47941802,58408413,3,0,1,1536,7,5396184406
1299,10466721,47946826,58413547,8,0,1,8192,3,1955219996
1300,10479770,48106973,58586743,9,0,1,5632,16,6391714304
1301,10482579,14163030,24645609,1,0,0,53248,17,998468301
1302,10494360,11260790,21755150,3,0,0,6144,7,9832993423
1303,10497540,8585212,19082752,7,0,0,2560,2,3946808169
1304,10511920,14812255,25324175,8,0,0,6656,3,3359467663
1305,10512740,12463514,22976254,7,0,0,24064,2,3827973043
1306,10513070,12321883,22834953,4,0,0,174080,6,2005105291
1307,10517339,17258365,27775704,5,0,0,82432,10,4785272211
1308,10518620,13824691,24343311,2,0,0,46080,11,2175659227
1309,10530670,48150265,58680935,0,0,1,8192,13,7406092153
1310,10541960,48138998,58680958,9,0,1,2048,16,4893355748
1311,10552440,14690815,25243255,3,0,0,47616,7,1545660506
1312,10562730,48118251,58680981,7,0,1,18944,2,172703555
1313,10568491,48335268,58903759,2,0,1,29184,11,1013061258
1314,10584489,10605437,21189926,5,0,0,11264,10,4395965301
1315,10594090,12257320,22851410,7,0,0,13312,2,5013937613
1316,10601380,48333040,58934420,7,0,1,3584,2,169873458
1317,10609800,48324643,58934443,1,0,1,4096,17,4602988508
1318,10615730,17192491,27808221,6,0,0,11264,7,1534489707
1319,10617950,17933691,28551641,7,0,0,128512,2,2071531753
1320,10625320,11687488,22312808,0,0,0,51200,13,526092194
1321,10626629,11027085,21653714,5,0,0,19456,10,7580766295
1322,10631840,10910766,21542606,4,0,0,16896,6,354248094
1323,10633049,12343696,22976745,5,0,0,1536,10,10586532084
1324,10641170,10905359,21546529,6,0,0,12800,7,3640551207
1325,10653290,15480627,26133917,3,0,0,102912,7,10096990703
1326,10654651,48456666,59111317,8,0,1,40448,3,3088229394
1327,10672110,9747000,20419110,3,0,0,3072,7,3885201129
1328,10681200,11303837,21985037,7,0,0,89600,2,10225804832
1329,10690510,12607582,23298092,0,0,0,177664,13,6473222252
1330,10692280,48718910,59411190,5,0,1,24064,10,10013263834
1331,10696710,14616499,25313209,0,0,0,73728,13,6654632857
1332,10711740,14341814,25053554,8,0,0,45568,3,2483050525
1333,10713510,13168395,23881905,4,0,0,63488,6,5561856277
1334,10717610,17142627,27860237,2,0,0,22528,11,2071890091
1335,10720849,10892571,21613420,1,0,0,20480,17,48810029
1336,10723530,12760881,23484411,9,0,0,47104,16,3926933671
1337,10729769,48797907,59527676,6,0,1,33280,7,1804575228
1338,10730229,11554118,22284347,5,0,0,66560,10,8775600516
1339,10742980,18008925,28751905,7,0,0,47616,2,6494505837
1340,10772220,8539757,19311977,4,0,0,7168,6,408015300
1341,10775750,10638931,21414681,9,0,0,1536,16,8824871713
1342,10782210,11710741,22492951,4,0,0,9728,6,4268047619
1343,10789740,9066479,19856219,3,0,0,4608,7,469126369
1344,10792099,48748206,59540305,6,0,1,4608,7,8365235166
1345,10802750,48771703,59574453,7,0,1,3584,2,1612510909
1346,10806050,48768426,59574476,9,0,1,3072,16,1602404789
1347,10806110,48812330,59618440,0,0,1,5632,13,4362188407
1348,10816881,48801582,59618463,8,0,1,5120,3,1690419046
1349,10828000,48790486,59618486,0,0,1,4608,13,4610941151
1350,10835940,14248070,25084010,8,0,0,28160,3,6770403303
1351,10860310,14737248,25597558,9,0,0,23552,16,5800543939
1352,10876140,11196528,22072668,3,0,0,58880,7,839234003
1353,10879850,15439953,26319803,4,0,0,160256,6,9236270008
1354,10886800,18026957,28913757,9,0,0,56320,16,5967100488
1355,10886890,14980405,25867295,7,0,0,7168,2,6261847675
1356,10890840,11575834,22466674,6,0,0,38912,7,9658543712
1357,10891559,11955772,22847331,1,0,0,13824,17,2545016977
1358,10900610,11489073,22389683,6,0,0,50176,7,293817751
1359,10912720,11418706,22331426,0,0,0,54784,13,5292856399
1360,10926690,11128015,22054705,7,0,0,16384,2,7337561142
1361,10938940,17173927,28112867,4,0,0,104448,6,116808612
1362,10952250,48704711,59656961,4,0,1,20480,6,7173740123
1363,10963350,12422124,23385474,7,0,0,95232,2,8342296258
1364,10976440,15390700,26367140,6,0,0,94208,7,3909103801
1365,10977180,16438037,27415217,8,0,0,61440,3,4994609812
1366,10977840,11707453,22685293,3,0,0,8192,7,9798213233
1367,10978780,17456691,28435471,0,0,0,96256,13,6305163973
1368,10979799,11989100,22968899,5,0,0,60928,10,8362457748
1369,10992350,48699934,59692284,9,0,1,9216,16,543796785
1370,11009420,12128074,23137494,9,0,0,22528,16,4932443235
1371,11014200,14248736,25262936,8,0,0,10752,3,2840553490
1372,11015510,10715391,21730901,2,0,0,18432,11,3112874057
1373,11018649,17268411,28287060,5,0,0,73728,10,2114385237
1374,11021970,8654899,19676869,3,0,0,7680,7,9713127935
1375,11057460,17401925,28459385,6,0,0,67584,7,7555458700
1376,11065750,11402663,22468413,0,0,0,5632,13,10199640908
1377,11067060,12554199,23621259,7,0,0,12288,2,3097573317
1378,11071830,13216082,24287912,9,0,0,6656,16,6156353148
1379,11073970,13555392,24629362,0,0,0,12288,13,9447939202
1380,11074569,15196367,26270936,1,0,0,3584,17,547245960
1381,11079540,17499805,28579345,9,0,0,512,16,6686574475
1382,11081640,48611412,59693052,0,0,1,11776,13,9650617232
1383,11120250,12623129,23743379,7,0,0,31744,2,1137507013
1384,11138889,15394090,26532979,1,0,0,37376,17,10140487981
1385,11167920,48537586,59705506,7,0,1,6656,2,5832804627
1386,11177909,17942182,29120091,1,0,0,92160,17,7111850894
1387,11183730,14669456,25853186,6,0,0,36352,7,3343898674
1388,11196820,18066701,29263521,6,0,0,12288,7,3997179274
1389,11201520,8607955,19809475,7,0,0,6656,2,10064323352
1390,11207850,48502802,59710652,5,0,1,8192,10,8760286845
1391,11211100,13106880,24317980,8,0,0,512,3,7004180087
1392,11227940,12128495,23356435,3,0,0,36352,7,1957108317
1393,11233310,12166414,23399724,7,0,0,18944,2,2463253309
1394,11236769,11013189,22249958,5,0,0,15872,10,5001113815
1395,11241380,12763014,24004394,8,0,0,15360,3,7639221996
1396,11255730,13286906,24542636,3,0,0,9216,7,9619692419
1397,11256340,11269972,22526312,3,0,0,4608,7,9879484752
1398,11266330,14643154,25909484,2,0,0,57856,11,5974942009
1399,11269980,9774483,21044463,2,0,0,512,11,8636533216
1400,11272989,48442346,59715335,6,0,1,4608,7,409597122
1401,11295070,9063732,20358802,2,0,0,1024,11,8588215601
1402,11343510,48375691,59719201,7,0,1,6144,2,7829041387
1403,11349350,11333424,22682774,4,0,0,17920,6,5495941964
1404,11358010,48361857,59719867,9,0,1,1024,16,3031656551
1405,11362400,14529433,25891833,9,0,0,48640,16,3608176639
1406,11368280,11065963,22434243,3,0,0,16384,7,779501889
1407,11371740,15210057,26581797,2,0,0,35328,11,6845060670
1408,11384570,10719680,22104250,4,0,0,58880,6,9384440236
1409,11390029,12047601,23437630,1,0,0,60928,17,6302394576
1410,11392200,48370042,59762242,5,0,1,14848,10,7040358282
1411,11397590,17826625,29224215,0,0,0,18432,13,1501664439
1412,11397940,14748948,26146888,3,0,0,42496,7,10622327830
1413,11398529,9268848,20667377,1,0,0,14336,17,10339463930
1414,11403330,18112047,29515377,4,0,0,94720,6,986378118
1415,11414640,12620197,24034837,7,0,0,99840,2,7165380970
1416,11447040,48315225,59762265,7,0,1,5632,2,8576684892
1417,11459160,13209965,24669125,7,0,0,25088,2,7572388294
1418,11475470,13035421,24510891,3,0,0,153088,7,1474566614
1419,11485199,12828274,24313473,1,0,0,23552,17,6249236913
1420,11510250,11028198,22538448,6,0,0,24064,7,8829502825
1421,11530160,13577573,25107733,8,0,0,31744,3,8102039190
1422,11544670,13110642,24655312,2,0,0,31744,11,7427349222
1423,11546500,12909566,24456066,8,0,0,34816,3,5630375421
1424,11566059,12567688,24133747,5,0,0,14336,10,7574432497
1425,11566430,11834900,23401330,0,0,0,1536,13,2221919132
1426,11567110,14009186,25576296,2,0,0,7168,11,10210912445
1427,11570350,13792383,25362733,2,0,0,54784,11,1207888473
1428,11577361,48223380,59800741,8,0,1,4608,3,5349483321
1429,11585440,14740470,26325910,8,0,0,19968,3,4566178062
1430,11587020,48256739,59843759,4,0,1,13312,6,7997462427
1431,11592710,17298616,28891326,2,0,0,31744,11,1429570653
1432,11604649,48339149,59943798,6,0,1,54784,7,2744300385
1433,11611500,48335844,59947344,4,0,1,5632,6,9491881896
1434,11618101,48366958,59985059,3,0,1,7168,7,8678009908
1435,11634960,15029062,26664022,7,0,0,54272,2,2197280248
1436,11638450,17761100,29399550,3,0,0,8704,7,974518429
1437,11639090,12497340,24136430,3,0,0,8704,7,2721114953
1438,11644170,48382786,60026956,4,0,1,36352,6,5360764321
1439,11645370,17940197,29585567,3,0,0,134144,7,7213893500
1440,11646950,12702000,24348950,6,0,0,18432,7,4491060265
1441,11652659,14540295,26192954,5,0,0,148992,10,8050158247
1442,11657150,10755128,22412278,8,0,0,1536,3,2613801568
1443,11661729,12878068,24539797,5,0,0,18432,10,7629017373
1444,11663480,13149548,24813028,4,0,0,512,6,3807677317
1445,11672689,17706847,29379536,5,0,0,50688,10,8982680663
1446,11675090,14762279,26437369,8,0,0,14848,3,2187200526
1447,11695729,17283512,28979241,5,0,0,99840,10,5745697423
1448,11698750,12765474,24464224,4,0,0,7680,6,3109304211
1449,11712830,12593444,24306274,6,0,0,33792,7,1501394547
1450,11715530,14387008,26102538,6,0,0,94720,7,4651754943
1451,11719600,14832769,26552369,4,0,0,15872,6,1447501619
1452,11721069,11801140,23522209,5,0,0,55808,10,1246151971
1453,11724850,10589853,22314703,7,0,0,6144,2,6703599024
1454,11730440,17488136,29218576,0,0,0,1536,13,2563678611
1455,11740340,12389016,24129356,4,0,0,91648,6,5359041766
1456,11755640,13239349,24994989,0,0,0,2048,13,7128024458
1457,11757061,48411125,60168186,3,0,1,19968,7,1964198824
1458,11775110,14440845,26215955,6,0,0,2560,7,7259766458
1459,11799009,14539404,26338413,1,0,0,40960,17,10578819135
1460,11807170,13514954,25322124,2,0,0,29184,11,2281739124
1461,11807801,48541143,60348944,2,0,1,109568,11,2903581642
1462,11811440,18002749,29814189,4,0,0,43520,6,5934348693
1463,11811750,17891183,29702933,9,0,0,363008,16,7497858856
1464,11813121,48540093,60353214,8,0,1,16896,3,10018470163
1465,11817940,13705582,25523522,7,0,0,40448,2,6455515492
1466,11826130,11417807,23243937,7,0,0,60416,2,1343693190
1467,11862619,13711470,25574089,5,0,0,165888,10,6380513733
1468,11869909,15096775,26966684,1,0,0,62464,17,2576548329
1469,11876520,11831806,23708326,9,0,0,64000,16,5958198061
1470,11886101,48552859,60438960,2,0,1,35328,11,9499857139
1471,11892290,48571425,60463715,1,0,1,1024,17,3771117285
1472,11895350,15216643,27111993,7,0,0,8192,2,6369297360
1473,11903030,12754333,24657363,8,0,0,6656,3,2516349777
1474,11913770,14724903,26638673,8,0,0,18944,3,9810832488
1475,11918420,14454671,26373091,3,0,0,19456,7,7448200220
1476,11919460,11306046,23225506,4,0,0,7168,6,9706151283
1477,11927719,18171177,30098896,1,0,0,25600,17,8930956194
1478,11929059,12685726,24614785,5,0,0,9216,10,7545714741
1479,11943679,14765520,26709199,1,0,0,2048,17,3892985303
1480,11945219,48781590,60726809,6,0,1,29696,7,3582374458
1481,11947349,14267803,26215152,5,0,0,67072,10,2908196727
1482,11948380,14679327,26627707,0,0,0,15360,13,8824322924
1483,11948539,14068966,26017505,5,0,0,9728,10,6301517410
1484,11956800,15957891,27914691,0,0,0,83456,13,6595797994
1485,11965500,17930595,29896095,0,0,0,144896,13,4263763601
1486,11967090,14256844,26223934,7,0,0,26112,2,9289517678
1487,11968930,48757902,60726832,1,0,1,6144,17,5997931047
1488,11976150,16180113,28156263,3,0,0,51712,7,5802833632
1489,11977170,11668856,23646026,0,0,0,30720,13,9964513646
1490,11980890,15166352,27147242,0,0,0,10240,13,6081793657
1491,11989670,12965850,24955520,4,0,0,12288,6,6252762910
1492,11995369,14713167,26708536,1,0,0,39936,17,6839118246
1493,11996390,17971143,29967533,0,0,0,42496,13,3346312531
1494,12015370,15088598,27103968,6,0,0,126464,7,10026063851
1495,12018030,48833645,60851675,0,0,1,22528,13,5520611122
1496,12036830,15355263,27392093,4,0,0,33280,6,8157625422
1497,12046780,14455265,26502045,6,0,0,114176,7,5468862504
1498,12048030,12232934,24280964,3,0,0,20992,7,5211414821
1499,12048129,14008445,26056574,1,0,0,14848,17,7289449119
1500,12060810,10885244,22946054,6,0,0,73216,7,9182339491
1501,12066240,48793639,60859879,4,0,1,3584,6,8017469903
1502,12067591,48792311,60859902,2,0,1,10240,11,9287947848
1503,12074830,15050024,27124854,2,0,0,20992,11,4405777550
1504,12079390,14353432,26432822,7,0,0,35328,2,8596077359
1505,12101170,13950857,26052027,0,0,0,8192,13,5129818953
1506,12109930,18041543,30151473,3,0,0,81408,7,146336846
1507,12138760,48721165,60859925,5,0,1,8704,10,7048230184
1508,12141850,48726717,60868567,5,0,1,5632,10,8939308558
1509,12147709,12964883,25112592,1,0,0,15872,17,3988222539
1510,12149040,12054824,24203864,3,0,0,33280,7,8387459459
1511,12151059,17895057,30046116,1,0,0,107008,17,8661773446
1512,12161830,14616344,26778174,3,0,0,226304,7,3819895440
1513,12163090,14819217,26982307,7,0,0,51200,2,3173828461
1514,12171549,15380446,27551995,1,0,0,9216,17,4111706816
1515,12185700,12545014,24730714,7,0,0,44032,2,8863827782
1516,12186280,12608117,24794397,3,0,0,12800,7,2686021535
1517,12193680,12418266,24611946,8,0,0,10240,3,2395832513
1518,12215419,13374940,25590359,5,0,0,46080,10,3212792806
1519,12236310,13274865,25511175,4,0,0,85504,6,7463883972
1520,12241540,14597507,26839047,8,0,0,14848,3,4641080485
1521,12255430,15554686,27810116,2,0,0,6144,11,4289654364
1522,12260219,10690093,22950312,1,0,0,1024,17,5753679877
1523,12265120,18183121,30448241,7,0,0,186368,2,1671169177
1524,12279110,48603720,60882830,9,0,1,2560,16,10447926760
1525,12288129,16346338,28634467,5,0,0,125440,10,6885953189
1526,12291380,48591809,60883189,5,0,1,9728,10,3896314430
1527,12295520,48691616,60987136,0,0,1,28672,13,1807263004
1528,12304149,13572841,25876990,5,0,0,31744,10,8889767662
1529,12309880,14077898,26387778,4,0,0,48128,6,6229645379
1530,12317990,13748435,26066425,2,0,0,32256,11,6790046153
1531,12323020,14553159,26876179,2,0,0,44032,11,2269608152
1532,12326210,17725233,30051443,2,0,0,17408,11,5238513260
1533,12329030,13818505,26147535,3,0,0,2048,7,1794587386
1534,12329450,11504003,23833453,3,0,0,512,7,7641781001
1535,12329481,48660509,60989990,3,0,1,9216,7,4036481253
1536,12343179,18047452,30390631,5,0,0,215040,10,9876611645
1537,12351140,14714273,27065413,2,0,0,69120,11,9825799124
1538,12352570,14978214,27330784,3,0,0,7168,7,9888493835
1539,12359420,10863879,23223299,8,0,0,2560,3,5999229182
1540,12359580,18246047,30605627,2,0,0,125440,11,5533172305
1541,12368700,17722365,30091065,0,0,0,40448,13,4824961593
1542,12389689,15050101,27439790,1,0,0,15360,17,5181700213
1543,12397280,14069954,26467234,7,0,0,6144,2,5840304397
1544,12400010,48642710,61042720,1,0,1,3072,17,7453740563
1545,12403329,12591013,24994342,1,0,0,39936,17,9591179634
1546,12405740,48684910,61090650,9,0,1,19968,16,7082245546
1547,12422429,18144955,30567384,1,0,0,180224,17,5386720413
1548,12436900,16234483,28671383,0,0,0,29696,13,2488108488
1549,12439200,10965616,23404816,0,0,0,512,13,8107785742
1550,12444350,14557504,27001854,0,0,0,17408,13,9967518513
1551,12454960,14116050,26571010,2,0,0,53248,11,8824660304
1552,12477170,13537348,26014518,7,0,0,22528,2,10498152742
1553,12498660,10807606,23306266,2,0,0,8192,11,5772341214
1554,12499520,48596622,61096142,1,0,1,17920,17,2603751066
1555,12519530,18293419,30812949,8,0,0,364544,3,6704588096
1556,12521010,16395422,28916432,6,0,0,8704,7,9033470174
1557,12534750,48714730,61249480,7,0,1,1024,2,4923164925
1558,12572470,48685780,61258250,4,0,1,21504,6,1184537703
1559,12581390,15683183,28264573,3,0,0,33792,7,10549749563
1560,12585351,48747807,61333158,8,0,1,31232,3,6643923164
1561,12585810,15785110,28370920,0,0,0,62464,13,6747662063
1562,12597200,48761250,61358450,1,0,1,7168,17,6921936448
1563,12601210,14046253,26647463,8,0,0,27136,3,6008497223
1564,12612060,13940488,26552548,0,0,0,512,13,435320926
1565,12613889,16717218,29331107,1,0,0,28160,17,2761615823
1566,12631930,14482738,27114668,4,0,0,8704,6,1364743033
1567,12655550,18283974,30939524,8,0,0,291328,3,3815938159
1568,12674660,18344460,31019120,0,0,0,57856,13,1288813407
1569,12691059,14321029,27012088,5,0,0,2560,10,622049600
1570,12692330,13149757,25842087,8,0,0,67584,3,2521146946
1571,12701350,18400549,31101899,7,0,0,51200,2,7901701742
1572,12708180,48745085,61453265,1,0,1,14336,17,2103393645
1573,12715150,13355830,26070980,3,0,0,14848,7,6674568510
1574,12724540,18255800,30980340,4,0,0,60416,6,8766507119
1575,12738481,48714815,61453296,8,0,1,7168,3,4453248017
1576,12744940,15260034,28004974,4,0,0,66048,6,4283964747
1577,12756661,48777064,61533725,3,0,1,28160,7,6141580919
1578,12765140,48959903,61725043,0,0,1,31232,13,9363971690
1579,12765661,49115593,61881254,2,0,1,36864,11,7398374361
1580,12783510,11315371,24098881,0,0,0,24576,13,8257329601
1581,12784430,12581290,25365720,9,0,0,9728,16,9215658271
1582,12808050,14520527,27328577,3,0,0,90112,7,5053102848
1583,12810859,13046562,25857421,5,0,0,13824,10,8545022518
1584,12813620,18380667,31194287,6,0,0,41472,7,6513399392
1585,12831079,49050521,61881600,6,0,1,512,7,4531894973
1586,12832609,13362084,26194693,1,0,0,5632,17,7026427032
1587,12834939,13686629,26521568,1,0,0,64000,17,957362529
1588,12845180,49055254,61900434,0,0,1,34816,13,2206472660
1589,12856920,49076923,61933843,1,0,1,2560,17,163443111
1590,12857380,49080253,61937633,4,0,1,7680,6,1825498808
1591,12858560,15437906,28296466,4,0,0,30208,6,927044866
1592,12865239,18160487,31025726,1,0,0,17408,17,3179274668
1593,12878340,14411335,27289675,8,0,0,62976,3,5969006792
1594,12890670,14631608,27522278,3,0,0,66048,7,4250466118
1595,12890739,15411990,28302729,1,0,0,20480,17,665979858
1596,12897730,12295468,25193198,3,0,0,50176,7,9332714786
1597,12907810,15477063,28384873,7,0,0,35840,2,10669933437
1598,12921910,15419970,28341880,0,0,0,27648,13,2678989885
1599,12926290,14694305,27620595,4,0,0,45056,6,9415124680
1600,12934290,15092547,28026837,6,0,0,71680,7,4189839536
1601,12935269,49006658,61941927,6,0,1,20480,7,4192797763
1602,12940589,15571873,28512462,5,0,0,71680,10,4359995529
1603,12942510,16475236,29417746,3,0,0,9728,7,4107322066
1604,12963580,18188955,31152535,0,0,0,2048,13,9782705314
1605,12974150,13812205,26786355,4,0,0,11776,6,7230319255
1606,12975170,12311249,25286419,7,0,0,48128,2,5295839138
1607,12985950,18173160,31159110,0,0,0,21504,13,3887357303
1608,12990741,48951442,61942183,2,0,1,9216,11,2552028956
1609,12994389,11451046,24445435,5,0,0,17408,10,6491154670
1610,13021379,48987386,62008765,6,0,1,30208,7,2015376940
1611,13037119,18356473,31393592,1,0,0,108032,17,9171641439
1612,13059770,13799430,26859200,3,0,0,8704,7,9097397642
1613,13073430,18188864,31262294,7,0,0,98304,2,4050211340
1614,13079429,15582883,28662312,1,0,0,69632,17,10081193872
1615,13096620,15309492,28406112,6,0,0,69632,7,4862955287
1616,13103191,48905597,62008788,3,0,1,7168,7,1006129715
1617,13110040,48898771,62008811,5,0,1,4608,10,4251139880
1618,13122430,14542648,27665078,9,0,0,145920,16,163415374
1619,13124509,15353174,28477683,1,0,0,13824,17,2658817209
1620,13148950,48890473,62039423,4,0,1,10752,6,4237703420
1621,13149710,15289060,28438770,2,0,0,10752,11,9612812994
1622,13156839,48909332,62066171,6,0,1,20992,7,6628612408
1623,13167900,12697188,25865088,6,0,0,25088,7,9253325331
1624,13170440,15711183,28881623,4,0,0,7168,6,2389331416
1625,13171190,48904552,62075742,7,0,1,5632,2,3610554742
1626,13171399,16371058,29542457,5,0,0,63488,10,5806606061
1627,13183319,16823439,30006758,5,0,0,17408,10,6161920604
1628,13190460,15405764,28596224,4,0,0,55296,6,7203090053
1629,13193421,48887506,62080927,2,0,1,16384,11,6267249977
1630,13197830,15474356,28672186,0,0,0,2560,13,10701670506
1631,13207310,13778148,26985458,7,0,0,10240,2,4734549407
1632,13209549,15492991,28702540,5,0,0,512,10,7443052245
1633,13216579,11444871,24661450,5,0,0,13312,10,389730801
1634,13234460,13167732,26402192,0,0,0,40448,13,7711723814
1635,13234719,15542059,28776778,5,0,0,50176,10,60889878
1636,13236850,48912200,62149050,0,0,1,1536,13,1155440002
1637,13246190,16500070,29746260,3,0,0,72192,7,8119494905
1638,13254330,15971624,29225954,0,0,0,5632,13,8147471214
1639,13254410,11498586,24752996,0,0,0,1536,13,3212548870
1640,13279300,15299866,28579166,7,0,0,3072,2,4983394503
1641,13297750,15015235,28312985,9,0,0,14336,16,9183376724
1642,13299870,13165469,26465339,8,0,0,2560,3,2675363689
1643,13304030,13805444,27109474,7,0,0,10240,2,6525859850
1644,13317410,48909900,62227310,9,0,1,40960,16,6775148945
1645,13320001,48908295,62228296,8,0,1,1536,3,2598664817
1646,13334689,13298189,26632878,1,0,0,16896,17,6616234321
1647,13340890,14265954,27606844,0,0,0,47616,13,8034359016
1648,13343610,15515247,28858857,6,0,0,269312,7,2212889125
1649,13346220,11783540,25129760,9,0,0,15872,16,8561670665
1650,13348380,13073647,26422027,6,0,0,65024,7,2773702357
1651,13374140,48902451,62276591,7,0,1,31232,2,3626828914
1652,13383400,16441147,29824547,9,0,0,11776,16,2942649846
1653,13386370,14418396,27804766,0,0,0,34304,13,7399398514
1654,13392800,49581964,62974764,9,0,1,89088,16,10119064398
1655,13420080,49554707,62974787,4,0,1,512,6,7894812904
1656,13432140,15818968,29251108,7,0,0,30720,2,10351279410
1657,13436381,49751431,63187812,2,0,1,28160,11,8946780215
1658,13446400,12627255,26073655,9,0,0,8704,16,3625140981
1659,13447950,13106813,26554763,7,0,0,7168,2,6374854826
1660,13462090,49755490,63217580,5,0,1,33792,10,3609922760
1661,13471051,49747195,63218246,8,0,1,1024,3,8723782576
1662,13492220,15725865,29218085,8,0,0,5632,3,6144810357
1663,13504920,15420708,28925628,8,0,0,12800,3,8978551413
1664,13515740,15848329,29364069,7,0,0,72192,2,8913391123
1665,13533770,18045842,31579612,8,0,0,54784,3,3202481515
1666,13535700,49917830,63453530,7,0,1,49664,2,9071191170
1667,13546080,50354516,63900596,9,0,1,77312,16,3484851418
1668,13548030,16252876,29800906,8,0,0,167936,3,8810924357
1669,13550320,13556011,27106331,6,0,0,7680,7,4247419450
1670,13556150,14150961,27707111,9,0,0,24064,16,3094901691
1671,13589220,15731233,29320453,4,0,0,38912,6,6912837035
1672,13590480,13244020,26834500,6,0,0,22016,7,2920903676
1673,13595050,50313548,63908598,7,0,1,6144,2,2593523680
1674,13608370,15831247,29439617,8,0,0,71680,3,3251637203
1675,13658480,16266365,29924845,3,0,0,51200,7,7171183989
1676,13665140,15214268,28879408,4,0,0,16896,6,511276991
1677,13678030,14435016,28113046,4,0,0,512,6,10216479726
1678,13681700,15179364,28861064,0,0,0,7168,13,2969722832
1679,13687300,15452379,29139679,8,0,0,16384,3,10334114719
1680,13688870,15855794,29544664,8,0,0,7168,3,7536702319
1681,13692299,15541166,29233465,1,0,0,24576,17,2999097882
1682,13702729,14217133,27919862,5,0,0,16896,10,3714869266
1683,13712550,13069547,26782097,6,0,0,12800,7,8178789794
1684,13716100,17931736,31647836,8,0,0,2560,3,496137340
1685,13736990,15659885,29396875,3,0,0,56832,7,9906903910
1686,13751250,18064388,31815638,6,0,0,239616,7,5949249079
1687,13752869,16248562,30001431,1,0,0,85504,17,9730334214
1688,13756260,15460086,29216346,4,0,0,93696,6,1067624785
1689,13758460,18282564,32041024,0,0,0,97792,13,7189195651
1690,13760200,50148421,63908621,0,0,1,5120,13,7890705149
1691,13764570,14708878,28473448,6,0,0,46080,7,749202839
1692,13768230,16519809,30288039,2,0,0,101888,11,1084544228
1693,13776259,13710525,27486784,1,0,0,71168,17,553039340
1694,13778580,16297775,30076355,6,0,0,14336,7,1858026576
1695,13798860,50175260,63974120,5,0,1,10752,10,2799186109
1696,13816309,15594051,29410360,5,0,0,35328,10,9705162116
1697,13817189,13904453,27721642,5,0,0,47616,10,8322219394
1698,13823640,15349969,29173609,7,0,0,5632,2,3556106431
1699,13853809,16616809,30470618,1,0,0,38400,17,1692668132
1700,13859129,13376207,27235336,1,0,0,40448,17,8433636858
1701,13867850,13558934,27426784,6,0,0,37888,7,10730262303
1702,13871320,14113507,27984827,9,0,0,24064,16,2967922299
1703,13885180,15637910,29523090,9,0,0,15872,16,5975625031
1704,13892180,15953325,29845505,9,0,0,22528,16,6535582741
1705,13903409,16742824,30646233,5,0,0,107520,10,4406382316
1706,13905930,13844635,27750565,6,0,0,59904,7,8203636178
1707,13910510,17402701,31313211,7,0,0,12288,2,2303752356
1708,13914429,18470121,32384550,1,0,0,222720,17,5814611559
1709,13923021,50051122,63974143,2,0,1,5632,11,5320228017
1710,13930691,50051166,63981857,3,0,1,28160,7,10245033836
1711,13948080,12929682,26877762,3,0,0,5120,7,7212982015
1712,13955371,50026509,63981880,8,0,1,6656,3,5411751362
1713,13957100,50027432,63984532,7,0,1,2048,2,2319149014
1714,13978070,13403860,27381930,8,0,0,17408,3,5615651359
1715,13981600,12657572,26639172,4,0,0,1536,6,7336406765
1716,13984240,17017229,31001469,0,0,0,29184,13,5189404350
1717,13988511,50053770,64042281,8,0,1,13312,3,1671114799
1718,13996980,13936009,27932989,4,0,0,43008,6,3463176913
1719,14009760,16240371,30250131,8,0,0,3072,3,6963095385
1720,14011240,16168336,30179576,8,0,0,92160,3,754811498
1721,14016010,15804926,29820936,8,0,0,22016,3,2121718429
1722,14016140,15938422,29954562,7,0,0,56832,2,4297621287
1723,14023909,13500108,27524017,1,0,0,5632,17,7910305591
1724,14045350,14325905,28371255,7,0,0,1024,2,3738723294
1725,14048399,14529808,28578207,1,0,0,58880,17,3074368173
1726,14074630,49967674,64042304,0,0,1,7168,13,2236045409
1727,14074890,16437559,30512449,3,0,0,137216,7,7067076746
1728,14079150,13620606,27699756,4,0,0,26624,6,4272816673
1729,14093529,17328936,31422465,5,0,0,47104,10,9519563691
1730,14119010,15605231,29724241,9,0,0,33280,16,1875207519
1731,14129220,17581655,31710875,3,0,0,112128,7,3656964176
1732,14142399,13580826,27723225,1,0,0,5120,17,2842903878
1733,14149309,13991175,28140484,1,0,0,25088,17,2933563153
1734,14163520,16295375,30458895,8,0,0,29696,3,2267725411
1735,14170210,15739012,29909222,6,0,0,43008,7,3442465752
1736,14180680,12937755,27118435,6,0,0,12288,7,4469897254
1737,14187820,14514541,28702361,0,0,0,83968,13,10206590898
1738,14190041,49873681,64063722,3,0,1,8192,7,8416034600
1739,14191050,17084090,31275140,0,0,0,9216,13,5438105304
1740,14193200,14447873,28641073,4,0,0,20480,6,4314935206
1741,14193370,16988250,31181620,4,0,0,49664,6,2500134381
1742,14212390,14114839,28327229,0,0,0,5632,13,4124697418
1743,14212620,18269418,32482038,8,0,0,8704,3,5098587786
1744,14230421,49918436,64148857,8,0,1,20480,3,8864809110
1745,14232690,17330207,31562897,8,0,0,106496,3,8889646080
1746,14246860,18587880,32834740,8,0,0,18944,3,9268647028
1747,14255570,49901289,64156859,0,0,1,15360,13,10197045576
1748,14267200,14047368,28314568,7,0,0,5120,2,3933537270
1749,14272500,15931818,30204318,4,0,0,55296,6,2158410801
1750,14287260,49886034,64173294,1,0,1,30208,17,6591952210
1751,14292660,16529984,30822644,6,0,0,31744,7,7620400938
1752,14299970,15637245,29937215,3,0,0,26112,7,5181438406
1753,14311079,17427968,31739047,1,0,0,55296,17,3964737721
1754,14312110,14559741,28871851,9,0,0,35328,16,9318951973
1755,14316869,14166453,28483322,1,0,0,18432,17,6357946153
1756,14324760,14839301,29164061,4,0,0,5632,6,9811130659
1757,14326679,15686810,30013489,5,0,0,22016,10,1564775084
1758,14350300,49906809,64257109,7,0,1,54784,2,1420606796
1759,14355240,49901892,64257132,7,0,1,1536,2,7860634677
1760,14366300,15472310,29838610,7,0,0,46080,2,1407002918
1761,14368570,13202387,27570957,3,0,0,30208,7,919109105
1762,14378370,17534779,31913149,9,0,0,25088,16,1366466456
1763,14379680,49877475,64257155,5,0,1,6144,10,2957811972
1764,14381060,16924284,31305344,9,0,0,14336,16,5966614268
1765,14381490,16304889,30686379,6,0,0,101888,7,2742150852
1766,14384660,49969936,64354596,1,0,1,18944,17,4427963200
1767,14387900,49966719,64354619,7,0,1,23552,2,9157674403
1768,14391860,13101187,27493047,8,0,0,20480,3,2250946293
1769,14410910,14149334,28560244,8,0,0,28160,3,1489404906
1770,14425239,49935852,64361091,6,0,1,17920,7,2247164959
1771,14427230,17705570,32132800,9,0,0,52224,16,4767674983
1772,14427350,17623681,32051031,3,0,0,32768,7,9719202731
1773,14460770,13587242,28048012,9,0,0,3072,16,8417307228
1774,14461930,16151520,30613450,7,0,0,25600,2,3944688213
1775,14481190,17775279,32256469,9,0,0,10752,16,5210706325
1776,14510060,49854577,64364637,7,0,1,5632,2,6924855913
1777,14527390,18653342,33180732,0,0,0,284160,13,8559224786
1778,14530590,16430664,30961254,8,0,0,30720,3,1984133768
1779,14547169,16595492,31142661,5,0,0,35328,10,5181264007
1780,14548309,16752379,31300688,1,0,0,14848,17,5876293743
1781,14549390,15522574,30071964,6,0,0,64512,7,7397776956
1782,14554040,17078256,31632296,7,0,0,62464,2,3589116692
1783,14554710,14159746,28714456,4,0,0,33280,6,5033797673
1784,14564770,16877056,31441826,7,0,0,3072,2,293328530
1785,14567350,14306240,28873590,7,0,0,5632,2,6675369481
1786,14572681,49898717,64471398,3,0,1,21504,7,8166276615
1787,14593560,14280677,28874237,3,0,0,2048,7,10427135283
1788,14603500,14325934,28929434,9,0,0,11264,16,7689973525
1789,14606459,17111771,31718230,1,0,0,24064,17,4030147676
1790,14609550,14876944,29486494,8,0,0,51200,3,6000337010
1791,14614550,16432773,31047323,8,0,0,16896,3,9680976146
1792,14615099,49913856,64528955,6,0,1,12800,7,3278611346
1793,14620400,17330840,31951240,0,0,0,80384,13,10401297276
1794,14657260,16384892,31042152,4,0,0,33792,6,7865292877
1795,14666170,15458551,30124721,3,0,0,38400,7,2823675939
1796,14668571,50414633,65083204,2,0,1,50688,11,6829376326
1797,14668820,13705110,28373930,3,0,0,8704,7,5161490948
1798,14672621,50654290,65326911,3,0,1,11776,7,8499506876
1799,14673360,17430682,32104042,7,0,0,66560,2,9567106650
1800,14683350,18640525,33323875,6,0,0,29184,7,7870237527
1801,14685070,14464249,29149319,7,0,0,25088,2,4419835115
1802,14688230,14726529,29414759,7,0,0,14336,2,8716340652
1803,14689701,50647709,65337410,3,0,1,5120,7,582079019
1804,14717851,50733112,65450963,3,0,1,32256,7,2734463836
1805,14737390,18807186,33544576,9,0,0,115712,16,3189565741
1806,14742190,16108524,30850714,6,0,0,32768,7,6963665322
1807,14765929,14217859,28983788,1,0,0,14848,17,9698867551
1808,14779830,18040016,32819846,8,0,0,67584,3,5139509860
1809,14812160,13475079,28287239,3,0,0,512,7,6452509427
1810,14823090,50682417,65505507,9,0,1,16384,16,1338274537
1811,14825281,50680572,65505853,3,0,1,512,7,8397868393
1812,14846599,15128757,29975356,5,0,0,25600,10,8220773793
1813,14855760,16416549,31272309,6,0,0,32768,7,716124551
1814,14857479,16739018,31596497,5,0,0,19968,10,6513147920
1815,14876040,15349308,30225348,8,0,0,50176,3,4103462688
1816,14877190,14974734,29851924,0,0,0,20992,13,8860936634
1817,14885860,50790858,65676718,9,0,1,36864,16,3580398912
1818,14890290,15188428,30078718,4,0,0,7680,6,9796350409
1819,14893640,18110114,33003754,4,0,0,37376,6,7678152586
1820,14897030,15352142,30249172,6,0,0,30720,7,3297571944
1821,14904149,16966383,31870532,1,0,0,4608,17,2498136551
1822,14932310,16920423,31852733,6,0,0,77312,7,7781867518
1823,14933180,18706060,33639240,0,0,0,45056,13,2591574319
1824,14937380,17513135,32450515,8,0,0,46592,3,1339162447
1825,14937509,14519143,29456652,5,0,0,55808,10,1893578453
1826,14939770,13695032,28634802,4,0,0,1024,6,5612870117
1827,14943150,15381930,30325080,3,0,0,74240,7,2665473721
1828,14948120,15891940,30840060,3,0,0,30720,7,9669291304
1829,14952579,16385282,31337861,5,0,0,60416,10,9177286631
1830,14964360,17046650,32011010,8,0,0,15872,3,10410419661
1831,14975890,14366160,29342050,7,0,0,35840,2,9329179375
1832,14977570,16927912,31905482,4,0,0,63488,6,2427273828
1833,14989470,17316582,32306052,0,0,0,92672,13,10488158999
1834,15004730,50692314,65697044,1,0,1,16896,17,7956458832
1835,15005750,15649562,30655312,6,0,0,29696,7,6624357483
1836,15033730,17513506,32547236,7,0,0,41472,2,3970383474
1837,15038510,17530259,32568769,4,0,0,35328,6,8396996524
1838,15056781,50718586,65775367,3,0,1,13824,7,51907053
1839,15059660,17786972,32846632,4,0,0,32768,6,854710341
1840,15060220,17145626,32205846,9,0,0,44544,16,9599837537
1841,15072760,18715276,33788036,4,0,0,86528,6,150110291
1842,15085780,18720268,33806048,9,0,0,29696,16,7547424602
1843,15088840,16767972,31856812,7,0,0,13312,2,2821331578
1844,15106420,14409448,29515868,6,0,0,1536,7,6054745904
1845,15107200,17683389,32790589,7,0,0,26112,2,8414761200
1846,15122260,51134534,66256794,1,0,1,25088,17,282104
1847,15126879,14586396,29713275,1,0,0,33792,17,2581551331
1848,15128200,18874836,34003036,7,0,0,62976,2,7913297789
1849,15132390,16071311,31203701,7,0,0,17920,2,2769882018
1850,15134899,51135513,66270412,6,0,1,6144,7,6497036170
1851,15138750,16027715,31166465,0,0,0,24064,13,5980073157
1852,15149620,13928551,29078171,8,0,0,18432,3,827180027
1853,15157800,51112651,66270451,7,0,1,5120,2,5046106067
1854,15181920,13951567,29133487,4,0,0,3584,6,7449517800
1855,15200310,14122194,29322504,4,0,0,6656,6,2161484625
1856,15216940,16127964,31344904,4,0,0,23040,6,7069583790
1857,15224729,13899129,29123858,5,0,0,12288,10,9204566542
1858,15252681,51088763,66341444,2,0,1,35328,11,10241052179
1859,15255310,14458768,29714078,6,0,0,2560,7,9917316864
1860,15258620,17446868,32705488,3,0,0,68608,7,829170980
1861,15262060,18889662,34151722,3,0,0,121344,7,7448848279
1862,15270650,15681221,30951871,3,0,0,40448,7,7465508434
1863,15283219,17759930,33043149,5,0,0,6656,10,3894449641
1864,15284530,17297290,32581820,9,0,0,13824,16,7755408767
1865,15288190,15743643,31031833,0,0,0,19968,13,10043652208
1866,15297880,51052518,66350398,0,0,1,17408,13,5825371247
1867,15301600,51048821,66350421,1,0,1,11776,17,9386614210
1868,15336850,14134021,29470871,9,0,0,46592,16,10209389306
1869,15338130,19283926,34622056,9,0,0,134144,16,3806854381
1870,15341480,18028538,33370018,8,0,0,40960,3,7181059051
1871,15344069,51042480,66386549,6,0,1,12288,7,8423251883
1872,15368980,18965435,34334415,4,0,0,39424,6,10236398910
1873,15378570,15773318,31151888,6,0,0,30208,7,254378793
1874,15383810,17608533,32992343,0,0,0,49152,13,5491464299
1875,15389780,15001654,30391434,3,0,0,2560,7,7709599800
1876,15411299,15571716,30983015,1,0,0,8704,17,7587138601
1877,15433000,17328215,32761215,8,0,0,70656,3,1533125279
1878,15448519,18115268,33563787,5,0,0,62976,10,7499799462
1879,15466410,50920162,66386572,5,0,1,6144,10,9681478690
1880,15470330,15761973,31232303,3,0,0,45056,7,1985998610
1881,15491561,50895034,66386595,2,0,1,9216,11,9731031863
1882,15495011,50918797,66413808,3,0,1,17408,7,2210806362
1883,15504199,16484995,31989194,5,0,0,35328,10,7012549068
1884,15524820,16197333,31722153,6,0,0,12800,7,7071492708
1885,15538789,50876321,66415110,6,0,1,17920,7,857519669
1886,15557690,14554341,30112031,6,0,0,43008,7,811344894
1887,15565570,18032972,33598542,6,0,0,1536,7,8254244026
1888,15566990,18520367,34087357,4,0,0,94720,6,322877564
1889,15568630,15913802,31482432,0,0,0,55808,13,7745731073
1890,15594930,50820203,66415133,1,0,1,10752,17,404656287
1891,15602501,50864072,66466573,2,0,1,10240,11,3076197842
1892,15604850,13987448,29592298,9,0,0,22016,16,6854110429
1893,15611699,15229008,30840707,5,0,0,2048,10,514940331
1894,15619990,17119674,32739664,9,0,0,19456,16,2509916799
1895,15629760,16601293,32231053,7,0,0,60416,2,7886507622
1896,15651980,16422347,32074327,4,0,0,56320,6,93441789
1897,15663320,13854911,29518231,0,0,0,7680,13,1205941251
1898,15665630,14263606,29929236,7,0,0,14336,2,3766645731
1899,15665750,19302860,34968610,3,0,0,403456,7,3026634901
1900,15672839,14379415,30052254,5,0,0,2560,10,7986737373
1901,15694100,50773767,66467867,1,0,1,16896,17,4271983200
1902,15702180,18262251,33964431,7,0,0,49664,2,5103365872
1903,15706270,14043445,29749715,7,0,0,11264,2,4690124793
1904,15708011,50759879,66467890,3,0,1,7168,7,8984774026
1905,15749629,14952217,30701846,5,0,0,50688,10,10087012570
1906,15758609,50709586,66468195,6,0,1,4608,7,9666970972
1907,15763530,15368344,31131874,2,0,0,98304,11,6406779032
1908,15772500,18402356,34174856,3,0,0,27648,7,6181408648
1909,15793310,17825402,33618712,6,0,0,5632,7,7789956474
1910,15795110,14654714,30449824,2,0,0,5120,11,7366409980
1911,15804190,14498247,30302437,4,0,0,46080,6,137389559
1912,15804230,14308760,30112990,2,0,0,3072,11,10520588138
1913,15809580,50660241,66469821,9,0,1,2560,16,3157267699
1914,15820560,16157847,31978407,6,0,0,89088,7,8456142200
1915,15821130,18052544,33873674,3,0,0,148480,7,4459654913
1916,15833300,15364910,31198210,9,0,0,12800,16,3045347917
1917,15843850,50626637,66470487,5,0,1,1024,10,8611542101
1918,15853700,18682654,34536354,2,0,0,57344,11,8406103266
1919,15862040,17525325,33387365,3,0,0,56832,7,60538251
1920,15868050,51053214,66921264,5,0,1,37376,10,3746865309
1921,15870809,14956881,30827690,1,0,0,2048,17,5546430469
1922,15882170,51294315,67176485,9,0,1,20992,16,9831951435
1923,15882260,17342331,33224591,4,0,0,143872,6,4873464094
1924,15882591,51402037,67284628,8,0,1,3584,3,9966268633
1925,15884800,16392993,32277793,0,0,0,38400,13,36787645
1926,15892529,14395845,30288374,5,0,0,1024,10,1265953601
1927,15899560,18767405,34666965,3,0,0,40960,7,3273606641
1928,15920810,51369807,67290617,5,0,1,6144,10,5508104277
1929,15925500,16387618,32313118,0,0,0,3584,13,3934207423
1930,15936420,15056134,30992554,9,0,0,31232,16,502006330
1931,15974820,19240148,35214968,7,0,0,57856,2,7786289997
1932,15985540,17287713,33273253,9,0,0,52736,16,6991409831
1933,16010049,16469314,32479363,1,0,0,73728,17,9823209147
1934,16011700,19509617,35521317,2,0,0,405504,11,4111297766
1935,16022020,51273423,67295443,7,0,1,7680,2,2892694437
1936,16023800,16288203,32312003,4,0,0,19456,6,8427865817
1937,16038130,18944083,34982213,6,0,0,44544,7,7310495678
1938,16053050,16744270,32797320,0,0,0,22016,13,9786859366
1939,16055890,51244379,67300269,1,0,1,7680,17,3260973217
1940,16063200,14763843,30827043,0,0,0,14336,13,1647554098
1941,16064810,16338818,32403628,4,0,0,20480,6,1492536775
1942,16087630,51336170,67423800,7,0,1,512,2,9880033176
1943,16095900,51374729,67470629,1,0,1,5632,17,5172924114
1944,16107180,18525195,34632375,7,0,0,33792,2,7158194004
1945,16115550,14846359,30961909,6,0,0,2048,7,5634138693
1946,16117000,14713677,30830677,4,0,0,9728,6,6890526181
1947,16121320,14963565,31084885,6,0,0,29696,7,4861577710
1948,16125019,17232317,33357336,5,0,0,51712,10,586257157
1949,16134579,16278004,32412583,1,0,0,15872,17,2038129323
1950,16149830,17571186,33721016,0,0,0,6144,13,4978457754
1951,16164021,51307069,67471090,8,0,1,10240,3,5112735198
1952,16168961,51475623,67644584,2,0,1,5120,11,2051357636
1953,16177999,15040553,31218552,5,0,0,48640,10,6072598011
1954,16190440,16848452,33038892,2,0,0,27136,11,7493454411
1955,16207270,14813121,31020391,2,0,0,4096,11,4377842985
1956,16216190,17040972,33257162,9,0,0,72704,16,1885717220
1957,16223670,15291956,31515626,7,0,0,73216,2,1266757105
1958,16241519,17691034,33932553,5,0,0,48640,10,9829617187
1959,16245470,19320118,35565588,0,0,0,56832,13,4088076825
1960,16280039,17530400,33810439,5,0,0,14336,10,3076122777
1961,16296820,18222039,34518859,0,0,0,30208,13,1427805456
1962,16300980,19672335,35973315,4,0,0,56832,6,752599078
1963,16335450,17262601,33598051,6,0,0,55296,7,5599592318
1964,16342330,51362429,67704759,7,0,1,10752,2,2075492337
1965,16353359,15232874,31586233,5,0,0,5632,10,6325188149
1966,16360899,16172889,32533788,1,0,0,8704,17,8374133054
1967,16365440,16251617,32617057,6,0,0,15360,7,5777318064
1968,16366260,16416350,32782610,0,0,0,70144,13,1148038614
1969,16374370,15298871,31673241,0,0,0,14336,13,10163388162
1970,16375700,15510415,31886115,3,0,0,36352,7,7177328894
1971,16381070,17235903,33616973,4,0,0,60416,6,3390212762
1972,16381540,15617498,31999038,3,0,0,16384,7,3941318234
1973,16391100,51313682,67704782,0,0,1,5632,13,6107736831
1974,16399110,16314779,32713889,7,0,0,6656,2,7259190302
1975,16402780,51302025,67704805,4,0,1,9216,6,8564474267
1976,16417169,51287659,67704828,6,0,1,12288,7,969280567
1977,16421190,17471741,33892931,4,0,0,22528,6,8236918655
1978,16423600,16375631,32799231,6,0,0,6144,7,3347837880
1979,16449099,16908416,33357515,5,0,0,512,10,7630931824
1980,16470449,51515516,67985965,6,0,1,37888,7,3358126167
1981,16471440,17850940,34322380,3,0,0,181248,7,8518528523
1982,16493790,15023263,31517053,6,0,0,4608,7,9492368127
1983,16496889,17198310,33695199,1,0,0,35840,17,5461619599
1984,16498759,17542376,34041135,1,0,0,59904,17,8044683139
1985,16525120,16709836,33234956,4,0,0,23040,6,904135082
1986,16531870,14985830,31517700,3,0,0,2048,7,304578332
1987,16534040,18766283,35300323,7,0,0,280064,2,2135027132
1988,16545770,15851595,32397365,3,0,0,41984,7,5341746663
1989,16551250,17164096,33715346,2,0,0,66048,11,1783686533
1990,16558480,15026014,31584494,9,0,0,15872,16,880715776
1991,16575820,17836391,34412211,3,0,0,40448,7,10494594163
1992,16578090,19560687,36138777,3,0,0,89600,7,8388079738
1993,16579101,51409130,67988231,3,0,1,3584,7,5458417346
1994,16580490,19078524,35659014,7,0,0,23040,2,2952742339
1995,16590390,18255269,34845659,2,0,0,18944,11,2888854029
1996,16592340,18931496,35523836,4,0,0,8192,6,6468839382
1997,16600280,16965714,33565994,6,0,0,7168,7,3474083513
1998,16606080,17113041,33719121,3,0,0,12288,7,6481179760
1999,16608140,16973040,33581180,6,0,0,35840,7,7674142114
2000,16611670,18078931,34690601,2,0,0,32256,11,5651955096
2001,16616590,19220683,35837273,7,0,0,72192,2,1349896362
2002,16621310,17327958,33949268,4,0,0,54784,6,3814195885
2003,16637179,18497193,35134372,5,0,0,133632,10,250253986
2004,16641380,15862119,32503499,2,0,0,23040,11,7731551010
2005,16652039,19712424,36364463,1,0,0,115200,17,1221491836
2006,16659199,51913605,68572804,6,0,1,66560,7,1782029049
2007,16668160,18051834,34719994,3,0,0,81408,7,7286000902
2008,16679150,18113354,34792504,9,0,0,10752,16,6342849934
2009,16691091,51997473,68688564,3,0,1,4096,7,6409438815
2010,16694421,51994166,68688587,2,0,1,1536,11,2076791332
2011,16704280,15412577,32116857,4,0,0,41984,6,6832125410
2012,16724170,17186949,33911119,3,0,0,59392,7,10138862500
2013,16734000,19802793,36536793,9,0,0,68096,16,8996901956
2014,16738481,51950129,68688610,2,0,1,4096,11,2142272920
2015,16744500,51978054,68722554,4,0,1,17920,6,2918499594
2016,16745570,52023408,68768978,0,0,1,4608,13,7106795502
2017,16747470,18904501,35651971,8,0,0,114688,3,7338184445
2018,16748460,18849622,35598082,6,0,0,88064,7,7298541102
2019,16756600,18596707,35353307,3,0,0,68608,7,1563170701
2020,16770980,17709737,34480717,6,0,0,46080,7,6004869595
2021,16779720,16721441,33501161,0,0,0,46080,13,8362747392
2022,16780370,51988631,68769001,1,0,1,17408,17,7125024847
2023,16793090,18398713,35191803,7,0,0,188416,2,1288554896
2024,16796700,18209271,35005971,7,0,0,47104,2,4223001729
2025,16818120,19351903,36170023,6,0,0,59392,7,345859300
2026,16829610,51982456,68812066,9,0,1,2560,16,7511445515
2027,16840470,16017666,32858136,2,0,0,24064,11,1365327888
2028,16842220,15299516,32141736,2,0,0,9728,11,3915051335
2029,16842980,18923677,35766657,9,0,0,2048,16,7517124262
2030,16850280,20307708,37157988,0,0,0,238592,13,9183531102
2031,16854600,19150429,36005029,3,0,0,84992,7,3378631900
2032,16859290,18473090,35332380,2,0,0,20480,11,6527110493
2033,16864989,18513659,35378648,1,0,0,56832,17,6308256139
2034,16870820,18835554,35706374,3,0,0,125440,7,7876492429
2035,16871379,15751215,32622594,5,0,0,6656,10,7518992962
2036,16872869,18869447,35742316,5,0,0,105984,10,8601586591
2037,16873010,17013034,33886044,3,0,0,35840,7,6962799144
2038,16885059,17173415,34058474,5,0,0,56832,10,9788691192
2039,16890379,17758399,34648778,5,0,0,53760,10,2819336765
2040,16905600,17926129,34831729,3,0,0,87040,7,879353213
2041,16913540,16961561,33875101,0,0,0,4608,13,475331252
2042,16914120,18836666,35750786,0,0,0,27648,13,7502941533
2043,16921250,51891482,68812732,5,0,1,11264,10,4621855286
2044,16925400,19637000,36562400,7,0,0,83968,2,5076333027
2045,16927770,16739029,33666799,6,0,0,41472,7,7703056628
2046,16942340,17790960,34733300,0,0,0,30208,13,860147361
2047,16963080,18943112,35906192,9,0,0,12800,16,5675598229
2048,16965651,51848669,68814320,3,0,1,15872,7,2589076050
2049,16979030,18829585,35808615,7,0,0,62976,2,6739478801
2050,16996550,17099410,34095960,9,0,0,28160,16,9328961583
2051,17003810,51862885,68866695,5,0,1,9728,10,8281962787
2052,17014429,17151980,34166409,5,0,0,48128,10,6373969430
2053,17018500,18883769,35902269,6,0,0,46592,7,8049942106
2054,17028850,19474669,36503519,3,0,0,46592,7,248247498
2055,17032040,15945304,32977344,0,0,0,36864,13,8119220806
2056,17049770,16400476,33450246,4,0,0,7680,6,3240646496
2057,17051300,51975055,69026355,5,0,1,7680,10,885766428
2058,17053250,18987549,36040799,6,0,0,83456,7,9943778799
2059,17074730,52062738,69137468,4,0,1,21504,6,8163479951
2060,17075660,15888439,32964099,2,0,0,25600,11,2684768223
2061,17075940,52278470,69354410,1,0,1,1536,17,4840142957
2062,17077870,19011366,36089236,7,0,0,109056,2,3905281182
2063,17086180,17250286,34336466,7,0,0,6656,2,5182435677
2064,17095809,20217909,37313718,5,0,0,38912,10,5962561137
2065,17126350,19554241,36680591,3,0,0,13312,7,705974484
2066,17127550,17926850,35054400,2,0,0,48640,11,987969898
2067,17128720,18630848,35759568,6,0,0,9728,7,2119779772
2068,17145760,16082130,33227890,2,0,0,10752,11,3372802035
2069,17150880,16336218,33487098,3,0,0,4096,7,537417043
2070,17151490,16820764,33972254,0,0,0,25600,13,8516085248
2071,17151730,52203448,69355178,1,0,1,11776,17,6176722188
2072,17166089,17907522,35073611,5,0,0,62976,10,10596827849
2073,17187469,20235203,37422672,5,0,0,1024,10,726245510
2074,17189260,20679778,37869038,9,0,0,422912,16,5206771057
2075,17193050,53036505,70229555,9,0,1,84992,16,7722179474
2076,17210060,18971397,36181457,4,0,0,10240,6,10218944677
2077,17219339,53274197,70493536,6,0,1,1536,7,8581838878
2078,17221910,16093027,33314937,7,0,0,39424,2,5769432291
2079,17233520,20716932,37950452,3,0,0,65536,7,1179680790
2080,17243990,20830168,38074158,9,0,0,30720,16,10007635349
2081,17270820,19179862,36450682,4,0,0,16896,6,1298721701
2082,17279370,53242159,70521529,5,0,1,5120,10,7465838614
2083,17291720,17699876,34991596,9,0,0,30720,16,8116526776
2084,17310631,53210921,70521552,2,0,1,1024,11,2598607923
2085,17310650,17237260,34547910,6,0,0,22016,7,7965160027
2086,17311060,17881710,35192770,7,0,0,3072,2,5710416835
2087,17314860,19201162,36516022,2,0,0,40960,11,9630547881
2088,17365579,53194753,70560332,6,0,1,22016,7,2673140419
2089,17366289,16203948,33570237,5,0,0,13824,10,5701298253
2090,17383050,20081130,37464180,6,0,0,41472,7,2723935628
2091,17401660,17993095,35394755,6,0,0,52736,7,8644707734
2092,17432740,53200234,70632974,5,0,1,12800,10,6678653330
2093,17434349,53230786,70665135,6,0,1,48128,7,6377583409
2094,17436710,19556831,36993541,3,0,0,34304,7,7989501121
2095,17448419,18312732,35761151,5,0,0,5120,10,5098310322
2096,17473850,53327957,70801807,7,0,1,71168,2,6851713123
2097,17474810,15915622,33390432,9,0,0,512,16,5478576709
2098,17476760,53325070,70801830,7,0,1,2560,2,1638592030
2099,17492030,17007941,34499971,0,0,0,17408,13,4022629849
2100,17502270,53299583,70801853,4,0,1,3072,6,3967026582
2101,17502670,17590963,35093633,6,0,0,56320,7,8594072232
2102,17514090,53300780,70814870,4,0,1,23552,6,9728472748
2103,17519080,18878291,36397371,4,0,0,34816,6,7158906209
2104,17520390,53351786,70872176,9,0,1,11776,16,3061129320
2105,17523559,20701073,38224632,1,0,0,47616,17,9378145321
2106,17533890,53389602,70923492,0,0,1,29184,13,5498155303
2107,17544080,53393733,70937813,5,0,1,23040,10,7921042717
2108,17572780,53427175,70999955,0,0,1,33280,13,8073359567
2109,17575520,53508767,71084287,4,0,1,13824,6,6831843672
2110,17581820,17068853,34650673,3,0,0,6144,7,4678009718
2111,17619290,17179945,34799235,9,0,0,22016,16,1809370049
2112,17620850,19078328,36699178,0,0,0,60928,13,5869855112
2113,17633829,19611368,37245197,1,0,0,206336,17,5465778909
2114,17663580,16792428,34456008,9,0,0,18944,16,6326194504
2115,17682380,17933353,35615733,9,0,0,57856,16,9587713444
2116,17692430,53401887,71094317,7,0,1,14336,2,8721922578
2117,17706340,16026987,33733327,4,0,0,12800,6,10153128970
2118,17707140,17332417,35039557,0,0,0,32256,13,2369487652
2119,17709690,53384650,71094340,4,0,1,1536,6,8553020161
2120,17718149,17005924,34724073,5,0,0,13312,10,6244122205
2121,17723191,53535450,71258641,3,0,1,39424,7,1219868354
2122,17725980,16832561,34558541,4,0,0,34816,6,1562202404
2123,17727650,53550394,71278044,0,0,1,512,13,8203359900
2124,17737000,20700824,38437824,9,0,0,47616,16,619093067
2125,17750070,18889103,36639173,0,0,0,87040,13,7272037603
2126,17757199,20613391,38370590,5,0,0,67072,10,8102541438
2127,17763091,53514976,71278067,2,0,1,11264,11,6000377587
2128,17766019,17431298,35197317,1,0,0,14848,17,6161134023
2129,17769720,17591589,35361309,6,0,0,12288,7,3648910152
2130,17775660,17064204,34839864,6,0,0,26624,7,10163039287
2131,17783960,16133750,33917710,4,0,0,21504,6,9881912101
2132,17791940,18884564,36676504,0,0,0,53760,13,4370406167
2133,17793810,19141277,36935087,4,0,0,31232,6,10570321034
2134,17797490,53480608,71278098,4,0,1,3072,6,9684454490
2135,17823410,18232567,36055977,6,0,0,41984,7,630672848
2136,17866990,53412764,71279754,1,0,1,5632,17,5116497908
2137,17876291,53405729,71282020,2,0,1,3584,11,445992029
2138,17880470,53403176,71283646,1,0,1,2560,17,2768567805
2139,17886810,16352625,34239435,3,0,0,17408,7,6803442167
2140,17890100,53549991,71440091,9,0,1,55296,16,9318261398
2141,17926100,20315769,38241869,9,0,0,20480,16,6298554215
2142,17941399,19141306,37082705,5,0,0,91136,10,9914954678
2143,17942550,53497564,71440114,9,0,1,10752,16,8313546389
2144,17944269,17603980,35548249,1,0,0,7680,17,9929726147
2145,17951599,17124851,35076450,1,0,0,9216,17,9250037601
2146,17952179,19457611,37409790,5,0,0,108544,10,3696315866
2147,17957200,20584453,38541653,2,0,0,24576,11,44740718
2148,17958860,17709271,35668131,4,0,0,7680,6,3607964112
2149,17973670,19321688,37295358,3,0,0,10752,7,4731619732
2150,17986460,17329330,35315790,3,0,0,50688,7,1658678031
2151,17996631,54088697,72085328,2,0,1,2560,11,6369170785
2152,17997570,54087789,72085359,9,0,1,4608,16,5887226069
2153,17998450,17399292,35397742,9,0,0,9728,16,1889310552
2154,18006860,18838528,36845388,7,0,0,51712,2,4594095224
2155,18008959,19367736,37376695,5,0,0,58368,10,8988242173
2156,18033050,54129255,72162305,4,0,1,3584,6,7147400295
2157,18056410,19870908,37927318,0,0,0,60416,13,5183190432
2158,18062899,18656519,36719418,1,0,0,22528,17,10479325053
2159,18082970,18900096,36983066,2,0,0,46592,11,4972713751
2160,18083379,16946327,35029706,1,0,0,77824,17,681830407
2161,18087050,20690265,38777315,9,0,0,450560,16,1953737661
2162,18089850,19613984,37703834,6,0,0,14848,7,1000892327
2163,18095850,19086456,37182306,6,0,0,1536,7,6761809830
2164,18098720,54075498,72174218,1,0,1,10752,17,5350388214
2165,18128730,17886618,36015348,9,0,0,33792,16,4705722257
2166,18137080,16599683,34736763,2,0,0,11264,11,4600882441
2167,18140950,17404936,35545886,0,0,0,69120,13,4552208833
2168,18143610,54147837,72291447,9,0,1,6656,16,9715286067
2169,18169940,16635246,34805186,9,0,0,19456,16,7142976989
2170,18173249,19918404,38091653,5,0,0,57344,10,4545892768
2171,18181960,17175582,35357542,0,0,0,13824,13,3139429624
2172,18186520,18233026,36419546,3,0,0,72704,7,8285860186
2173,18204070,17461698,35665768,9,0,0,11264,16,9345348436
2174,18215790,54077603,72293393,4,0,1,3072,6,10630145197
2175,18218490,20604758,38823248,3,0,0,97792,7,8687110101
2176,18236650,18356239,36592889,4,0,0,79872,6,9820725609
2177,18238151,54056228,72294379,2,0,1,1536,11,3552798522
2178,18246360,19045699,37292059,6,0,0,151040,7,4226370454
2179,18260180,17505830,35766010,3,0,0,15872,7,1597137591
2180,18271540,19878846,38150386,0,0,0,33280,13,409635773
2181,18277170,20615503,38892673,7,0,0,46080,2,5008192138
2182,18278300,54024507,72302807,7,0,1,8704,2,108479546
2183,18279121,54500285,72779406,2,0,1,11776,11,4460395561
2184,18301229,17455352,35756581,1,0,0,18944,17,9322239551
2185,18355340,19994791,38350131,6,0,0,54272,7,2148109440
2186,18371880,18530185,36902065,0,0,0,90624,13,8393534869
2187,18389329,19020796,37410125,1,0,0,1024,17,8019258646
2188,18401769,19831630,38233399,1,0,0,28672,17,8997807980
2189,18411790,54398144,72809934,5,0,1,27136,10,7028852482
2190,18452070,20532040,38984110,6,0,0,26624,7,3295902046
2191,18458710,54693899,73152609,4,0,1,33792,6,9863268539
2192,18465480,54781567,73247047,0,0,1,18432,13,7032339237
2193,18472410,20699477,39171887,3,0,0,153088,7,4429242844
2194,18481000,20412164,38893164,9,0,0,1536,16,1822822546
2195,18499490,17117514,35617004,2,0,0,4096,11,10357340450
2196,18502980,16823129,35326109,0,0,0,33792,13,4023102743
2197,18520550,19901308,38421858,3,0,0,17408,7,2235662522
2198,18521000,54726070,73247070,9,0,1,12800,16,2656595870
2199,18529269,19870516,38399785,1,0,0,95744,17,51565502
2200,18564870,54751830,73316700,0,0,1,9216,13,4538179693
2201,18571650,19949577,38521227,0,0,0,34304,13,9206842252
2202,18578150,17084163,35662313,9,0,0,10752,16,7134035248
2203,18582589,17232665,35815254,1,0,0,11264,17,2926603093
2204,18583161,54916276,73499437,2,0,1,30720,11,4053138138
2205,18588800,20834319,39423119,4,0,0,27648,6,6411963262
2206,18598880,16972347,35571227,4,0,0,18432,6,9881270597
2207,18612220,16912583,35524803,4,0,0,3072,6,299532630
2208,18612400,17565914,36178314,9,0,0,27136,16,7664714340
2209,18617020,17426142,36043162,6,0,0,7680,7,7541385503
2210,18638700,20675189,39313889,4,0,0,63488,6,1767482481
2211,18639720,55045679,73685399,1,0,1,58368,17,10686589967
2212,18642760,17237792,35880552,7,0,0,7680,2,8612775503
2213,18650629,17328481,35979110,5,0,0,18944,10,5242245645
2214,18659400,17197248,35856648,2,0,0,3584,11,6888763175
2215,18660070,17491834,36151904,4,0,0,43008,6,9495560232
2216,18664930,55101675,73766605,5,0,1,40448,10,6442957035
2217,18674031,55141351,73815382,2,0,1,25600,11,3258184447
2218,18679740,17030253,35709993,6,0,0,11776,7,6531959342
2219,18686340,19453875,38140215,6,0,0,67072,7,162286804
2220,18692810,20323858,39016668,9,0,0,17408,16,1186427798
2221,18701370,19288151,37989521,9,0,0,65536,16,347001094
2222,18702910,19582506,38285416,2,0,0,142848,11,2843652513
2223,18715711,55331667,74047378,2,0,1,15872,11,6450212571
2224,18724160,17189343,35913503,8,0,0,7168,3,1019778064
2225,18732980,20802033,39535013,0,0,0,35840,13,10244926810
2226,18734930,17454485,36189415,2,0,0,3072,11,4912318021
2227,18742020,17700036,36442056,3,0,0,55296,7,3904139278
2228,18765380,18403551,37168931,0,0,0,35840,13,720261557
2229,18766780,20422602,39189382,4,0,0,57344,6,4749071764
2230,18779449,18516244,37295693,1,0,0,1024,17,1064955342
2231,18781280,18899233,37680513,2,0,0,124416,11,7225782652
2232,18783080,17821220,36604300,6,0,0,37376,7,3227243315
2233,18784300,17133589,35917889,7,0,0,13312,2,1907758811
2234,18809960,55263383,74073343,4,0,1,22528,6,4999516003
2235,18811490,20877909,39689399,9,0,0,97792,16,988672997
2236,18839760,55271248,74111008,0,0,1,11264,13,1352606107
2237,18839820,17605691,36445511,0,0,0,11264,13,3843556684
2238,18850470,17524468,36374938,7,0,0,34304,2,1687920340
2239,18851070,17574115,36425185,0,0,0,18432,13,8295089871
2240,18856420,19039652,37896072,7,0,0,49664,2,3945939793
2241,18868820,18822800,37691620,4,0,0,36352,6,8489362371
2242,18870119,18465150,37335269,1,0,0,70656,17,3963986626
2243,18871860,19185544,38057404,9,0,0,222720,16,5610937169
2244,18879741,55250376,74130117,2,0,1,7680,11,6527457118
2245,18892400,55334435,74226835,1,0,1,30208,17,7094638213
2246,18893989,17762403,36656392,5,0,0,23040,10,9975139353
2247,18899700,17748396,36648096,7,0,0,29184,2,4740902237
2248,18915399,17653108,36568507,5,0,0,19968,10,10075538410
2249,18924180,55302678,74226858,4,0,1,12288,6,2653770162
2250,18937770,17674821,36612591,4,0,0,27136,6,9323152441
2251,18938531,55315251,74253782,8,0,1,24064,3,561430122
2252,18939060,17294648,36233708,3,0,0,3072,7,769823524
2253,18939550,55314263,74253813,9,0,1,4608,16,2734527757
2254,18944790,18357041,37301831,2,0,0,19968,11,4571367294
2255,18946039,20405563,39351602,1,0,0,78848,17,224477027
2256,18959009,17829059,36788068,5,0,0,12800,10,8895989841
2257,18976860,18552426,37529286,7,0,0,39424,2,4909785577
2258,18980090,19139666,38119756,2,0,0,92160,11,9398282796
2259,18980310,17827974,36808284,6,0,0,44032,7,5684806946
2260,18983240,18659342,37642582,7,0,0,70656,2,7073592532
2261,18983539,19432992,38416531,5,0,0,26112,10,4073077423
2262,18985410,20832492,39817902,2,0,0,44032,11,6551019375
2263,18986101,55267735,74253836,2,0,1,8704,11,5613250747
2264,18997330,17786270,36783600,9,0,0,10240,16,7150277766
2265,18997420,17954556,36951976,4,0,0,8192,6,10423171178
2266,19006770,17962077,36968847,3,0,0,55296,7,10494959875
2267,19009170,17320170,36329340,4,0,0,4096,6,9460552047
2268,19011309,17907933,36919242,1,0,0,5632,17,9633197451
2269,19014680,55355057,74369737,5,0,1,28672,10,6220950873
2270,19033009,20574025,39607034,1,0,0,62976,17,9497375675
2271,19040180,19368372,38408552,4,0,0,28672,6,2513073605
2272,19043939,18370889,37414828,5,0,0,15360,10,6041964847
2273,19046170,55363750,74409920,9,0,1,9728,16,652830264
2274,19055390,19455362,38510752,3,0,0,39424,7,5990443764
2275,19062589,17932387,36994976,5,0,0,4608,10,2210134121
2276,19065050,19118477,38183527,3,0,0,61952,7,10330641624
2277,19066349,18115466,37181815,5,0,0,35328,10,752357189
2278,19066840,20730424,39797264,3,0,0,136704,7,7017607637
2279,19068350,18812567,37880917,0,0,0,38912,13,7438998698
2280,19070110,55343036,74413146,0,0,1,5120,13,5718052344
2281,19073260,18479243,37552503,4,0,0,45056,6,4661630961
2282,19085629,19078999,38164628,1,0,0,9216,17,6847398288
2283,19087099,19361379,38448478,1,0,0,11264,17,584877001
2284,19088350,18391741,37480091,9,0,0,40960,16,9418352055
2285,19089810,18081172,37170982,7,0,0,6656,2,1643321016
2286,19091481,55322971,74414452,2,0,1,2048,11,7244038525
2287,19104080,19057717,38161797,3,0,0,37376,7,2338118275
2288,19118480,55308978,74427458,7,0,1,2560,2,2186315932
2289,19130429,18934338,38064767,5,0,0,24064,10,148704687
2290,19131210,19662219,38793429,6,0,0,50176,7,10679301543
2291,19135129,55418387,74553516,6,0,1,31744,7,3547887946
2292,19148080,19175017,38323097,3,0,0,11776,7,3179558779
2293,19177290,17685261,36862551,3,0,0,4608,7,2572048457
2294,19180670,55725236,74905906,4,0,1,61440,6,5873218233
2295,19184130,55868439,75052569,7,0,1,6144,2,5399057590
2296,19198840,20856998,40055838,7,0,0,199680,2,2225706811
2297,19208680,18037336,37246016,7,0,0,2560,2,9689718819
2298,19214790,19345670,38560460,6,0,0,2048,7,6127697898
2299,19238240,17846360,37084600,4,0,0,6144,6,1710710342
2300,19244050,55899229,75143279,0,0,1,13312,13,9638509198
2301,19250790,55897254,75148044,0,0,1,12288,13,5591955990
2302,19255479,19053828,38309307,5,0,0,78336,10,9928635768
2303,19262029,18276723,37538752,5,0,0,13312,10,994935494
2304,19276340,20881808,40158148,7,0,0,26112,2,1129791359
2305,19280779,55948662,75229441,6,0,1,32256,7,3812079042
2306,19296260,55955695,75251955,5,0,1,26624,10,349297169
2307,19297030,55958471,75255501,7,0,1,5632,2,203896331
2308,19299630,19019848,38319478,3,0,0,33280,7,7425826544
2309,19318530,19180187,38498717,6,0,0,71680,7,849866272
2310,19335480,19502166,38837646,0,0,0,47104,13,10326252759
2311,19349889,19184153,38534042,1,0,0,41984,17,2197739029
2312,19350740,55920203,75270943,7,0,1,512,2,4455371928
2313,19367810,20518988,39886798,3,0,0,96256,7,8739349572
2314,19369160,19229626,38598786,4,0,0,20480,6,58660485
2315,19372161,55899448,75271609,3,0,1,1024,7,8734216583
2316,19372510,55900405,75272915,1,0,1,2048,17,3442407350
2317,19375470,18323817,37699287,3,0,0,25088,7,5283317540
2318,19415839,18794262,38210101,1,0,0,56832,17,6992980704
2319,19419250,20840560,40259810,0,0,0,28160,13,3068640382
2320,19423461,55851042,75274503,2,0,1,15872,11,9787723580
2321,19424421,55987741,75412162,3,0,1,29696,7,7661211931
2322,19469600,20613740,40083340,4,0,0,67584,6,9560568920
2323,19475349,19398379,38873728,1,0,0,118272,17,1617677865
2324,19483880,55986499,75470379,4,0,1,12288,6,7608108891
2325,19484150,18708604,38192754,3,0,0,30208,7,5100611603
2326,19486360,18066790,37553150,9,0,0,2048,16,8211782696
2327,19488560,55987818,75476378,1,0,1,9216,17,5206584002
2328,19495190,19561821,39057011,9,0,0,7680,16,9905303513
2329,19496330,19470106,38966436,0,0,0,108032,13,4611957483
2330,19498750,56063673,75562423,4,0,1,6656,6,6143491285
2331,19503950,18426511,37930461,9,0,0,10240,16,4471997953
2332,19515969,19103649,38619618,1,0,0,8192,17,1089124518
2333,19545350,18363537,37908887,6,0,0,41984,7,4760066603
2334,19547209,18422321,37969530,1,0,0,1536,17,1670798373
2335,19549530,19445019,38994549,9,0,0,6656,16,8201890038
2336,19566560,55996503,75563063,0,0,1,10752,13,219452472
2337,19573000,19640186,39213186,3,0,0,15872,7,4211945948
2338,19581060,19394915,38975975,4,0,0,31232,6,7361979728
2339,19581461,55989371,75570832,2,0,1,17408,11,6755664760
2340,19588260,19463327,39051587,2,0,0,80896,11,2909002543
2341,19588820,18380219,37969039,6,0,0,60928,7,2176972806
2342,19590160,19857829,39447989,6,0,0,17408,7,9468282520
2343,19609070,20541099,40150169,2,0,0,69120,11,1151762430
2344,19609950,56453068,76063018,9,0,1,102912,16,1969170979
2345,19617140,19589604,39206744,3,0,0,27648,7,437607643
2346,19624220,56438821,76063041,5,0,1,6656,10,8037371834
2347,19642060,56421004,76063064,4,0,1,3584,6,4320317804
2348,19658400,19238851,38897251,4,0,0,13312,6,6016315316
2349,19665550,19943067,39608617,2,0,0,5120,11,6255509876
2350,19688199,19332704,39020903,1,0,0,13824,17,10135537082
2351,19727800,18832013,38559813,9,0,0,26112,16,5680812529
2352,19736879,18498727,38235606,5,0,0,7168,10,9712003847
2353,19747220,18586352,38333572,6,0,0,34304,7,3694513112
2354,19774540,20578648,40353188,9,0,0,51200,16,8272526234
2355,19787620,56275467,76063087,1,0,1,6656,17,6128550270
2356,19791800,19567781,39359581,3,0,0,26112,7,3204628988
2357,19794790,56307661,76102451,0,0,1,5120,13,5262609938
2358,19798590,19475968,39274558,7,0,0,3072,2,6458529479
2359,19801211,56368441,76169652,3,0,1,17920,7,9204663066
2360,19804830,18618463,38423293,2,0,0,4608,11,3365613522
2361,19815390,18642783,38458173,7,0,0,31744,2,7054164236
2362,19817640,19648780,39466420,7,0,0,60416,2,1432225003
2363,19824489,18634651,38459140,1,0,0,3072,17,22865433
2364,19824621,56487253,76311874,3,0,1,34304,7,9202345999
2365,19832810,20706215,40539025,9,0,0,6144,16,3729150359
2366,19837200,18607823,38445023,2,0,0,23552,11,7498764072
2367,19840870,56518216,76359086,4,0,1,5632,6,7799400657
2368,19855990,20240500,40096490,4,0,0,13312,6,6243225462
2369,19862180,20744874,40607054,7,0,0,37888,2,10210754916
2370,19866450,56502156,76368606,9,0,1,9728,16,8577019760
2371,19874500,19765122,39639622,0,0,0,47104,13,7791424434
2372,19875050,18704068,38579118,9,0,0,22016,16,2277840423
2373,19875170,56635504,76510674,5,0,1,20480,10,5069000292
2374,19882970,19033336,38916306,3,0,0,62464,7,4775290125
2375,19902740,18875378,38778118,0,0,0,2560,13,4454798969
2376,19937019,20868575,40805594,1,0,0,111616,17,7095311038
2377,19941689,56569331,76511020,6,0,1,512,7,3920293255
2378,19942370,20594760,40537130,6,0,0,225280,7,3839382534
2379,19944240,18989249,38933489,4,0,0,56320,6,10296967790
2380,19957130,19668117,39625247,9,0,0,10752,16,4029637554
2381,19963190,19407334,39370524,2,0,0,35840,11,5098292543
2382,19975419,56537547,76512966,6,0,1,3072,7,8219705834
2383,19995329,19232400,39227729,1,0,0,4608,17,7309435188
2384,20006580,19201747,39208327,6,0,0,5120,7,1870160732
2385,20007230,19689447,39696677,0,0,0,4608,13,1301054100
2386,20011840,19186457,39198297,9,0,0,29184,16,10615454262
2387,20022430,56530660,76553090,9,0,1,37376,16,781783503
2388,20029710,56536062,76565772,7,0,1,14336,2,5170777424
2389,20048510,19801083,39849593,7,0,0,103936,2,6844190716
2390,20053070,57462436,77515506,7,0,1,28160,2,5980366051
2391,20057550,20885117,40942667,0,0,0,113664,13,5517187578
2392,20066460,19790987,39857447,4,0,0,13824,6,7993747713
2393,20071869,18806741,38878610,1,0,0,15872,17,746415629
2394,20078340,18908450,38986790,9,0,0,5632,16,3201770502
2395,20078500,18543637,38622137,0,0,0,8192,13,8882251364
2396,20081950,21315288,41397238,9,0,0,62976,16,7920696203
2397,20094460,57437791,77532251,9,0,1,22016,16,9507521300
2398,20097120,19880025,39977145,9,0,0,88064,16,7536940507
2399,20102240,19880076,39982316,6,0,0,16896,7,6843672960
2400,20102290,19171309,39273599,6,0,0,60928,7,1257104065
2401,20102529,21151337,41253866,5,0,0,113664,10,7780983630
2402,20115680,19688783,39804463,0,0,0,23552,13,6359283300
2403,20127380,19986160,40113540,0,0,0,49152,13,4085958507
2404,20127470,19993589,40121059,3,0,0,24576,7,7483890701
2405,20130730,20301871,40432601,4,0,0,46080,6,9349333619
2406,20131330,20633791,40765121,6,0,0,222720,7,2959509039
2407,20132240,21614631,41746871,6,0,0,827904,7,10451751539
2408,20142270,20452516,40594786,0,0,0,119296,13,5041332125
2409,20142639,21295939,41438578,1,0,0,27136,17,7114458314
2410,20147750,19847225,39994975,3,0,0,41472,7,4918004929
2411,20159979,19902746,40062725,5,0,0,22528,10,2441674317
2412,20160660,21008387,41169047,7,0,0,93184,2,9601065519
2413,20175689,20866153,41041842,1,0,0,2048,17,922310819
2414,20177539,21041672,41219211,1,0,0,31232,17,8486831558
2415,20187201,57345818,77533019,2,0,1,11776,11,6397602748
2416,20205900,21088901,41294801,2,0,0,10752,11,3512120211
2417,20214510,21626122,41840632,2,0,0,31232,11,6608076678
2418,20218019,20215853,40433872,5,0,0,4096,10,8666960558
2419,20221700,20373787,40595487,9,0,0,2048,16,1518911158
2420,20223180,19630032,39853212,2,0,0,11776,11,7192507852
2421,20234719,19655534,39890253,1,0,0,11264,17,6835966215
2422,20237510,57516917,77754427,7,0,1,38400,2,3311010468
2423,20244150,19848261,40092411,4,0,0,29696,6,4390298049
2424,20245310,20049990,40295300,2,0,0,22528,11,7091839412
2425,20253890,20765598,41019488,0,0,0,50688,13,1444618058
2426,20259630,20554434,40814064,6,0,0,16896,7,10487936924
2427,20273000,19825541,40098541,4,0,0,6656,6,3979561981
2428,20296480,19940416,40236896,4,0,0,13824,6,307498862
2429,20299990,19870349,40170339,9,0,0,39936,16,3887729406
2430,20301371,57459732,77761103,3,0,1,6144,7,4555364907
2431,20305480,19877150,40182630,2,0,0,22016,11,4160660307
2432,20323020,19213420,39536440,6,0,0,4608,7,4828033621
2433,20330601,57525013,77855614,2,0,1,47104,11,10511451901
2434,20331720,20847802,41179522,0,0,0,34304,13,9492923258
2435,20374470,20453345,40827815,7,0,0,45056,2,1540102368
2436,20378360,57494055,77872415,9,0,1,11776,16,7120966401
2437,20381170,19998558,40379728,9,0,0,9728,16,9701521742
2438,20383239,21378810,41762049,1,0,0,5120,17,1758341758
2439,20392040,20298403,40690443,4,0,0,56832,6,5733046980
2440,20395939,20919387,41315326,1,0,0,26112,17,4025655679
2441,20404850,57689006,78093856,0,0,1,28160,13,7858149383
2442,20409050,21452376,41861426,0,0,0,64512,13,8295417234
2443,20416810,19959931,40376741,4,0,0,24064,6,10050079348
2444,20434840,21573860,42008700,8,0,0,76800,3,4102253115
2445,20440730,19735169,40175899,6,0,0,15872,7,8599567675
2446,20446570,57648054,78094624,9,0,1,11776,16,8465033815
2447,20447870,19882191,40330061,9,0,0,19968,16,9241039397
2448,20460240,21370853,41831093,6,0,0,129536,7,10051511398
2449,20461180,21476870,41938050,2,0,0,32768,11,5027342447
2450,20472660,21455383,41928043,6,0,0,37888,7,488850911
2451,20499139,57942525,78441664,6,0,1,2048,7,362551598
2452,20499730,20053046,40552776,2,0,0,45056,11,7409547294
2453,20501811,57939876,78441687,2,0,1,9728,11,7706360168
2454,20518320,21618828,42137148,2,0,0,68608,11,1332800644
2455,20523129,21521170,42044299,5,0,0,116736,10,5905778455
2456,20526340,22179608,42705948,0,0,0,3072,13,6358841239
2457,20532760,57950960,78483720,5,0,1,1024,10,8412556733
2458,20535080,20842947,41378027,4,0,0,92672,6,9915374811
2459,20547889,20401197,40949086,5,0,0,20992,10,7986213950
2460,20548060,21626682,42174742,7,0,0,35328,2,4837412761
2461,20560440,20209852,40770292,9,0,0,16896,16,9768042028
2462,20579700,20521754,41101454,2,0,0,31232,11,8755711668
2463,20583080,21177386,41760466,3,0,0,44544,7,1898081490
2464,20591080,20616895,41207975,3,0,0,19968,7,3715093307
2465,20608150,57883439,78491589,9,0,1,24064,16,10454573387
2466,20612480,20428715,41041195,6,0,0,71168,7,9670341094
2467,20623890,21337918,41961808,6,0,0,67072,7,5697395099
2468,20655150,19515890,40171040,7,0,0,2048,2,928005178
2469,20655380,21257329,41912709,7,0,0,12800,2,8738654428
2470,20656640,19604346,40260986,7,0,0,1024,2,1855044218
2471,20657030,57963006,78620036,0,0,1,9728,13,2726341681
2472,20661289,19897126,40558415,5,0,0,18432,10,10428262589
2473,20674210,19680873,40355083,4,0,0,6144,6,9494329026
2474,20684120,22270687,42954807,7,0,0,60928,2,2301712731
2475,20698490,21671534,42370024,0,0,0,83456,13,2080244395
2476,20701249,20277674,40978923,5,0,0,13312,10,837707245
2477,20728719,57891348,78620067,6,0,1,2560,7,1695458270
2478,20732860,20453393,41186253,2,0,0,22016,11,1922116454
2479,20735899,57884191,78620090,6,0,1,2560,7,5865515846
2480,20737519,22353643,43091162,1,0,0,144384,17,5546433899
2481,20750340,19703591,40453931,9,0,0,27136,16,9648803592
2482,20750420,20021143,40771563,8,0,0,4096,3,4176745831
2483,20763560,21342311,42105871,4,0,0,115200,6,4747453411
2484,20778720,20030173,40808893,9,0,0,10752,16,8045410338
2485,20780670,57839443,78620113,9,0,1,1024,16,6785091625
2486,20782680,21620798,42403478,0,0,0,19456,13,6641140935
2487,20813190,20460230,41273420,8,0,0,9728,3,9425102517
2488,20817400,22370583,43187983,2,0,0,108544,11,1398866873
2489,20824290,20141112,40965402,3,0,0,33280,7,6108616405
2490,20828130,21059995,41888125,7,0,0,87552,2,3190736179
2491,20833520,20301951,41135471,6,0,0,4608,7,6946658547
2492,20846550,20602973,41449523,7,0,0,13312,2,4330309992
2493,20862220,21407022,42269242,6,0,0,113152,7,5921527061
2494,20869490,20910545,41780035,6,0,0,26624,7,7559080157
2495,20892120,20236363,41128483,6,0,0,10240,7,10051745374
2496,20899920,20891682,41791602,9,0,0,37888,16,8866384126
2497,20916760,21141142,42057902,2,0,0,44544,11,10706073000
2498,20917300,20189814,41107114,7,0,0,2048,2,10223794764
2499,20924669,21453646,42378315,1,0,0,27136,17,7911949944
2500,20929770,21571251,42501021,9,0,0,34816,16,280468872
2501,20942730,57677414,78620144,0,0,1,19456,13,8678806368
2502,20943810,22466275,43410085,3,0,0,362496,7,5112044870
2503,20944510,20362837,41307347,0,0,0,22016,13,9101100007
2504,20954540,20245384,41199924,6,0,0,1024,7,3158363499
2505,20964281,57655886,78620167,2,0,1,5120,11,9982447307
2506,20966449,20460814,41427263,1,0,0,26624,17,7487465216
2507,20975370,21335928,42311298,6,0,0,52224,7,9808348969
2508,20991320,21475960,42467280,0,0,0,43008,13,3177483782
2509,21005649,21158306,42163955,5,0,0,25088,10,7891548502
2510,21018390,57686265,78704655,7,0,1,32256,2,7473447287
2511,21021940,21535190,42557130,7,0,0,34304,2,7240920079
2512,21032330,21781372,42813702,0,0,0,32256,13,7402890242
2513,21039640,57685520,78725160,0,0,1,4096,13,3518556311
2514,21040890,57688567,78729457,0,0,1,29184,13,692325230
2515,21041210,21894987,42936197,3,0,0,244736,7,1003276274
2516,21046080,20725820,41771900,7,0,0,32256,2,693336764
2517,21064720,21896350,42961070,2,0,0,20480,11,9403840415
2518,21065069,20843717,41908786,5,0,0,40448,10,7262623144
2519,21071459,20358828,41430287,5,0,0,2048,10,704900841
2520,21082080,22341444,43423524,2,0,0,44032,11,3171755195
2521,21082560,21960352,43042912,3,0,0,64512,7,1629107570
2522,21084570,21028820,42113390,0,0,0,24576,13,6106233562
2523,21087880,21184349,42272229,7,0,0,9728,2,10181796744
2524,21116690,20282287,41398977,4,0,0,5632,6,1571748261
2525,21143179,20842098,41985277,1,0,0,32256,17,1537672179
2526,21148450,20768026,41916476,7,0,0,12288,2,7661208330
2527,21154040,21836013,42990053,2,0,0,14336,11,5259544344
2528,21160709,22405941,43566650,5,0,0,158208,10,8161064778
2529,21170930,21535774,42706704,8,0,0,512,3,2493859211
2530,21186340,20882817,42069157,8,0,0,36864,3,1655187184
2531,21189821,57539659,78729480,2,0,1,2048,11,9645961777
2532,21197870,21899711,43097581,6,0,0,20992,7,10526968329
2533,21201540,20687700,41889240,4,0,0,3584,6,9466576222
2534,21203680,22488177,43691857,7,0,0,138240,2,8757425851
2535,21213420,20761671,41975091,8,0,0,43520,3,9614029537
2536,21217720,23080939,44298659,6,0,0,95744,7,247634739
2537,21223739,22425640,43649379,5,0,0,3072,10,3970735516
2538,21230980,20925308,42156288,7,0,0,22016,2,7481378912
2539,21234619,20881602,42116221,1,0,0,9216,17,8156578086
2540,21235310,22039875,43275185,8,0,0,30208,3,8865703340
2541,21243380,20653059,41896439,9,0,0,23552,16,4180001868
2542,21250150,20242044,41492194,8,0,0,5120,3,2592277961
2543,21250810,20724616,41975426,2,0,0,1024,11,6107491654
2544,21282460,21966986,43249446,0,0,0,43008,13,2827440635
2545,21287440,20554307,41841747,2,0,0,3584,11,3661537052
2546,21288220,20906286,42194506,2,0,0,29184,11,679362209
2547,21300810,20994553,42295363,9,0,0,55808,16,4974493500
2548,21301709,21231228,42532937,5,0,0,42496,10,5554214014
2549,21303390,20767358,42070748,9,0,0,5120,16,7538017610
2550,21331380,57411874,78743254,4,0,1,3584,6,8593779901
2551,21354930,22141694,43496624,7,0,0,23552,2,2827136480
2552,21385929,57372815,78758744,6,0,1,9728,7,1178034273
2553,21387300,20554049,41941349,2,0,0,10752,11,7905888072
2554,21428390,22216263,43644653,0,0,0,126464,13,1378279732
2555,21431730,22163233,43594963,0,0,0,23040,13,8985225480
2556,21433729,21245050,42678779,5,0,0,65536,10,5228949746
2557,21444300,21392068,42836368,9,0,0,41984,16,1384335173
2558,21461270,22430525,43891795,8,0,0,67584,3,10065423722
2559,21462040,20687517,42149557,7,0,0,21504,2,1418366467
2560,21462320,20680662,42142982,0,0,0,16384,13,2051671805
2561,21464300,20814036,42278336,7,0,0,19968,2,10569288440
2562,21467150,21356403,42823553,9,0,0,32256,16,474919628
2563,21467810,57304408,78772218,7,0,1,27648,2,9614494008
2564,21489289,57373014,78862303,6,0,1,29696,7,840828528
2565,21518480,21462939,42981419,9,0,0,66560,16,62119554
2566,21520160,23051148,44571308,4,0,0,89600,6,7584176695
2567,21526919,21169511,42696430,5,0,0,57856,10,3749813805
2568,21536619,23273275,44809894,1,0,0,96768,17,6341967347
2569,21548880,21217947,42766827,9,0,0,16896,16,8484186331
2570,21549140,20588827,42137967,7,0,0,2560,2,6814080799
2571,21564050,20780523,42344573,4,0,0,60928,6,9466606046
2572,21573051,58105095,79678146,2,0,1,76288,11,8374318393
2573,21584510,21651717,43236227,4,0,0,141312,6,163027564
2574,21590830,22246376,43837206,8,0,0,29696,3,7751201965
2575,21591950,20891180,42483130,8,0,0,16384,3,5943145637
2576,21594870,21894555,43489425,8,0,0,97280,3,7088845206
2577,21597959,21899468,43497427,5,0,0,2560,10,8301315805
2578,21607450,23128901,44736351,0,0,0,50176,13,7580914324
2579,21621320,58105468,79726788,7,0,1,52736,2,4270359228
2580,21628220,21160121,42788341,9,0,0,25088,16,9067632303
2581,21634289,20923176,42557465,5,0,0,1024,10,9104647707
2582,21639890,58338418,79978308,7,0,1,32256,2,10242174128
2583,21642410,58447193,80089603,4,0,1,13824,6,8915591125
2584,21652210,21074225,42726435,4,0,0,46592,6,3582913303
2585,21663640,21098016,42761656,0,0,0,10752,13,4621821405
2586,21665740,21843566,43509306,9,0,0,38912,16,8320681578
2587,21691950,23195218,44887168,7,0,0,122880,2,6275303094
2588,21705340,22384593,44089933,0,0,0,76800,13,4759329316
2589,21718490,21995451,43713941,0,0,0,31232,13,5246242982
2590,21724630,21861855,43586485,2,0,0,65024,11,1997806479
2591,21738710,22256826,43995536,2,0,0,83968,11,9798017709
2592,21740080,59262266,81002346,4,0,1,468480,6,5048994838
2593,21767030,20672264,42439294,6,0,0,3584,7,3768300211
2594,21770820,22057315,43828135,2,0,0,19968,11,1666383715
2595,21796610,21324049,43120659,8,0,0,29184,3,5559866687
2596,21815060,22114164,43929224,2,0,0,27648,11,832813490
2597,21816749,21831671,43648420,1,0,0,12288,17,6334814846
2598,21845030,21261154,43106184,4,0,0,28160,6,2804041937
2599,21845940,21201207,43047147,0,0,0,13824,13,8442686261
2600,21847940,21878816,43726756,7,0,0,41984,2,7060559867
2601,21854600,21007006,42861606,8,0,0,28160,3,9859233256
2602,21855790,21161297,43017087,6,0,0,40448,7,9188036128
2603,21861760,59155683,81017443,1,0,1,44032,17,2997846023
2604,21865250,22201260,44066510,6,0,0,13312,7,285231539
2605,21873509,20893809,42767318,5,0,0,1536,10,2514592481
2606,21875480,59175324,81050804,7,0,1,22016,2,8318155598
2607,21883020,21704892,43587912,2,0,0,4608,11,7946719854
2608,21883280,59179243,81062523,0,0,1,8192,13,1262870653
2609,21885520,59214187,81099707,0,0,1,33792,13,1826036427
2610,21895209,59204844,81100053,6,0,1,512,7,9194032088
2611,21896649,22051162,43947811,5,0,0,60928,10,5758095096
2612,21910290,22573387,44483677,6,0,0,91136,7,1032993896
2613,21921370,21538392,43459762,0,0,0,101888,13,5727765373
2614,21936310,22158661,44094971,3,0,0,5632,7,2240568271
2615,21943180,21042482,42985662,4,0,0,13824,6,5113569799
2616,21957340,22459510,44416850,4,0,0,223232,6,7104787630
2617,21998240,21430455,43428695,8,0,0,16896,3,2923104501
2618,22002490,22677939,44680429,4,0,0,351232,6,7406894988
2619,22005070,21513307,43518377,3,0,0,29696,7,2652359938
2620,22005550,22438357,44443907,8,0,0,43520,3,9684182717
2621,22007239,21842938,43850177,5,0,0,42496,10,699575067
2622,22012380,21905380,43917760,2,0,0,73216,11,711840249
2623,22012770,22531215,44543985,4,0,0,72704,6,9126797305
2624,22020520,59101935,81122455,1,0,1,24576,17,5975816360
2625,22023290,21872139,43895429,0,0,0,11776,13,1076346894
2626,22029660,21706167,43735827,2,0,0,29696,11,2617647933
2627,22035140,22394057,44429197,9,0,0,40448,16,8912086282
2628,22035470,59087008,81122478,5,0,1,2560,10,7428267483
2629,22038770,21564952,43603722,7,0,0,28672,2,2147348091
2630,22055729,21593985,43649714,1,0,0,1024,17,456789332
2631,22075079,22445593,44520672,5,0,0,121344,10,7044693898
2632,22109780,22610769,44720549,6,0,0,50688,7,4950613881
2633,22125850,22631794,44757644,2,0,0,35328,11,2569761136
2634,22130550,59222444,81352994,7,0,1,46080,2,6431375079
2635,22141550,22549845,44691395,8,0,0,34304,3,6182136308
2636,22142770,21559919,43702689,6,0,0,21504,7,1429142315
2637,22144300,59208717,81353017,7,0,1,8704,2,2984541766
2638,22146870,21982978,44129848,7,0,0,37376,2,8445562860
2639,22165200,21783882,43949082,7,0,0,4096,2,9575659952
2640,22180420,22587699,44768119,6,0,0,34304,7,5298815872
2641,22185200,22723051,44908251,9,0,0,69120,16,2729535902
2642,22190210,22659495,44849705,3,0,0,130560,7,3482416389
2643,22190770,22530270,44721040,3,0,0,1536,7,6612164058
2644,22195890,23107542,45303432,4,0,0,26624,6,9304474060
2645,22202200,22742312,44944512,0,0,0,70144,13,7463363166
2646,22216490,22530336,44746826,7,0,0,34304,2,7349819140
2647,22227429,22849686,45077115,1,0,0,56832,17,8612141968
2648,22235300,59117740,81353040,7,0,1,4608,2,9698158227
2649,22271879,22732379,45004258,1,0,0,4096,17,10331113175
2650,22278760,59074303,81353063,4,0,1,12288,6,10384517057
2651,22295490,59074779,81370269,9,0,1,4096,16,6534605029
2652,22297370,23200270,45497640,4,0,0,64512,6,2499645492
2653,22303799,22009124,44312923,5,0,0,12288,10,9508038712
2654,22315350,22465037,44780387,3,0,0,39936,7,9374463673
2655,22322989,22594957,44917946,1,0,0,31744,17,1933618925
2656,22332220,23490529,45822749,7,0,0,166400,2,3244801109
2657,22335200,59035092,81370292,1,0,1,4608,17,3022844107
2658,22336360,23044343,45380703,4,0,0,24064,6,4319625166
2659,22345010,22790787,45135797,7,0,0,119808,2,7436869994
2660,22356420,21757364,44113784,3,0,0,34304,7,10142931504
2661,22379670,23275102,45654772,6,0,0,41472,7,3882263653
2662,22393140,22128647,44521787,2,0,0,3584,11,3109412995
2663,22393470,59027174,81420644,0,0,1,16384,13,8223341142
2664,22393570,21640010,44033580,9,0,0,16384,16,4424874893
2665,22405130,22597849,45002979,9,0,0,45568,16,8443575864
2666,22409080,21755367,44164447,4,0,0,22528,6,4879105154
2667,22413900,23108590,45522490,9,0,0,73728,16,5195167635
2668,22419649,22537522,44957171,1,0,0,41472,17,1477091269
2669,22424880,23274733,45699613,0,0,0,72704,13,9580665242
2670,22429949,22000675,44430624,1,0,0,4608,17,10296440721
2671,22431690,22549083,44980773,7,0,0,37888,2,4472495298
2672,22432930,22727226,45160156,6,0,0,79872,7,4787542471
2673,22473110,23377609,45850719,7,0,0,62976,2,6799357124
2674,22478490,23612860,46091350,8,0,0,94720,3,6307417771
2675,22493450,21515369,44008819,4,0,0,43520,6,10244547397
2676,22503031,58998853,81501884,2,0,1,23552,11,5994689073
2677,22503110,22485962,44989072,0,0,0,27136,13,4898103162
2678,22521509,21571723,44093232,5,0,0,10752,10,3914205737
2679,22529630,22800318,45329948,0,0,0,46592,13,3938426170
2680,22529739,22439467,44969206,5,0,0,39424,10,4581672732
2681,22544290,58992601,81536891,7,0,1,21504,2,4427990496
2682,22544490,22617405,45161895,2,0,0,5632,11,6085960667
2683,22559880,58980557,81540437,9,0,1,5632,16,9725412829
2684,22564160,59269307,81833467,1,0,1,6144,17,1675307159
2685,22569410,23664458,46233868,0,0,0,16896,13,6141926040
2686,22585190,23246318,45831508,3,0,0,28672,7,7572405140
2687,22600741,59539481,82140222,2,0,1,35328,11,4546138292
2688,22616989,21682161,44299150,5,0,0,1536,10,4699116615
2689,22637790,24044964,46682754,4,0,0,32256,6,5907085719
2690,22639910,22041010,44680920,3,0,0,1536,7,2601915595
2691,22640270,21683073,44323343,8,0,0,20480,3,7175069599
2692,22664040,59666538,82330578,0,0,1,23040,13,5052636505
2693,22667549,21905818,44573367,5,0,0,6656,10,7921520775
2694,22673010,22568321,45241331,4,0,0,16384,6,3820561381
2695,22683079,22019773,44702852,1,0,0,37376,17,9843133978
2696,22692250,23742252,46434502,9,0,0,114688,16,2405786696
2697,22696220,59634381,82330601,1,0,1,13824,17,7738254806
2698,22728110,22906651,45634761,3,0,0,18432,7,5426341392
2699,22731080,23248784,45979864,9,0,0,9216,16,8877692027
2700,22740000,59590624,82330624,7,0,1,17408,2,9108538226
2701,22743060,22650929,45393989,2,0,0,37376,11,5216447708
2702,22746270,59644351,82390621,1,0,1,4096,17,4061704261
2703,22747000,23563194,46310194,3,0,0,102400,7,2843623718
2704,22754040,21951019,44705059,3,0,0,7168,7,10069728166
2705,22759779,22551906,45311685,5,0,0,20480,10,9508048541
2706,22779620,24124141,46903761,0,0,0,16896,13,8538482614
2707,22796759,22880679,45677438,5,0,0,66048,10,7134929283
2708,22838720,22329282,45168002,2,0,0,19968,11,9260603786
2709,22846060,23956690,46802750,2,0,0,93696,11,5471514938
2710,22869610,22657606,45527216,3,0,0,2048,7,6655757795
2711,22870730,22416900,45287630,2,0,0,78848,11,7995373024
2712,22873640,59520527,82394167,9,0,1,5632,16,4401066543
2713,22885359,22556768,45442127,5,0,0,30720,10,278209703
2714,22887990,22732234,45620224,8,0,0,44032,3,10192727897
2715,22888999,23451598,46340597,1,0,0,1536,17,9391769734
2716,22893580,22975414,45868994,3,0,0,59904,7,4205724122
2717,22894100,22645407,45539507,0,0,0,9728,13,35622134
2718,22895070,22189868,45084938,3,0,0,25600,7,8703659582
2719,22911930,22011187,44923117,9,0,0,16896,16,3698193015
2720,22918890,22809214,45728104,4,0,0,28672,6,9814307430
2721,22919720,22642874,45562594,7,0,0,44032,2,4677584008
2722,22920900,23095959,46016859,3,0,0,121344,7,1345593638
2723,22938831,59523998,82462829,2,0,1,31232,11,1466647854
2724,22978290,22267744,45246034,2,0,0,15360,11,2900237629
2725,22982810,22890731,45873541,6,0,0,14848,7,9497839308
2726,22984320,22467681,45452001,8,0,0,17920,3,3970857070
2727,22991240,22969081,45960321,7,0,0,20992,2,4687618549
2728,23009530,59453330,82462860,1,0,1,12288,17,8427438162
2729,23011039,23971064,46982103,1,0,0,10752,17,8660597670
2730,23011810,22283487,45295297,0,0,0,25088,13,6095631412
2731,23017339,22901332,45918671,1,0,0,77312,17,6044395487
2732,23019140,22700205,45719345,8,0,0,29184,3,4253257385
2733,23019520,23353162,46372682,7,0,0,5120,2,2018649594
2734,23046981,59415902,82462883,2,0,1,10240,11,9407755477
2735,23048750,22429211,45477961,4,0,0,38912,6,2335159036
2736,23059210,22677037,45736247,3,0,0,26624,7,2287683426
2737,23064510,22960507,46025017,4,0,0,16384,6,6035068923
2738,23065430,22367314,45432744,9,0,0,21504,16,625569834
2739,23073580,23081539,46155119,9,0,0,9216,16,3468298738
2740,23076210,23255067,46331277,7,0,0,69120,2,4075929487
2741,23082030,23545275,46627305,3,0,0,233984,7,9013223391
2742,23087359,22569932,45657291,1,0,0,8192,17,328079743
2743,23090600,23039131,46129731,6,0,0,76800,7,9066296259
2744,23114339,22247311,45361650,1,0,0,1024,17,5964644160
2745,23115041,59353674,82468715,2,0,1,9216,11,2955634802
2746,23116699,23057451,46174150,5,0,0,30208,10,2991420115
2747,23124260,59346081,82470341,9,0,1,2560,16,2614251814
2748,23127980,22318538,45446518,0,0,0,14336,13,5933673305
2749,23128870,22397699,45526569,3,0,0,13312,7,2313503333
2750,23130230,23425760,46555990,2,0,0,242688,11,7371706561
2751,23136200,23565328,46701528,4,0,0,53760,6,9233490363
2752,23141459,23229305,46370764,1,0,0,89600,17,8961043017
2753,23144630,23045798,46190428,8,0,0,34816,3,1434462851
2754,23149049,59390490,82539539,6,0,1,18432,7,7891153543
2755,23153199,23308236,46461435,5,0,0,13824,10,9716417538
2756,23169100,23516025,46685125,4,0,0,7680,6,5856429780
2757,23170190,22601836,45772026,0,0,0,27648,13,356834641
2758,23184940,23444104,46629044,8,0,0,5632,3,18790391
2759,23185960,23588219,46774179,3,0,0,40960,7,6528572407
2760,23194320,59350257,82544577,0,0,1,24064,13,9472714125
2761,23198450,23686040,46884490,2,0,0,53248,11,8638809513
2762,23201020,23986817,47187837,3,0,0,49664,7,3061765225
2763,23217461,59617072,82834533,2,0,1,9728,11,2621702335
2764,23235390,23135709,46371099,4,0,0,1024,6,8571945625
2765,23235789,24153298,47389087,5,0,0,105984,10,3092676673
2766,23276459,59573119,82849578,6,0,1,9728,7,4598444496
2767,23289340,22590183,45879523,8,0,0,2560,3,303202899
2768,23293830,23656173,46950003,3,0,0,11264,7,693853852
2769,23303029,24171488,47474517,5,0,0,72704,10,9213789064
2770,23313020,59536581,82849601,1,0,1,12288,17,9598677915
2771,23323270,59526354,82849624,9,0,1,11264,16,10225861450
2772,23323310,22555402,45878712,3,0,0,16896,7,3975090753
2773,23326210,23840827,47167037,6,0,0,105984,7,10681531722
2774,23327599,23345304,46672903,1,0,0,143872,17,1524376062
2775,23329640,22937423,46267063,6,0,0,20480,7,8336849379
2776,23329641,59520006,82849647,2,0,1,3072,11,3097319079
2777,23333960,24390882,47724842,4,0,0,518144,6,9281982604
2778,23354170,24432563,47786733,2,0,0,53248,11,1952709553
2779,23355350,22982199,46337549,3,0,0,6656,7,680702838
2780,23355939,22823850,46179789,1,0,0,18432,17,5080859444
2781,23356730,22663272,46020002,3,0,0,10240,7,4993116464
2782,23366480,23765965,47132445,8,0,0,29184,3,7062989219
2783,23383580,59512445,82896025,9,0,1,13824,16,8024449248
2784,23404220,59534127,82938347,0,0,1,33280,13,7652718395
2785,23423410,59554006,82977416,0,0,1,14848,13,3540032727
2786,23435440,23384057,46819497,9,0,0,2048,16,6281240033
2787,23444410,24077464,47521874,3,0,0,13312,7,5203883188
2788,23445950,23910822,47356772,3,0,0,205312,7,10074890984
2789,23451901,59525538,82977439,8,0,1,35840,3,8266711043
2790,23467940,24534931,48002871,8,0,0,285184,3,5179459864
2791,23476050,59535052,83011102,0,0,1,18944,13,5686725675
2792,23486620,59540799,83027419,9,0,1,7168,16,877990627
2793,23490450,22948443,46438893,4,0,0,14336,6,5943835461
2794,23491199,23927707,47418906,5,0,0,97792,10,4957001397
2795,23492879,23761800,47254679,1,0,0,95232,17,7505935523
2796,23497120,22834336,46331456,4,0,0,512,6,7670472798
2797,23498170,24554603,48052773,8,0,0,22016,3,827286394
2798,23513140,24038735,47551875,6,0,0,48128,7,4763905786
2799,23516740,23983095,47499835,2,0,0,63488,11,8809202106
2800,23518120,24218803,47736923,2,0,0,27648,11,3798735311
2801,23528770,23669698,47198468,8,0,0,34816,3,1992446536
2802,23536580,24691537,48228117,3,0,0,70144,7,9212521355
2803,23543840,59524239,83068079,1,0,1,5120,17,8146926391
2804,23545020,59621726,83166746,4,0,1,130560,6,10385518824
2805,23554930,23615718,47170648,3,0,0,11776,7,10721049351
2806,23588600,24181886,47770486,3,0,0,110080,7,2551353251
2807,23610940,59564588,83175528,1,0,1,13824,17,2200830722
2808,23611480,24411272,48022752,0,0,0,44032,13,6506619803
2809,23622770,23857698,47480468,9,0,0,19456,16,9988012360
2810,23623800,23670393,47294193,3,0,0,77312,7,998836962
2811,23628049,23204798,46832847,1,0,0,512,17,6496771608
2812,23651930,24423154,48075084,8,0,0,54784,3,6676976371
2813,23655009,24624399,48279408,5,0,0,47616,10,911730505
2814,23658960,24387082,48046042,3,0,0,11776,7,10539573204
2815,23659820,24256136,47915956,2,0,0,193024,11,8349526385
2816,23667710,24156985,47824695,3,0,0,90624,7,3158263506
2817,23674980,24413231,48088211,7,0,0,43008,2,5615988367
2818,23679260,23133862,46813122,0,0,0,4096,13,829607300
2819,23684990,59601293,83286283,7,0,1,50176,2,6186940383
2820,23686530,24355901,48042431,8,0,0,64512,3,9158226265
2821,23695350,24762047,48457397,9,0,0,242176,16,5149311196
2822,23704180,59583179,83287359,5,0,1,13312,10,5296987323
2823,23704659,24552208,48256867,5,0,0,44032,10,6597531066
2824,23705721,59620218,83325939,8,0,1,8704,3,7009277236
2825,23740580,24778404,48518984,0,0,0,39424,13,5140563484
2826,23744700,24616399,48361099,0,0,0,112128,13,8130458120
2827,23774740,24488234,48262974,7,0,0,19968,2,98672273
2828,23789960,59537117,83327077,5,0,1,7168,10,5518192028
2829,23791450,59540818,83332268,0,0,1,12800,13,434912147
2830,23794470,23707260,47501730,7,0,0,6144,2,4508482625
2831,23800200,23470414,47270614,0,0,0,52224,13,3172975175
2832,23809920,25031778,48841698,3,0,0,88576,7,4248862912
2833,23830340,59553507,83383847,1,0,1,29696,17,7742419219
2834,23842610,24343809,48186419,8,0,0,35328,3,293128375
2835,23851970,25284284,49136254,0,0,0,81408,13,9469228724
2836,23855620,23680057,47535677,3,0,0,13824,7,2408433491
2837,23856640,59611093,83467733,5,0,1,14848,10,6358242666
2838,23868210,24396659,48264869,0,0,0,6144,13,8421344504
2839,23903290,25428030,49331320,4,0,0,171008,6,2912832223
2840,23916310,24590639,48506949,8,0,0,52224,3,1676836590
2841,23919680,23918610,47838290,4,0,0,44544,6,10447388406
2842,23925720,24547167,48472887,8,0,0,30208,3,9823983542
2843,23931879,25614969,49546848,5,0,0,66560,10,10675088235
2844,23938060,59530339,83468399,1,0,1,1024,17,8243220159
2845,23945799,24517861,48463660,1,0,0,20480,17,9286529225
2846,23955650,24251072,48206722,6,0,0,66560,7,4023988209
2847,23978530,23748675,47727205,9,0,0,7680,16,10344427589
2848,23980279,23748197,47728476,1,0,0,4096,17,2052674086
2849,23989370,24018828,48008198,2,0,0,17408,11,6064475155
2850,23990420,24589446,48579866,2,0,0,61952,11,968659079
2851,23992430,24700206,48692636,6,0,0,27648,7,7443915690
2852,23994060,25738133,49732193,8,0,0,90624,3,1979875908
2853,24003150,23793910,47797060,3,0,0,33792,7,8807737635
2854,24029320,24214108,48243428,7,0,0,50176,2,7019592990
2855,24033770,25827006,49860776,0,0,0,79872,13,4518374522
2856,24035820,59433245,83469065,5,0,1,1024,10,1404097307
2857,24038500,23970813,48009313,0,0,0,3584,13,10549597211
2858,24050140,24061356,48111496,8,0,0,65024,3,6766842940
2859,24076080,25864757,49940837,3,0,0,87552,7,8638851732
2860,24078360,59436962,83515322,9,0,1,17920,16,4710210080
2861,24084700,59611403,83696103,7,0,1,24576,2,3522274394
2862,24085920,24029750,48115670,8,0,0,1536,3,8951584920
2863,24094640,26026548,50121188,6,0,0,48128,7,8347745912
2864,24103410,24266448,48369858,8,0,0,28672,3,8956783100
2865,24115820,24375194,48491014,8,0,0,59392,3,1595404355
2866,24125500,24590956,48716456,8,0,0,14336,3,4517476848
2867,24128830,23984249,48113079,6,0,0,5120,7,2507516210
2868,24139600,25751931,49891531,3,0,0,100864,7,1895003641
2869,24148820,24505798,48654618,7,0,0,84480,2,1467081590
2870,24158790,25594007,49752797,9,0,0,21504,16,9090970229
2871,24160790,24378011,48538801,0,0,0,13312,13,1798146589
2872,24165090,24429386,48594476,7,0,0,20992,2,8911922543
2873,24193380,24389473,48582853,7,0,0,9728,2,325406846
2874,24196849,25284920,49481769,1,0,0,28672,17,5558589012
2875,24201800,24767819,48969619,0,0,0,179200,13,6116178469
2876,24221400,24665426,48886826,9,0,0,74752,16,3008362874
2877,24226250,25047348,49273598,9,0,0,20480,16,9050030162
2878,24226980,26025575,50252555,6,0,0,78848,7,3218921305
2879,24227549,24329008,48556557,1,0,0,36864,17,8724958472
2880,24230580,59695352,83925932,5,0,1,11264,10,2249478483
2881,24232479,24286848,48519327,1,0,0,1024,17,5321870662
2882,24235149,26264234,50499383,1,0,0,247808,17,4650063059
2883,24265740,24496987,48762727,9,0,0,11776,16,10613632116
2884,24269750,26241144,50510894,3,0,0,14336,7,7907496359
2885,24275139,24500213,48775352,1,0,0,512,17,1417166674
2886,24284790,60065827,84350617,5,0,1,35328,10,2553125024
2887,24292570,24893774,49186344,2,0,0,87040,11,1716931408
2888,24310130,24662944,48973074,8,0,0,11264,3,4895683926
2889,24323151,60027489,84350640,2,0,1,1024,11,6408523721
2890,24324310,24450466,48774776,8,0,0,8704,3,3712152398
2891,24340179,24658743,48998922,5,0,0,22528,10,3298027943
2892,24341620,60009043,84350663,5,0,1,3072,10,4493699793
2893,24347670,26361309,50708979,4,0,0,169472,6,7156478354
2894,24357070,59993616,84350686,1,0,1,20480,17,1459100205
2895,24357220,24894986,49252206,2,0,0,39936,11,196488024
2896,24359030,26277407,50636437,8,0,0,13312,3,2240566152
2897,24362770,60599699,84962469,4,0,1,189440,6,2319989169
2898,24388790,24832666,49221456,7,0,0,40960,2,5341560474
2899,24392660,24964735,49357395,0,0,0,85504,13,5664592524
2900,24415460,25175715,49591175,8,0,0,145408,3,4970556266
2901,24425510,24721785,49147295,8,0,0,5632,3,9421142003
2902,24426210,26365367,50791577,3,0,0,1536,7,3086591947
2903,24426230,24777297,49203527,0,0,0,56320,13,10526424578
2904,24431170,25016723,49447893,3,0,0,66560,7,5796579002
2905,24439330,25225030,49664360,7,0,0,76800,2,6627760362
2906,24462830,60502545,84965375,7,0,1,4608,2,6825362867
2907,24467590,24736116,49203706,0,0,0,512,13,2112247026
2908,24467700,25213866,49681566,3,0,0,13824,7,245554818
2909,24468200,25207883,49676083,2,0,0,38400,11,3340050705
2910,24469050,25019674,49488724,4,0,0,1024,6,1184146687
2911,24475740,25162266,49638006,7,0,0,153600,2,3714053258
2912,24488110,60525213,85013323,5,0,1,17408,10,3125569581
2913,24520070,60493276,85013346,0,0,1,4096,13,10269372066
2914,24525680,24971979,49497659,3,0,0,15872,7,5442204684
2915,24532660,24980987,49513647,6,0,0,6144,7,5768516684
2916,24540370,26390876,50931246,8,0,0,82944,3,8620350127
2917,24549590,60463779,85013369,5,0,1,26112,10,31107041
2918,24554460,25086423,49640883,2,0,0,9216,11,9009245322
2919,24561140,60452252,85013392,7,0,1,2048,2,8062458777
2920,24562380,60532238,85094618,9,0,1,33792,16,1677489417
2921,24586110,60508531,85094641,5,0,1,2048,10,9366899389
2922,24592070,25208132,49800202,2,0,0,24576,11,5239194202
2923,24592590,25243827,49836417,9,0,0,52736,16,9996896275
2924,24606500,60488164,85094664,0,0,1,16896,13,1828968044
2925,24609520,60492210,85101730,9,0,1,16384,16,10304693329
2926,24620960,25275430,49896390,2,0,0,15872,11,5563525037
2927,24623689,25482812,50106501,5,0,0,148480,10,3588554946
2928,24634159,25386235,50020394,5,0,0,110080,10,149388401
2929,24637889,60463872,85101761,6,0,1,9216,7,7981459511
2930,24641309,25638351,50279660,5,0,0,19968,10,705454214
2931,24649420,25895349,50544769,4,0,0,111104,6,4044178068
2932,24660029,25495058,50155087,5,0,0,56832,10,9490163981
2933,24662120,25466423,50128543,0,0,0,24064,13,10424733906
2934,24665819,25648808,50314627,5,0,0,114688,10,4738955548
2935,24676210,25372593,50048803,9,0,0,25600,16,4836005205
2936,24689380,25734476,50423856,0,0,0,30208,13,2352377569
2937,24689699,25473523,50163222,1,0,0,26624,17,4907126843
2938,24689750,25717212,50406962,7,0,0,103936,2,8865700846
2939,24691430,25873968,50565398,4,0,0,25600,6,8462168294
2940,24703560,25928798,50632358,8,0,0,111616,3,7430686816
2941,24710420,61548546,86258966,4,0,1,517120,6,3649188499
2942,24733289,26118694,50851983,5,0,0,25088,10,4643406557
2943,24740480,25674149,50414629,3,0,0,25088,7,10171824894
2944,24745039,25512999,50258038,1,0,0,17920,17,9633657644
2945,24769500,25947458,50716958,8,0,0,26112,3,8096735371
2946,24772390,25777433,50549823,8,0,0,5632,3,6779890624
2947,24776780,26550154,51326934,0,0,0,62976,13,2704405338
2948,24800770,25701966,50502736,6,0,0,10752,7,1358768194
2949,24808260,25975292,50783552,7,0,0,63488,2,4791038283
2950,24819900,25924069,50743969,8,0,0,88576,3,7180653478
2951,24841640,25521618,50363258,6,0,0,17920,7,5184285985
2952,24849420,26206640,51056060,6,0,0,9216,7,8396691134
2953,24897410,26155819,51053229,3,0,0,89600,7,858694723
2954,24908190,25855995,50764185,9,0,0,44032,16,4911349989
2955,24909700,25742672,50652372,8,0,0,52224,3,5162111265
2956,24918720,25872343,50791063,2,0,0,24576,11,1563817834
2957,24920310,26611315,51531625,8,0,0,115712,3,4688514099
2958,24929270,25577233,50506503,6,0,0,12288,7,7673858219
2959,24938950,25811750,50750700,0,0,0,22016,13,2410889959
2960,24962280,25904870,50867150,9,0,0,17920,16,8848951056
2961,24963769,25845887,50809656,1,0,0,20480,17,6697035084
2962,24970920,26798944,51769864,6,0,0,46592,7,1818416714
2963,24975580,25842946,50818526,2,0,0,2560,11,4207330677
2964,24976570,25571514,50548084,8,0,0,10752,3,4581150560
2965,24978660,61284172,86262832,7,0,1,6144,2,9535208710
2966,24989620,25813304,50802924,7,0,0,15360,2,6584774792
2967,25013640,61261718,86275358,0,0,1,9216,13,2154561085
2968,25021640,26861598,51883238,0,0,0,5632,13,4442623132
2969,25045249,61350496,86395745,6,0,1,23040,7,5786964030
2970,25056120,26782788,51838908,2,0,0,111616,11,9728207519
2971,25065429,26042319,51107748,5,0,0,28672,10,4538664476
2972,25066970,26681765,51748735,4,0,0,281088,6,3824613322
2973,25071880,25861573,50933453,0,0,0,7168,13,4474944200
2974,25102609,61293159,86395768,6,0,1,24064,7,8313081083
2975,25105820,26043799,51149619,8,0,0,1536,3,2074896622
2976,25123359,61286051,86409410,6,0,1,14336,7,5842258541
2977,25136519,25750387,50886906,5,0,0,10752,10,2520187481
2978,25136559,61273989,86410548,6,0,1,1024,7,963451705
2979,25136709,25854711,50991420,5,0,0,2048,10,4065455811
2980,25138120,25831589,50969709,7,0,0,57344,2,2167743007
2981,25149390,26069430,51218820,2,0,0,35328,11,610511282
2982,25160369,26420644,51581013,5,0,0,83456,10,3086772408
2983,25171269,26196339,51367608,5,0,0,7168,10,2157864242
2984,25173350,61237221,86410571,9,0,1,512,16,9698209184
2985,25173680,27096108,52269788,9,0,0,35840,16,3930031991
2986,25187510,26468981,51656491,6,0,0,3584,7,6909338004
2987,25196289,26972513,52168802,5,0,0,93696,10,5696954394
2988,25199459,26836833,52036292,1,0,0,209408,17,1422276259
2989,25224809,26116968,51341777,1,0,0,48640,17,1499605234
2990,25226140,26186882,51413022,2,0,0,137216,11,1691566465
2991,25231699,26382269,51613968,1,0,0,108032,17,4286783431
2992,25238320,26566557,51804877,0,0,0,43008,13,5439021022
2993,25240910,26411945,51652855,6,0,0,77312,7,10448941685
2994,25244579,26307817,51552396,5,0,0,68096,10,5682407646
2995,25254501,61162824,86417325,2,0,1,6656,11,4173408748
2996,25274200,61147758,86421958,5,0,1,4608,10,7684449607
2997,25282540,26333791,51616331,0,0,0,7680,13,6971807029
2998,25283390,26490397,51773787,6,0,0,12800,7,9293213765
2999,25288720,27061898,52350618,7,0,0,33280,2,4451156417
3000,25289410,61234653,86524063,5,0,1,41984,10,94880474
3001,25292509,26263053,51555562,5,0,0,9216,10,6915589911
3002,25293500,27111619,52405119,4,0,0,37376,6,1837712984
3003,25297109,27317841,52614950,1,0,0,25088,17,6234046099
3004,25299740,26117361,51417101,9,0,0,13312,16,862879031
3005,25302059,26250672,51552731,5,0,0,1024,10,9149058939
3006,25302469,26828394,52130863,1,0,0,64512,17,5035854451
3007,25312930,26478820,51791750,8,0,0,58880,3,1469184196
3008,25314620,26132909,51447529,9,0,0,1024,16,2387180193
3009,25315220,26566186,51881406,4,0,0,37376,6,5238985466
3010,25324880,26430742,51755622,7,0,0,22528,2,2939260540
3011,25355910,26497841,51853751,2,0,0,48640,11,5541378649
3012,25372140,27146892,52519032,9,0,0,124928,16,4617309297
3013,25373400,61151969,86525369,7,0,1,2048,2,138001504
3014,25374690,26687365,52062055,0,0,0,84480,13,4894142376
3015,25377670,26827292,52204962,0,0,0,73216,13,1672839588
3016,25389470,26523000,51912470,6,0,0,15872,7,247065740
3017,25397010,26507889,51904899,7,0,0,45568,2,6400338401
3018,25401859,61470257,86872116,6,0,1,53760,7,4898766391
3019,25415700,61464525,86880225,1,0,1,11264,17,878728571
3020,25424420,27365760,52790180,4,0,0,44544,6,5972318678
3021,25427950,26649706,52077656,8,0,0,22528,3,791083159
3022,25431470,26738759,52170229,8,0,0,4608,3,9290689221
3023,25431560,61520913,86952473,7,0,1,8192,2,7060716403
3024,25435089,27033665,52468754,5,0,0,46592,10,8168232663
3025,25437649,27223874,52661523,1,0,0,130560,17,8096162467
3026,25437660,26806873,52244533,0,0,0,58368,13,2673760741
3027,25439639,27712644,53152283,5,0,0,91648,10,5588296054
3028,25454220,26758259,52212479,8,0,0,3584,3,5597720058
3029,25460630,27338933,52799563,8,0,0,30720,3,6176354756
3030,25466819,27591664,53058483,5,0,0,312832,10,6366947557
3031,25468129,26741692,52209821,5,0,0,15872,10,5721862784
3032,25469210,26901711,52370921,9,0,0,66560,16,4407429802
3033,25469330,27730472,53199802,0,0,0,45056,13,6227923581
3034,25471580,27009365,52480945,6,0,0,39936,7,8884035618
3035,25485720,27277851,52763571,7,0,0,14848,2,8622482187
3036,25499040,27597287,53096327,0,0,0,49664,13,10463398761
3037,25501890,27608344,53110234,8,0,0,45568,3,3412629476
3038,25502419,27829601,53332020,5,0,0,68096,10,78951288
3039,25533041,61434841,86967882,3,0,1,11776,7,3299887480
3040,25534981,61492074,87027055,3,0,1,3584,7,8032968126
3041,25537810,27023153,52560963,0,0,0,48640,13,6197626838
3042,25540590,61492623,87033213,7,0,1,37376,2,9637752839
3043,25544270,27120552,52664822,8,0,0,10752,3,8968918961
3044,25562530,27006767,52569297,8,0,0,10752,3,1985429506
3045,25582870,27482656,53065526,0,0,0,23040,13,3621217300
3046,25593480,27530856,53124336,3,0,0,10752,7,10440361937
3047,25600240,27838855,53439095,7,0,0,56320,2,7062990440
3048,25603150,61435846,87038996,1,0,1,13824,17,7698616465
3049,25621359,27935418,53556777,1,0,0,38400,17,2166625488
3050,25627450,26897845,52525295,0,0,0,20480,13,6320970348
3051,25636980,61444729,87081709,5,0,1,12800,10,455260996
3052,25641379,27061861,52703240,5,0,0,57856,10,576623991
3053,25668810,27007735,52676545,9,0,0,38400,16,9779515690
3054,25725739,26989850,52715589,5,0,0,24576,10,6797350797
3055,25739010,27205422,52944432,2,0,0,77824,11,6964901811
3056,25739070,27381967,53121037,8,0,0,35328,3,3238370711
3057,25752999,27668890,53421889,5,0,0,92672,10,334928280
3058,25757619,27395007,53152626,5,0,0,1024,10,3266521046
3059,25761099,27304606,53065705,5,0,0,512,10,3260223513
3060,25764670,27628960,53393630,2,0,0,56320,11,2303613825
3061,25790140,27291032,53081172,9,0,0,50688,16,4463224333
3062,25790380,27085797,52876177,7,0,0,8704,2,3412507508
3063,25792970,27468247,53261217,9,0,0,13312,16,8803008212
3064,25828820,27482429,53311249,7,0,0,80384,2,6085525306
3065,25829010,61751516,87580526,4,0,1,168960,6,8418822977
3066,25830460,27890124,53720584,6,0,0,52224,7,5393144264
3067,25831911,61797319,87629230,3,0,1,33280,7,932242324
3068,25846179,27339872,53186051,5,0,0,24064,10,8942515257
3069,25851470,27978467,53829937,0,0,0,80384,13,7470903764
3070,25866610,27509837,53376447,7,0,0,14848,2,3719457162
3071,25866980,27338817,53205797,7,0,0,2048,2,5975137081
3072,25883140,27364900,53248040,6,0,0,39936,7,2082065946
3073,25914720,61770053,87684773,4,0,1,20480,6,6349256498
3074,25919390,61823172,87742562,0,0,1,512,13,3447071220
3075,25934270,27693523,53627793,9,0,0,16384,16,6545273982
3076,25947350,27515347,53462697,2,0,0,5120,11,8252501091
3077,25952630,27576658,53529288,7,0,0,29696,2,6175653605
3078,25958440,61792280,87750720,7,0,1,6656,2,4852623318
3079,25958519,61795835,87754354,6,0,1,512,7,1835826752
3080,25966350,27924285,53890635,6,0,0,64512,7,5634072400
3081,25979320,27595743,53575063,9,0,0,17920,16,1336033536
3082,25985080,28148223,54133303,2,0,0,369152,11,9688421026
3083,25986750,61767627,87754377,0,0,1,22016,13,6310924099
3084,26014330,27750829,53765159,0,0,0,23552,13,734090001
3085,26014939,27954187,53969126,1,0,0,84480,17,2665252050
3086,26015110,62473348,88488458,4,0,1,586752,6,7980738164
3087,26039110,62458664,88497774,5,0,1,4096,10,8759441165
3088,26040700,27816181,53856881,9,0,0,15872,16,7995589426
3089,26055860,28087496,54143356,9,0,0,15360,16,5512107465
3090,26067011,62433029,88500040,3,0,1,3584,7,2175258362
3091,26069500,28121421,54190921,9,0,0,103424,16,1725358654
3092,26081040,28199091,54280131,9,0,0,14336,16,569603781
3093,26083100,27934910,54018010,0,0,0,21504,13,183201379
3094,26091549,27822509,53914058,5,0,0,76800,10,8571917758
3095,26109910,27876844,53986754,8,0,0,11264,3,817290837
3096,26133310,28316692,54450002,6,0,0,40448,7,2541094864
3097,26134180,28099918,54234098,6,0,0,5632,7,10189606086
3098,26136519,27700461,53836980,1,0,0,23040,17,343460987
3099,26148500,27986074,54134574,2,0,0,4096,11,4341021401
3100,26152080,27842652,53994732,7,0,0,17408,2,3602976267
3101,26153000,27769973,53922973,8,0,0,29184,3,4457125676
3102,26153450,62351096,88504546,7,0,1,7168,2,9406098714
3103,26160659,62351504,88512163,6,0,1,24064,7,3704049748
3104,26162760,62396328,88559088,0,0,1,13312,13,4781869007
3105,26172320,27756300,53928620,8,0,0,18432,3,5692899033
3106,26179530,62381184,88560714,9,0,1,2560,16,1357266469
3107,26180530,28051806,54232336,4,0,0,68096,6,4806487956
3108,26197660,28072520,54270180,4,0,0,56320,6,4251245477
3109,26215250,27923403,54138653,8,0,0,13312,3,8690498865
3110,26228129,27923518,54151647,1,0,0,27136,17,8969500512
3111,26235710,62344852,88580562,5,0,1,12288,10,8962612211
3112,26241909,62338676,88580585,6,0,1,9216,7,10368930257
3113,26244450,28008547,54252997,2,0,0,61952,11,5911327447
3114,26248460,28326407,54574867,9,0,0,7168,16,10150327217
3115,26254419,28103183,54357602,1,0,0,36864,17,9014109070
3116,26298840,62302051,88600891,5,0,1,14336,10,3800358292
3117,26304100,62298097,88602197,0,0,1,2048,13,7086809880
3118,26305160,62298663,88603823,5,0,1,2560,10,8783842030
3119,26309479,28050486,54359965,5,0,0,7680,10,6193710750
3120,26310809,62352791,88663600,6,0,1,47616,7,8300812897
3121,26313640,27962100,54275740,0,0,0,17920,13,1383787294
3122,26319741,62480876,88800617,2,0,1,41984,11,7409368822
3123,26335589,28226167,54561756,1,0,0,31232,17,3811570012
3124,26359020,28193197,54552217,6,0,0,29696,7,10314709876
3125,26363740,62436900,88800640,7,0,1,3584,2,296865081
3126,26364180,28017416,54381596,6,0,0,3584,7,2571204818
3127,26369040,27918668,54287708,8,0,0,10240,3,863289558
3128,26371730,62468595,88840325,9,0,1,20992,16,3344492704
3129,26383510,28154153,54537663,9,0,0,64512,16,844489015
3130,26388230,28088427,54476657,7,0,0,8192,2,10005142628
3131,26390381,62450610,88840991,2,0,1,1024,11,8296460562
3132,26404710,28260721,54665431,9,0,0,74752,16,9437331112
3133,26412640,28008440,54421080,0,0,0,6656,13,6815054403
3134,26416950,28186108,54603058,0,0,0,4608,13,10465387078
3135,26419339,28173135,54592474,1,0,0,28672,17,954408831
3136,26421639,28256295,54677934,1,0,0,40960,17,1635713563
3137,26426700,28116446,54543146,2,0,0,17920,11,10222283021
3138,26433710,28136033,54569743,8,0,0,26112,3,10723392979
3139,26452290,28314323,54766613,6,0,0,9728,7,9543040715
3140,26455480,62411798,88867278,4,0,1,24576,6,6692538906
3141,26508560,28298871,54807431,4,0,0,26624,6,8197858003
3142,26509851,62414168,88924019,2,0,1,44032,11,8551375561
3143,26536760,28342048,54878808,9,0,0,73216,16,5177966307
3144,26548110,62378495,88926605,1,0,1,4096,17,7050163304
3145,26552779,28161795,54714574,1,0,0,13312,17,6616254335
3146,26552780,28356939,54909719,4,0,0,101376,6,2139730910
3147,26553900,28299920,54853820,0,0,0,15360,13,8304504289
3148,26556651,62449817,89006468,3,0,1,26624,7,8740703484
3149,26564800,28485705,55050505,7,0,0,19456,2,817936148
3150,26566241,62494279,89060520,3,0,1,33280,7,7258507120
3151,26566729,28276703,54843432,1,0,0,3584,17,1556543844
3152,26572500,28518946,55091446,6,0,0,29696,7,10733247594
3153,26577380,28432518,55009898,7,0,0,34304,2,5150822210
3154,26588650,62531220,89119870,5,0,1,25088,10,2140893916
3155,26592880,28451674,55044554,4,0,0,57344,6,9219219668
3156,26595749,28636716,55232465,1,0,0,112128,17,8183175977
3157,26607420,28739280,55346700,7,0,0,51200,2,1890276165
3158,26622160,28295093,54917253,8,0,0,20992,3,726735120
3159,26632710,28514464,55147174,0,0,0,4608,13,4030807106
3160,26635079,28338788,54973867,1,0,0,6656,17,2444359605
3161,26654641,62534774,89189415,2,0,1,5632,11,9051014899
3162,26657131,62534635,89191766,3,0,1,16384,7,9625104734
3163,26661240,28249594,54910834,0,0,0,3584,13,3322595168
3164,26668970,28618968,55287938,2,0,0,44032,11,2261469218
3165,26673310,28509298,55182608,4,0,0,2048,6,7274746845
3166,26676159,28566343,55242502,5,0,0,25088,10,10027591996
3167,26682770,28235606,54918376,7,0,0,3584,2,6857661749
3168,26699089,28877068,55576157,1,0,0,37888,17,5263380841
3169,26702500,28670302,55372802,4,0,0,16384,6,1000778857
3170,26710420,28716511,55426931,6,0,0,45568,7,741372860
3171,26722530,62469595,89192125,5,0,1,9728,10,10202285211
3172,26723210,28530417,55253627,8,0,0,1024,3,7234948193
3173,26727390,28390686,55118076,0,0,0,20480,13,10030020357
3174,26732870,28680085,55412955,6,0,0,1024,7,2209127833
3175,26734980,28677617,55412597,2,0,0,117248,11,9751436272
3176,26753160,62446720,89199880,0,0,1,4608,13,4733745840
3177,26759070,28770276,55529346,4,0,0,28160,6,1338015799
3178,26759210,28608577,55367787,6,0,0,32768,7,9076942218
3179,26766620,28563285,55329905,9,0,0,7168,16,10215487557
3180,26775580,62424454,89200034,1,0,1,8704,17,8811559871
3181,26777530,28886703,55664233,8,0,0,80384,3,6948780853
3182,26795340,28830821,55626161,7,0,0,31232,2,604448102
3183,26802360,28915314,55717674,8,0,0,53248,3,9604359074
3184,26814660,28800223,55614883,8,0,0,30208,3,468571385
3185,26815999,29076528,55892527,1,0,0,23552,17,7335104220
3186,26818070,29452356,56270426,2,0,0,65536,11,6610842804
3187,26825309,28806533,55631842,5,0,0,2560,10,4325453451
3188,26834480,29244359,56078839,8,0,0,42496,3,7992733793
3189,26834960,28927757,55762717,8,0,0,5632,3,4359391755
3190,26854280,28944167,55798447,9,0,0,41984,16,4964472435
3191,26860450,29158311,56018761,6,0,0,43520,7,9925536638
3192,26875851,62489667,89365518,3,0,1,56832,7,9419138859
3193,26876130,29561570,56437700,8,0,0,58880,3,7572526332
3194,26878359,29498565,56376924,5,0,0,152064,10,5708841685
3195,26885780,28786718,55672498,8,0,0,25088,3,10478759520
3196,26898050,29055311,55953361,9,0,0,19968,16,1122864775
3197,26920340,29671233,56591573,7,0,0,99328,2,2350575356
3198,26923899,62465689,89389588,6,0,1,2048,7,3905077186
3199,26931479,29008946,55940425,1,0,0,22016,17,4482450957
3200,26951340,62438271,89389611,9,0,1,5632,16,8347175863
3201,26957510,28659112,55616622,7,0,0,5632,2,9408308016
3202,26960600,28720991,55681591,9,0,0,7680,16,3436811266
3203,26966200,29075216,56041416,9,0,0,26112,16,9884325312
3204,26971460,29693477,56664937,7,0,0,7680,2,6397351004
3205,26978981,62410653,89389634,2,0,1,9216,11,5797665018
3206,27015880,30060528,57076408,7,0,0,48640,2,7869548887
3207,27018979,29155265,56174244,1,0,0,23040,17,8966255050
3208,27022199,62367474,89389673,6,0,1,1536,7,10193595854
3209,27037410,29157823,56195233,0,0,0,60416,13,3635420427
3210,27077990,29047385,56125375,4,0,0,74240,6,6617790856
3211,27078310,29939531,57017841,4,0,0,16384,6,841350681
3212,27097119,62292577,89389696,6,0,1,13824,7,5106370410
3213,27108130,29273185,56381315,9,0,0,14336,16,802111594
3214,27115140,28760072,55875212,7,0,0,12800,2,8686456616
3215,27178431,62211288,89389719,3,0,1,4096,7,9493962121
3216,27178920,62236468,89415388,4,0,1,7680,6,7269550384
3217,27189810,29210248,56400058,0,0,0,61440,13,3151799509
3218,27223660,29320040,56543700,4,0,0,12288,6,2927999794
3219,27229929,29220779,56450708,1,0,0,15872,17,9526518801
3220,27251830,28915371,56167201,2,0,0,74752,11,4050138426
3221,27254361,62163831,89418192,3,0,1,16384,7,3854759684
3222,27256130,29478825,56734955,6,0,0,32256,7,1871886874
3223,27256780,62165598,89422378,5,0,1,6656,10,9187902369
3224,27267580,28755344,56022924,9,0,0,8192,16,3719652024
3225,27300630,62148882,89449512,9,0,1,18944,16,6208378772
3226,27315139,29246147,56561286,1,0,0,46592,17,5269369467
3227,27332340,62125013,89457353,4,0,1,2560,6,58564123
3228,27334670,28842093,56176763,0,0,0,8192,13,8602358976
3229,27341579,28964906,56306485,1,0,0,118272,17,9416052466
3230,27348550,29713015,57061565,6,0,0,66048,7,7355705343
3231,27359400,28947420,56306820,2,0,0,1024,11,2898320862
3232,27360660,29301914,56662574,4,0,0,150528,6,6419284448
3233,27370370,29502721,56873091,2,0,0,11264,11,949925373
3234,27385579,29148692,56534271,5,0,0,172032,10,3181940082
3235,27390060,29276772,56666832,4,0,0,6144,6,3319982934
3236,27394389,29541948,56936337,5,0,0,6144,10,4762157897
3237,27406040,62061476,89467516,5,0,1,17920,10,9928843924
3238,27423500,29589191,57012691,7,0,0,22528,2,5170853928
3239,27452900,29087033,56539933,9,0,0,11776,16,3135360185
3240,27456730,28981929,56438659,9,0,0,3072,16,298891033
3241,27459780,29146838,56606618,2,0,0,6144,11,6816323803
3242,27486530,62147710,89634240,9,0,1,45056,16,10488134323
3243,27494330,28634812,56129142,7,0,0,12288,2,2488131527
3244,27496160,62140986,89637146,4,0,1,4608,6,2268438619
3245,27510650,29214454,56725104,0,0,0,89088,13,7752835878
3246,27511919,29310418,56822337,5,0,0,168448,10,2689901524
3247,27516030,28727196,56243226,7,0,0,9216,2,8834554548
3248,27538280,29553895,57092175,7,0,0,7168,2,9226423794
3249,27542690,29306464,56849154,0,0,0,36352,13,2731934040
3250,27545709,29665862,57211571,5,0,0,78336,10,6387935546
3251,27546800,29494308,57041108,8,0,0,76288,3,10330122553
3252,27558799,29334953,56893752,5,0,0,13312,10,10401845579
3253,27561300,29720153,57281453,2,0,0,69632,11,4001097512
3254,27564329,29182528,56746857,1,0,0,9728,17,6506530314
3255,27566489,28969833,56536322,1,0,0,6656,17,9367188127
3256,27569180,62121017,89690197,4,0,1,20992,6,1511685653
3257,27570020,29034703,56604723,0,0,0,43008,13,646591289
3258,27575700,62165795,89741495,0,0,1,5632,13,7580874902
3259,27584310,29088941,56673251,6,0,0,20992,7,8370968835
3260,27590850,62156220,89747070,7,0,1,37376,2,7068618012
3261,27600450,29143420,56743870,2,0,0,29184,11,2763443253
3262,27602810,62146846,89749656,7,0,1,4096,2,634612546
3263,27610320,62185488,89795808,0,0,1,512,13,10515372500
3264,27617050,62600365,90217415,0,0,1,65024,13,1091752276
3265,27628940,62650624,90279564,9,0,1,9728,16,2543705377
3266,27632820,29665215,57298035,7,0,0,28672,2,1178680855
3267,27636670,29351658,56988328,7,0,0,63488,2,2187938010
3268,27666599,29298854,56965453,5,0,0,45056,10,1047753532
3269,27687240,62594590,90281830,7,0,1,3584,2,1331713061
3270,27689289,29651301,57340590,5,0,0,136192,10,9566312313
3271,27694410,29166385,56860795,4,0,0,6656,6,2841346226
3272,27710210,29439033,57149243,6,0,0,16384,7,10622528446
3273,27712360,29870860,57583220,6,0,0,91136,7,4292597198
3274,27716730,29108469,56825199,7,0,0,9216,2,8244964727
3275,27732770,29882538,57615308,4,0,0,39936,6,4669301326
3276,27737990,29729345,57467335,0,0,0,23040,13,8407445036
3277,27753610,29371371,57124981,6,0,0,39424,7,2915558441
3278,27754790,29534486,57289276,7,0,0,25600,2,1715466888
3279,27777020,62567677,90344697,7,0,1,7680,2,5637923260
3280,27781149,29441804,57222953,5,0,0,5120,10,5404647663
3281,27793820,29130282,56924102,4,0,0,6656,6,4062551535
3282,27814360,29857310,57671670,6,0,0,87552,7,1850084788
3283,27820620,62576406,90397026,7,0,1,10752,2,7145012759
3284,27841550,29579866,57421416,4,0,0,102912,6,6568032629
3285,27860320,29108641,56968961,3,0,0,4096,7,5609511499
3286,27867640,29245306,57112946,0,0,0,68096,13,4310769315
3287,27875589,29968009,57843598,1,0,0,43520,17,6796259611
3288,27898599,30171624,58070223,1,0,0,29184,17,7052074766
3289,27901840,29312718,57214558,6,0,0,9728,7,2566187507
3290,27904910,29313891,57218801,4,0,0,13824,6,5267220658
3291,27912751,62557800,90470551,2,0,1,3584,11,902685699
3292,27944090,29406039,57350129,0,0,0,31232,13,2195508711
3293,27946010,29698961,57644971,6,0,0,97280,7,5932609353
3294,27971250,30005360,57976610,0,0,0,59904,13,7808946414
3295,27985170,62609269,90594439,9,0,1,23552,16,5651238904
3296,27989961,62749089,90739050,8,0,1,23552,3,4075231417
3297,27994189,29453044,57447233,5,0,0,19968,10,7795152063
3298,27996010,62780907,90776917,5,0,1,5120,10,2497901595
3299,28008171,62824485,90832656,8,0,1,16384,3,1519557473
3300,28029360,29427568,57456928,8,0,0,31744,3,1559801630
3301,28034629,29126120,57160749,5,0,0,14336,10,7334963199
3302,28049350,62783329,90832679,4,0,1,16896,6,1128613910
3303,28052300,62780402,90832702,7,0,1,12800,2,7639288964
3304,28061940,29672169,57734109,7,0,0,65024,2,2613651855
3305,28062550,29767757,57830307,4,0,0,8192,6,8800271868
3306,28068109,29626071,57694180,5,0,0,46080,10,5317709488
3307,28070720,30232922,58303642,2,0,0,40960,11,8015788014
3308,28086990,29706386,57793376,7,0,0,82944,2,8295090444
3309,28089761,62745327,90835088,3,0,1,36352,7,5751023370
3310,28090641,62984774,91075415,3,0,1,22528,7,9626948541
3311,28092540,63031974,91124514,9,0,1,34816,16,5475797912
3312,28096100,29257016,57353116,7,0,0,9728,2,4682571665
3313,28097430,29599581,57697011,2,0,0,9216,11,2960409913
3314,28105490,29695865,57801355,0,0,0,26112,13,9733085418
3315,28117340,29800368,57917708,8,0,0,38400,3,7018368959
3316,28122080,29233757,57355837,0,0,0,8704,13,10383775594
3317,28132990,29852847,57985837,0,0,0,30208,13,321896697
3318,28137409,29361569,57498978,1,0,0,6144,17,1276540863
3319,28138259,29786804,57925063,5,0,0,24064,10,9865394965
3320,28140250,63073708,91213958,4,0,1,30208,6,8687457426
3321,28145751,63090386,91236137,2,0,1,12288,11,7849345112
3322,28151890,63276137,91428027,7,0,1,22016,2,1783910145
3323,28152320,63275738,91428058,4,0,1,10240,6,10578540399
3324,28157760,63374586,91532346,7,0,1,4608,2,8702884094
3325,28183389,29419712,57603101,5,0,0,65024,10,3470689386
3326,28184380,30136312,58320692,2,0,0,16896,11,6259731085
3327,28186300,29516974,57703274,3,0,0,20480,7,3549982926
3328,28187590,29629232,57816822,6,0,0,50688,7,505460609
3329,28191330,29488787,57680117,2,0,0,27648,11,9776161457
3330,28201940,29625848,57827788,4,0,0,35840,6,9872176913
3331,28206180,63326189,91532369,7,0,1,3584,2,5950701295
3332,28206459,29684527,57890986,1,0,0,16896,17,6401527406
3333,28215989,29781906,57997895,5,0,0,39424,10,4648413247
3334,28227320,30056060,58283380,7,0,0,177664,2,4134882415
3335,28228351,63433248,91661599,2,0,1,18944,11,5251988491
3336,28237070,29772236,58009306,2,0,0,37376,11,1390038125
3337,28242870,29887592,58130462,3,0,0,39424,7,2524844180
3338,28260060,29645925,57905985,6,0,0,49152,7,3100179758
3339,28288520,29829907,58118427,2,0,0,56320,11,2600648197
3340,28291450,29873816,58165266,2,0,0,13312,11,10449738818
3341,28291550,30121611,58413161,4,0,0,3584,6,3138942099
3342,28295670,63409553,91705223,7,0,1,25088,2,8319393700
3343,28297610,29552568,57850178,6,0,0,12288,7,7349343315
3344,28300329,29912070,58212399,1,0,0,3584,17,781076537
3345,28305359,29433921,57739280,1,0,0,16896,17,7214644145
3346,28307951,63426918,91734869,2,0,1,14336,11,5913376823
3347,28312309,63610207,91922516,6,0,1,25600,7,10490416665
3348,28321430,63607938,91929368,9,0,1,7680,16,1656170067
3349,28328730,30067845,58396575,6,0,0,61440,7,5509786073
3350,28347491,63581900,91929391,8,0,1,1536,3,981500297
3351,28354319,29602864,57957183,5,0,0,13312,10,2841088773
3352,28358250,29929700,58287950,2,0,0,8192,11,4533085494
3353,28361000,29567518,57928518,2,0,0,11264,11,7165929915
3354,28368859,30312053,58680912,5,0,0,64000,10,2382710867
3355,28371230,29728226,58099456,8,0,0,5120,3,7014927776
3356,28379680,30055891,58435571,6,0,0,62976,7,6320477780
3357,28382630,29636779,58019409,2,0,0,9728,11,4442524669
3358,28383330,29714543,58097873,7,0,0,28160,2,5568609389
3359,28407430,63523804,91931234,9,0,1,4608,16,6917889095
3360,28410390,29602067,58012457,8,0,0,10240,3,8797976781
3361,28414799,63672035,92086834,6,0,1,68608,7,2001428598
3362,28417609,30275095,58692704,5,0,0,38400,10,8253231960
3363,28423729,30225421,58649150,1,0,0,77824,17,4746493378
3364,28435650,30336591,58772241,0,0,0,30720,13,1109241813
3365,28443719,29753972,58197691,1,0,0,48640,17,8026077768
3366,28445220,29840211,58285431,8,0,0,6656,3,5908878960
3367,28460880,30125840,58586720,2,0,0,4608,11,105422778
3368,28482360,30033914,58516274,4,0,0,13312,6,9922569245
3369,28502179,29906211,58408390,1,0,0,2560,17,312706217
3370,28507850,30417772,58925622,7,0,0,71680,2,10108870897
3371,28509989,30324336,58834325,5,0,0,34304,10,770323224
3372,28515929,29996266,58512195,1,0,0,14848,17,5726762427
3373,28520660,30442088,58962748,8,0,0,68096,3,6481916448
3374,28521160,29794361,58315521,7,0,0,38912,2,9156708845
3375,28529099,29978549,58507648,5,0,0,34816,10,784281788
3376,28537139,29754000,58291139,1,0,0,8192,17,6007663034
3377,28537600,30396781,58934381,7,0,0,28672,2,7212699673
3378,28548031,63614889,92162920,3,0,1,12800,7,7768061580
3379,28556190,29845401,58401591,2,0,0,12288,11,10032820242
3380,28590370,29733644,58324014,8,0,0,10752,3,5091033849
3381,28591009,30286028,58877037,1,0,0,132608,17,7509889830
3382,28594589,29884360,58478949,5,0,0,63488,10,2260935112
3383,28610230,63552713,92162943,1,0,1,10240,17,9052211297
3384,28630140,63541897,92172037,4,0,1,11776,6,877686928
3385,28646291,63679381,92325672,8,0,1,30208,3,2667959600
3386,28665280,29623340,58288620,6,0,0,2048,7,6627834025
3387,28669670,29656940,58326610,7,0,0,3584,2,2975654828
3388,28670819,29864354,58535173,1,0,0,61952,17,4502196270
3389,28676510,29908783,58585293,4,0,0,26624,6,3253739495
3390,28681380,63860012,92541392,4,0,1,46080,6,1906780810
3391,28700510,30203226,58903736,6,0,0,87552,7,9967729976
3392,28737229,30367178,59104407,5,0,0,7168,10,2649720349
3393,28741170,29670219,58411389,7,0,0,3072,2,9378598670
3394,28757571,63786051,92543622,2,0,1,1024,11,5739043702
3395,28765370,30336830,59102200,3,0,0,78336,7,8839351252
3396,28769590,30385954,59155544,7,0,0,72704,2,7337831904
3397,28771600,29800991,58572591,4,0,0,6656,6,5986434094
3398,28799490,29955654,58755144,6,0,0,4096,7,7700842699
3399,28800130,30211319,59011449,8,0,0,22016,3,5150212660
3400,28818660,29991232,58809892,0,0,0,11264,13,3862993322
3401,28825610,29916931,58742541,2,0,0,18944,11,5424902402
3402,28836989,30137513,58974502,1,0,0,26112,17,439857314
3403,28854470,30212538,59067008,4,0,0,182272,6,9640194449
3404,28864231,63679414,92543645,8,0,1,2560,3,2818321718
3405,28866640,29758775,58625415,0,0,0,27648,13,9127838375
3406,28870200,30241094,59111294,4,0,0,22528,6,1574967807
3407,28871220,63707157,92578377,7,0,1,17408,2,7625976996
3408,28876040,30287305,59163345,6,0,0,4096,7,1970612534
3409,28880320,30566573,59446893,0,0,0,60416,13,2397019318
3410,28902370,63836681,92739051,4,0,1,9728,6,9068310603
3411,28912470,30412015,59324485,3,0,0,6144,7,3213113871
3412,28920060,30366729,59286789,0,0,0,115712,13,10092472235
3413,28920140,30021034,58941174,3,0,0,22016,7,8130296479
3414,28921550,63817524,92739074,9,0,1,10240,16,9146418507
3415,28931950,30372825,59304775,2,0,0,19968,11,823044859
3416,28936690,30196679,59133369,3,0,0,36864,7,2467318465
3417,28946570,64445273,93391843,0,0,1,257536,13,6556176006
3418,28947900,30526296,59474196,8,0,0,30208,3,298867929
3419,28961620,30110559,59072179,2,0,0,16896,11,4857445283
3420,28961920,30654446,59616366,8,0,0,105984,3,5459629439
3421,28976859,29965118,58941977,1,0,0,2560,17,10590366100
3422,28984690,30093619,59078309,0,0,0,18944,13,8632891006
3423,29025250,30425433,59450683,3,0,0,5120,7,2390669281
3424,29041420,30802308,59843728,4,0,0,88576,6,3964682503
3425,29046730,30355031,59401761,2,0,0,117760,11,10621910947
3426,29051010,30282702,59333712,2,0,0,30208,11,3991378002
3427,29072450,64421659,93494109,7,0,1,19456,2,3006182120
3428,29072620,30171732,59244352,4,0,0,31232,6,1998684554
3429,29075560,30542857,59618417,4,0,0,6656,6,6987766226
3430,29079590,64461038,93540628,0,0,1,68096,13,282690583
3431,29088330,64516028,93604358,1,0,1,2048,17,732325382
3432,29091540,30482890,59574430,4,0,0,30720,6,10702903230
3433,29094800,30227782,59322582,2,0,0,58368,11,10179833551
3434,29104429,29968085,59072514,5,0,0,1024,10,6238187604
3435,29113000,30398462,59511462,3,0,0,27136,7,5988914525
3436,29126160,64478864,93605024,4,0,1,1024,6,4441862267
3437,29130630,30559512,59690142,6,0,0,33792,7,6406166756
3438,29138240,30662291,59800531,0,0,0,77824,13,6321492214
3439,29141010,30844026,59985036,7,0,0,105984,2,9534749559
3440,29142391,64464579,93606970,8,0,1,3072,3,1942277011
3441,29142440,30769891,59912331,7,0,0,6656,2,1302146081
3442,29159431,64471012,93630443,8,0,1,11776,3,4892008840
3443,29180031,64450435,93630466,2,0,1,22528,11,8980557055
3444,29183910,30226766,59410676,2,0,0,29184,11,2555646379
3445,29195930,30566289,59762219,7,0,0,97280,2,8174818047
3446,29199080,30461960,59661040,2,0,0,13312,11,3022474299
3447,29202320,30933340,60135660,3,0,0,78848,7,9688474577
3448,29204320,30094348,59298668,4,0,0,38912,6,10204275254
3449,29212170,30371881,59584051,6,0,0,27648,7,5830308490
3450,29213540,30460963,59674503,7,0,0,9728,2,9371161383
3451,29219360,30450782,59670142,0,0,0,15360,13,4855247446
3452,29231620,30833701,60065321,0,0,0,56832,13,9838100315
3453,29255520,30521276,59776796,8,0,0,47616,3,1751574884
3454,29255789,64506097,93761886,6,0,1,28672,7,6377434991
3455,29260920,30633665,59894585,6,0,0,81920,7,8454255266
3456,29276480,30188489,59464969,2,0,0,26112,11,5028746111
3457,29282190,30986844,60269034,7,0,0,16384,2,5777780217
3458,29285270,30125897,59411167,4,0,0,1536,6,8756221157
3459,29293510,30155590,59449100,3,0,0,7168,7,5496124394
3460,29293680,30359023,59652703,0,0,0,91648,13,10429416990
3461,29298420,30749562,60047982,2,0,0,30720,11,10383502432
3462,29299520,64484306,93783826,4,0,1,11264,6,8137287934
3463,29304701,64509162,93813863,8,0,1,14336,3,6808591603
3464,29310900,30354539,59665439,4,0,0,14336,6,4640733646
3465,29311880,31107503,60419383,6,0,0,17408,7,10635559181
3466,29319630,30481088,59800718,0,0,0,512,13,6149839026
3467,29320531,64493355,93813886,3,0,1,1536,7,885646424
3468,29327000,65622301,94949301,0,0,1,383488,13,4658105
3469,29328100,30328838,59656938,4,0,0,13824,6,5962510290
3470,29328810,30931750,60260560,3,0,0,12800,7,1124598676
3471,29338140,65695143,95033283,4,0,1,34816,6,2465842906
3472,29344820,30689959,60034779,8,0,0,25600,3,9455190778
3473,29351871,65769789,95121660,3,0,1,37376,7,97175256
3474,29357969,31167692,60525661,1,0,0,72704,17,5868256731
3475,29358540,31628573,60987113,0,0,0,82944,13,34965307
3476,29376171,65745512,95121683,2,0,1,4096,11,6981207047
3477,29381350,31039148,60420498,9,0,0,3584,16,5741179292
3478,29383300,30943202,60326502,8,0,0,48640,3,5326340372
3479,29392380,65729326,95121706,4,0,1,8704,6,7159566306
3480,29392810,30423907,59816717,6,0,0,17920,7,3272709721
3481,29399619,66026267,95425886,6,0,1,38400,7,8090109009
3482,29411220,30770801,60182021,0,0,0,45056,13,259985156
3483,29417940,66023771,95441711,4,0,1,6144,6,5918111042
3484,29426640,30712068,60138708,0,0,0,8192,13,3610435075
3485,29431040,66010694,95441734,1,0,1,11264,17,7968232561
3486,29433419,30593514,60026933,5,0,0,14336,10,394103222
3487,29444880,30420947,59865827,4,0,0,14848,6,2419034315
3488,29466479,30673032,60139511,5,0,0,2560,10,7070352478
3489,29468940,30777588,60246528,4,0,0,34304,6,8175136035
3490,29501280,30840726,60342006,2,0,0,13824,11,1766376751
3491,29521490,30687826,60209316,0,0,0,1024,13,8871950443
3492,29529730,65912027,95441757,5,0,1,6144,10,2388900036
3493,29530470,30492072,60022542,3,0,0,108544,7,1371999760
3494,29552719,30745391,60298110,5,0,0,29184,10,2586802474
3495,29568041,65941707,95509748,2,0,1,2560,11,5009851008
3496,29574240,31019995,60594235,8,0,0,56832,3,7982315530
3497,29576131,66165002,95741133,8,0,1,29696,3,9492980374
3498,29585980,30662911,60248891,7,0,0,7680,2,8576768074
3499,29595180,66462137,96057317,4,0,1,47616,6,2961249861
3500,29600179,30863513,60463692,1,0,0,79360,17,3255652833
3501,29604949,31081397,60686346,5,0,0,15872,10,7954402862
3502,29606939,31858080,61465019,1,0,0,38400,17,3631319127
3503,29612440,31624884,61237324,4,0,0,15360,6,4302131612
3504,29622561,66434779,96057340,2,0,1,512,11,16214794
3505,29628950,30774202,60403152,3,0,0,41984,7,10236879832
3506,29634499,31973780,61608279,5,0,0,52736,10,8064555812
3507,29643399,30618063,60261462,5,0,0,1536,10,4619892767
3508,29656310,66416944,96073254,7,0,1,27136,2,7732273362
3509,29677920,31169497,60847417,4,0,0,82944,6,7852474135
3510,29687700,32019357,61707057,3,0,0,48128,7,5270433067
3511,29696460,30467616,60164076,7,0,0,46080,2,7214678292
3512,29698620,31299817,60998437,6,0,0,27648,7,4609837443
3513,29704440,30734497,60438937,0,0,0,23552,13,1875971169
3514,29709621,66446531,96156152,8,0,1,18432,3,7743567682
3515,29715950,30965537,60681487,3,0,0,48640,7,3651410128
3516,29732910,31174452,60907362,3,0,0,77312,7,10461862163
3517,29756080,30959139,60715219,4,0,0,68608,6,6036560777
3518,29760470,31092944,60853414,4,0,0,5632,6,8950684920
3519,29766480,32082651,61849131,2,0,0,39424,11,2610353248
3520,29776400,31011465,60787865,3,0,0,12288,7,2577064098
3521,29781710,30547155,60328865,3,0,0,7680,7,4994496596
3522,29783880,31067772,60851652,0,0,0,13824,13,9347427445
3523,29792180,30937327,60729507,8,0,0,8704,3,7929107349
3524,29811069,32197673,62008742,1,0,0,65024,17,7643955753
3525,29812140,30561997,60374137,3,0,0,6144,7,4212222972
3526,29836850,30633596,60470446,8,0,0,22016,3,5419230851
3527,29843340,30569608,60412948,3,0,0,1536,7,4984733850
3528,29844199,30682733,60526932,1,0,0,4096,17,6205644384
3529,29847620,30902213,60749833,6,0,0,16896,7,1691359544
3530,29867660,66288515,96156175,7,0,1,2560,2,1467068300
3531,29876150,66341292,96217442,0,0,1,44544,13,1975980040
3532,29878969,30425867,60304836,1,0,0,6656,17,9236522478
3533,29879020,30610270,60489290,3,0,0,1024,7,3505111232
3534,29882970,66340648,96223618,4,0,1,9216,6,6541050985
3535,29884060,31105907,60989967,4,0,0,9216,6,3012519205
3536,29884900,31076918,60961818,7,0,0,94720,2,5638212312
3537,29891840,30490704,60382544,4,0,0,9728,6,5112139219
3538,29908461,66394820,96303281,8,0,1,15872,3,5772566506
3539,29908609,32469295,62377904,5,0,0,154112,10,7034106485
3540,29909680,30958848,60868528,0,0,0,28160,13,9270375887
3541,29914460,30905876,60820336,7,0,0,106496,2,4207994937
3542,29914540,31107682,61022222,8,0,0,35328,3,896062749
3543,29920990,30805796,60726786,3,0,0,37888,7,3166380939
3544,29921790,31292244,61214034,2,0,0,52736,11,1274489137
3545,29926890,66376414,96303304,5,0,1,4608,10,9289050880
3546,29936289,30923567,60859856,5,0,0,9216,10,7073259440
3547,29939930,32497791,62437721,0,0,0,47616,13,3417835664
3548,29941510,31802752,61744262,3,0,0,62976,7,2560153589
3549,29950641,66354931,96305572,8,0,1,7680,3,787550931
3550,29955500,32651352,62606852,0,0,0,91648,13,5413916902
3551,30000020,31533682,61533702,8,0,0,12288,3,9741712293
3552,30000760,30856265,60857025,9,0,0,11776,16,9104264142
3553,30002150,66328270,96330420,5,0,1,38400,10,7826314865
3554,30008239,30911025,60919264,5,0,0,34816,10,9377990337
3555,30044529,66298023,96342552,6,0,1,7680,7,4916375590
3556,30050761,66299996,96350757,3,0,1,15360,7,8029249582
3557,30070149,31383093,61453242,5,0,0,142336,10,8278531379
3558,30071120,31319676,61390796,6,0,0,45568,7,8077712400
3559,30080700,66952284,97032984,0,0,1,281088,13,610982792
3560,30093039,31958086,62051125,5,0,0,1536,10,3319370818
3561,30102870,30805763,60908633,6,0,0,4096,7,2557444956
3562,30112480,30944372,61056852,2,0,0,16896,11,10074779545
3563,30121799,66911208,97033007,6,0,1,29184,7,5386682055
3564,30122700,31071475,61194175,3,0,0,34304,7,1124774257
3565,30124719,32760342,62885061,1,0,0,43520,17,8070044560
3566,30124940,66909702,97034642,7,0,1,6144,2,3117970267
3567,30133980,67529118,97663098,7,0,1,312320,2,5574330850
3568,30134090,31164815,61298905,7,0,0,54272,2,3476613749
3569,30142800,67520329,97663129,4,0,1,5120,6,888529173
3570,30146270,67516882,97663152,1,0,1,14336,17,7633781200
3571,30148419,31228462,61376881,1,0,0,60416,17,5253903231
3572,30155789,31254062,61409851,5,0,0,62464,10,7464041747
3573,30156870,31793821,61950691,8,0,0,11264,3,9512074665
3574,30166080,32880278,63046358,3,0,0,37376,7,6271425142
3575,30171970,31312982,61484952,4,0,0,39936,6,10615449230
3576,30184010,67548194,97732204,5,0,1,4096,10,8509843420
3577,30192110,31066117,61258227,7,0,0,12800,2,1698936062
3578,30206839,31311543,61518382,1,0,0,67072,17,7067054970
3579,30222050,31136377,61358427,2,0,0,46592,11,7975570808
3580,30235091,67499811,97734902,8,0,1,13824,3,8127387858
3581,30243520,31010784,61254304,8,0,0,15360,3,7104718561
3582,30246710,31251213,61497923,7,0,0,42496,2,462416874
3583,30258820,31392062,61650882,6,0,0,74240,7,8294797690
3584,30259350,30973271,61232621,3,0,0,60928,7,3340073762
3585,30266450,31066685,61333135,8,0,0,9216,3,2163264618
3586,30284840,31890776,62175616,2,0,0,8704,11,5367891871
3587,30313390,31746724,62060114,4,0,0,5120,6,3560598187
3588,30314760,31834267,62149027,3,0,0,40960,7,1600630663
3589,30322151,67415137,97737288,2,0,1,18432,11,1055558277
3590,30325650,32096737,62422387,7,0,0,145920,2,8280893783
3591,30326740,32927542,63254282,6,0,0,35328,7,4401392979
3592,30328630,31933384,62262014,8,0,0,70656,3,5944047973
3593,30342690,67414303,97756993,1,0,1,17408,17,3185208406
3594,30357490,31216200,61573690,3,0,0,3584,7,9230134924
3595,30362700,67406532,97769232,5,0,1,6656,10,2374281287
3596,30365130,68497857,98862987,0,0,1,336384,13,9903040331
3597,30368810,31520580,61889390,3,0,0,8192,7,193292407
3598,30382941,68522570,98905511,3,0,1,4096,7,3388477468
3599,30389559,68515975,98905534,6,0,1,5120,7,10262426071
3600,30403659,31168916,61572575,1,0,0,16896,17,4025484788
3601,30405620,31319400,61725020,7,0,0,58880,2,5834817687
3602,30422910,31713614,62136524,2,0,0,54784,11,2121372040
3603,30426580,31363239,61789819,2,0,0,51712,11,6578450286
3604,30426890,31510720,61937610,2,0,0,12288,11,744954950
3605,30432129,31439801,61871930,5,0,0,74752,10,5465195489
3606,30443309,31583949,62027258,5,0,0,50176,10,5962701354
3607,30447510,31733413,62180923,4,0,0,4608,6,3238318300
3608,30454549,33232965,63687514,5,0,0,93184,10,5272993095
3609,30471069,31324808,61795877,5,0,0,2560,10,3939971821
3610,30500850,31432970,61933820,0,0,0,47104,13,3062217271
3611,30502230,31812292,62314522,0,0,0,124416,13,10671585587
3612,30505670,68408178,98913848,9,0,1,57344,16,7620135261
3613,30513220,32137636,62650856,0,0,0,32768,13,10016860323
3614,30523500,31649441,62172941,0,0,0,78336,13,4961156788
3615,30528750,32308928,62837678,3,0,0,231424,7,14654396
3616,30529619,68384252,98913871,6,0,1,11776,7,5398381003
3617,30532366,32150097,62682463,0,0,0,11776,13,325349321
3618,30536429,31740139,62276568,1,0,0,40448,17,9773516094
3619,30544209,31903675,62447884,1,0,0,33280,17,7753796738
3620,30564180,32389230,62953410,2,0,0,20480,11,1831444384
3621,30579760,31211642,61791402,6,0,0,5120,7,5151038603
3622,30581710,31474023,62055733,2,0,0,1536,11,4010540625
3623,30581860,31736772,62318632,8,0,0,1536,3,3103147598
3624,30612599,31937235,62549834,1,0,0,50176,17,6113994815
3625,30612871,68301023,98913894,3,0,1,5120,7,7262822808
3626,30654919,31768271,62423190,5,0,0,2560,10,5332438918
3627,30670550,31242166,61912716,7,0,0,5632,2,5378801640
3628,30677139,68243829,98920968,6,0,1,9216,7,3743938480
3629,30693681,68227310,98920991,3,0,1,2048,7,3771901016
3630,30701140,68351270,99052410,9,0,1,43520,16,6123303578
3631,30728500,32157208,62885708,4,0,0,2048,6,5326078887
3632,30732700,31731454,62464154,2,0,0,51200,11,325384237
3633,30734140,68455933,99190073,1,0,1,79872,17,1058593214
3634,30740730,68520657,99261387,1,0,1,2560,17,4634427048
3635,30740919,32100682,62841601,5,0,0,12800,10,3760009846
3636,30741740,32021436,62763176,0,0,0,73728,13,7818050655
3637,30742530,31706001,62448531,3,0,0,2048,7,2528542646
3638,30746900,32106580,62853480,2,0,0,38912,11,3181082668
3639,30756700,32190439,62947139,4,0,0,57344,6,1122926297
3640,30764410,32134269,62898679,8,0,0,42496,3,5371029691
3641,30771090,31493131,62264221,9,0,0,7168,16,1872858106
3642,30773710,31800221,62573931,9,0,0,38912,16,4081061500
3643,30775400,31542741,62318141,0,0,0,11776,13,6450419515
3644,30795900,31825483,62621383,4,0,0,47616,6,9565096598
3645,30798620,32131016,62929636,7,0,0,65024,2,6499572485
3646,30801790,31681596,62483386,4,0,0,17408,6,471104995
3647,30810289,31886915,62697204,1,0,0,41984,17,3721069927
3648,30813790,31365706,62179496,7,0,0,9216,2,5038407785
3649,30815140,31907108,62722248,6,0,0,43520,7,4239468313
3650,30818420,32271281,63089701,2,0,0,92160,11,3644769654
3651,30819501,68441909,99261410,2,0,1,9728,11,1500723978
3652,30827620,32188686,63016306,7,0,0,136192,2,10466670069
3653,30844020,69647131,100491151,0,0,1,651776,13,2891210954
3654,30846390,32310752,63157142,6,0,0,47616,7,660341168
3655,30864939,32044862,62909801,5,0,0,13824,10,7714533434
3656,30870500,32101231,62971731,7,0,0,11264,2,8212870147
3657,30872440,32409009,63281449,7,0,0,89088,2,2489899421
3658,30880470,31985825,62866295,4,0,0,41984,6,3471441661
3659,30886640,32225111,63111751,3,0,0,30720,7,3193692868
3660,30894229,31759825,62654054,5,0,0,1536,10,7762242104
3661,30897879,32067878,62965757,1,0,0,40448,17,5576902331
3662,30898109,32151088,63049197,5,0,0,9216,10,9165918714
3663,30919360,69583653,100503013,1,0,1,512,17,4459629819
3664,30924430,32944086,63868516,7,0,0,131584,2,10520041468
3665,30938349,32178885,63117234,5,0,0,17920,10,10567332933
3666,30946940,32296555,63243495,9,0,0,77824,16,4779020514
3667,30953989,31917789,62871778,5,0,0,17920,10,9238197954
3668,30961050,32062299,63023349,4,0,0,23040,6,373213455
3669,30962620,32089720,63052340,6,0,0,10240,7,6404269914
3670,30971460,31934106,62905566,7,0,0,22528,2,5798808072
3671,30972110,32062837,63034947,0,0,0,1024,13,8219232485
3672,30973230,32082885,63056115,7,0,0,12288,2,2858493128
3673,30983100,69528849,100511949,1,0,1,18944,17,768202929
3674,30987300,32115060,63102360,0,0,0,41472,13,3375041472
3675,30987810,31986931,62974741,8,0,0,4096,3,5353398127
3676,30995970,32397638,63393608,0,0,0,8704,13,3873032351
3677,31009570,32025042,63034612,4,0,0,36864,6,7427106580
3678,31021270,31947006,62968276,9,0,0,8192,16,3993856739
3679,31032530,32162874,63195404,8,0,0,10752,3,3267646099
3680,31041040,32020558,63061598,0,0,0,17920,13,3636198998
3681,31048530,32402844,63451374,7,0,0,50176,2,6139212000
3682,31059721,69452535,100512256,2,0,1,5632,11,7225975201
3683,31064980,69750043,100815023,9,0,1,88576,16,6359069296
3684,31078769,32895328,63974097,5,0,0,172544,10,9987238783
3685,31079640,69860954,100940594,1,0,1,2560,17,10018568754
3686,31088309,69853271,100941580,6,0,1,1536,7,10554114564
3687,31094590,32511243,63605833,4,0,0,25088,6,5769780218
3688,31100900,32962799,64063699,8,0,0,70144,3,3857616988
3689,31101830,32058143,63159973,0,0,0,9216,13,3326870421
3690,31101900,32496266,63598166,9,0,0,36352,16,8411611478
3691,31107420,32253517,63360937,2,0,0,46080,11,5610981212
3692,31110660,69857885,100968545,8,0,1,36352,3,5917937974
3693,31112489,32170075,63282564,1,0,0,3584,17,7680218050
3694,31121650,32261148,63382798,8,0,0,48128,3,7016515469
3695,31130880,32573349,63704229,9,0,0,54784,16,1478005010
3696,31131780,31841690,62973470,4,0,0,5632,6,9868149807
3697,31143610,69879208,101022818,5,0,1,35840,10,1233970166
3698,31145060,32427320,63572380,7,0,0,114688,2,3775239373
3699,31158960,31960013,63118973,0,0,0,5632,13,5656550600
3700,31178810,32712692,63891502,3,0,0,33792,7,8937685357
3701,31188679,32398388,63587067,1,0,0,48128,17,1633651708
3702,31192140,32329877,63522017,9,0,0,29184,16,9853425350
3703,31193250,69889465,101082715,5,0,1,56832,10,4943712239
3704,31206560,32826136,64032696,0,0,0,77312,13,9006891224
3705,31209140,32511359,63720499,9,0,0,29184,16,9118197481
3706,31213569,33030055,64243624,5,0,0,64512,10,3519635538
3707,31233410,32547101,63780511,6,0,0,36352,7,2299757771
3708,31239770,32909064,64148834,9,0,0,23040,16,2997453020
3709,31242361,69923772,101166133,3,0,1,1024,7,8390668778
3710,31246860,32661715,63908575,9,0,0,26112,16,1865132272
3711,31280850,32546870,63827720,3,0,0,32256,7,4419569345
3712,31297320,69868836,101166156,5,0,1,9216,10,6646838423
3713,31299459,32842332,64141791,5,0,0,158208,10,9944359143
3714,31301520,32410064,63711584,3,0,0,24064,7,4001270695
3715,31321851,69844328,101166179,2,0,1,2560,11,570774589
3716,31326650,32413145,63739795,2,0,0,33792,11,2168553208
3717,31337060,33094268,64431328,0,0,0,17920,13,3509732452
3718,31337150,69829052,101166202,0,0,1,57856,13,4918416325
3719,31349900,32743664,64093564,9,0,0,78336,16,254074467
3720,31350630,32946124,64296754,2,0,0,20992,11,7579120281
3721,31352460,32008968,63361428,9,0,0,1536,16,1702562601
3722,31355519,32371087,63726606,1,0,0,19968,17,3272606264
3723,31357869,33315173,64673042,1,0,0,196608,17,8993935809
3724,31387600,33225515,64613115,8,0,0,55808,3,4168922454
3725,31403679,32578155,63981834,5,0,0,25088,10,8418147898
3726,31433910,31912964,63346874,7,0,0,7680,2,3392368556
3727,31450540,32795759,64246299,7,0,0,8704,2,6679075522
3728,31452140,32078132,63530272,6,0,0,5120,7,10721703959
3729,31455420,33429644,64885064,2,0,0,50688,11,1190638410
3730,31458620,32738482,64197102,6,0,0,38912,7,2323433955
3731,31467610,32432963,63900573,2,0,0,29696,11,6280721788
3732,31473269,32742834,64216103,1,0,0,8192,17,9550133877
3733,31475189,32594484,64069673,1,0,0,19456,17,6112296940
3734,31483890,32987485,64471375,6,0,0,39936,7,8718093229
3735,31492401,69858789,101351190,3,0,1,15360,7,3096388080
3736,31502689,33729848,65232537,1,0,0,23552,17,7993543518
3737,31504279,32844187,64348466,5,0,0,58880,10,4809760813
3738,31504500,32536643,64041143,7,0,0,27648,2,6623813557
3739,31510159,33046938,64557097,1,0,0,2560,17,8414323613
3740,31513910,32642926,64156836,8,0,0,26112,3,6872069529
3741,31530949,32726137,64257086,5,0,0,35328,10,5158345719
3742,31533240,32347943,63881183,8,0,0,30720,3,1892343818
3743,31537800,32975197,64512997,6,0,0,120832,7,1350426579
3744,31538950,69812263,101351213,5,0,1,4608,10,5685696462
3745,31539950,32829719,64369669,3,0,0,9728,7,1625527719
3746,31541850,69809386,101351236,4,0,1,11776,6,6307820859
3747,31552040,32921097,64473137,2,0,0,5632,11,4999401586
3748,31562960,69788299,101351259,1,0,1,41472,17,2370315598
3749,31571779,32647313,64219092,1,0,0,4096,17,9709621500
3750,31575350,32638178,64213528,0,0,0,45568,13,1121406394
3751,31580220,32462038,64042258,8,0,0,3584,3,5457047525
3752,31588130,33371117,64959247,7,0,0,64512,2,2866246518
3753,31589030,69762252,101351282,9,0,1,21504,16,3564703527
3754,31597320,32941174,64538494,2,0,0,31232,11,5153961881
3755,31598899,32669468,64268367,5,0,0,21504,10,10606188585
3756,31608770,32552792,64161562,7,0,0,15360,2,1033182021
3757,31617139,33252458,64869597,1,0,0,23552,17,1282903658
3758,31625400,70612715,102238115,7,0,1,680960,2,9655685693
3759,31631390,71457021,103088411,7,0,1,696320,2,10041474667
3760,31660629,33082750,64743379,5,0,0,118784,10,5755056946
3761,31673380,33012976,64686356,9,0,0,12288,16,9405616040
3762,31697049,32660736,64357785,1,0,0,8192,17,8035937839
3763,31715541,71372893,103088434,3,0,1,6656,7,7337018634
3764,31719640,33117189,64836829,3,0,0,26112,7,9629844893
3765,31728470,32800462,64528932,9,0,0,52224,16,8050116061
3766,31730129,33209439,64939568,5,0,0,32256,10,6294729008
3767,31735180,71353285,103088465,9,0,1,3072,16,7835577328
3768,31744730,32609843,64354573,7,0,0,19968,2,6791378842
3769,31749870,32449751,64199621,9,0,0,8192,16,5013880631
3770,31755070,32600196,64355266,7,0,0,2048,2,2825187847
3771,31757080,32989598,64746678,7,0,0,10752,2,9079980986
3772,31766890,32514820,64281710,8,0,0,6144,3,5076185683
3773,31781400,71343810,103125210,8,0,1,28672,3,8901928171
3774,31783620,32992875,64776495,4,0,0,14848,6,7288168960
3775,31783909,71350378,103134287,6,0,1,16384,7,3388803975
3776,31793540,71355308,103148848,1,0,1,13312,17,10646044665
3777,31805530,72159090,103964620,0,0,1,389120,13,800409980
3778,31812321,72159460,103971781,8,0,1,1024,3,9696145725
3779,31813620,33176124,64989744,7,0,0,27136,2,6369553532
3780,31818651,72230282,104048933,2,0,1,26624,11,6538550938
3781,31826210,33536416,65362626,4,0,0,32256,6,4454574096
3782,31841819,33719506,65561325,1,0,0,157696,17,5786148212
3783,31842969,33223229,65066198,1,0,0,38400,17,6181326203
3784,31847400,32698321,64545721,3,0,0,512,7,3062859702
3785,31849810,33169950,65019760,7,0,0,67072,2,8231932664
3786,31850859,33308998,65159857,5,0,0,45568,10,8544708952
3787,31855440,33276009,65131449,0,0,0,27648,13,2090992928
3788,31861170,33242038,65103208,7,0,0,7168,2,208889368
3789,31861739,72208667,104070406,6,0,1,11264,7,10081976854
3790,31877320,34245250,66122570,9,0,0,179200,16,4073453490
3791,31885720,33539075,65424795,9,0,0,103936,16,3716304968
3792,31895140,32787449,64682589,7,0,0,31232,2,4064200501
3793,31903050,33071976,64975026,3,0,0,51712,7,8719172663
3794,31907430,33074015,64981445,6,0,0,20992,7,2978633961
3795,31909460,72165302,104074762,4,0,1,26624,6,3263953827
3796,31911189,34422565,66333754,5,0,0,2048,10,5308601460
3797,31924580,34315118,66239698,0,0,0,54272,13,8780841521
3798,31925160,34089609,66014769,2,0,0,670720,11,9101073968
3799,31925300,33751395,65676695,0,0,0,10752,13,9208724334
3800,31929301,72166688,104095989,3,0,1,6656,7,6145733214
3801,31931510,34466340,66397850,0,0,0,36864,13,830061107
3802,31935530,33085501,65021031,2,0,0,4096,11,7009401580
3803,31938349,33758672,65697021,5,0,0,66560,10,5003988786
3804,31941500,33226815,65168315,2,0,0,18432,11,9798460722
3805,31963150,33159852,65123002,2,0,0,31744,11,705926367
3806,31967709,34498841,66466550,1,0,0,73216,17,842495570
3807,31969490,34098457,66067947,6,0,0,9216,7,7959575703
3808,31976430,33290428,65266858,7,0,0,50176,2,3979842761
3809,31994550,33310371,65304921,2,0,0,1536,11,3983522579
3810,32002680,33424010,65426690,9,0,0,6144,16,2706962853
3811,32012340,33361953,65374293,4,0,0,22528,6,5122778601
3812,32023880,33153062,65176942,2,0,0,1024,11,2558060072
3813,32028600,33562278,65590878,6,0,0,28672,7,9951980978
3814,32036600,32825798,64862398,2,0,0,25600,11,5250738914
3815,32050000,34304344,66354344,9,0,0,12800,16,8337014323
3816,32063760,72359042,104422802,0,0,1,243200,13,9524015731
3817,32071849,34220956,66292805,5,0,0,62464,10,1645903334
3818,32097750,33384273,65482023,0,0,0,27136,13,6364731616
3819,32103149,33935580,66038729,1,0,0,9216,17,8209960391
3820,32113080,33337860,65450940,3,0,0,43520,7,8368552172
3821,32128860,33436232,65565092,0,0,0,12288,13,6919939036
3822,32131129,33891642,66022771,1,0,0,13312,17,2682652774
3823,32146540,33435579,65582119,4,0,0,55808,6,8059424825
3824,32161330,32741698,64903028,4,0,0,3072,6,9941097823
3825,32169210,33987570,66156780,2,0,0,18944,11,4249252053
3826,32195580,72231636,104427216,1,0,1,13824,17,6222886931
3827,32204660,33974653,66179313,0,0,0,29184,13,5490292081
3828,32224790,33811108,66035898,4,0,0,43008,6,7368643063
3829,32235711,72191528,104427239,3,0,1,12800,7,235809350
3830,32245500,34024889,66270389,8,0,0,44544,3,4254603611
3831,32247410,33458892,65706302,2,0,0,22016,11,5341617002
3832,32250829,33524515,65775344,1,0,0,32256,17,4315557539
3833,32253989,33945837,66199826,5,0,0,56832,10,7173145580
3834,32254730,33961655,66216385,3,0,0,54272,7,940687781
3835,32255800,33809316,66065116,7,0,0,86528,2,9387863262
3836,32258180,33415216,65673396,6,0,0,70656,7,5899034051
3837,32281390,34060031,66341421,6,0,0,25088,7,9330611097
3838,32300700,33850285,66150985,0,0,0,93184,13,9900182633
3839,32302519,33867879,66170398,5,0,0,2560,10,10110471578
3840,32310750,72433028,104743778,0,0,1,286208,13,6184657161
3841,32321810,34265274,66587084,0,0,0,110592,13,9808570938
3842,32334249,33973867,66308116,5,0,0,50176,10,8137185469
3843,32340710,72403091,104743801,1,0,1,3584,17,7288103030
3844,32351870,34353622,66705492,0,0,0,25600,13,5497164912
3845,32354290,33345281,65699571,8,0,0,8192,3,9035960807
3846,32356101,72425342,104781443,3,0,1,32768,7,8431436925
3847,32358240,33439206,65797446,4,0,0,17920,6,8209650995
3848,32373619,33878582,66252201,1,0,0,40960,17,1562786900
3849,32374680,33807807,66182487,2,0,0,6144,11,149267854
3850,32375650,72429597,104805247,9,0,1,66048,16,2064345725
3851,32378880,33346880,65725760,4,0,0,5632,6,6515917494
3852,32390980,33627712,66018692,2,0,0,12800,11,6166512375
3853,32399240,72416661,104815901,5,0,1,6144,10,3150715840
3854,32400131,72415793,104815924,3,0,1,1024,7,6037644600
3855,32401670,33767925,66169595,6,0,0,41984,7,9372112826
3856,32405140,33775444,66180584,7,0,0,4096,2,8334254394
3857,32414400,33962899,66377299,8,0,0,75264,3,3283045736
3858,32422670,34020254,66442924,2,0,0,91136,11,10014789548
3859,32427039,33796100,66223139,1,0,0,14336,17,1055241574
3860,32429310,33903789,66333099,3,0,0,81920,7,5274845654
3861,32433280,33301760,65735040,9,0,0,15872,16,6565800534
3862,32434890,34076461,66511351,0,0,0,80896,13,1414434454
3863,32437960,33818811,66256771,3,0,0,13824,7,365116421
3864,32441110,34003093,66444203,9,0,0,4096,16,9137089688
3865,32457230,33929296,66386526,8,0,0,30208,3,7960909004
3866,32459340,33759408,66218748,4,0,0,7680,6,5227473722
3867,32465449,34348651,66814100,5,0,0,61952,10,7255090427
3868,32472779,34224890,66697669,5,0,0,13312,10,6560710937
3869,32478330,34211649,66689979,2,0,0,169984,11,4041259584
3870,32479140,33934645,66413785,9,0,0,52224,16,3613465687
3871,32487670,34224428,66712098,9,0,0,14848,16,10441450457
3872,32505590,72312096,104817686,4,0,1,3584,6,4648428775
3873,32521380,33731156,66252536,3,0,0,1024,7,2944906916
3874,32527350,34355864,66883214,8,0,0,60416,3,5645375096
3875,32528450,34392791,66921241,8,0,0,76800,3,1366422190
3876,32543911,72275241,104819152,2,0,1,65024,11,6004489975
3877,32547740,34435398,66983138,8,0,0,71168,3,7975556465
3878,32548960,72270215,104819175,7,0,1,10752,2,10115400019
3879,32558770,33714980,66273750,3,0,0,10752,7,6008173409
3880,32572260,72246946,104819206,7,0,1,58368,2,4339827217
3881,32620990,72214303,104835293,1,0,1,34304,17,7661434106
3882,32621390,33728977,66350367,8,0,0,29184,3,279537443
3883,32625510,72231402,104856912,9,0,1,31744,16,4003873780
3884,32627910,34396481,67024391,7,0,0,78336,2,7840945021
3885,32634230,34648872,67283102,9,0,0,85504,16,6399919483
3886,32637120,34223896,66861016,9,0,0,67072,16,8212478984
3887,32654659,33760428,66415087,5,0,0,4096,10,2082019591
3888,32665339,34535224,67200563,5,0,0,65536,10,1182266103
3889,32667170,34333330,67000500,8,0,0,10240,3,10343658967
3890,32678970,33841140,66520110,4,0,0,28672,6,9601752844
3891,32707860,34936701,67644561,0,0,0,158208,13,2669092496
3892,32709840,34658210,67368050,2,0,0,17408,11,5483597020
3893,32714110,35022881,67736991,0,0,0,11776,13,7418583377
3894,32733090,72161353,104894443,1,0,1,9216,17,10652976013
3895,32750321,72144145,104894466,3,0,1,28160,7,6868051639
3896,32751400,33942190,66693590,9,0,0,11776,16,7903358773
3897,32757100,34063575,66820675,8,0,0,21504,3,811771802
3898,32770400,33697444,66467844,0,0,0,4096,13,2139314281
3899,32788570,34461375,67249945,7,0,0,29184,2,6467681222
3900,32796300,33964064,66760364,3,0,0,1536,7,7531194469
3901,32797680,35157152,67954832,8,0,0,16896,3,2409555943
3902,32803190,34620579,67423769,4,0,0,61952,6,2026958960
3903,32807129,72087360,104894489,6,0,1,11776,7,1334613118
3904,32809310,34080190,66889500,2,0,0,6144,11,8092048015
3905,32828300,34340183,67168483,3,0,0,90624,7,185947311
3906,32835160,34613334,67448494,4,0,0,32256,6,3446693228
3907,32848731,72057613,104906344,8,0,1,33280,3,2406490339
3908,32848970,34834949,67683919,2,0,0,129024,11,10439523633
3909,32852780,72085303,104938083,9,0,1,44544,16,3746624895
3910,32867069,34020536,66887605,5,0,0,14336,10,3741470790
3911,32876090,35255700,68131790,9,0,0,11776,16,5389356238
3912,32889450,34933889,67823339,7,0,0,59904,2,6589396353
3913,32892980,33814563,66707543,6,0,0,6656,7,5034865420
3914,32895090,34102267,66997357,7,0,0,46592,2,8607594555
3915,32898730,34057935,66956665,9,0,0,31744,16,2163112130
3916,32900590,34024441,66925031,4,0,0,12288,6,2694431280
3917,32923281,72018182,104941463,2,0,1,13824,11,1087457974
3918,32953210,34733696,67686906,6,0,0,9728,7,7290663830
3919,32966160,34472483,67438643,2,0,0,48640,11,5539320523
3920,32979870,71981884,104961754,5,0,1,20480,10,3027073330
3921,32980240,34251074,67231314,3,0,0,54272,7,10142925396
3922,32985110,34093663,67078773,3,0,0,56320,7,9373903672
3923,33005070,35119319,68124389,4,0,0,74240,6,10627939708
3924,33006980,71956400,104963380,9,0,1,2560,16,1697735662
3925,33046030,34134534,67180564,9,0,0,13312,16,5771044869
3926,33052279,35216626,68268905,5,0,0,87552,10,9857973454
3927,33058820,34117642,67176462,6,0,0,26112,7,5326884161
3928,33066360,71903246,104969606,5,0,1,6656,10,579911276
3929,33067770,33889386,66957156,7,0,0,1536,2,9713092131
3930,33081530,34273526,67355056,9,0,0,173568,16,7465326205
3931,33108180,34763550,67871730,9,0,0,158720,16,6681112352
3932,33109430,71879289,104988719,1,0,1,28160,17,3968592630
3933,33126820,71866405,104993225,1,0,1,7168,17,9227016839
3934,33133690,35388958,68522648,0,0,0,27648,13,7118630227
3935,33145090,33719693,66864783,9,0,0,12288,16,3014181605
3936,33149490,71844453,104993943,0,0,1,19456,13,6588886858
3937,33151710,33898993,67050703,8,0,0,31744,3,47862220
3938,33152480,35209977,68362457,3,0,0,107008,7,5883707409
3939,33173021,71821588,104994609,2,0,1,1024,11,5908673062
3940,33174510,34343168,67517678,6,0,0,19456,7,6591976057
3941,33178270,72335336,105513606,5,0,1,59904,10,4335039392
3942,33192771,72383330,105576101,2,0,1,33792,11,6859008609
3943,33193680,34981823,68175503,6,0,0,44032,7,5958760518
3944,33219170,72557871,105777041,7,0,1,63488,2,5697762883
3945,33229250,72550776,105780026,9,0,1,27648,16,5091332901
3946,33245799,34011129,67256928,5,0,0,6144,10,9802032971
3947,33253630,34119903,67373533,0,0,0,17920,13,5525905856
3948,33259650,34441007,67700657,3,0,0,45056,7,4582848297
3949,33272670,35404905,68677575,9,0,0,291840,16,8770373871
3950,33278991,72699492,105978483,3,0,1,15360,7,4707937133
3951,33282960,34433472,67716432,3,0,0,32768,7,8749479834
3952,33301460,35271321,68572781,7,0,0,84480,2,2130473373
3953,33304049,35119437,68423486,1,0,0,45568,17,10200765854
3954,33322040,34207205,67529245,8,0,0,37888,3,2691140832
3955,33331100,34031623,67362723,8,0,0,25088,3,4691961389
3956,33335220,35350022,68685242,4,0,0,25088,6,6497537006
3957,33355330,35113343,68468673,8,0,0,1024,3,7932316594
3958,33383280,34098808,67482088,6,0,0,28672,7,2043374266
3959,33385410,35383545,68768955,8,0,0,113664,3,2320084979
3960,33387460,34508941,67896401,9,0,0,80896,16,8728730460
3961,33389060,35587934,68976994,4,0,0,23040,6,1091793624
3962,33390190,34314546,67704736,7,0,0,13312,2,3699094464
3963,33390460,34014410,67404870,3,0,0,36864,7,6841385726
3964,33411750,35313791,68725541,0,0,0,9728,13,297109752
3965,33417230,34644273,68061503,0,0,0,12800,13,2417602136
3966,33449910,34837114,68287024,7,0,0,59392,2,4694444855
3967,33462340,72523521,105985861,1,0,1,15872,17,8443516126
3968,33462400,34595180,68057580,2,0,0,51200,11,829020217
3969,33479890,35254410,68734300,6,0,0,28672,7,1341728906
3970,33481720,34237075,67718795,3,0,0,7680,7,4361355858
3971,33482500,72503384,105985884,1,0,1,1024,17,7546728277
3972,33499239,35024368,68523607,5,0,0,3072,10,9136971914
3973,33499250,35589880,69089130,6,0,0,16896,7,6640762806
3974,33512520,35354152,68866672,8,0,0,55296,3,485704934
3975,33521461,72464446,105985907,8,0,1,2048,3,6225078439
3976,33529160,34667293,68196453,8,0,0,17920,3,6471198365
3977,33530110,34274954,67805064,8,0,0,61440,3,7080661502
3978,33530320,34014542,67544862,9,0,0,7168,16,1808573959
3979,33540010,34689919,68229929,6,0,0,30208,7,5886838235
3980,33546550,34370897,67917447,7,0,0,9728,2,4745202750
3981,33547700,35571884,69119584,8,0,0,91648,3,5215837269
3982,33548829,35039803,68588632,5,0,0,41984,10,3964324431
3983,33562580,34341488,67904068,0,0,0,25088,13,5554727436
3984,33565960,34897696,68463656,6,0,0,10240,7,6706737201
3985,33580570,35129302,68709872,2,0,0,25088,11,9315892314
3986,33583350,35919663,69503013,0,0,0,35840,13,6343889238
3987,33613831,72418220,106032051,3,0,1,12800,7,4150733422
3988,33620640,35156496,68777136,9,0,0,26624,16,7808508750
3989,33636510,72399191,106035701,9,0,1,37888,16,10368019739
3990,33641399,34768180,68409579,5,0,0,50176,10,2227291762
3991,33651840,35827829,69479669,9,0,0,66560,16,1779041430
3992,33675989,35739449,69415438,1,0,0,51712,17,5317539837
3993,33682140,72353584,106035724,9,0,1,4608,16,9998967583
3994,33688090,34826111,68514201,8,0,0,79872,3,7561029807
3995,33695299,35571095,69266394,5,0,0,26624,10,9241978459
3996,33708450,34378428,68086878,0,0,0,35328,13,9393055381
3997,33726780,72317414,106044194,9,0,1,512,16,5816354260
3998,33730730,34401239,68131969,6,0,0,512,7,7301445360
3999,33732860,36088309,69821169,7,0,0,46080,2,6888455529
4000,33734840,35684521,69419361,8,0,0,12800,3,6923164127
4001,33736930,36068749,69805679,7,0,0,169472,2,4869062265
4002,33743340,35414065,69157405,9,0,0,15872,16,507507832
4003,33746759,34444211,68190970,5,0,0,17920,10,4983332357
4004,33747010,35128288,68875298,6,0,0,28160,7,3929545215
4005,33758200,72286017,106044217,9,0,1,43008,16,10064518327
4006,33762730,34939475,68702205,0,0,0,44544,13,8025412448
4007,33800790,34399742,68200532,0,0,0,13312,13,2551233791
4008,33812900,36065902,69878802,9,0,0,42496,16,2722470210
4009,33827020,35927000,69754020,2,0,0,418816,11,9027538881
4010,33847030,35488533,69335563,9,0,0,70144,16,9977356334
4011,33847900,72206199,106054099,4,0,1,14336,6,5840549237
4012,33848730,34604896,68453626,4,0,0,18432,6,741365808
4013,33852850,36154512,70007362,9,0,0,120832,16,10377150675
4014,33876010,36617503,70493513,6,0,0,24576,7,3115332966
4015,33877500,36004164,69881664,2,0,0,2560,11,1738239217
4016,33885230,35671898,69557128,8,0,0,15872,3,489738984
4017,33885269,34837262,68722531,5,0,0,41472,10,9903746054
4018,33885979,36760921,70646900,1,0,0,6144,17,7904674701
4019,33886890,35035539,68922429,0,0,0,74240,13,9910429505
4020,33887570,34800971,68688541,2,0,0,10752,11,4053425500
4021,33889299,36671010,70560309,5,0,0,113152,10,1964530610
4022,33908890,72145232,106054122,8,0,1,18432,3,4826029889
4023,33910570,35387983,69298553,9,0,0,105472,16,8951275867
4024,33913310,35466982,69380292,4,0,0,36352,6,9756835888
4025,33915420,35932292,69847712,8,0,0,87040,3,10312785794
4026,33934540,34525973,68460513,3,0,0,22528,7,9153734089
4027,33936220,35987213,69923433,4,0,0,23040,6,2355504062
4028,33937939,35521427,69459366,5,0,0,24576,10,5571313451
4029,33938450,34845417,68783867,7,0,0,22016,2,2789696292
4030,33943569,35970480,69914049,1,0,0,52736,17,3365704186
4031,33965050,35923859,69888909,7,0,0,5632,2,9634129501
4032,33977210,35908065,69885275,7,0,0,11776,2,9832249030
4033,33977650,35185571,69163221,2,0,0,15360,11,3213362349
4034,33992429,35063941,69056370,5,0,0,40448,10,5560960471
4035,33999520,34898702,68898222,3,0,0,10240,7,7255357556
4036,34003230,35605118,69608348,9,0,0,40960,16,2116790572
4037,34005100,35434096,69439196,8,0,0,65024,3,4467576076
4038,34010759,36060766,70071525,5,0,0,70144,10,668805358
4039,34020780,35431075,69451855,8,0,0,41472,3,371807248
4040,34039350,36693945,70733295,8,0,0,35328,3,4326994492
4041,34046930,34878669,68925599,3,0,0,512,7,4354188678
4042,34047460,35352199,69399659,4,0,0,63488,6,7622730308
4043,34050570,36062258,70112828,9,0,0,10240,16,6245670994
4044,34063010,72008526,106071536,0,0,1,32256,13,4655337763
4045,34092380,35029567,69121947,8,0,0,7680,3,4492256778
4046,34099870,35206194,69306064,7,0,0,24576,2,8438020560
4047,34107229,34771220,68878449,5,0,0,10240,10,129861152
4048,34108520,37455060,71563580,8,0,0,132608,3,2876300671
4049,34112070,35775100,69887170,6,0,0,6144,7,2297538920
4050,34113990,35481855,69595845,0,0,0,117248,13,6380907126
4051,34114630,36124919,70239549,0,0,0,19456,13,2870933077
4052,34118630,35901748,70020378,6,0,0,39424,7,4346543199
4053,34121850,35743981,69865831,8,0,0,59392,3,3189175445
4054,34132020,35355940,69487960,8,0,0,27136,3,3263284123
4055,34133980,36352022,70486002,8,0,0,272896,3,5029226114
4056,34144920,35662186,69807106,0,0,0,4608,13,6204601118
4057,34145720,34991725,69137445,3,0,0,21504,7,2376281011
4058,34160340,37047787,71208127,6,0,0,4608,7,8937998490
4059,34166550,71927363,106093913,9,0,1,2048,16,2730170782
4060,34167360,36704785,70872145,9,0,0,187904,16,199492564
4061,34173440,35318630,69492070,7,0,0,7680,2,8989934462
4062,34178570,35931115,70109685,9,0,0,27136,16,1540258549
4063,34188780,36137526,70326306,2,0,0,55296,11,7989124940
4064,34195740,36033792,70229532,0,0,0,126976,13,8129574612
4065,34200730,37497120,71697850,4,0,0,160768,6,1877836888
4066,34223310,37206572,71429882,2,0,0,93184,11,8374393812
4067,34253320,71845195,106098515,5,0,1,7680,10,423098910
4068,34260929,36329173,70590102,5,0,0,14336,10,4395351127
4069,34265351,71841653,106107004,3,0,1,14336,7,4712298661
4070,34271509,71836481,106107990,6,0,1,1536,7,9118545535
4071,34274870,71833786,106108656,8,0,1,1024,3,927021437
4072,34278570,35211137,69489707,7,0,0,5632,2,6960698117
4073,34290979,36208040,70499019,1,0,0,17920,17,2776220105
4074,34302940,35991734,70294674,9,0,0,50176,16,7469486456
4075,34303750,35661674,69965424,4,0,0,7168,6,9291963422
4076,34306110,36215396,70521506,4,0,0,73728,6,2390853502
4077,34367920,35162643,69530563,9,0,0,7168,16,5671931803
4078,34381790,71749899,106131689,1,0,1,41472,17,8860444118
4079,34384470,36407251,70791721,6,0,0,132608,7,1822181891
4080,34385610,35136370,69521980,6,0,0,21504,7,2730814143
4081,34407540,36505382,70912922,0,0,0,19968,13,6242614320
4082,34415260,71717415,106132675,1,0,1,1536,17,10490331587
4083,34423290,37543286,71966576,8,0,0,500224,3,695147100
4084,34429011,71759914,106188925,3,0,1,31232,7,10334538930
4085,34440759,36198153,70638912,5,0,0,7680,10,5375038139
4086,34440920,72626311,107067231,7,0,1,11776,2,4651557843
4087,34443300,35861532,70304832,3,0,0,14848,7,2663601452
4088,34455200,37009920,71465120,9,0,0,79360,16,3698658509
4089,34456570,35506495,69963065,3,0,0,2560,7,9524499112
4090,34464790,35576912,70041702,9,0,0,33792,16,5169340715
4091,34473960,37611345,72085305,2,0,0,46080,11,5105334883
4092,34494650,36589614,71084264,2,0,0,37888,11,6649876819
4093,34500540,35829533,70330073,4,0,0,12288,6,3758031
4094,34504360,72636492,107140852,4,0,1,1024,6,7215546859
4095,34505709,37759271,72264980,5,0,0,50688,10,5445256772
4096,34506209,35374644,69880853,1,0,0,6656,17,680216138
4097,34517521,72623354,107140875,8,0,1,6144,3,2320731155
4098,34530770,36182314,70713084,0,0,0,35840,13,9218268007
4099,34549930,36052064,70601994,7,0,0,35328,2,4020631941
4100,34574540,35999965,70574505,2,0,0,35840,11,8989723384
4101,34581670,35810744,70392414,9,0,0,13824,16,4728648462
4102,34583840,36420780,71004620,9,0,0,10240,16,10637538776
4103,34600070,35925093,70525163,4,0,0,11776,6,8772557440
4104,34603810,36490484,71094294,9,0,0,32768,16,9175258302
4105,34607400,36540194,71147594,3,0,0,7680,7,4759006812
4106,34622390,36179394,70801784,3,0,0,32768,7,7541097591
4107,34638290,73121497,107759787,7,0,1,237056,2,10335040094
4108,34661380,35606318,70267698,6,0,0,4096,7,459089596
4109,34665210,36709834,71375044,6,0,0,23552,7,8899086662
4110,34675810,36962274,71638084,6,0,0,69632,7,2057754889
4111,34690110,35917991,70608101,9,0,0,19968,16,8257335953
4112,34722120,37740841,72462961,0,0,0,114688,13,4294536709
4113,34725970,35672395,70398365,4,0,0,19456,6,10392653739
4114,34752080,73007730,107759810,5,0,1,11776,10,1870891890
4115,34755401,73004432,107759833,3,0,1,2560,7,7794858045
4116,34758900,36277928,71036828,3,0,0,43520,7,9850966364
4117,34773330,36573230,71346560,6,0,0,50688,7,3195661053
4118,34778969,35833211,70612180,1,0,0,13312,17,4748385819
4119,34780270,72979586,107759856,0,0,1,1536,13,6936157882
4120,34784340,72996634,107780974,1,0,1,3584,17,10669123637
4121,34790250,36540843,71331093,4,0,0,108544,6,3399880292
4122,34810070,36688948,71499018,2,0,0,66048,11,682333492
4123,34827380,35805571,70632951,7,0,0,68096,2,1986922240
4124,34836391,72944606,107780997,3,0,1,4608,7,918091120
4125,34843359,35718400,70561759,1,0,0,4608,17,923984462
4126,34846370,36521475,71367845,2,0,0,21504,11,4663903901
4127,34902330,72878690,107781020,1,0,1,11264,17,5231484188
4128,34908680,35894288,70802968,8,0,0,3584,3,8284756030
4129,34912540,36448730,71361270,3,0,0,13824,7,91406712
4130,34929580,35596230,70525810,2,0,0,2048,11,7613379152
4131,34939620,72993817,107933437,7,0,1,23552,2,7158220199
4132,34947250,35867597,70814847,4,0,0,38912,6,1427177881
4133,34956180,35618504,70574684,9,0,0,512,16,8337557031
4134,34962890,74929022,109891912,7,0,1,1439744,2,7777387799
4135,34963750,36648837,71612587,4,0,0,160768,6,8519987381
4136,34983320,37169924,72153244,6,0,0,66048,7,4732169921
4137,34986120,36984870,71970990,6,0,0,2048,7,2289829218
4138,34990859,74946432,109937291,6,0,1,16384,7,1239989866
4139,34996159,36645388,71641547,1,0,0,11264,17,3448992978
4140,35004921,74968296,109973217,3,0,1,29184,7,2219885699
4141,35006060,36271961,71278021,6,0,0,6144,7,9433211341
4142,35007200,36694573,71701773,2,0,0,12800,11,6395206009
4143,35009390,37790186,72799576,4,0,0,53248,6,509918365
4144,35028011,74945229,109973240,3,0,1,18944,7,2438103699
4145,35044400,37699806,72744206,7,0,0,55296,2,9744846985
4146,35049221,74939335,109988556,3,0,1,43008,7,3376151797
4147,35055509,74933713,109989222,6,0,1,1024,7,5972350728
4148,35066860,35887901,70954761,3,0,0,13824,7,1708534777
4149,35082850,36631137,71713987,0,0,0,38912,13,1734289586
4150,35091740,36909849,72001589,6,0,0,100352,7,9271995578
4151,35093170,37039927,72133097,8,0,0,8192,3,2161596980
4152,35103010,74917764,110020774,4,0,1,7680,6,9916159911
4153,35103420,35824556,70927976,9,0,0,12800,16,3565990950
4154,35109269,37493546,72602815,1,0,0,98816,17,971098176
4155,35116160,36496918,71613078,7,0,0,1536,2,2994014687
4156,35120060,36396173,71516233,3,0,0,56320,7,1018266231
4157,35144950,36333921,71478871,2,0,0,45056,11,1097016224
4158,35163009,36358083,71521092,5,0,0,15872,10,6188925980
4159,35163680,35881774,71045454,2,0,0,7168,11,8589907669
4160,35165780,37252207,72417987,7,0,0,46080,2,1768167448
4161,35172040,35871207,71043247,0,0,0,20992,13,8282153464
4162,35182190,74852916,110035106,1,0,1,36864,17,3241407477
4163,35185030,36191753,71376783,2,0,0,5632,11,7807237339
4164,35225010,35909678,71134688,2,0,0,21504,11,5737505741
4165,35229200,38244755,73473955,8,0,0,56832,3,6277006253
4166,35254090,36102945,71357035,6,0,0,34304,7,1231649437
4167,35262040,35680204,70942244,7,0,0,9216,2,5926882325
4168,35265760,36010366,71276126,2,0,0,36864,11,4098679159
4169,35273110,74835429,110108539,1,0,1,36352,17,1931463769
4170,35277520,36117070,71394590,7,0,0,58368,2,338618114
4171,35281481,74834728,110116209,2,0,1,16384,11,3757767779
4172,35293641,74823336,110116977,2,0,1,11776,11,3668391972
4173,35305211,74826930,110132141,2,0,1,47104,11,10631204552
4174,35310100,74822809,110132909,9,0,1,11776,16,1681215207
4175,35317621,74816379,110134000,8,0,1,10240,3,5894686373
4176,35326880,37622806,72949686,8,0,0,2560,3,2016020874
4177,35331360,35822653,71154013,6,0,0,20992,7,4521374962
4178,35336070,36938597,72274667,2,0,0,23040,11,7123515475
4179,35339860,36100208,71440068,7,0,0,9728,2,4501032995
4180,35341360,36628983,71970343,3,0,0,12288,7,3216500963
4181,35344150,36304693,71648843,3,0,0,22528,7,980975612
4182,35374159,36697083,72071242,1,0,0,51200,17,5858448492
4183,35378670,37913155,73291825,0,0,0,105472,13,7802515184
4184,35387220,36667120,72054340,8,0,0,173056,3,10719814236
4185,35411030,37755954,73166984,7,0,0,47104,2,5106403955
4186,35413400,74733725,110147125,4,0,1,1536,6,8691635189
4187,35436990,36000091,71437081,2,0,0,23552,11,5392878943
4188,35453989,36248119,71702108,1,0,0,1024,17,2278170432
4189,35461480,36155365,71616845,2,0,0,12288,11,2612847576
4190,35463350,35977567,71440917,9,0,0,2560,16,1103590197
4191,35481501,74685163,110166664,2,0,1,20992,11,10431608886
4192,35482220,36232570,71714790,2,0,0,2560,11,5246317522
4193,35490370,37723945,73214315,8,0,0,36864,3,8594746457
4194,35491000,74677290,110168290,1,0,1,2560,17,1265251801
4195,35508000,37048718,72556718,2,0,0,212992,11,8998630702
4196,35510100,37217235,72727335,0,0,0,227328,13,10340400033
4197,35510950,36811122,72322072,3,0,0,23040,7,4851158196
4198,35512160,36543451,72055611,6,0,0,4096,7,5821510401
4199,35524470,74645126,110169596,9,0,1,2048,16,377565512
4200,35527220,38268372,73795592,9,0,0,87552,16,8401934392
4201,35537960,38480957,74018917,2,0,0,474624,11,3346812793
4202,35559310,36931334,72490644,4,0,0,80384,6,1242842949
4203,35599630,36711714,72311344,9,0,0,9728,16,9871526684
4204,35600020,74605072,110205092,5,0,1,38400,10,424732206
4205,35612400,37455276,73067676,7,0,0,10752,2,8059162294
4206,35621300,37188603,72809903,3,0,0,33792,7,1333723405
4207,35624299,74596599,110220898,6,0,1,2560,7,9963388301
4208,35627430,74593491,110220921,9,0,1,2560,16,3857038214
4209,35638980,74581964,110220944,0,0,1,512,13,2055965618
4210,35648670,36691224,72339894,3,0,0,9728,7,1763294213
4211,35655689,37252744,72908433,1,0,0,67584,17,212488530
4212,35657250,36770744,72427994,0,0,0,32768,13,502331351
4213,35658950,74566854,110225804,0,0,1,28672,13,8634252160
4214,35664170,74581636,110245806,0,0,1,16384,13,6064438005
4215,35682130,74569182,110251312,1,0,1,15360,17,4198267808
4216,35691350,36623679,72315029,4,0,0,8192,6,5814205767
4217,35699060,74567831,110266891,4,0,1,17920,6,7309063459
4218,35734520,37417887,73152407,8,0,0,278016,3,6535768277
4219,35742999,74528438,110271437,6,0,1,5632,7,5774097283
4220,35747470,36440599,72188069,4,0,0,37376,6,4995254291
4221,35750460,36379136,72129596,0,0,0,14336,13,6949637790
4222,35753640,74518156,110271796,0,0,1,9728,13,5474763494
4223,35758000,36814684,72572684,6,0,0,25088,7,5252681924
4224,35758510,37488514,73247024,6,0,0,55808,7,1632665220
4225,35765430,75095655,110861085,7,0,1,120320,2,10650232910
4226,35777420,75166704,110944124,1,0,1,11776,17,5894863100
4227,35794120,37550410,73344530,9,0,0,69120,16,5143460331
4228,35803620,37145263,72948883,3,0,0,120320,7,5231397114
4229,35809000,36553524,72362524,6,0,0,16384,7,3464038687
4230,35812219,36971110,72783329,1,0,0,12800,17,4673955932
4231,35841190,37000747,72841937,3,0,0,104960,7,10334914533
4232,35846410,36617050,72463460,4,0,0,1536,6,2642755791
4233,35853720,36711289,72565009,8,0,0,27136,3,9617808762
4234,35857130,75108870,110966000,1,0,1,15360,17,6781721290
4235,35891090,36386700,72277790,4,0,0,512,6,6666317995
4236,35891890,75074133,110966023,1,0,1,4608,17,5920966427
4237,35893670,36879754,72773424,8,0,0,66560,3,5952361413
4238,35894239,75080410,110974649,6,0,1,5632,7,5129207638
4239,35904529,36748878,72653407,1,0,0,18944,17,4159888132
4240,35906800,37535873,73442673,7,0,0,100352,2,1204160172
4241,35907311,75067361,110974672,3,0,1,14336,7,9554528254
4242,35909880,75086672,110996552,5,0,1,3072,10,57004042
4243,35911219,37153158,73064377,1,0,0,56832,17,4547216266
4244,35914620,37703118,73617738,2,0,0,192000,11,9468794610
4245,35920790,36832331,72753121,2,0,0,29184,11,3817681508
4246,35923810,37399621,73323431,8,0,0,22016,3,917465725
4247,35937270,37107093,73044363,2,0,0,124416,11,4970680031
4248,35955380,36823995,72779375,8,0,0,19456,3,2331627022
4249,35960850,37212108,73172958,0,0,0,17408,13,2396342946
4250,35965720,37186866,73152586,7,0,0,512,2,6413798125
4251,35973379,37343298,73316677,1,0,0,66048,17,5904553813
4252,35985160,38141315,74126475,6,0,0,50688,7,2540944777
4253,35994460,37052578,73047038,3,0,0,8704,7,6890375144
4254,35997370,37561845,73559215,7,0,0,78848,2,7642953112
4255,35999900,37360206,73360106,0,0,0,22528,13,7540142706
4256,36002350,38241402,74243752,2,0,0,30720,11,7080286113
4257,36002530,75008387,111010917,0,0,1,16896,13,5381874868
4258,36012700,37237781,73250481,3,0,0,1024,7,7858371659
4259,36027109,37140522,73167631,1,0,0,2048,17,7412598818
4260,36040900,37992392,74033292,4,0,0,47104,6,5392632149
4261,36047180,37403316,73450496,2,0,0,25600,11,3406158844
4262,36047660,74966163,111013823,9,0,1,4608,16,5472655876
4263,36054000,38315714,74369714,0,0,0,74240,13,3473567152
4264,36060750,37574662,73635412,4,0,0,50688,6,3085226026
4265,36064420,75028129,111092549,4,0,1,9216,6,6332063898
4266,36070710,75021862,111092572,5,0,1,6144,10,6148003139
4267,36100100,36812100,72912200,0,0,0,12288,13,4688459286
4268,36101681,74990914,111092595,8,0,1,2048,3,1737679870
4269,36102710,37536157,73638867,4,0,0,11264,6,6248999994
4270,36107770,38597849,74705619,9,0,0,102912,16,5945117364
4271,36110700,75046400,111157100,5,0,1,512,10,8188705252
4272,36121091,75036032,111157123,3,0,1,10752,7,1737133362
4273,36123020,75034126,111157146,1,0,1,4096,17,8790137020
4274,36138519,37916994,74055513,1,0,0,26624,17,8958085799
4275,36150560,38389939,74540499,9,0,0,183296,16,8383954824
4276,36153610,37945028,74098638,9,0,0,82944,16,8703338395
4277,36165910,37662857,73828767,0,0,0,33280,13,9532259989
4278,36181050,38871496,75052546,6,0,0,2560,7,10566056378
4279,36189340,39022220,75211560,0,0,0,1024,13,3849748951
4280,36197220,37422725,73619945,4,0,0,7168,6,2784671983
4281,36207519,38649510,74857029,1,0,0,119808,17,1251833889
4282,36254000,37402160,73656160,8,0,0,20992,3,9675396862
4283,36265190,38723570,74988760,8,0,0,55808,3,1353078980
4284,36268420,37449593,73718013,6,0,0,38912,7,2028556477
4285,36274969,74882200,111157169,6,0,1,2048,7,6579012801
4286,36287450,38293656,74581106,2,0,0,15872,11,3880247701
4287,36287880,37938924,74226804,4,0,0,68608,6,6663667999
4288,36318159,37438185,73756344,5,0,0,66048,10,9294791676
4289,36327140,38988914,75316054,8,0,0,72704,3,4258548281
4290,36327910,37207258,73535168,0,0,0,6144,13,1669625989
4291,36333340,37796754,74130094,0,0,0,11776,13,2245713235
4292,36336891,74820301,111157192,3,0,1,5632,7,4070390363
4293,36349610,74807605,111157215,5,0,1,9728,10,10509817414
4294,36359281,74797957,111157238,8,0,1,6656,3,5896711195
4295,36367560,37788788,74156348,7,0,0,86016,2,2750036094
4296,36382800,74774461,111157261,5,0,1,5632,10,6868496337
4297,36406520,74788156,111194676,4,0,1,41984,6,9185537028
4298,36409900,37637455,74047355,3,0,0,46080,7,6232393440
4299,36410120,37700865,74110985,2,0,0,40448,11,9876885737
4300,36413560,37402318,73815878,3,0,0,512,7,9548742988
4301,36414830,37350273,73765103,8,0,0,28672,3,3109371895
4302,36420650,74801085,111221735,5,0,1,11264,10,5149809057
4303,36432500,74905923,111338423,0,0,1,24576,13,825421202
4304,36463790,37216105,73679895,3,0,0,77824,7,4441360273
4305,36469970,38942169,75412139,9,0,0,52224,16,10666498494
4306,36479599,37593721,74073320,1,0,0,58368,17,2354178720
4307,36480120,39147804,75627924,4,0,0,86528,6,9867393229
4308,36481810,74920813,111402623,7,0,1,50688,2,9492939316
4309,36484530,37749839,74234369,6,0,0,24576,7,4145754419
4310,36494069,74911780,111405849,6,0,1,5120,7,7248278051
4311,36495290,37688857,74184147,8,0,0,91136,3,9948809633
4312,36495370,39225800,75721170,4,0,0,48640,6,7884913573
4313,36495680,37300403,73796083,6,0,0,1536,7,6826800595
4314,36536640,75173814,111710454,9,0,1,40960,16,3041062338
4315,36537600,38027859,74565459,0,0,0,20480,13,2906165084
4316,36543560,37739804,74283364,0,0,0,86528,13,7485039675
4317,36550530,37285164,73835694,3,0,0,12800,7,3057871709
4318,36556859,37631211,74188070,1,0,0,12800,17,9454042126
4319,36560040,37645837,74205877,0,0,0,58368,13,2669437712
4320,36560219,38239951,74800170,1,0,0,145920,17,3684029225
4321,36564349,37782722,74347071,1,0,0,97280,17,5408948449
4322,36564780,75145697,111710477,0,0,1,512,13,9190997683
4323,36571270,37746138,74317408,3,0,0,41984,7,10459177704
4324,36579139,37872021,74451160,1,0,0,11776,17,5793988363
4325,36593840,37842112,74435952,0,0,0,6144,13,4392211820
4326,36597150,39254226,75851376,0,0,0,118784,13,1435360309
4327,36599930,39319348,75919278,8,0,0,26112,3,8698529939
4328,36599999,37653760,74253759,1,0,0,32768,17,10596157049
4329,36604060,75106440,111710500,1,0,1,4096,17,2126475879
4330,36617490,75209313,111826803,4,0,1,18944,6,2756010291
4331,36620210,37933283,74553493,2,0,0,4608,11,3661419605
4332,36623560,37855600,74479160,4,0,0,65536,6,37684568
4333,36647089,75281313,111928402,6,0,1,8704,7,10553082801
4334,36650839,37982339,74633178,1,0,0,97792,17,417543975
4335,36655169,37904027,74559196,1,0,0,9728,17,1664657918
4336,36661630,38058208,74719838,7,0,0,46592,2,7965426380
4337,36668980,38198524,74867504,6,0,0,34304,7,6515175771
4338,36669120,38341035,75010155,6,0,0,70144,7,4742944834
4339,36672740,37709763,74382503,0,0,0,16384,13,7463337787
4340,36677610,75322537,112000147,9,0,1,13312,16,8621473833
4341,36678160,37876003,74554163,3,0,0,2048,7,4890285634
4342,36687060,38035765,74722825,6,0,0,9728,7,6853380159
4343,36689420,37862646,74552066,4,0,0,37888,6,4496545278
4344,36710749,38320177,75030926,1,0,0,68096,17,3826527827
4345,36716070,38007558,74723628,8,0,0,2560,3,8664136385
4346,36719860,39338120,76057980,4,0,0,248320,6,8299053077
4347,36722960,76291289,113014249,7,0,1,296448,2,10596775155
4348,36724060,38930898,75654958,7,0,0,60416,2,360919095
4349,36729610,38303390,75033000,8,0,0,1024,3,1937579
4350,36734920,38169458,74904378,0,0,0,37888,13,5962335562
4351,36739850,76456197,113196047,5,0,1,11264,10,6551018292
4352,36746020,38397236,75143256,6,0,0,100352,7,7104105954
4353,36750130,38443101,75193231,4,0,0,38912,6,6324630851
4354,36754230,38456995,75211225,6,0,0,4096,7,9455655791
4355,36757920,38354737,75112657,9,0,0,27648,16,4605470496
4356,36760960,38532919,75293879,8,0,0,45568,3,7096027653
4357,36767450,39554899,76322349,3,0,0,34304,7,5752951443
4358,36775300,39099725,75875025,2,0,0,33792,11,8343803706
4359,36775450,38372555,75148005,9,0,0,2560,16,9593207
4360,36776490,38275253,75051743,0,0,0,61440,13,3118078934
4361,36785459,38650533,75435992,1,0,0,60928,17,5781804099
4362,36811670,39272562,76084232,7,0,0,12288,2,973703731
4363,36811780,38998811,75810591,2,0,0,151552,11,10312753964
4364,36818491,76544616,113363107,3,0,1,54784,7,3142976462
4365,36818960,37988097,74807057,9,0,0,22528,16,2859273419
4366,36837930,38616354,75454284,2,0,0,29184,11,10542700386
4367,36846340,39132669,75979009,8,0,0,48128,3,7894331908
4368,36851770,38698781,75550551,9,0,0,36352,16,9056747094
4369,36852000,38369281,75221281,7,0,0,17408,2,987513374
4370,36872679,39542201,76414880,1,0,0,76288,17,4749012658
4371,36874179,38469830,75344009,1,0,0,41472,17,9801745091
4372,36877320,39422176,76299496,9,0,0,151040,16,1075480980
4373,36881310,38655016,75536326,7,0,0,35328,2,409567918
4374,36882220,38327726,75209946,2,0,0,54784,11,2708922229
4375,36900320,38132345,75032665,0,0,0,5632,13,9910265073
4376,36901110,76519254,113420364,4,0,1,11776,6,3108909767
4377,36920880,38715647,75636527,9,0,0,28160,16,2077359663
4378,36921360,38225842,75147202,2,0,0,12800,11,1249189975
4379,36926309,38130035,75056344,1,0,0,12288,17,8104088550
4380,36942780,38403748,75346528,6,0,0,8192,7,6538248314
4381,36948230,39523035,76471265,3,0,0,74752,7,8022248004
4382,36954621,76546690,113501311,8,0,1,31744,3,3505631742
4383,36959509,38902826,75862335,1,0,0,35840,17,4127907642
4384,36964670,39763026,76727696,6,0,0,286208,7,9639807258
4385,36967430,76541324,113508754,9,0,1,11776,16,7823105841
4386,36977710,39085285,76062995,8,0,0,16384,3,4467857562
4387,36978960,38834462,75813422,9,0,0,9216,16,7862024467
4388,36991250,39078256,76069506,0,0,0,20992,13,7552970780
4389,37001760,39551307,76553067,2,0,0,101376,11,3029765580
4390,37024130,39143625,76167755,7,0,0,55296,2,10149952358
4391,37038480,76474780,113513260,8,0,1,7168,3,3002086445
4392,37058060,38508985,75567045,8,0,0,7168,3,9803276076
4393,37063640,39024434,76088074,0,0,0,6144,13,7845922962
4394,37078670,39233181,76311851,7,0,0,40448,2,4948937071
4395,37083510,39514606,76598116,3,0,0,98304,7,5141495043
4396,37114560,76400006,113514566,4,0,1,2048,6,336647018
4397,37124880,39128573,76253453,2,0,0,12800,11,1494031023
4398,37125520,38819716,75945236,4,0,0,24576,6,9232759161
4399,37126860,76389972,113516832,1,0,1,3584,17,8487688602
4400,37141950,76375228,113517178,9,0,1,512,16,3134006854
4401,37145150,38670011,75815161,6,0,0,5632,7,6841704243
4402,37145510,76372808,113518318,5,0,1,10240,10,10562494762
4403,37146551,76486985,113633536,2,0,1,18944,11,7552120183
4404,37146730,38933735,76080465,9,0,0,29184,16,407963124
4405,37147030,38291637,75438667,3,0,0,8704,7,187867365
4406,37151480,39186960,76338440,4,0,0,52736,6,4939074547
4407,37177030,76534341,113711371,1,0,1,5632,17,4060978421
4408,37191410,39613473,76804883,2,0,0,68096,11,10573601561
4409,37192410,39000951,76193361,7,0,0,61952,2,5620790767
4410,37196250,39444219,76640469,4,0,0,30208,6,8403801709
4411,37199410,76544786,113744196,0,0,1,29696,13,9371958639
4412,37215570,39762155,76977725,2,0,0,186368,11,1127969597
4413,37220370,38717355,75937725,3,0,0,3072,7,3094596168
4414,37231330,39781004,77012334,4,0,0,46592,6,1469300307
4415,37253720,76676168,113929888,7,0,1,76800,2,1541335235
4416,37258170,38706152,75964322,3,0,0,11776,7,10302771598
4417,37276859,76685858,113962717,6,0,1,13312,7,5123728305
4418,37277060,76685680,113962740,8,0,1,13312,3,3134426138
4419,37282870,39194502,76477372,9,0,0,19968,16,10015533575
4420,37287370,76731380,114018750,0,0,1,28672,13,9815378250
4421,37297421,76721352,114018773,3,0,1,2560,7,9426840618
4422,37304460,39479652,76784112,8,0,0,111616,3,5956466939
4423,37319630,76782925,114102555,4,0,1,10240,6,9474967408
4424,37321390,77256798,114578188,9,0,1,66560,16,3967024619
4425,37326090,38634613,75960703,6,0,0,50688,7,1428943585
4426,37326330,39402793,76729123,3,0,0,4608,7,10026710939
4427,37334740,38529966,75864706,6,0,0,7680,7,1238877713
4428,37340410,39290824,76631234,7,0,0,107520,2,3857465678
4429,37355610,39035934,76391544,6,0,0,39936,7,6733889359
4430,37357851,77220360,114578211,3,0,1,2048,7,4294934788
4431,37359300,39800052,77159352,9,0,0,44032,16,9246062165
4432,37361630,39125437,76487067,7,0,0,31744,2,2556647437
4433,37364019,39386054,76750073,1,0,0,30208,17,5520399001
4434,37369000,38990055,76359055,7,0,0,67584,2,5055537543
4435,37388130,39600234,76988364,8,0,0,34816,3,802306711
4436,37390830,39207621,76598451,8,0,0,1024,3,3279474221
4437,37395130,77183104,114578234,4,0,1,1536,6,4717678689
4438,37411510,77166747,114578257,9,0,1,8192,16,596315386
4439,37435810,77835840,115271650,9,0,1,47104,16,9017618155
4440,37462400,77821620,115284020,9,0,1,10240,16,6503829435
4441,37464930,39431199,76896129,0,0,0,160256,13,9085369455
4442,37474840,38973626,76448466,0,0,0,68608,13,1535061384
4443,37486330,39786549,77272879,9,0,0,90624,16,5015316630
4444,37493679,39586484,77080163,1,0,0,136704,17,10508402934
4445,37495400,78080271,115575671,9,0,1,37888,16,7609717583
4446,37496440,39244406,76740846,6,0,0,38400,7,7094879297
4447,37524200,78153520,115677720,7,0,1,26112,2,708132949
4448,37524830,39303522,76828352,9,0,0,38400,16,555777079
4449,37528950,39036799,76565749,8,0,0,41472,3,6370918046
4450,37529819,78403428,115933247,1,0,1,6144,17,333258721
4451,37534630,39756688,77291318,2,0,0,60416,11,8555230335
4452,37535899,78839453,116375352,6,0,1,61440,7,7890179565
4453,37540980,78902953,116443933,4,0,1,35328,6,9058553422
4454,37541440,78905353,116446793,5,0,1,3584,10,9532196554
4455,37547570,39269059,76816629,8,0,0,6144,3,1954579568
4456,37548640,39811389,77360029,7,0,0,24576,2,3258529642
4457,37566230,38861309,76427539,6,0,0,41472,7,1990695810
4458,37569110,38919228,76488338,0,0,0,4096,13,4723996699
4459,37569240,39331436,76900676,9,0,0,14848,16,7538628814
4460,37575290,39927090,77502380,0,0,0,9216,13,9696657718
4461,37590880,39507410,77098290,8,0,0,59392,3,5016541506
4462,37605830,39503559,77109389,8,0,0,36352,3,1269666227
4463,37615639,78856455,116472094,6,0,1,15872,7,7813259690
4464,37630979,39573745,77204724,1,0,0,56832,17,755919596
4465,37631300,78856052,116487352,5,0,1,8704,10,7210544600
4466,37644210,40847356,78491566,4,0,0,13824,6,9568615047
4467,37644840,39169894,76814734,4,0,0,32256,6,6174042572
4468,37647600,39993162,77640762,4,0,0,27648,6,155259406
4469,37658630,40783011,78441641,6,0,0,1056256,7,702840321
4470,37689159,39231759,76920918,1,0,0,65024,17,9146892582
4471,37689451,78943629,116633080,3,0,1,30208,7,9407788578
4472,37700230,39338258,77038488,9,0,0,6144,16,4885381021
4473,37705720,39873961,77579681,6,0,0,13824,7,5079426962
4474,37729330,40177234,77906564,6,0,0,56320,7,6794611921
4475,37732860,39567080,77299940,2,0,0,512,11,10689229837
4476,37733250,40750447,78483697,4,0,0,132608,6,296167683
4477,37738720,40247659,77986379,2,0,0,38400,11,5894472407
4478,37746010,39969325,77715335,4,0,0,44544,6,2437144509
4479,37753679,40036371,77790050,1,0,0,12800,17,9878543569
4480,37758040,39910040,77668080,8,0,0,15360,3,3500217127
4481,37763980,40168331,77932311,6,0,0,10752,7,8558105779
4482,37769270,39735030,77504300,7,0,0,4096,2,6998757516
4483,37782200,39463044,77245244,7,0,0,62976,2,4561041842
4484,37792550,40317749,78110299,0,0,0,10240,13,5609105255
4485,37794780,39941794,77736574,3,0,0,69632,7,6439626657
4486,37806570,40771847,78578417,8,0,0,129024,3,2717546185
4487,37809470,39997001,77806471,7,0,0,23552,2,525067588
4488,37813310,78819793,116633103,4,0,1,19968,6,4436122575
4489,37824039,40619231,78443270,1,0,0,5120,17,4578859083
4490,37837770,39848049,77685819,4,0,0,7168,6,8820349723
4491,37838951,78794175,116633126,3,0,1,6656,7,8943511483
4492,37843629,40850216,78693845,1,0,0,227840,17,5871965318
4493,37855080,39939205,77794285,8,0,0,13824,3,7361405166
4494,37882240,41003613,78885853,3,0,0,64000,7,5574842493
4495,37889030,40854201,78743231,6,0,0,45056,7,8351798922
4496,37895250,39438749,77333999,2,0,0,5120,11,879484855
4497,37914360,39840044,77754404,3,0,0,10240,7,4859079285
4498,37917420,40702585,78620005,7,0,0,64000,2,6048715191
4499,37930650,40668561,78599211,0,0,0,51200,13,7020703861
4500,37932869,40579670,78512539,1,0,0,50688,17,5475140632
4501,37934929,40769703,78704632,1,0,0,35328,17,5683018659
4502,37939959,78693190,116633149,1,0,1,16896,17,2546652059
4503,37951040,40856825,78807865,8,0,0,63488,3,2849530440
4504,37952460,40544612,78497072,0,0,0,17920,13,9203421682
4505,37955879,41451678,79407557,1,0,0,58880,17,6422356245
4506,37956279,78676893,116633172,6,0,1,15360,7,3279502172
4507,37959090,40665312,78624402,3,0,0,13824,7,832884401
4508,37961960,40093870,78055830,3,0,0,3072,7,5739251375
4509,37966160,41646039,79612199,8,0,0,166400,3,8053839313
4510,37969530,39781731,77751261,9,0,0,48128,16,3917632579
4511,37991620,41136969,79128589,0,0,0,115712,13,6560552953
4512,37996070,78644948,116641018,5,0,1,1024,10,10184276733
4513,38007270,39910237,77917507,8,0,0,35840,3,870404933
4514,38007450,39563215,77570665,3,0,0,12288,7,433518565
4515,38011310,78630424,116641734,0,0,1,6144,13,552973665
4516,38018300,40740421,78758721,2,0,0,50688,11,3103497953
4517,38020930,78652625,116673555,5,0,1,13312,10,11092325
4518,38052370,39996551,78048921,6,0,0,9216,7,10017845714
4519,38058900,41502576,79561476,2,0,0,187904,11,9036823071
4520,38080540,40458542,78539082,4,0,0,87040,6,2175721906
4521,38082860,40517622,78600482,0,0,0,4096,13,9882354414
4522,38094040,41683188,79777228,9,0,0,109056,16,6766666029
4523,38109250,40608532,78717782,9,0,0,43008,16,1485481132
4524,38113560,39922741,78036301,7,0,0,25600,2,10251985969
4525,38123430,40363901,78487331,6,0,0,11776,7,5003378963
4526,38123590,41153027,79276617,6,0,0,36352,7,8405591561
4527,38124419,40882212,79006631,1,0,0,28160,17,244251339
4528,38127590,41961990,80089580,7,0,0,177664,2,5743128523
4529,38129070,40868958,78998028,8,0,0,50688,3,5209669249
4530,38147900,41971865,80119765,9,0,0,73216,16,9962040662
4531,38150949,78547317,116698266,6,0,1,1024,7,8478575940
4532,38158060,41263929,79421989,4,0,0,7680,6,1249756869
4533,38171970,40411618,78583588,6,0,0,16896,7,2228146663
4534,38183330,42132704,80316034,4,0,0,1536,6,10629005189
4535,38187865,41201729,79389594,0,0,0,167424,13,6687609707
4536,38187930,42042112,80230042,8,0,0,150016,3,10495513387
4537,38189850,39924987,78114837,7,0,0,13824,2,2753297581
4538,38209690,78488599,116698289,8,0,1,16384,3,8300166682
4539,38218591,78479721,116698312,2,0,1,1024,11,5316538330
4540,38220260,78521778,116742038,0,0,1,3072,13,1359248821
4541,38227900,42260915,80488815,3,0,0,293888,7,2312670021
4542,38237400,78599664,116837064,1,0,1,66048,17,9142451573
4543,38258151,78603332,116861483,3,0,1,26112,7,9099291000
4544,38262599,41414386,79676985,1,0,0,19968,17,3008996969
4545,38264510,42310914,80575424,0,0,0,74752,13,3736315733
4546,38278480,40446657,78725137,6,0,0,24064,7,9899893622
4547,38279230,41007550,79286780,0,0,0,33280,13,10419338614
4548,38280359,41978776,80259135,1,0,0,51200,17,2479920790
4549,38286660,40442774,78729434,4,0,0,6144,6,2195440184
4550,38287851,78584064,116871915,2,0,1,6144,11,69907093
4551,38314470,41162443,79476913,3,0,0,26624,7,6156540589
4552,38335390,42297172,80632562,3,0,0,108544,7,10441213820
4553,38336329,79095038,117431367,6,0,1,21504,7,6226527159
4554,38352940,79442248,117795188,5,0,1,67072,10,5293129330
4555,38386330,40596223,78982553,8,0,0,131584,3,9220247332
4556,38397589,41057658,79455247,1,0,0,41472,17,4167303789
4557,38411569,40796760,79208329,1,0,0,54784,17,5803416991
4558,38433150,40905409,79338559,7,0,0,42496,2,8412042169
4559,38440640,40478735,78919375,8,0,0,24064,3,5170264868
4560,38457520,40270019,78727539,8,0,0,7680,3,4132781613
4561,38458679,41556553,80015232,1,0,0,7168,17,2400974783
4562,38482950,40459488,78942438,9,0,0,35328,16,5818026298
4563,38483720,41193912,79677632,2,0,0,2048,11,3432864187
4564,38486470,40591587,79078057,2,0,0,19456,11,5002428966
4565,38492070,41188283,79680353,9,0,0,7168,16,5532289056
4566,38492709,79361278,117853987,6,0,1,20480,7,1392153128
4567,38493600,41184523,79678123,4,0,0,1536,6,7101564617
4568,38494910,40436741,78931651,7,0,0,19968,2,6780056529
4569,38498170,41686141,80184311,9,0,0,46080,16,10672927644
4570,38498399,41172479,79670878,5,0,0,192512,10,4124991782
4571,38511430,42287364,80798794,8,0,0,140288,3,2305678996
4572,38523470,41407969,79931439,7,0,0,82432,2,6797251407
4573,38526340,79746675,118273015,5,0,1,127488,10,4397973075
4574,38527769,41865060,80392829,1,0,0,89088,17,10250072022
4575,38531270,41364449,79895719,3,0,0,131584,7,4401904922
4576,38546840,42001378,80548218,4,0,0,6144,6,2304232252
4577,38557200,40869073,79426273,6,0,0,5632,7,5625224496
4578,38557850,40855369,79413219,6,0,0,13312,7,4784865862
4579,38563989,42309020,80873009,1,0,0,46080,17,7463647530
4580,38569629,40614884,79184513,1,0,0,41472,17,5120565003
4581,38580169,79692869,118273038,6,0,1,7168,7,1574766418
4582,38581040,41145725,79726765,8,0,0,114176,3,5328687829
4583,38585010,42666411,81251421,0,0,0,189440,13,3599725171
4584,38587930,79900683,118488613,5,0,1,117760,10,8278343885
4585,38601750,42449031,81050781,7,0,0,25088,2,4837503083
4586,38608820,40477430,79086250,0,0,0,3584,13,7728512271
4587,38613319,41364966,79978285,1,0,0,87552,17,6805746408
4588,38614240,42318187,80932427,3,0,0,41472,7,3712207684
4589,38618910,41332676,79951586,7,0,0,66048,2,10364278241
4590,38633480,41379537,80013017,0,0,0,59904,13,2222910908
4591,38644360,41350374,79994734,4,0,0,25088,6,6969729750
4592,38660909,79835203,118496112,6,0,1,2048,7,5045252844
4593,38661140,42055903,80717043,9,0,0,19968,16,5531910064
4594,38680010,79820608,118500618,7,0,1,7168,2,10174713411
4595,38684710,42643434,81328144,4,0,0,91136,6,1372514893
4596,38685390,42207789,80893179,8,0,0,29696,3,6478792873
4597,38685470,79821030,118506500,0,0,1,5120,13,9999850506
4598,38687770,79831085,118518855,1,0,1,28160,17,9761843471
4599,38692190,40716950,79409140,4,0,0,5120,6,5702194179
4600,38699379,79848400,118547779,6,0,1,5120,7,5958963424
4601,38719271,79828531,118547802,2,0,1,11776,11,3869459643
4602,38719819,41879648,80599467,1,0,0,5120,17,277800518
4603,38735510,41539116,80274626,3,0,0,50688,7,4358389431
4604,38742079,41293346,80035425,1,0,0,46080,17,8698350552
4605,38753350,41792638,80545988,0,0,0,114176,13,8434700349
4606,38757370,41229697,79987067,3,0,0,28672,7,3152742924
4607,38761860,42508335,81270195,8,0,0,42496,3,6088442051
4608,38762120,41375140,80137260,0,0,0,57344,13,717289807
4609,38762720,80467685,119230405,5,0,1,392192,10,7798319228
4610,38800480,42581067,81381547,0,0,0,36864,13,1606756783
4611,38806650,41099650,79906300,6,0,0,6144,7,6470511744
4612,38808869,41429620,80238489,1,0,0,27648,17,9151321948
4613,38818680,41692497,80511177,2,0,0,40448,11,6690809519
4614,38821690,41850107,80671797,6,0,0,74240,7,2486754418
4615,38842700,41400812,80243512,6,0,0,16384,7,2817288429
4616,38849080,42586251,81435331,8,0,0,48128,3,8828728957
4617,38862280,42624738,81487018,3,0,0,25600,7,10418190041
4618,38868400,42696018,81564418,7,0,0,16384,2,6630731148
4619,38872160,41225274,80097434,9,0,0,25600,16,3462134289
4620,38875639,41762874,80638513,1,0,0,19456,17,5890010850
4621,38887430,41971516,80858946,9,0,0,97792,16,2796857336
4622,38894620,42137519,81032139,9,0,0,18432,16,5137497272
4623,38900910,80370859,119271769,0,0,1,10240,13,7711996486
4624,38911340,41734863,80646203,0,0,0,8192,13,1393847898
4625,38913371,80377300,119290671,8,0,1,10240,3,6507528628
4626,38915809,42086514,81002323,1,0,0,29184,17,148437904
4627,38919560,41425361,80344921,7,0,0,59904,2,774836531
4628,38919770,41579060,80498830,3,0,0,32768,7,3508058341
4629,38934840,80511829,119446669,5,0,1,123392,10,4830538476
4630,38938980,41460268,80399248,7,0,0,20992,2,2673951251
4631,38940860,42678877,81619737,4,0,0,96256,6,9607514435
4632,38946129,80564583,119510712,6,0,1,1536,7,7796786023
4633,38946980,41871337,80818317,6,0,0,64000,7,9513155713
4634,38949230,42244448,81193678,2,0,0,163840,11,9041817357
4635,38952421,80558957,119511378,3,0,1,11264,7,4280080308
4636,38953240,41599377,80552617,3,0,0,14336,7,3484727021
4637,38962140,80619208,119581348,5,0,1,65024,10,10084784539
4638,38970110,80613241,119583351,0,0,1,3584,13,10240533122
4639,38974120,80611497,119585617,1,0,1,3584,17,8555061889
4640,38978380,80610783,119589163,1,0,1,5632,17,5342001697
4641,38980190,80630102,119610292,1,0,1,3584,17,1451393537
4642,38998010,80612305,119610315,5,0,1,1024,10,1067635752
4643,39013530,80596808,119610338,0,0,1,2560,13,10563375012
4644,39035840,80574521,119610361,5,0,1,18944,10,1652498744
4645,39045200,80594270,119639470,8,0,1,3072,3,463616679
4646,39056200,41490123,80546323,9,0,0,1024,16,8386857818
4647,39056700,41667698,80724398,6,0,0,24064,7,2738567409
4648,39058430,42848287,81906717,3,0,0,27648,7,5279546293
4649,39058640,41585044,80643684,0,0,0,16896,13,3935603458
4650,39098260,80608248,119706508,4,0,1,20480,6,1056334109
4651,39103799,80602732,119706531,6,0,1,2048,7,9794896488
4652,39109780,41719347,80829127,8,0,0,29696,3,4447336438
4653,39116540,80590014,119706554,5,0,1,8192,10,1607319588
4654,39145990,41764707,80910697,9,0,0,38912,16,529968940
4655,39146070,41773698,80919768,8,0,0,29696,3,768921434
4656,39149500,41749318,80898818,8,0,0,18432,3,624780548
4657,39158040,80805086,119963126,9,0,1,99328,16,5269401870
4658,39158339,41960794,81119133,1,0,0,55808,17,4179530945
4659,39180090,41704018,80884108,2,0,0,36352,11,6621025192
4660,39183900,41797971,80981871,2,0,0,9728,11,1444519097
4661,39191899,80778449,119970348,6,0,1,23040,7,6100517068
4662,39223600,41596456,80820056,2,0,0,5632,11,9548582278
4663,39234940,80765477,120000417,4,0,1,1024,6,6056809800
4664,39237361,80763079,120000440,2,0,1,6656,11,970162691
4665,39243829,42500067,81743896,1,0,0,90112,17,948479494
4666,39262260,80743995,120006255,4,0,1,18944,6,9423046334
4667,39278970,42074001,81352971,0,0,0,81408,13,4848161537
4668,39283680,42218181,81501861,8,0,0,48640,3,4769791528
4669,39337020,41963333,81300353,9,0,0,14848,16,10282075449
4670,39353310,41686340,81039650,2,0,0,24576,11,3824584285
4671,39355770,41901446,81257216,0,0,0,18944,13,5416304287
4672,39357440,42855829,82213269,3,0,0,38400,7,2781528764
4673,39369990,42000256,81370246,4,0,0,56320,6,10290219182
4674,39379109,41743323,81122432,1,0,0,10752,17,4253626702
4675,39402590,42018031,81420621,3,0,0,100352,7,7688884646
4676,39410590,42526452,81937042,6,0,0,32256,7,3064659845
4677,39423020,41872786,81295806,2,0,0,56832,11,9514247688
4678,39427890,42147513,81575403,8,0,0,35328,3,130961648
4679,39434750,80574411,120009161,0,0,1,4608,13,10079316422
4680,39435600,42208506,81644106,9,0,0,46080,16,5231606994
4681,39453820,42443921,81897741,8,0,0,7168,3,10110163374
4682,39462890,42070529,81533419,2,0,0,103424,11,4309614932
4683,39475819,80533688,120009507,6,0,1,512,7,6241445199
4684,39478830,80590199,120069029,4,0,1,41984,6,7354915385
4685,39520891,80548161,120069052,8,0,1,8704,3,1875804039
4686,39525170,41954025,81479195,7,0,0,47104,2,1410397289
4687,39540870,41845100,81385970,3,0,0,10240,7,9134164312
4688,39548450,41916370,81464820,2,0,0,13312,11,10620627950
4689,39553739,42851441,82405180,1,0,0,18944,17,4779131836
4690,39560199,80518563,120078762,6,0,1,15872,7,7045513929
4691,39560990,80524790,120085780,1,0,1,4096,17,5934554492
4692,39562580,42099973,81662553,0,0,0,7680,13,3079846121
4693,39571320,41865126,81436446,7,0,0,3584,2,1134106441
4694,39579410,80512220,120091630,4,0,1,27648,6,7507188857
4695,39587150,42037446,81624596,7,0,0,15872,2,2882620758
4696,39589230,42370299,81959529,2,0,0,48640,11,6041122693
4697,39593010,80707792,120300802,0,0,1,71168,13,6088863369
4698,39597289,43341035,82938324,1,0,0,138752,17,2821106538
4699,39642540,42060870,81703410,8,0,0,39424,3,9695856637
4700,39653310,42536449,82189759,7,0,0,4608,2,7025268237
4701,39662740,81957122,121619862,9,0,1,339968,16,7191608595
4702,39682350,42290383,81972733,8,0,0,14336,3,549032207
4703,39683910,43119962,82803872,6,0,0,850944,7,6995852547
4704,39693610,81926275,121619885,7,0,1,8192,2,8836618104
4705,39726100,42289079,82015179,0,0,0,18432,13,8465574014
4706,39731680,81888472,121620152,7,0,1,512,2,5162717325
4707,39743790,42586765,82330555,9,0,0,90112,16,5093580379
4708,39755500,42519382,82274882,7,0,0,24576,2,5207232524
4709,39762750,42763460,82526210,0,0,0,55296,13,3863714805
4710,39781350,43114652,82896002,7,0,0,152064,2,1649429562
4711,39794560,43182833,82977393,2,0,0,67072,11,7187680541
4712,39805339,42734177,82539516,1,0,0,38912,17,6768377586
4713,39823200,42671764,82494964,2,0,0,17408,11,2619677431
4714,39827180,81793318,121620498,1,0,1,512,17,7224287734
4715,39841390,42298809,82140199,6,0,0,48640,7,9234463998
4716,39847750,42159461,82007211,2,0,0,22528,11,9224860584
4717,39852820,43208505,83061325,2,0,0,89600,11,6727154709
4718,39871751,81749106,121620857,3,0,1,9728,7,8169902626
4719,39872170,81769143,121641313,1,0,1,25600,17,6415794788
4720,39884080,42643557,82527637,2,0,0,4608,11,5240483451
4721,39906460,81894653,121801113,5,0,1,68096,10,5788699145
4722,39909170,42938490,82847660,9,0,0,43008,16,4714164158
4723,39913660,42543819,82457479,4,0,0,73728,6,4563897663
4724,39914951,82037871,121952822,2,0,1,128000,11,10121529865
4725,39916010,42593329,82509339,9,0,0,47104,16,6835740573
4726,39918430,42499344,82417774,2,0,0,35328,11,1618075833
4727,39923020,42539786,82462806,2,0,0,17408,11,6470191400
4728,39935000,42303856,82238856,6,0,0,2048,7,137368559
4729,39937800,42140988,82078788,9,0,0,13312,16,7349086429
4730,39942290,82010555,121952845,0,0,1,10752,13,9854433414
4731,39942340,82010528,121952868,4,0,1,4608,6,1745694416
4732,39946340,82215275,122161615,9,0,1,29184,16,10424338400
4733,39948469,82213169,122161638,6,0,1,26112,7,4807261542
4734,39950180,43039450,82989630,2,0,0,39936,11,8097912162
4735,39964209,42870301,82834510,5,0,0,70656,10,8383836877
4736,39972740,42516897,82489637,2,0,0,48128,11,9240013094
4737,39976799,42980135,82956934,1,0,0,60928,17,1635836032
4738,39982900,82178761,122161661,5,0,1,8192,10,5363912259
4739,39994599,43151353,83145952,5,0,0,20480,10,3166016197
4740,40001840,43164883,83166723,2,0,0,68096,11,883411265
4741,40003000,42541554,82544554,7,0,0,16384,2,10405074927
4742,40007600,82220655,122228255,5,0,1,75264,10,5457214746
4743,40023890,42789053,82812943,9,0,0,29696,16,5410084923
4744,40031150,42961163,82992313,4,0,0,8704,6,6245763039
4745,40035050,42992346,83027396,7,0,0,31232,2,6239658312
4746,40043990,43024066,83068056,8,0,0,22016,3,7850885514
4747,40046330,82181948,122228278,1,0,1,1536,17,10100306441
4748,40048830,42800725,82849555,0,0,0,6144,13,4629111332
4749,40057690,82170611,122228301,1,0,1,2560,17,9954591286
4750,40058700,43070826,83129526,8,0,0,30208,3,7500024161
4751,40060500,43049768,83110268,2,0,0,29184,11,9374600560
4752,40089060,42944934,83033994,6,0,0,21504,7,4829565536
4753,40090560,42911448,83002008,0,0,0,31744,13,5977968975
4754,40093601,82619012,122712613,2,0,1,365568,11,6687998325
4755,40105740,43014543,83120283,4,0,0,32768,6,10083737083
4756,40110670,82601966,122712636,7,0,1,9216,2,1093816057
4757,40113510,42897569,83011079,3,0,0,29696,7,6735536765
4758,40132210,43081311,83213521,0,0,0,80896,13,1082689180
4759,40136580,43120674,83257254,6,0,0,1024,7,445982347
4760,40141650,43132286,83273936,9,0,0,7168,16,3146033769
4761,40147501,82565158,122712659,2,0,1,4096,11,6768007286
4762,40155610,42932616,83088226,7,0,0,66048,2,6405234404
4763,40157810,43027413,83185223,7,0,0,31744,2,4538294911
4764,40166600,43090319,83256919,0,0,0,127488,13,9612806284
4765,40205500,42812341,83017841,3,0,0,22016,7,10465137389
4766,40212800,82499882,122712682,1,0,1,12800,17,2563797751
4767,40215680,43299619,83515299,2,0,0,22016,11,68086381
4768,40217799,42971051,83188850,5,0,0,11776,10,2230764577
4769,40218049,42883304,83101353,5,0,0,43008,10,5017713055
4770,40220710,43349183,83569893,9,0,0,28672,16,118260314
4771,40251240,82497118,122748358,8,0,1,28672,3,4638384488
4772,40259220,82489161,122748381,4,0,1,13312,6,7509225756
4773,40260079,42879610,83139689,5,0,0,33280,10,986760243
4774,40266900,83557313,123824213,9,0,1,343040,16,8416454532
4775,40268279,43350839,83619118,1,0,0,32768,17,4158742142
4776,40273230,42902275,83175505,8,0,0,28672,3,1115312158
4777,40278380,43677391,83955771,4,0,0,46592,6,8804832915
4778,40286489,43370361,83656850,1,0,0,39936,17,7064281395
4779,40292241,83536158,123828399,3,0,1,6656,7,8203966300
4780,40308010,83583978,123891988,1,0,1,20992,17,7712582669
4781,40325259,43025832,83351091,5,0,0,34816,10,6818734210
4782,40335910,42991144,83327054,9,0,0,3584,16,2919488589
4783,40340950,43035977,83376927,2,0,0,43008,11,394186193
4784,40347520,42978396,83325916,4,0,0,10240,6,5274769950
4785,40348860,43156095,83504955,9,0,0,109056,16,1867363567
4786,40352650,43292009,83644659,2,0,0,46080,11,3881100871
4787,40357890,42964883,83322773,8,0,0,12800,3,905577995
4788,40360020,83531991,123892011,4,0,1,4096,6,4673846938
4789,40382130,42980684,83362814,4,0,0,38400,6,2394303964
4790,40391990,43958604,84350594,4,0,0,148480,6,7426321777
4791,40395159,83496875,123892034,6,0,1,4608,7,6700610734
4792,40398080,83493977,123892057,0,0,1,6656,13,3070711319
4793,40405609,43423819,83829428,5,0,0,26112,10,9748227407
4794,40408060,43326910,83734970,0,0,0,17408,13,4890656376
4795,40414449,44061029,84475478,5,0,0,69120,10,7467160603
4796,40421700,43336922,83758622,7,0,0,12288,2,4530334646
4797,40434189,43627948,84062137,1,0,0,72704,17,10134269457
4798,40444850,83496759,123941609,1,0,1,17408,17,10548809247
4799,40451930,43713269,84165199,0,0,0,127488,13,3643400025
4800,40458220,83483412,123941632,4,0,1,6144,6,10585965775
4801,40469340,43285515,83754855,9,0,0,46592,16,3047942390
4802,40473979,43415521,83889500,5,0,0,67584,10,2907692317
4803,40484520,42831276,83315796,3,0,0,3584,7,9838849504
4804,40486880,43112220,83599100,4,0,0,7680,6,9420519715
4805,40494840,83446815,123941655,5,0,1,2560,10,6780403847
4806,40500400,44152960,84653360,9,0,0,31744,16,864272722
4807,40510850,43064537,83575387,2,0,0,2560,11,10709566491
4808,40546009,43228696,83774705,5,0,0,24576,10,2737069783
4809,40550640,83391038,123941678,8,0,1,5632,3,6872684876
4810,40557359,43284153,83841512,1,0,0,15360,17,10024168263
4811,40558219,43171424,83729643,5,0,0,9216,10,10714228429
4812,40563080,43011504,83574584,0,0,0,3584,13,2883503223
4813,40563960,44449340,85013300,7,0,0,101888,2,134172804
4814,40568960,43356949,83925909,9,0,0,92672,16,6904055365
4815,40572120,43446135,84018255,7,0,0,39936,2,6236162873
4816,40588790,42852938,83441728,9,0,0,11264,16,9694931880
4817,40593321,83348380,123941701,3,0,1,6144,7,10680790821
4818,40597340,44252805,84850145,0,0,0,97792,13,8842160516
4819,40622330,43040783,83663113,4,0,0,20480,6,3141665780
4820,40630690,44237932,84868622,3,0,0,47104,7,545062152
4821,40644391,83327353,123971744,2,0,1,11776,11,7934499652
4822,40676940,83314951,123991891,0,0,1,17920,13,6076690193
4823,40689520,42932897,83622417,3,0,0,10752,7,7087269171
4824,40695080,83317388,124012468,7,0,1,3072,2,4954173238
4825,40704571,83333198,124037769,8,0,1,17920,3,10639235291
4826,40716080,43713042,84429122,4,0,0,70144,6,6413449513
4827,40721340,43404992,84126332,2,0,0,10240,11,1433206887
4828,40738960,43485017,84223977,7,0,0,30208,2,2163183805
4829,40740089,43895319,84635408,1,0,0,36352,17,703639912
4830,40741440,43662044,84403484,7,0,0,3072,2,3245141874
4831,40753410,42985335,83738745,4,0,0,12288,6,304386979
4832,40774130,43094755,83868885,9,0,0,51712,16,5700314339
4833,40785001,83255763,124040764,3,0,1,6144,7,6587753196
4834,40786010,43307529,84093539,3,0,0,93696,7,273516305
4835,40788620,43171303,83959923,8,0,0,1536,3,3879004898
4836,40792370,43201148,83993518,8,0,0,52224,3,8940859552
4837,40792720,43272248,84064968,4,0,0,9216,6,5249419977
4838,40800660,43239302,84039962,7,0,0,71168,2,4133081251
4839,40805080,43799344,84604424,4,0,0,32256,6,2280720716
4840,40810430,43693476,84503906,4,0,0,91648,6,3658075846
4841,40815059,43282411,84097470,5,0,0,12800,10,3308538333
4842,40821150,43456484,84277634,3,0,0,101888,7,7777718746
4843,40840390,43541676,84382066,3,0,0,68096,7,9189578437
4844,40841410,43771552,84612962,8,0,0,10240,3,7004296222
4845,40843310,44251285,85094595,9,0,0,8704,16,9477666101
4846,40854700,83293177,124147877,1,0,1,17920,17,4523958816
4847,40863550,83284891,124148441,5,0,1,10752,10,4347526235
4848,40868420,83326628,124195048,0,0,1,20992,13,1422080814
4849,40917920,43849734,84767654,7,0,0,47616,2,4247099947
4850,40927480,43475045,84402525,4,0,0,67072,6,391690100
4851,40936710,43883616,84820326,7,0,0,48640,2,7970002887
4852,40940300,83795291,124735591,9,0,1,144896,16,4874023051
4853,40947820,43764999,84712819,0,0,0,195072,13,5743227890
4854,40948111,83831595,124779706,2,0,1,34304,11,4198277907
4855,40953221,83826508,124779729,2,0,1,512,11,8577192157
4856,40958200,43972625,84930825,4,0,0,90112,6,2460572938
4857,40965940,43912533,84878473,9,0,0,32256,16,826876902
4858,40968930,43438797,84407727,7,0,0,13824,2,3858622128
4859,40975691,83819730,124795421,3,0,1,30208,7,5233941908
4860,40977900,43802257,84780157,7,0,0,40960,2,1101714851
4861,40982670,43802658,84785328,9,0,0,16896,16,10201722148
4862,40984830,43869417,84854247,8,0,0,12800,3,4225132623
4863,40986749,43818734,84805483,1,0,0,66048,17,6357171638
4864,40989869,44039757,85029626,1,0,0,6144,17,8557254792
4865,40997720,83851746,124849466,8,0,1,20480,3,7437231685
4866,41000800,43941748,84942548,7,0,0,38400,2,9379060863
4867,41007420,83842069,124849489,9,0,1,33280,16,7730119539
4868,41012440,44271995,85284435,4,0,0,364032,6,6107476941
4869,41014480,43967753,84982233,2,0,0,47104,11,7610583313
4870,41019809,43714155,84733964,1,0,0,24064,17,702640970
4871,41024059,83825453,124849512,6,0,1,24064,7,3026131588
4872,41027140,83822395,124849535,0,0,1,1536,13,751488836
4873,41027890,44064030,85091920,9,0,0,115712,16,7278209684
4874,41037880,43504170,84542050,8,0,0,6144,3,10303346181
4875,41041249,83808309,124849558,6,0,1,1024,7,4776950346
4876,41050630,43896731,84947361,9,0,0,13312,16,7198179426
4877,41074841,83774740,124849581,3,0,1,2048,7,7660441920
4878,41084620,83764984,124849604,1,0,1,512,17,5817015704
4879,41090410,44011297,85101707,0,0,0,23040,13,4562699535
4880,41094051,83784701,124878752,8,0,1,60928,3,3210849246
4881,41102210,43748114,84850324,9,0,0,512,16,3421888288
4882,41109130,83769645,124878775,4,0,1,9216,6,6947096180
4883,41117490,44291960,85409450,3,0,0,85504,7,3841970594
4884,41117910,83780807,124898717,1,0,1,32256,17,6512137426
4885,41130690,83770933,124901623,8,0,1,4608,3,9847778431
4886,41141759,44241616,85383375,5,0,0,88064,10,5418272366
4887,41146690,83771534,124918224,4,0,1,6144,6,9668454840
4888,41148760,44290358,85439118,8,0,0,32768,3,9740322827
4889,41148970,83781290,124930260,0,0,1,5632,13,9998791580
4890,41151060,83779223,124930283,5,0,1,12288,10,9650399261
4891,41152191,83778115,124930306,2,0,1,2048,11,2874461544
4892,41161669,44341275,85502944,1,0,0,22016,17,6774899780
4893,41183790,44125830,85309620,7,0,0,41984,2,2441371358
4894,41219310,44122336,85341646,8,0,0,15360,3,2340526094
4895,41226760,44067838,85294598,3,0,0,33280,7,7078485235
4896,41229190,43941495,85170685,8,0,0,6144,3,7769874323
4897,41238139,44309454,85547593,1,0,0,7680,17,8781517907
4898,41250650,44086293,85336943,7,0,0,89600,2,5018107885
4899,41254169,44174942,85429111,1,0,0,56320,17,8910716499
4900,41256280,44757998,86014278,3,0,0,71168,7,9571205122
4901,41275380,44251509,85526889,4,0,0,23552,6,2452070549
4902,41294040,44053401,85347441,0,0,0,18944,13,1526695380
4903,41298149,83664299,124962448,6,0,1,25600,7,10453425958
4904,41346730,44334405,85681135,9,0,0,20480,16,3113857290
4905,41353860,44186499,85540359,7,0,0,9728,2,3320228967
4906,41354170,44110040,85464210,3,0,0,42496,7,3248376277
4907,41357260,44180104,85537364,9,0,0,34304,16,7777768811
4908,41359009,43997511,85356520,5,0,0,29696,10,848239525
4909,41364179,44252517,85616696,1,0,0,13312,17,5858792691
4910,41364289,44131924,85496213,1,0,0,104960,17,5490978697
4911,41367249,44151318,85518567,1,0,0,51200,17,6851739152
4912,41368079,43928726,85296805,5,0,0,7168,10,10642119890
4913,41369960,44400583,85770543,2,0,0,47104,11,843636496
4914,41373890,44779811,86153701,4,0,0,55808,6,8982064066
4915,41381700,83880220,125261920,0,0,1,63488,13,6857668605
4916,41388940,44021001,85409941,9,0,0,1536,16,2243346038
4917,41401650,44332035,85733685,2,0,0,80384,11,5999133621
4918,41415591,84241103,125656694,2,0,1,23040,11,10370746258
4919,41423920,84277202,125701122,0,0,1,29696,13,5989797466
4920,41433340,44086342,85519682,2,0,0,3584,11,6476391542
4921,41459470,84291067,125750537,4,0,1,33792,6,3805763758
4922,41471860,44463287,85935147,9,0,0,264704,16,1253843067
4923,41472189,84865846,126338035,6,0,1,65536,7,9141676227
4924,41483860,44645124,86128984,7,0,0,38400,2,9241159440
4925,41484450,44478850,85963300,8,0,0,31744,3,9788076402
4926,41497400,44880024,86377424,7,0,0,270336,2,6928215626
4927,41504550,84981914,126486464,4,0,1,4608,6,1103583912
4928,41505080,44944418,86449498,8,0,0,33792,3,8534258368
4929,41513110,44604151,86117261,9,0,0,49664,16,10535819594
4930,41515429,44547779,86063208,1,0,0,19968,17,456790363
4931,41516829,44642979,86159808,1,0,0,19968,17,2732894444
4932,41518970,44876417,86395387,2,0,0,58880,11,2525949952
4933,41541750,84972382,126514132,1,0,1,23552,17,5334422519
4934,41544779,44390547,85935326,5,0,0,512,10,10686310741
4935,41547740,44662128,86209868,2,0,0,67584,11,4098856655
4936,41547820,85071840,126619660,5,0,1,28160,10,6236727363
4937,41564160,44711175,86275335,3,0,0,23040,7,7519694906
4938,41566360,44415272,85981632,2,0,0,56832,11,6738236766
4939,41572620,45119714,86692334,8,0,0,90624,3,6550269678
4940,41581850,85192815,126774665,4,0,1,21504,6,4693334685
4941,41582360,44999980,86582340,2,0,0,9216,11,5622372560
4942,41582420,44401887,85984307,8,0,0,8704,3,3779297721
4943,41583920,44552575,86136495,3,0,0,24576,7,295149748
4944,41584329,45051950,86636279,1,0,0,8192,17,6823813603
4945,41596380,44983129,86579509,9,0,0,28160,16,6360679264
4946,41599939,45718627,87318566,1,0,0,281088,17,9890955507
4947,41613169,44523505,86136674,5,0,0,512,10,6749937628
4948,41626329,44769393,86395722,1,0,0,1024,17,567991683
4949,41629279,44788023,86417302,5,0,0,22016,10,6399873281
4950,41641930,45516886,87158816,3,0,0,156160,7,10400325088
4951,41654660,44754711,86409371,0,0,0,44544,13,7360659790
4952,41663580,85378650,127042230,9,0,1,79360,16,9454639451
4953,41664751,85377502,127042253,8,0,1,6144,3,247082424
4954,41665180,45233887,86899067,9,0,0,21504,16,3597440985
4955,41665230,45066274,86731504,3,0,0,39424,7,8442985617
4956,41681930,45073607,86755537,0,0,0,24576,13,6885513255
4957,41682700,44727825,86410525,3,0,0,3584,7,475959228
4958,41685780,44885126,86570906,7,0,0,108544,2,502187427
4959,41688200,44743550,86431750,4,0,0,11776,6,1165908662
4960,41689620,44772388,86462008,7,0,0,4096,2,440562598
4961,41707120,45218106,86925226,8,0,0,38912,3,10519042458
4962,41716230,85343229,127059459,0,0,1,25600,13,5427095667
4963,41733020,44762408,86495428,2,0,0,26112,11,6079683693
4964,41754019,85486136,127240155,6,0,1,171520,7,434790125
4965,41780570,85459608,127240178,4,0,1,8192,6,2484423971
4966,41791869,86093349,127885218,6,0,1,301056,7,7580717614
4967,41800180,44893893,86694073,4,0,0,5632,6,6294074013
4968,41816360,86144524,127960884,1,0,1,26112,17,10410862779
4969,41819779,86144681,127964460,6,0,1,46592,7,4716182069
4970,41820470,45687035,87507505,9,0,0,620032,16,4382494592
4971,41830480,86172817,128003297,0,0,1,43008,13,8929570976
4972,41850830,45016801,86867631,8,0,0,6144,3,3326875533
4973,41863399,45667084,87530483,1,0,0,47616,17,5201211627
4974,41866039,45013256,86879295,1,0,0,4096,17,4777769349
4975,41880579,45050978,86931557,1,0,0,2048,17,564902767
4976,41883110,45301024,87184134,7,0,0,68096,2,7323392684
4977,41885539,45799211,87684750,5,0,0,3584,10,5586101950
4978,41885710,45932720,87818430,9,0,0,5120,16,9746160356
4979,41886040,45039833,86925873,3,0,0,2048,7,351195743
4980,41889609,45330728,87220337,1,0,0,14848,17,759739567
4981,41890220,45673233,87563453,2,0,0,36864,11,2688754119
4982,41890670,45127140,87017810,7,0,0,4608,2,5414887261
4983,41891290,86256213,128147503,0,0,1,1024,13,9612942782
4984,41892819,45308670,87201489,5,0,0,56832,10,7995251111
4985,41900949,45171489,87072438,1,0,0,28672,17,7656594051
4986,41905871,86320434,128226305,2,0,1,40960,11,5169186993
4987,41908860,45719898,87628758,2,0,0,90624,11,4479860805
4988,41918850,45831847,87750697,3,0,0,26624,7,7002576336
4989,41919980,86332956,128252936,0,0,1,20480,13,4138180816
4990,41929030,45128302,87057332,4,0,0,28160,6,4166409507
4991,41930590,45073334,87003924,3,0,0,1536,7,3107276173
4992,41932020,45231343,87163363,3,0,0,14848,7,10141517864
4993,41937270,45836170,87773440,9,0,0,62464,16,6879332221
4994,41941719,45610471,87552190,1,0,0,71168,17,9614414411
4995,41953479,46106831,88060310,5,0,0,249344,10,5145149526
4996,41959750,46024565,87984315,8,0,0,56832,3,6471480172
4997,41982160,45224991,87207151,9,0,0,7168,16,8471844771
4998,41994870,45759461,87754331,4,0,0,11776,6,7836446528
4999,41995080,46077015,88072095,3,0,0,20480,7,9073227952
5000,42003800,45201144,87204944,9,0,0,11264,16,10531128543
5001,42030611,86252590,128283201,2,0,1,16896,11,901322947
5002,42033980,45779794,87813774,2,0,0,63488,11,255304224
5003,42057780,86287876,128345656,7,0,1,41472,2,10573548814
5004,42064660,45618975,87683635,8,0,0,123392,3,4879717649
5005,42069959,45502877,87572836,5,0,0,30720,10,26779891
5006,42073179,45507324,87580503,5,0,0,25088,10,1761794527
5007,42076370,45878571,87954941,3,0,0,158208,7,3072754239
5008,42095290,86259148,128354438,0,0,1,5632,13,7524438763
5009,42117030,45398922,87515952,0,0,0,27648,13,2404698661
5010,42121050,45621489,87742539,2,0,0,63488,11,9552449093
5011,42123881,86239971,128363852,3,0,1,18432,7,1434915984
5012,42131970,86318156,128450126,9,0,1,22016,16,1791590737
5013,42132900,46007393,88140293,8,0,0,4096,3,4452907258
5014,42133489,46005533,88139022,5,0,0,72192,10,1680272780
5015,42146310,45970693,88117003,7,0,0,88576,2,7926324119
5016,42149631,86312274,128461905,2,0,1,3072,11,92164877
5017,42154889,45812087,87966976,1,0,0,39424,17,2175181708
5018,42170890,46090457,88261347,8,0,0,83968,3,7935900895
5019,42177420,86331789,128509209,4,0,1,33792,6,1396296564
5020,42181240,46149627,88330867,8,0,0,52224,3,6863638116
5021,42183650,45524361,87708011,9,0,0,12288,16,10311050441
5022,42183810,45703584,87887394,7,0,0,54272,2,1157553011
5023,42198930,46020487,88219417,4,0,0,40448,6,8383829941
5024,42215429,46057820,88273249,1,0,0,22528,17,516731637
5025,42233980,46139677,88373657,0,0,0,133120,13,7091395616
5026,42243079,45939377,88182456,1,0,0,55296,17,4757903151
5027,42248310,86386439,128634749,5,0,1,22016,10,6238285719
5028,42252199,46291531,88543730,1,0,0,93184,17,9197430646
5029,42257701,86377071,128634772,3,0,1,2048,7,8295252885
5030,42257729,46128766,88386495,5,0,0,6656,10,7677128167
5031,42284351,86350444,128634795,2,0,1,1536,11,1280962921
5032,42286010,45948920,88234930,7,0,0,17920,2,9863614629
5033,42287100,45900215,88187315,7,0,0,15872,2,546255476
5034,42295290,46340582,88635872,7,0,0,16384,2,1165155261
5035,42310880,86323938,128634818,1,0,1,1024,17,3604759944
5036,42319659,45770093,88089752,5,0,0,40448,10,4485675531
5037,42348460,45717372,88065832,3,0,0,9216,7,3522805995
5038,42361130,86277322,128638452,7,0,1,18432,2,3451128635
5039,42369869,45859578,88229447,5,0,0,12288,10,5627231060
5040,42378030,86260445,128638475,0,0,1,16384,13,2114143260
5041,42388099,45674902,88063001,5,0,0,8704,10,1296604204
5042,42398460,45985984,88384444,4,0,0,35328,6,8896580747
5043,42400989,45764596,88165585,5,0,0,25088,10,7576156587
5044,42404821,86247272,128652093,3,0,1,21504,7,8382803901
5045,42417750,86234374,128652124,5,0,1,2560,10,309266878
5046,42444979,45780701,88225680,1,0,0,20480,17,2934509832
5047,42454260,46189668,88643928,8,0,0,2560,3,4461919380
5048,42463500,45802862,88266362,3,0,0,16384,7,1341743733
5049,42465830,45867244,88333074,3,0,0,7168,7,8255304054
5050,42469810,46110729,88580539,7,0,0,43520,2,5630077194
5051,42494510,86157637,128652147,4,0,1,2560,6,4274665723
5052,42499380,45892450,88391830,7,0,0,17408,2,3341674615
5053,42541500,46301007,88842507,8,0,0,3584,3,9755287458
5054,42542050,46040457,88582507,9,0,0,4608,16,6301392638
5055,42551879,45910618,88462497,5,0,0,111104,10,1486589491
5056,42553780,46203250,88757030,3,0,0,34816,7,1273073584
5057,42560060,86092110,128652170,7,0,1,4608,2,4838637535
5058,42562110,46330442,88892552,3,0,0,4608,7,2939865537
5059,42564160,87203711,129767871,9,0,1,226816,16,6190637119
5060,42566830,46439615,89006445,8,0,0,202752,3,5447465108
5061,42567759,87816197,130383956,6,0,1,184832,7,9006049159
5062,42568780,46169095,88737875,7,0,0,11776,2,7814141729
5063,42571210,88467626,131038836,9,0,1,301056,16,4563056446
5064,42573960,46226634,88800594,0,0,0,55808,13,1180919120
5065,42576980,46434971,89011951,0,0,0,17920,13,9777877957
5066,42583400,46473330,89056730,8,0,0,58368,3,908814441
5067,42589019,46517149,89106168,5,0,0,136704,10,6020597076
5068,42593230,46690578,89283808,8,0,0,116736,3,9014758185
5069,42599580,46833151,89432731,4,0,0,4096,6,1814458932
5070,42602850,46299087,88901937,2,0,0,26112,11,6952051839
5071,42605981,88804738,131410719,3,0,1,3072,7,3603720336
5072,42608830,46554008,89162838,4,0,0,29184,6,1949590159
5073,42630019,46104245,88734264,5,0,0,39424,10,682860996
5074,42632539,46135686,88768225,5,0,0,6144,10,6113531681
5075,42639750,46420747,89060497,0,0,0,12288,13,819143330
5076,42652070,46251450,88903520,0,0,0,5120,13,4270240372
5077,42654910,46575110,89230020,8,0,0,1536,3,9663753853
5078,42658649,46730916,89389565,1,0,0,78848,17,7832742627
5079,42675269,88735473,131410742,6,0,1,46592,7,4940797874
5080,42675700,46889205,89564905,9,0,0,169984,16,5980900668
5081,42678310,88739966,131418276,7,0,1,48640,2,7662275139
5082,42679749,46449638,89129387,5,0,0,11264,10,10286048722
5083,42685150,46341800,89026950,8,0,0,49152,3,6087167141
5084,42694640,88723659,131418299,8,0,1,3584,3,6050259551
5085,42734310,88980572,131714882,9,0,1,349696,16,9187146801
5086,42736511,88978394,131714905,3,0,1,33792,7,9849207085
5087,42737040,46376327,89113367,2,0,0,23552,11,8220454751
5088,42737100,88977836,131714936,5,0,1,6144,10,4388522526
5089,42787030,88927929,131714959,8,0,1,31232,3,492050507
5090,42789990,46575505,89365495,9,0,0,146432,16,6390822205
5091,42790451,88924531,131714982,3,0,1,2560,7,5751548430
5092,42795590,47054391,89849981,4,0,0,1536,6,5765019068
5093,42803870,46771354,89575224,9,0,0,33792,16,2520772404
5094,42807360,46253339,89060699,4,0,0,512,6,7749882096
5095,42820849,88894156,131715005,6,0,1,8704,7,1131863549
5096,42821440,46908777,89730217,4,0,0,65024,6,7835054749
5097,42821780,46922546,89744326,3,0,0,9216,7,825867800
5098,42836679,46307671,89144350,5,0,0,14336,10,7187352352
5099,42841540,47141133,89982673,2,0,0,4096,11,5039798679
5100,42859260,46349801,89209061,3,0,0,6144,7,4292499324
5101,42861529,47456904,90318433,5,0,0,19968,10,3387490446
5102,42870910,88844118,131715028,7,0,1,12288,2,10377832475
5103,42889330,47056995,89946325,2,0,0,154624,11,2645675647
5104,42892389,47228098,90120487,1,0,0,36864,17,907084638
5105,42893440,46393823,89287263,9,0,0,11264,16,56749265
5106,42898260,46714782,89613042,4,0,0,18944,6,685929182
5107,42899640,46549849,89449489,7,0,0,2560,2,7870336152
5108,42900940,46541528,89442468,2,0,0,9728,11,4853023464
5109,42915040,88800011,131715051,0,0,1,6656,13,4746695759
5110,42927820,47586816,90514636,0,0,0,66048,13,8988781420
5111,42929891,88834346,131764237,2,0,1,6656,11,7145630381
5112,42931769,46370605,89302374,5,0,0,14848,10,5102800098
5113,42942479,46798993,89741472,5,0,0,36864,10,3716415763
5114,42963070,47178045,90141115,8,0,0,2560,3,4075511189
5115,42964210,46633455,89597665,4,0,0,44032,6,5242389011
5116,42970511,88793749,131764260,2,0,1,34304,11,6602850383
5117,42974630,46715544,89690174,2,0,0,7680,11,726529415
5118,42998640,47054163,90052803,7,0,0,124928,2,237040948
5119,43000450,46898740,89899190,2,0,0,4608,11,7859642562
5120,43002360,46776385,89778745,0,0,0,62976,13,5752887965
5121,43012790,88821747,131834537,7,0,1,13824,2,1625632426
5122,43019230,47121082,90140312,2,0,0,46080,11,10714489543
5123,43025250,46933445,89958695,2,0,0,25600,11,4556202445
5124,43041990,46855773,89897763,2,0,0,119296,11,5175463457
5125,43043280,46749518,89792798,4,0,0,30720,6,9034154789
5126,43052139,47222496,90274635,1,0,0,34816,17,2394499133
5127,43058589,88776011,131834600,6,0,1,45056,7,4332526705
5128,43066990,46782500,89849490,8,0,0,81920,3,2577522525
5129,43071380,88764054,131835434,0,0,1,38912,13,1435856797
5130,43076430,88759027,131835457,4,0,1,2560,6,2016368425
5131,43081231,88754249,131835480,3,0,1,13824,7,299022648
5132,43082880,88752623,131835503,5,0,1,512,10,5075618059
5133,43087790,46773602,89861392,4,0,0,37376,6,3680309118
5134,43092789,46871233,89964022,1,0,0,17408,17,327337187
5135,43092950,46894114,89987064,9,0,0,14336,16,10228650241
5136,43093280,46967369,90060649,3,0,0,21504,7,5556437129
5137,43106039,47651130,90757169,5,0,0,59392,10,10390793266
5138,43106079,88729447,131835526,6,0,1,3072,7,2750238429
5139,43140970,88694579,131835549,8,0,1,45568,3,10438410165
5140,43175710,47027120,90202830,9,0,0,79872,16,9443452890
5141,43195260,47452909,90648169,0,0,0,113664,13,1244903243
5142,43215220,47558375,90773595,9,0,0,46080,16,6184124985
5143,43226059,46724813,89950872,1,0,0,14848,17,9182786718
5144,43228079,46825995,90054074,5,0,0,4096,10,349923687
5145,43229660,46879115,90108775,3,0,0,28672,7,8682102428
5146,43230430,46565355,89795785,3,0,0,9728,7,10211226907
5147,43230770,46734679,89965449,4,0,0,4608,6,3726219778
5148,43231920,47218075,90449995,7,0,0,62464,2,161964658
5149,43232480,88672714,131905194,5,0,1,28160,10,7906151234
5150,43236030,88669187,131905217,4,0,1,10240,6,10703587691
5151,43254380,47801333,91055713,0,0,0,645632,13,10689698426
5152,43266580,47346934,90613514,0,0,0,48128,13,2618899459
5153,43266999,47565634,90832633,5,0,0,65024,10,6538295539
5154,43282930,88622310,131905240,5,0,1,10240,10,8614819228
5155,43288400,47283435,90571835,2,0,0,13824,11,1301901266
5156,43290450,47835647,91126097,4,0,0,5120,6,4761007157
5157,43296410,88608853,131905263,7,0,1,10752,2,7221892444
5158,43302099,88621656,131923755,6,0,1,46592,7,4078503944
5159,43308260,88616263,131924523,8,0,1,11776,3,3327914201
5160,43320610,46801772,90122382,0,0,0,6144,13,10249677318
5161,43326280,47067654,90393934,0,0,0,40960,13,3710107029
5162,43327310,47162632,90489942,3,0,0,47104,7,5531509525
5163,43329960,47164529,90494489,0,0,0,14848,13,8869842623
5164,43332610,47791881,91124491,9,0,0,115200,16,7236371020
5165,43341160,88967837,132308997,9,0,1,151040,16,4317633163
5166,43350590,47388437,90739027,3,0,0,71168,7,1725019766
5167,43351800,47215800,90567600,3,0,0,58880,7,9405253972
5168,43367520,47445278,90812798,3,0,0,79872,7,6250368149
5169,43369370,47390162,90759532,8,0,0,7680,3,882018159
5170,43385330,47449735,90835065,0,0,0,7680,13,7762351545
5171,43392049,46986239,90378288,1,0,0,49664,17,1697444853
5172,43393171,88948085,132341256,2,0,1,15872,11,7365493390
5173,43394219,88948663,132342882,6,0,1,2560,7,4532178803
5174,43397320,47685294,91082614,3,0,0,23552,7,9886983642
5175,43398221,89210937,132609158,3,0,1,67584,7,5549643524
5176,43399140,89218222,132617362,8,0,1,13312,3,9809573839
5177,43407319,47369575,90776894,1,0,0,10752,17,3985796396
5178,43418590,47362562,90781152,0,0,0,13824,13,7132668891
5179,43419369,47749385,91168754,1,0,0,52224,17,4444602743
5180,43427280,46954151,90381431,3,0,0,10240,7,6314907593
5181,43433140,89190828,132623968,0,0,1,7680,13,9070659779
5182,43459670,89164345,132624015,8,0,1,18944,3,8851400572
5183,43464289,47208418,90672707,1,0,0,79360,17,7869169568
5184,43469420,47807051,91276471,2,0,0,40960,11,8584788882
5185,43471449,47659039,91130488,5,0,0,14336,10,2234472541
5186,43480420,89143618,132624038,7,0,1,18432,2,1534365654
5187,43487089,47665730,91152819,1,0,0,73216,17,2445034353
5188,43493940,47589009,91082949,8,0,0,1024,3,10685181177
5189,43497280,47578112,91075392,3,0,0,64512,7,9279074041
5190,43509680,47579688,91089368,2,0,0,20992,11,4310513772
5191,43522240,47126264,90648504,2,0,0,1024,11,8399453315
5192,43522860,47657149,91180009,9,0,0,36864,16,2614542077
5193,43529381,89163498,132692879,3,0,1,9216,7,6466485545
5194,43540770,89193423,132734193,8,0,1,41984,3,967047328
5195,43549350,89264777,132814127,8,0,1,17920,3,6779500879
5196,43561250,47626442,91187692,8,0,0,25088,3,203704481
5197,43561489,89259602,132821091,6,0,1,5632,7,2032356654
5198,43561710,47963562,91525272,4,0,0,211968,6,2208282566
5199,43562710,89298365,132861075,8,0,1,5120,3,378099188
5200,43568390,47661574,91229964,3,0,0,44544,7,228757959
5201,43572480,47714484,91286964,9,0,0,14848,16,55384014
5202,43585960,89275138,132861098,4,0,1,512,6,9393215505
5203,43593470,48024825,91618295,9,0,0,41472,16,7029742804
5204,43593690,47777040,91370730,8,0,0,51712,3,4991082687
5205,43597169,48064407,91661576,5,0,0,113152,10,10503991131
5206,43609799,47813814,91423613,1,0,0,71168,17,982791128
5207,43612870,48211289,91824159,7,0,0,94720,2,9442188639
5208,43639979,47892344,91532323,1,0,0,23040,17,5664941556
5209,43644420,47651955,91296375,2,0,0,1024,11,1591907373
5210,43653560,48051632,91705192,7,0,0,36352,2,3925987487
5211,43664820,47782100,91446920,8,0,0,60416,3,5521303566
5212,43667839,47937797,91605636,1,0,0,153088,17,9149706399
5213,43672931,89394071,133067002,2,0,1,51200,11,4296201578
5214,43674550,48254795,91929345,4,0,0,15360,6,2238381796
5215,43682960,48005494,91688454,3,0,0,88064,7,1251754567
5216,43688740,48462559,92151299,2,0,0,58880,11,1443625402
5217,43693960,48096348,91790308,7,0,0,62976,2,8036081482
5218,43699670,48312817,92012487,4,0,0,50176,6,9773332951
5219,43700329,47754890,91455219,5,0,0,27136,10,9588380894
5220,43706170,48160389,91866559,8,0,0,26624,3,2689421388
5221,43718219,89606683,133324902,6,0,1,51712,7,569950709
5222,43719090,47829370,91548460,7,0,0,52736,2,279496956
5223,43725770,48178316,91904086,2,0,0,47104,11,7644866146
5224,43744470,47876188,91620658,8,0,0,7680,3,4227322586
5225,43760030,47867047,91627077,8,0,0,20992,3,3661110279
5226,43761720,89618316,133380036,5,0,1,16384,10,6964880572
5227,43785810,48206614,91992424,3,0,0,55296,7,62005795
5228,43794859,48043698,91838557,5,0,0,32768,10,10476394052
5229,43810630,48076019,91886649,3,0,0,16384,7,1001209059
5230,43814289,48438164,92252453,1,0,0,36864,17,1246727913
5231,43827260,89692386,133519646,5,0,1,31744,10,8439274594
5232,43839400,47989150,91828550,3,0,0,14336,7,7076037103
5233,43844819,47888985,91733804,5,0,0,36864,10,8697853970
5234,43853189,48688180,92541369,5,0,0,422912,10,389274398
5235,43869660,48061838,91931498,4,0,0,512,6,3988558976
5236,43872521,89647148,133519669,3,0,1,13312,7,1210894848
5237,43873940,47820153,91694093,2,0,0,18432,11,9021215864
5238,43877030,89674871,133551901,8,0,1,2560,3,7433125474
5239,43886700,47541304,91428004,4,0,0,14336,6,9142698090
5240,43892590,48021347,91913937,7,0,0,32256,2,512776001
5241,43918710,48196132,92114842,4,0,0,47616,6,8411506227
5242,43921870,48238500,92160370,2,0,0,29696,11,6063176208
5243,43932280,48239734,92172014,9,0,0,29696,16,7020102764
5244,43933480,48670512,92603992,7,0,0,83968,2,5025307600
5245,43940310,89664887,133605197,7,0,1,19456,2,229018247
5246,43964220,48198669,92162889,3,0,0,8192,7,5043847074
5247,43966810,89638410,133605220,8,0,1,3584,3,7636718053
5248,43968500,89731650,133700150,8,0,1,57344,3,6250797420
5249,43968860,48349047,92317907,7,0,0,33792,2,7855230904
5250,43977709,89733716,133711425,1,0,1,1536,17,4138397187
5251,43979370,48107441,92086811,3,0,0,64000,7,7414116303
5252,43988440,89730523,133718963,0,0,1,8192,13,3379030464
5253,43994979,48793174,92788153,5,0,0,12800,10,8343943368
5254,43999670,48762257,92761927,0,0,0,28672,13,1133655753
5255,44023480,48672111,92695591,2,0,0,131072,11,8722188834
5256,44031470,48546876,92578346,4,0,0,50176,6,1887693538
5257,44031970,47994054,92026024,2,0,0,2560,11,3617309091
5258,44032200,48598381,92630581,3,0,0,17920,7,2541927887
5259,44046869,48172380,92219249,1,0,0,23040,17,10723744870
5260,44050760,48176457,92227217,7,0,0,4096,2,4159810458
5261,44058370,48504018,92562388,9,0,0,61440,16,169877263
5262,44061011,89659258,133720269,3,0,1,2048,7,2697919940
5263,44068251,89680543,133748794,2,0,1,4608,11,2167973734
5264,44071460,48851638,92923098,4,0,0,23040,6,110867641
5265,44079390,89781802,133861192,9,0,1,32256,16,7393365510
5266,44085240,48653788,92739028,2,0,0,110080,11,9707916812
5267,44090200,48771935,92862135,0,0,0,9728,13,3793873693
5268,44097970,47920269,92018239,2,0,0,16896,11,2812215655
5269,44107599,89753616,133861215,6,0,1,1024,7,2913498123
5270,44128479,47988102,92116581,5,0,0,5632,10,2616303093
5271,44131429,48412170,92543599,1,0,0,7168,17,2429941466
5272,44153190,89708851,133862041,4,0,1,7680,6,8320282692
5273,44170040,48099148,92269188,2,0,0,8192,11,9672225405
5274,44189320,48818619,93007939,9,0,0,198656,16,2086576092
5275,44218800,48063119,92281919,2,0,0,1024,11,4023684016
5276,44221869,48403229,92625098,1,0,0,14336,17,7429972718
5277,44239120,48406224,92645344,3,0,0,22016,7,3164297972
5278,44244489,89617575,133862064,1,0,1,3072,17,3250693113
5279,44258480,48994797,93253277,4,0,0,34816,6,5167799269
5280,44258930,89700007,133958937,9,0,1,6144,16,8254636995
5281,44265430,48147060,92412490,0,0,0,51200,13,7504780110
5282,44268901,89693582,133962483,3,0,1,5632,7,1440275449
5283,44273970,48782327,93056297,9,0,0,22016,16,42203685
5284,44282500,48422162,92704662,7,0,0,29696,2,9251064421
5285,44283230,48748022,93031252,2,0,0,27136,11,9394921644
5286,44283320,48422145,92705465,3,0,0,2560,7,8142101673
5287,44287760,48628295,92916055,9,0,0,93696,16,381348780
5288,44289230,49082048,93371278,3,0,0,57856,7,8019994171
5289,44292320,48328387,92620707,7,0,0,54784,2,3964769595
5290,44293161,89674468,133967629,3,0,1,8192,7,9207670151
5291,44333339,49019173,93352512,5,0,0,24576,10,8066184424
5292,44335580,48890195,93225775,2,0,0,59392,11,7396848062
5293,44337060,48685901,93022961,0,0,0,4096,13,2995986678
5294,44345380,49118883,93464263,7,0,0,33280,2,7476719566
5295,44364249,48819754,93184003,5,0,0,93696,10,3223633091
5296,44378270,48449135,92827405,3,0,0,30720,7,2002577081
5297,44396680,48166355,92563035,9,0,0,2048,16,8894987111
5298,44402980,89704473,134107453,5,0,1,1536,10,443396307
5299,44410560,48934441,93345001,4,0,0,222720,6,7726502292
5300,44410799,48791658,93202457,1,0,0,24064,17,3707396275
5301,44410980,48638586,93049566,6,0,0,32256,7,8158607817
5302,44414151,89694908,134109059,3,0,1,31744,7,5440334922
5303,44429020,48952109,93381129,9,0,0,32256,16,10055622603
5304,44449820,48956867,93406687,2,0,0,5632,11,133843939
5305,44452600,48742502,93195102,6,0,0,36352,7,5125145496
5306,44455550,89659483,134115033,8,0,1,20480,3,8257557540
5307,44470200,48772446,93242646,7,0,0,55296,2,9376343643
5308,44472190,48592604,93064794,6,0,0,16384,7,2735490410
5309,44476690,49085399,93562089,4,0,0,37888,6,8749207087
5310,44481450,49059155,93540605,0,0,0,25600,13,10174054393
5311,44488310,89816567,134304877,0,0,1,9728,13,9802676053
5312,44495310,48620041,93115351,4,0,0,13312,6,7856668075
5313,44502190,48353324,92855514,7,0,0,26624,2,6708667430
5314,44515380,48524319,93039699,4,0,0,27648,6,4557673241
5315,44520840,49363375,93884215,7,0,0,5632,2,464349145
5316,44525859,48495831,93021690,5,0,0,45056,10,6378678383
5317,44526609,49044484,93571093,5,0,0,9728,10,10585603302
5318,44531990,48853686,93385676,9,0,0,14848,16,7516384149
5319,44542509,49265988,93808497,5,0,0,80896,10,8863354712
5320,44547719,48983792,93531511,5,0,0,92672,10,2783042945
5321,44547919,49188961,93736880,5,0,0,150016,10,3745938350
5322,44548010,49082386,93630396,9,0,0,76800,16,597517582
5323,44552410,48801217,93353627,8,0,0,3584,3,2556058350
5324,44559670,49028907,93588577,2,0,0,36864,11,6675140599
5325,44562730,49199133,93761863,7,0,0,81920,2,4108573944
5326,44564690,89905969,134470659,7,0,1,58368,2,9997413641
5327,44565630,49505854,94071484,3,0,0,15360,7,5601106394
5328,44571980,49118054,93690034,8,0,0,86528,3,10732051743
5329,44580290,49608950,94189240,2,0,0,68096,11,901668740
5330,44592420,89938428,134530848,7,0,1,7168,2,9870872999
5331,44595950,49355072,93951022,3,0,0,43520,7,6302577503
5332,44597400,49842601,94440001,8,0,0,193024,3,2177692614
5333,44608070,89954446,134562516,0,0,1,31232,13,1767131212
5334,44609701,89952838,134562539,2,0,1,12800,11,4646696164
5335,44617470,49884358,94501828,4,0,0,5632,6,8431656938
5336,44634200,49056949,93691149,6,0,0,3584,7,4255548441
5337,44641250,48891532,93532782,4,0,0,4096,6,680788451
5338,44647970,90040626,134688596,8,0,1,31232,3,9936114303
5339,44651450,49415331,94066781,8,0,0,13312,3,5560959402
5340,44658610,48769133,93427743,9,0,0,19456,16,2651755149
5341,44668670,49145170,93813840,2,0,0,17408,11,9393799934
5342,44670500,49113303,93783803,8,0,0,62976,3,8130936252
5343,44684190,49080394,93764584,8,0,0,512,3,8913852946
5344,44697070,90145611,134842681,1,0,1,19456,17,7123577440
5345,44700410,48944248,93644658,4,0,0,26112,6,9649340427
5346,44702431,90143796,134846227,2,0,1,5632,11,1319451897
5347,44705820,49215617,93921437,7,0,0,49664,2,5306194275
5348,44712870,49320169,94033039,8,0,0,166400,3,10452953881
5349,44738300,49378973,94117273,2,0,0,73728,11,4580830386
5350,44755450,49008955,93764405,8,0,0,8192,3,1729359105
5351,44756310,49412159,94168469,9,0,0,44544,16,1756686905
5352,44759041,90106354,134865395,3,0,1,5632,7,9482482962
5353,44765140,90101241,134866381,5,0,1,1536,10,7573399896
5354,44770330,49292372,94062702,0,0,0,97280,13,1336520097
5355,44779070,49560292,94339362,4,0,0,36864,6,1830653463
5356,44793290,49135814,93929104,8,0,0,25088,3,5230503480
5357,44803930,90062707,134866637,8,0,1,9216,3,4503773353
5358,44810630,49124893,93935523,9,0,0,20992,16,4627355017
5359,44830940,50017018,94847958,7,0,0,83456,2,2749274791
5360,44839690,49238501,94078191,4,0,0,512,6,636481434
5361,44847980,90129927,134977907,8,0,1,16896,3,6492249746
5362,44851620,49711925,94563545,9,0,0,98816,16,5262212048
5363,44852560,90382320,135234880,9,0,1,121856,16,9079119248
5364,44853480,90390384,135243864,7,0,1,10240,2,1244279668
5365,44859460,49757178,94616638,3,0,0,78848,7,3040047010
5366,44866540,90377347,135243887,8,0,1,11264,3,10379748066
5367,44867001,90376909,135243910,2,0,1,3072,11,5886149244
5368,44873660,49454447,94328107,2,0,0,53760,11,1718871757
5369,44880960,49806202,94687162,6,0,0,148992,7,7864603299
5370,44886130,50063148,94949278,6,0,0,61440,7,671910333
5371,44920610,49271773,94192383,6,0,0,10240,7,87328405
5372,44925530,49223295,94148825,7,0,0,15360,2,1464367412
5373,44929720,49768541,94698261,8,0,0,36352,3,9037235620
5374,44934350,90512999,135447349,9,0,1,93696,16,5444941903
5375,44936020,49256542,94192562,0,0,0,512,13,2482876549
5376,44958601,90761699,135720300,3,0,1,55808,7,6059594241
5377,44974339,90978664,135953003,1,0,1,39936,17,6866698078
5378,44981370,50136032,95117402,6,0,0,83968,7,845836810
5379,44981599,50444264,95425863,5,0,0,426496,10,7398835019
5380,44988500,91276404,136264904,5,0,1,72192,10,268936087
5381,45001019,49080210,94081229,5,0,0,5632,10,6026641501
5382,45001160,49723148,94724308,2,0,0,17920,11,10612990858
5383,45006380,91290683,136297063,0,0,1,24576,13,5605025180
5384,45045099,50044622,95089721,5,0,0,74752,10,8827355529
5385,45047710,49822284,94869994,7,0,0,46080,2,10044569581
5386,45048560,49408562,94457122,4,0,0,11264,6,2155756450
5387,45053150,49877385,94930535,6,0,0,72192,7,3872237902
5388,45055550,49643202,94698752,0,0,0,1536,13,2874815338
5389,45068429,49725645,94794074,5,0,0,30720,10,7137576847
5390,45069830,49963430,95033260,8,0,0,36352,3,4394585321
5391,45080780,49798776,94879556,0,0,0,14848,13,10360370418
5392,45089510,49399767,94489277,0,0,0,16384,13,5606857503
5393,45104310,49607725,94712035,8,0,0,43520,3,4252657457
5394,45105530,49677110,94782640,6,0,0,62976,7,6654965407
5395,45110329,50120707,95231036,5,0,0,51712,10,1105541201
5396,45115480,49975200,95090680,4,0,0,3072,6,4988415509
5397,45125200,49673117,94798317,7,0,0,13824,2,8953697597
5398,45155450,49629241,94784691,8,0,0,6656,3,9846569421
5399,45157830,49909092,95066922,6,0,0,44032,7,6648823540
5400,45164840,49855581,95020421,7,0,0,38400,2,5642117734
5401,45166860,91176666,136343526,5,0,1,26624,10,6396279668
5402,45185920,49905875,95091795,6,0,0,3584,7,4933065972
5403,45191360,50023897,95215257,6,0,0,117760,7,10222003753
5404,45196000,50099884,95295884,8,0,0,144384,3,3707465019
5405,45204690,49947497,95152187,8,0,0,91648,3,4502328613
5406,45209490,49843993,95053483,8,0,0,58880,3,5828960040
5407,45217350,50021829,95239179,8,0,0,26624,3,7324217869
5408,45230480,49644529,94875009,3,0,0,16384,7,6180497837
5409,45240140,50244274,95484414,6,0,0,75264,7,7633755097
5410,45240910,50009212,95250122,7,0,0,35840,2,2264439671
5411,45241290,49938064,95179354,0,0,0,89088,13,2259859265
5412,45244130,91099742,136343872,7,0,1,512,2,8237077705
5413,45246099,50195589,95441688,5,0,0,33792,10,7404674524
5414,45251709,50595531,95847240,5,0,0,97792,10,4262467843
5415,45251850,91170342,136422192,5,0,1,15872,10,2740200930
5416,45252490,50295989,95548479,7,0,0,80384,2,6946277792
5417,45263610,91158605,136422215,4,0,1,8704,6,1753161889
5418,45270600,49981261,95251861,8,0,0,5632,3,4372755874
5419,45274510,49847127,95121637,6,0,0,13824,7,2919413859
5420,45276470,50364820,95641290,9,0,0,12800,16,8126862093
5421,45278460,50182820,95461280,6,0,0,64000,7,336032744
5422,45285590,91150846,136436436,5,0,1,7168,10,6113223387
5423,45290540,50219185,95509725,3,0,0,82944,7,9110233184
5424,45293750,50763544,96057294,2,0,0,125440,11,65444527
5425,45295710,50883599,96179309,6,0,0,70144,7,10273410040
5426,45298570,50258044,95556614,6,0,0,26624,7,10101566645
5427,45303890,50157569,95461459,9,0,0,512,16,2090732970
5428,45310530,91125929,136436459,5,0,1,18944,10,682450099
5429,45312380,51329341,96641721,2,0,0,122880,11,2208112591
5430,45319440,50111929,95431369,6,0,0,17920,7,9034452467
5431,45327890,51177145,96505035,9,0,0,68608,16,1340952190
5432,45335020,51459717,96794737,9,0,0,67584,16,4946970756
5433,45343099,51630536,96973635,5,0,0,49664,10,4519757083
5434,45349300,50806829,96156129,8,0,0,172032,3,9508623724
5435,45366600,50212279,95578879,9,0,0,14336,16,4687225868
5436,45370510,50495941,95866451,8,0,0,62976,3,6408937512
5437,45404340,50363547,95767887,8,0,0,56320,3,267758122
5438,45409500,50609551,96019051,6,0,0,82432,7,8466888701
5439,45416920,51477647,96894567,8,0,0,76288,3,10020069237
5440,45419570,91131981,136551551,9,0,1,24064,16,986448299
5441,45424801,91228399,136653200,2,0,1,4096,11,8517437848
5442,45443580,50368445,95812025,0,0,0,1024,13,2808103101
5443,45449070,50163357,95612427,9,0,0,58368,16,7529015216
5444,45453671,91229200,136682871,2,0,1,10240,11,9418442992
5445,45459000,50329502,95788502,0,0,0,67584,13,223830978
5446,45462520,50207495,95670015,0,0,0,17408,13,4431942279
5447,45480040,50440670,95920710,0,0,0,37376,13,5682229961
5448,45481340,50419612,95900952,4,0,0,27136,6,9593389117
5449,45483389,50674525,96157914,5,0,0,5632,10,5229158204
5450,45492080,50303437,95795517,0,0,0,17920,13,3352728269
5451,45502140,91195817,136697957,4,0,1,21504,6,7415108497
5452,45517441,91207258,136724699,2,0,1,2560,11,7264833925
5453,45522319,51645951,97168270,1,0,0,116224,17,8589797100
5454,45522390,50723559,96245949,9,0,0,73216,16,6545405187
5455,45524669,50695315,96219984,5,0,0,2048,10,5671857319
5456,45539940,91186385,136726325,5,0,1,2560,10,3191379961
5457,45546170,50671249,96217419,0,0,0,88576,13,3882195211
5458,45550340,51783741,97334081,8,0,0,48128,3,8255851265
5459,45551760,91258576,136810336,4,0,1,7168,6,2157529883
5460,45561950,50375764,95937714,6,0,0,27648,7,2631460534
5461,45572990,91371256,136944246,7,0,1,13824,2,6950102755
5462,45587110,50603298,96190408,0,0,0,36352,13,7269070039
5463,45615799,50687280,96303079,5,0,0,63488,10,6141233123
5464,45632560,91744587,137377147,9,0,1,104960,16,5920930249
5465,45641250,51191940,96833190,0,0,0,85504,13,5982697193
5466,45642109,50581486,96223595,5,0,0,11776,10,182795375
5467,45642949,91734221,137377170,1,0,1,10240,17,5595148170
5468,45647600,50636112,96283712,0,0,0,74752,13,6949911751
5469,45648050,50571287,96219337,0,0,0,6144,13,1448428117
5470,45648860,50654398,96303258,8,0,0,512,3,3899118495
5471,45660550,91887996,137548546,5,0,1,37888,10,421693116
5472,45671400,91918476,137589876,0,0,1,10752,13,7891353523
5473,45681240,91989834,137671074,8,0,1,43008,3,5864461871
5474,45686330,50895099,96581429,7,0,0,41984,2,7548625159
5475,45701060,51170240,96871300,7,0,0,111616,2,2249417356
5476,45709729,50812021,96521750,5,0,0,54784,10,8300539754
5477,45720760,51701485,97422245,3,0,0,56320,7,10568710167
5478,45731600,51254538,96986138,7,0,0,40960,2,6548696341
5479,45739090,50857525,96596615,2,0,0,32256,11,8189486940
5480,45751550,50628045,96379595,7,0,0,16384,2,9950207629
5481,45792340,51102414,96894754,2,0,0,512,11,4556282696
5482,45799380,50974742,96774122,0,0,0,99328,13,6284251721
5483,45815700,51227986,97043686,0,0,0,17408,13,8850677969
5484,45835949,51061012,96896961,5,0,0,7168,10,5064546726
5485,45836719,51000550,96837269,5,0,0,13312,10,6087739112
5486,45839970,50746786,96586756,9,0,0,17408,16,7926407056
5487,45845930,50852813,96698743,9,0,0,19968,16,739625929
5488,45858520,51771181,97629701,4,0,0,26624,6,58613535
5489,45861881,91811139,137673020,3,0,1,3072,7,4758253892
5490,45862350,50850697,96713047,8,0,0,20480,3,8516855999
5491,45867200,51339601,97206801,0,0,0,117248,13,8468371590
5492,45881569,51151392,97032961,5,0,0,153600,10,598168689
5493,45902650,50646460,96549110,3,0,0,5632,7,3142883652
5494,45920449,51038031,96958480,5,0,0,64000,10,5034487713
5495,45936710,51382443,97319153,7,0,0,8192,2,8455405809
5496,45943990,51714062,97658052,7,0,0,2048,2,65845018
5497,45944660,51363004,97307664,0,0,0,98304,13,8205734179
5498,45952740,51081086,97033826,7,0,0,2560,2,6107878438
5499,45957190,51152332,97109522,4,0,0,38400,6,5648448145
5500,45968040,50963514,96931554,0,0,0,16896,13,3820049022
5501,45970309,91703697,137674006,1,0,1,1536,17,2737932766
5502,45981290,51104756,97086046,7,0,0,7680,2,282102271
5503,45986819,51527634,97514453,5,0,0,195072,10,319448157
5504,45989670,50922410,96912080,9,0,0,43008,16,9850103617
5505,45992521,91831251,137823772,3,0,1,10240,7,8670407693
5506,46009250,91910227,137919477,5,0,1,27136,10,4402902421
5507,46015510,51295297,97310807,2,0,0,10240,11,534087172
5508,46025610,51631795,97657405,6,0,0,17920,7,9596727519
5509,46048310,51181914,97230224,7,0,0,76800,2,321311600
5510,46051780,51579504,97631284,4,0,0,5120,6,7774405723
5511,46060790,91940708,138001498,8,0,1,24064,3,5986264995
5512,46064780,51650522,97715302,9,0,0,147968,16,4363652810
5513,46070840,51292457,97363297,3,0,0,24576,7,7648330404
5514,46076050,51352333,97428383,2,0,0,1536,11,10237391081
5515,46136310,51595871,97732181,7,0,0,55296,2,7054471585
5516,46151070,91897843,138048913,7,0,1,1536,2,7574555330
5517,46151100,51467947,97619047,2,0,0,313344,11,3287144282
5518,46154720,51508355,97663075,0,0,0,16384,13,506978209
5519,46162770,51574495,97737265,0,0,0,7680,13,10662266333
5520,46184880,91867579,138052459,4,0,1,5632,6,8214794526
5521,46206040,51221844,97427884,7,0,0,18432,2,3592159093
5522,46211280,51193782,97405062,9,0,0,39936,16,10198350515
5523,46227650,92362642,138590292,5,0,1,107008,10,6575030702
5524,46239390,93459168,139698558,9,0,1,218624,16,1756199190
5525,46247410,93493002,139740412,4,0,1,19456,6,9621507539
5526,46263570,51053064,97316634,3,0,0,5632,7,2689206340
5527,46266530,93473905,139740435,7,0,1,9728,2,7150320603
5528,46269290,51400905,97670195,9,0,0,23040,16,802433186
5529,46275940,51603903,97879843,0,0,0,91648,13,5898957466
5530,46277990,51456889,97734879,6,0,0,8704,7,5480561045
5531,46280160,51341406,97621566,0,0,0,8192,13,920551962
5532,46288381,93452077,139740458,3,0,1,2048,7,6854338090
5533,46311211,93429270,139740481,2,0,1,1536,11,936473742
5534,46312380,51120550,97432930,4,0,0,14848,6,9685827358
5535,46312690,51338117,97650807,4,0,0,64000,6,10567103335
5536,46338350,93402154,139740504,0,0,1,7168,13,8558423628
5537,46344959,51452335,97797294,1,0,0,62464,17,5294319931
5538,46357199,51644690,98001889,1,0,0,102912,17,8021304542
5539,46374860,93365667,139740527,5,0,1,8192,10,10697883103
5540,46379440,51272482,97651922,3,0,0,3584,7,3021206446
5541,46387050,51877461,98264511,9,0,0,7680,16,5664961263
5542,46390880,93371579,139762459,5,0,1,125952,10,6208147716
5543,46421840,51427780,97849620,4,0,0,28160,6,3616777155
5544,46428129,51639758,98067887,1,0,0,20992,17,5334721986
5545,46434060,51309469,97743529,0,0,0,8704,13,5198220276
5546,46452270,93400247,139852517,7,0,1,34304,2,3411532816
5547,46453099,51696133,98149232,1,0,0,50176,17,2875839765
5548,46463660,51660410,98124070,2,0,0,184320,11,5311587286
5549,46466970,93735759,140202729,9,0,1,345600,16,2916745423
5550,46471110,51662811,98133921,3,0,0,32256,7,4462794360
5551,46486260,94026813,140513073,7,0,1,21504,2,2885611408
5552,46490410,52170442,98660852,3,0,0,54784,7,9663530778
5553,46517529,51759258,98276787,5,0,0,37888,10,7244027797
5554,46518711,94229513,140748224,2,0,1,21504,11,1854466802
5555,46537880,51523588,98061468,0,0,0,47104,13,8428603153
5556,46538179,52102507,98640686,5,0,0,47616,10,9876046953
5557,46540920,52015365,98556285,4,0,0,51712,6,7887047345
5558,46567479,51472299,98039778,1,0,0,2560,17,3654154559
5559,46570560,51759603,98330163,0,0,0,21504,13,9247291387
5560,46616109,51769106,98385215,1,0,0,20480,17,4755634405
5561,46631160,51837599,98468759,9,0,0,11264,16,6555077680
5562,46648530,51518197,98166727,9,0,0,57344,16,5213937524
5563,46650050,52263775,98913825,4,0,0,27136,6,1489086903
5564,46652609,52200504,98853113,5,0,0,556544,10,1356428704
5565,46652689,51779536,98432225,5,0,0,23552,10,6745757437
5566,46659770,51922553,98582323,0,0,0,11776,13,7237971710
5567,46668009,52217153,98885162,5,0,0,72704,10,1567162438
5568,46682380,51896332,98578712,9,0,0,72192,16,2108668830
5569,46684579,52204194,98888773,1,0,0,11776,17,3836437487
5570,46689249,51936186,98625435,1,0,0,50688,17,6925605820
5571,46710570,52194918,98905488,3,0,0,54784,7,7748575056
5572,46726230,51743332,98469562,0,0,0,2560,13,8860025371
5573,46736250,52255785,98992035,9,0,0,142848,16,6735273870
5574,46739670,52762638,99502308,9,0,0,104960,16,8842112355
5575,46769260,52179228,98948488,0,0,0,28160,13,2572256969
5576,46794360,52391644,99186004,0,0,0,89600,13,7514653509
5577,46811320,52450044,99261364,2,0,0,175616,11,7687674898
5578,46824340,52277995,99102335,3,0,0,25088,7,4507173904
5579,46828800,52034164,98862964,7,0,0,32256,2,8231051179
5580,46851640,52088094,98939734,3,0,0,61440,7,5499590841
5581,46868780,52735434,99604214,9,0,0,57344,16,5186933434
5582,46891989,52477682,99369671,5,0,0,95232,10,4937285178
5583,46892610,51694393,98587003,2,0,0,1536,11,7154221144
5584,46901800,52380537,99282337,0,0,0,68608,13,2868616154
5585,46913190,93835057,140748247,7,0,1,7168,2,10246483138
5586,46923371,93824899,140748270,2,0,1,6144,11,2774933977
5587,46927370,94696690,141624060,5,0,1,357376,10,8772270144
5588,46942629,52389994,99332623,1,0,0,54272,17,7123806826
5589,46945601,94678482,141624083,2,0,1,19456,11,4692776970
5590,46971700,52344356,99316056,0,0,0,110592,13,6543417590
5591,46977270,52047793,99025063,2,0,0,28160,11,6574149389
5592,46979899,51941046,98920945,1,0,0,23040,17,2228718159
5593,46981060,52951363,99932423,0,0,0,122880,13,2288725365
5594,46987140,52125059,99112199,4,0,0,32256,6,7587118616
5595,46988720,52351258,99339978,8,0,0,24064,3,2785506445
5596,46994920,52460481,99455401,2,0,0,39936,11,8908617438
5597,47000640,52580596,99581236,4,0,0,118272,6,2407112884
5598,47004220,94660188,141664408,4,0,1,76800,6,3494812717
5599,47030590,52589879,99620469,7,0,0,53248,2,7010726356
5600,47033190,52766216,99799406,4,0,0,66560,6,6902095319
5601,47035409,52612109,99647518,1,0,0,62464,17,2748076215
5602,47052390,52534329,99586719,3,0,0,17920,7,10211072726
5603,47057301,94624040,141681341,2,0,1,39936,11,6999663493
5604,47059949,94644767,141704716,1,0,1,13312,17,1438129939
5605,47061249,52459334,99520583,1,0,0,59904,17,9609566710
5606,47072040,52389468,99461508,2,0,0,19968,11,7913703284
5607,47072960,52299409,99372369,2,0,0,2560,11,10647758647
5608,47073489,52954787,100028276,5,0,0,67072,10,2483045412
5609,47074350,52395955,99470305,9,0,0,8192,16,8031770627
5610,47099969,52271597,99371566,1,0,0,6144,17,4821296344
5611,47101170,94604532,141705702,0,0,1,1536,13,275151005
5612,47131420,52267344,99398764,3,0,0,3072,7,6606900967
5613,47146400,94563488,141709888,4,0,1,6656,6,8335096392
5614,47161110,94688688,141849798,8,0,1,27136,3,9943122602
5615,47193460,94903357,142096817,8,0,1,47616,3,2924762410
5616,47193989,52763573,99957562,1,0,0,82432,17,8184636009
5617,47205439,52656223,99861662,5,0,0,109568,10,8648136669
5618,47208070,52857248,100065318,9,0,0,47104,16,6879816368
5619,47229659,52778158,100007817,1,0,0,164864,17,5473549173
5620,47229860,52907165,100137025,9,0,0,26624,16,10035357668
5621,47256670,52872220,100128890,3,0,0,3072,7,994931632
5622,47275360,52822306,100097666,7,0,0,45056,2,5093692367
5623,47281000,94855606,142136606,7,0,1,27136,2,4177437684
5624,47282859,52476131,99758990,5,0,0,95232,10,3169743493
5625,47299730,53364430,100664160,7,0,0,138240,2,6362758358
5626,47303459,52747476,100050935,5,0,0,74240,10,10692390357
5627,47311579,53072930,100384509,5,0,0,285184,10,4657667057
5628,47315480,52490272,99805752,0,0,0,5120,13,6376154770
5629,47315810,53137772,100453582,2,0,0,36352,11,10530058000
5630,47317470,52912958,100230428,9,0,0,14336,16,3126142533
5631,47334060,95116750,142450810,5,0,1,169472,10,9611484509
5632,47339880,53081404,100421284,4,0,0,33280,6,10214783146
5633,47340360,95167403,142507763,7,0,1,15360,2,1068154045
5634,47349380,52866120,100215500,4,0,0,65536,6,1114301492
5635,47350210,53161716,100511926,7,0,0,14336,2,1010141093
5636,47352221,95165127,142517348,3,0,1,6144,7,1130998977
5637,47368470,53351341,100719811,3,0,0,31744,7,5158695324
5638,47377540,95139831,142517371,4,0,1,5120,6,4882549427
5639,47379630,95137764,142517394,7,0,1,4096,2,4948571796
5640,47389369,52693912,100083281,1,0,0,58880,17,10566526262
5641,47392090,53014126,100406216,4,0,0,71168,6,42172676
5642,47414800,53295316,100710116,0,0,0,54784,13,7992273329
5643,47433020,52814432,100247452,0,0,0,10752,13,5026664388
5644,47438750,53303400,100742150,7,0,0,73216,2,98620759
5645,47447030,53174987,100622017,4,0,0,136192,6,7614802262
5646,47458721,95114515,142573236,3,0,1,8192,7,4399741927
5647,47459991,95115169,142575160,3,0,1,19968,7,5941460654
5648,47461521,95115905,142577426,3,0,1,3584,7,7178092687
5649,47470720,52936946,100407666,7,0,0,3584,2,5059138253
5650,47475430,53217971,100693401,7,0,0,27136,2,20041083
5651,47490820,53275232,100766052,7,0,0,57344,2,4904661426
5652,47494050,52912501,100406551,3,0,0,1024,7,3625344887
5653,47494950,52770032,100264982,3,0,0,5632,7,3736567892
5654,47515680,52895441,100411121,2,0,0,11264,11,6962845541
5655,47524020,53810276,101334296,3,0,0,540672,7,4066264665
5656,47525780,53149479,100675259,3,0,0,36352,7,1116184515
5657,47529359,53493436,101022795,1,0,0,58880,17,8211161498
5658,47565410,53119700,100685110,0,0,0,32256,13,7104384019
5659,47579020,53229269,100808289,7,0,0,3072,2,6548259325
5660,47582000,53282354,100864354,4,0,0,1536,6,2444027455
5661,47600949,53456853,101057802,5,0,0,48128,10,9761119588
5662,47601940,54022264,101624204,0,0,0,24576,13,8802034161
5663,47603620,53358015,100961635,4,0,0,16384,6,8049664135
5664,47607160,95130528,142737688,8,0,1,4608,3,4357963565
5665,47619840,53348682,100968522,6,0,0,22528,7,8841666518
5666,47624920,95112791,142737711,7,0,1,1536,2,3977498632
5667,47637920,53528190,101166110,0,0,0,135680,13,1700397934
5668,47641040,95096694,142737734,7,0,1,29696,2,8962484251
5669,47644031,95093726,142737757,3,0,1,13824,7,9521307749
5670,47648460,53702707,101351167,2,0,0,55296,11,3402647920
5671,47654100,53770773,101424873,0,0,0,70144,13,4812260038
5672,47655700,53867945,101523645,2,0,0,10752,11,8733865222
5673,47658510,54018760,101677270,4,0,0,26112,6,4944763646
5674,47662550,54092880,101755430,8,0,0,60928,3,10490598031
5675,47680460,95057320,142737780,4,0,1,19456,6,84088509
5676,47689069,53863366,101552435,5,0,0,1536,10,10323648925
5677,47694571,95043232,142737803,3,0,1,3584,7,3926506258
5678,47696700,54192274,101888974,8,0,0,20480,3,6426167485
5679,47708450,53841599,101550049,6,0,0,73216,7,2192252306
5680,47716740,53662044,101378784,2,0,0,28672,11,4991749529
5681,47739810,54228662,101968472,4,0,0,49152,6,6923766357
5682,47746709,53956162,101702871,1,0,0,12800,17,2190264757
5683,47748940,53654538,101403478,4,0,0,77312,6,4628108387
5684,47757020,53622879,101379899,7,0,0,3584,2,8760142348
5685,47762989,53750314,101513303,5,0,0,49664,10,8375836390
5686,47792180,53577845,101370025,4,0,0,61440,6,2286492897
5687,47804400,54148426,101952826,4,0,0,59904,6,10495808267
5688,47836820,53715124,101551944,6,0,0,6144,7,4656800400
5689,47840700,54296900,102137600,3,0,0,31744,7,1209342511
5690,47840770,54400795,102241565,0,0,0,512,13,877490799
5691,47846550,53714488,101561038,3,0,0,28160,7,6016394676
5692,47849010,54183386,102032396,2,0,0,101376,11,5680020272
5693,47854330,53584918,101439248,7,0,0,47104,2,63747633
5694,47881670,53817278,101698948,7,0,0,20992,2,7227732047
5695,47920869,54401195,102322064,1,0,0,22528,17,10282651361
5696,47930661,94815167,142745828,3,0,1,28160,7,6089938853
5697,47938500,54510543,102449043,6,0,0,58880,7,2086208199
5698,47950070,53570276,101520346,3,0,0,23040,7,819991560
5699,47962110,53965660,101927770,9,0,0,22528,16,6675416897
5700,47975879,53787374,101763253,5,0,0,25600,10,4814211688
5701,47976890,53794436,101771326,6,0,0,20480,7,3153870128
5702,47990470,54429793,102420263,2,0,0,6144,11,8967390803
5703,48001670,54668460,102670130,3,0,0,61440,7,8046518855
5704,48008250,53844649,101852899,7,0,0,32256,2,81601720
5705,48010230,53918967,101929197,9,0,0,4608,16,271805402
5706,48015370,53648680,101664050,7,0,0,56320,2,6175579182
5707,48019550,53933923,101953473,4,0,0,2048,6,2654713703
5708,48032130,54167065,102199195,0,0,0,108544,13,4542149080
5709,48037040,54049565,102086605,6,0,0,87040,7,527391734
5710,48038229,53844482,101882711,1,0,0,59904,17,7783589957
5711,48048680,54351780,102400460,2,0,0,59904,11,1918241797
5712,48053090,53995709,102048799,4,0,0,53760,6,9494554265
5713,48060030,54211400,102271430,4,0,0,512,6,3412817245
5714,48064200,53827761,101891961,4,0,0,9728,6,9496919737
5715,48065360,54221517,102286877,2,0,0,33280,11,7802593587
5716,48069560,95557094,143626654,5,0,1,505856,10,262363196
5717,48089920,54406642,102496562,2,0,0,41472,11,2351730935
5718,48092260,54695490,102787750,0,0,0,37888,13,4305905758
5719,48093260,53966802,102060062,7,0,0,36864,2,9873396452
5720,48111120,95524528,143635648,8,0,1,10752,3,8607413021
5721,48127060,96413475,144540535,5,0,1,332288,10,934067212
5722,48144870,54393195,102538065,7,0,0,37376,2,1571225081
5723,48164420,53936745,102101165,4,0,0,19456,6,4164980007
5724,48188500,97224338,145412838,9,0,1,433152,16,7562359032
5725,48188850,97227534,145416384,8,0,1,5632,3,7487947248
5726,48201110,54731817,102932927,7,0,0,8192,2,2184666991
5727,48202899,54149845,102352744,5,0,0,23552,10,6476963370
5728,48204460,54141085,102345545,4,0,0,64512,6,452809509
5729,48210610,54089394,102300004,7,0,0,43008,2,4198442161
5730,48214150,53986472,102200622,7,0,0,4608,2,2228979624
5731,48220710,54294173,102514883,6,0,0,39424,7,3362122813
5732,48238770,54886417,103125187,9,0,0,6656,16,285672047
5733,48240191,97215629,145455820,3,0,1,6656,7,9168109898
5734,48243930,97641034,145884964,4,0,1,370176,6,2727460466
5735,48249840,97657894,145907734,8,0,1,39936,3,6019336216
5736,48258750,54392637,102651387,7,0,0,120832,2,4026491785
5737,48260290,54642452,102902742,9,0,0,238080,16,4932849510
5738,48278760,54551419,102830179,7,0,0,58880,2,3586282399
5739,48284120,54398201,102682321,6,0,0,39936,7,2387876203
5740,48286770,54643638,102930408,0,0,0,51200,13,2083569273
5741,48287580,54478988,102766568,2,0,0,11264,11,1997574635
5742,48292850,97614907,145907757,7,0,1,2048,2,4280775293
5743,48294910,54828226,103123136,0,0,0,96768,13,7760003427
5744,48301480,54613305,102914785,3,0,0,39424,7,6565239601
5745,48313120,54265715,102578835,3,0,0,44032,7,2578429428
5746,48313460,54375904,102689364,2,0,0,23040,11,9769421646
5747,48330779,54445404,102776183,1,0,0,8192,17,8938765525
5748,48348469,97561803,145910272,1,0,1,4096,17,4440425815
5749,48351500,97559950,145911450,7,0,1,13824,2,2569964112
5750,48354379,54725828,103080207,1,0,0,97792,17,5686132240
5751,48366190,54919373,103285563,6,0,0,31744,7,10707970630
5752,48393140,54621913,103015053,9,0,0,41984,16,7753706642
5753,48396560,54584339,102980899,9,0,0,22016,16,1740630479
5754,48398830,54689067,103087897,7,0,0,7168,2,3527132853
5755,48400270,54551182,102951452,7,0,0,6144,2,8185964565
5756,48402840,54682850,103085690,0,0,0,17920,13,10242410914
5757,48403430,54799772,103203202,2,0,0,47616,11,7157798038
5758,48411130,54563038,102974168,2,0,0,20992,11,8282480471
5759,48437680,54728440,103166120,9,0,0,30208,16,8537404453
5760,48437980,54749783,103187763,3,0,0,20480,7,5677938988
5761,48439289,54649099,103088388,5,0,0,1536,10,4030316153
5762,48445880,97473533,145919413,9,0,1,22528,16,7637444664
5763,48448850,54485504,102934354,4,0,0,4608,6,10516615738
5764,48451641,97498139,145949780,8,0,1,38400,3,3745327927
5765,48458320,54777076,103235396,7,0,0,3584,2,576382097
5766,48468640,54865979,103334619,7,0,0,76800,2,4898920415
5767,48478890,97476279,145955169,4,0,1,17408,6,9341388168
5768,48496650,54901112,103397762,6,0,0,56320,7,1486637513
5769,48504580,54968177,103472757,6,0,0,14848,7,10270181185
5770,48505860,97463427,145969287,7,0,1,11776,2,1482984002
5771,48507780,55204570,103712350,9,0,0,135168,16,3468013318
5772,48515610,55075668,103591278,0,0,0,3584,13,10663947780
5773,48532270,55044922,103577192,4,0,0,119808,6,3005493643
5774,48534950,55055213,103590163,9,0,0,42496,16,4691103504
5775,48541540,55624676,104166216,2,0,0,20480,11,9938911883
5776,48549371,97485670,146035041,3,0,1,6656,7,8935772720
5777,48565500,54867494,103432994,3,0,0,35840,7,2316414948
5778,48566360,54833765,103400125,3,0,0,7680,7,5172839106
5779,48574920,55037227,103612147,9,0,0,63488,16,8637123472
5780,48581300,97473066,146054366,0,0,1,26112,13,1152746426
5781,48598230,97462197,146060427,4,0,1,512,6,3120974734
5782,48607280,55122877,103730157,7,0,0,58368,2,8089349144
5783,48620990,55223401,103844391,3,0,0,35328,7,5787851749
5784,48624979,97437394,146062373,1,0,1,3072,17,1052465536
5785,48625769,55637567,104263336,5,0,0,111104,10,165599190
5786,48643090,97419744,146062834,4,0,1,10240,6,89332408
5787,48651240,56082446,104733686,4,0,0,579072,6,1012041978
5788,48652640,55078476,103731116,7,0,0,3072,2,4718880627
5789,48667300,55755479,104422779,9,0,0,33280,16,3403039635
5790,48671310,55377600,104048910,9,0,0,72192,16,5946136134
5791,48689560,55240902,103930462,7,0,0,19968,2,958568629
5792,48689770,55164940,103854710,7,0,0,33792,2,8748084636
5793,48694420,55401051,104095471,4,0,0,22016,6,5724228897
5794,48703990,55853237,104557227,9,0,0,123392,16,10365380920
5795,48706949,55705667,104412616,1,0,0,181760,17,3682017246
5796,48727531,97372311,146099842,8,0,1,60928,3,9548910801
5797,48736830,55692304,104429134,2,0,0,6144,11,6302315337
5798,48756050,55244427,104000477,3,0,0,27136,7,3125381880
5799,48770660,97391166,146161826,0,0,1,40960,13,4027428388
5800,48776100,55517418,104293518,3,0,0,3072,7,5347718939
5801,48778200,97383649,146161849,8,0,1,512,3,2066707079
5802,48779350,56022107,104801457,3,0,0,26624,7,10714213673
5803,48791710,55565503,104357213,0,0,0,154112,13,8749457121
5804,48796389,55985031,104781420,5,0,0,123392,10,811439694
5805,48812099,55615094,104427193,5,0,0,14336,10,5695785259
5806,48838840,55434963,104273803,9,0,0,5632,16,9504657825
5807,48853130,97309438,146162568,8,0,1,34816,3,6558842608
5808,48860659,55570058,104430717,5,0,0,5120,10,3238509828
5809,48863910,55655698,104519608,4,0,0,105472,6,9899211588
5810,48885620,55858119,104743739,4,0,0,2560,6,4984317240
5811,48891530,97389125,146280655,0,0,1,10752,13,708902798
5812,48909560,97371761,146281321,9,0,1,1024,16,7025026806
5813,48912859,55830077,104742936,5,0,0,22528,10,10414707300
5814,48915490,55546926,104462416,2,0,0,28672,11,3616466648
5815,48919320,97362565,146281885,4,0,1,10752,6,9911387672
5816,48925209,55810840,104736049,1,0,0,7680,17,3793136844
5817,48928620,55864702,104793322,9,0,0,38912,16,1986827519
5818,48930430,97571773,146502203,9,0,1,17408,16,4993536549
5819,48970030,55847633,104817663,4,0,0,5632,6,794309445
5820,48982851,97539545,146522396,2,0,1,512,11,2444928656
5821,48989940,98639780,147629720,5,0,1,512000,10,6369781187
5822,48997450,55896962,104894412,9,0,0,121856,16,3155193124
5823,49003810,55812068,104815878,9,0,0,34816,16,1046390517
5824,49005360,98624383,147629743,4,0,1,11264,6,8263536419
5825,49013380,98616386,147629766,8,0,1,3072,3,5777593804
5826,49014580,55790644,104805224,9,0,0,12288,16,2525291052
5827,49017620,55801501,104819121,3,0,0,4608,7,3359868559
5828,49018190,56476269,105494459,3,0,0,173568,7,816769535
5829,49027631,98602158,147629789,3,0,1,2560,7,1392429946
5830,49031511,98645220,147676731,2,0,1,23552,11,453729812
5831,49037020,98874117,147911137,5,0,1,147456,10,840962385
5832,49039960,56333153,105373113,3,0,0,51200,7,6560112019
5833,49045660,56530418,105576078,7,0,0,23552,2,5865711683
5834,49047299,56276917,105324216,1,0,0,230912,17,3930536098
5835,49051829,55922756,104974585,1,0,0,8192,17,6338162147
5836,49054929,98859434,147914363,1,0,1,5120,17,1306460535
5837,49088290,98826227,147914517,7,0,1,8704,2,9610741206
5838,49096350,56426795,105523145,2,0,0,31232,11,6260751665
5839,49100220,56282798,105383018,6,0,0,20992,7,5177035916
5840,49112251,98819645,147931896,3,0,1,23552,7,5510799387
5841,49123359,56390224,105513583,5,0,0,30208,10,7325945293
5842,49132480,98822568,147955048,7,0,1,6656,2,2141222152
5843,49136110,98969183,148105293,0,0,1,24064,13,8848665117
5844,49183150,56448661,105631811,7,0,0,133120,2,7314580651
5845,49196440,98917947,148114387,0,0,1,29696,13,1869744055
5846,49218460,55948615,105167075,9,0,0,44032,16,7675007970
5847,49223940,56133550,105357490,2,0,0,87552,11,4990441735
5848,49228170,56166438,105394608,7,0,0,32256,2,440339449
5849,49231519,55965973,105197492,5,0,0,10240,10,7202827624
5850,49234100,56810071,106044171,4,0,0,27648,6,422684641
5851,49239020,98875390,148114410,4,0,1,5632,6,9950938399
5852,49240039,56136560,105376599,5,0,0,7680,10,2196317121
5853,49247380,56256976,105504356,2,0,0,16384,11,3646513585
5854,49261670,56690403,105952073,2,0,0,302080,11,4642746818
5855,49262660,98860376,148123036,7,0,1,25088,2,4597146955
5856,49275320,56109437,105384757,3,0,0,5632,7,5629202742
5857,49279240,56383014,105662254,0,0,0,99840,13,4378212559
5858,49287230,56087006,105374236,6,0,0,3584,7,3849632391
5859,49288301,98838525,148126826,2,0,1,12800,11,1210624862
5860,49293129,56206212,105499341,5,0,0,1024,10,1377377661
5861,49317189,56013602,105330791,5,0,0,21504,10,3427123339
5862,49331850,56528160,105860010,2,0,0,167936,11,6467067261
5863,49333460,55775967,105109427,0,0,0,1024,13,7531250219
5864,49348780,56460039,105808819,3,0,0,60416,7,9157645693
5865,49351190,98775659,148126849,7,0,1,6656,2,8979578299
5866,49352179,56146827,105499006,1,0,0,14848,17,6149325657
5867,49352460,56331969,105684429,9,0,0,72704,16,8996612931
5868,49366890,56665138,106032028,2,0,0,10240,11,10584138431
5869,49367870,56714765,106082635,7,0,0,36352,2,9801859035
5870,49379389,98775947,148155336,1,0,1,44544,17,10663993778
5871,49383490,56615388,105998878,9,0,0,42496,16,4045084980
5872,49383700,56343866,105727566,7,0,0,10240,2,2909947166
5873,49388971,98794568,148183539,2,0,1,12288,11,8989359559
5874,49391109,56301729,105692838,5,0,0,3584,10,10569593035
5875,49409020,56619833,106028853,7,0,0,98304,2,2674750192
5876,49412240,56272368,105684608,9,0,0,512,16,10081850702
5877,49415190,56789358,106204548,9,0,0,51200,16,794100706
5878,49424960,56668930,106093890,7,0,0,36864,2,8764581304
5879,49437820,56629762,106067582,3,0,0,42496,7,6498972758
5880,49438780,56547058,105985838,0,0,0,24064,13,3886287672
5881,49442879,56535581,105978460,5,0,0,86528,10,9198401787
5882,49461150,56767921,106229071,7,0,0,80384,2,9660167402
5883,49481799,56572269,106054068,5,0,0,32256,10,4718413923
5884,49485420,98702015,148187435,8,0,1,9728,3,4755567845
5885,49486090,100568522,150054612,5,0,1,1250304,10,6878494205
5886,49493290,56542372,106035662,4,0,0,11776,6,6868319290
5887,49506810,56682092,106188902,9,0,0,115712,16,2620536645
5888,49518560,57032291,106550851,9,0,0,52736,16,10329046138
5889,49521289,56550216,106071505,1,0,0,12800,17,4827946595
5890,49527550,57220491,106748041,4,0,0,38400,6,1870724045
5891,49543890,56960573,106504463,4,0,0,27136,6,4064388780
5892,49572191,100482444,150054635,2,0,1,11264,11,9072221271
5893,49578190,100476468,150054658,5,0,1,6144,10,1122397121
5894,49579219,57098074,106677293,5,0,0,58880,10,1596026693
5895,49582640,56911085,106493725,0,0,0,128512,13,3268723806
5896,49598179,57412956,107011135,5,0,0,189952,10,2348426398
5897,49603310,57685632,107288942,3,0,0,485888,7,5497981357
5898,49604280,100450401,150054681,0,0,1,2048,13,9604913708
5899,49604700,100450004,150054704,9,0,1,14336,16,3802139498
5900,49611489,57878176,107489665,5,0,0,81920,10,2525968114
5901,49621060,57769418,107390478,9,0,0,54784,16,4213886572
5902,49636840,57423793,107060633,4,0,0,70656,6,2353172162
5903,49638431,100451805,150090236,2,0,1,47616,11,7302575983
5904,49639240,57884346,107523586,2,0,0,3072,11,6928674192
5905,49646449,57039705,106686154,5,0,0,3072,10,5132289675
5906,49664280,100442550,150106830,4,0,1,17920,6,10187919776
5907,49665759,56982826,106648585,1,0,0,58880,17,6057403633
5908,49665920,57095007,106760927,0,0,0,34816,13,1036953010
5909,49675460,57789222,107464682,0,0,0,181760,13,10698739583
5910,49689759,57451070,107140829,5,0,0,136192,10,8343523389
5911,49692379,100414474,150106853,1,0,1,9728,17,5437974996
5912,49694379,56879738,106574117,1,0,0,2560,17,10353426334
5913,49707600,58172035,107879635,9,0,0,323584,16,1814092214
5914,49708510,57609182,107317692,7,0,0,32256,2,5966018510
5915,49721260,56810703,106531963,3,0,0,20992,7,7553297903
5916,49724700,57869658,107594358,7,0,0,137216,2,7116160887
5917,49741860,57767016,107508876,4,0,0,62976,6,4110999061
5918,49744690,57294392,107039082,4,0,0,91648,6,2456411710
5919,49751690,100355186,150106876,7,0,1,17408,2,6049193324
5920,49759160,57580262,107339422,3,0,0,66560,7,2587467930
5921,49787450,57279758,107067208,3,0,0,21504,7,10126355503
5922,49791850,57878162,107670012,3,0,0,16384,7,7458616400
5923,49798100,57917884,107715984,8,0,0,128512,3,2323579828
5924,49814680,100308527,150123207,4,0,1,512,6,5621147454
5925,49815430,100391488,150206918,5,0,1,42496,10,4807106083
5926,49819680,100387261,150206941,0,0,1,6656,13,6082976465
5927,49827560,56906273,106733833,2,0,0,26112,11,10570053950
5928,49830190,57525600,107355790,3,0,0,40960,7,4772722850
5929,49842430,57680197,107522627,4,0,0,45056,6,5033103124
5930,49845510,57462331,107307841,7,0,0,61952,2,2017795631
5931,49849490,100357474,150206964,9,0,1,3584,16,9399763646
5932,49849699,57677498,107527197,5,0,0,11776,10,4129046288
5933,49851201,100374552,150225753,2,0,1,32768,11,9238344021
5934,49862409,57770082,107632491,5,0,0,77312,10,803609169
5935,49913580,100312196,150225776,8,0,1,2048,3,8937754314
5936,49929010,57822455,107751465,0,0,0,95232,13,5026803663
5937,49941030,57716046,107657076,2,0,0,61440,11,9508583493
5938,49948900,100276931,150225831,4,0,1,20480,6,2311064815
5939,49961570,57760856,107722426,4,0,0,6656,6,10630190598
5940,49984940,57623972,107608912,4,0,0,37376,6,7085225965
5941,49992769,57955511,107948280,1,0,0,48640,17,5423621556
5942,50003450,57634883,107638333,3,0,0,1536,7,9079891416
5943,50022760,57574741,107597501,4,0,0,10240,6,9753944857
5944,50050739,57882675,107933414,1,0,0,45056,17,7288804620
5945,50059120,57859272,107918392,7,0,0,93696,2,1890901681
5946,50062900,57256219,107319119,4,0,0,4608,6,5930008956
5947,50075359,57876220,107951579,1,0,0,10752,17,6453804037
5948,50076660,58137820,108214480,7,0,0,32256,2,2469948075
5949,50079290,57983261,108062551,0,0,0,53248,13,8945196514
5950,50093360,57666404,107759764,4,0,0,27136,6,135704704
5951,50093610,57626765,107720375,9,0,0,14336,16,4346869158
5952,50099480,57991310,108090790,6,0,0,2560,7,1161305857
5953,50107240,57530594,107637834,6,0,0,17408,7,4018759694
5954,50111490,57808173,107919663,2,0,0,4096,11,4652087286
5955,50112120,57777701,107889821,2,0,0,7680,11,8534387372
5956,50116420,57913863,108030283,9,0,0,17920,16,4012938068
5957,50129190,58326837,108456027,7,0,0,181248,2,1931866764
5958,50139210,57826704,107965914,2,0,0,12800,11,3794406356
5959,50144530,100100724,150245254,8,0,1,15872,3,10561703421
5960,50145620,57635331,107780951,6,0,0,26624,7,5851550826
5961,50161720,59187779,109349499,6,0,0,81920,7,3431193324
5962,50168459,58346278,108514737,1,0,0,50176,17,4704598250
5963,50170990,57968571,108139561,9,0,0,76288,16,4702925922
5964,50173860,57785737,107959597,9,0,0,23040,16,2119351779
5965,50186179,100061341,150247520,6,0,1,3584,7,6425322076
5966,50192480,57948664,108141144,7,0,0,5120,2,1557946297
5967,50194129,57693329,107887458,1,0,0,25600,17,9703612464
5968,50202509,100060593,150263102,6,0,1,2048,7,5909816969
5969,50202940,100141376,150344316,4,0,1,33792,6,9178059138
5970,50204950,100287557,150492507,8,0,1,55808,3,5773843997
5971,50216351,100340982,150557333,3,0,1,5632,7,301080072
5972,50225420,58245918,108471338,4,0,0,50176,6,4515105144
5973,50236380,58461127,108697507,0,0,0,64000,13,5987113162
5974,50239720,59385592,109625312,9,0,0,31232,16,1631461972
5975,50246680,58078868,108325548,3,0,0,176128,7,9712582437
5976,50247140,100312139,150559279,8,0,1,3072,3,8242786277
5977,50258210,57694336,107952546,6,0,0,3072,7,2534433438
5978,50258310,58297967,108556277,0,0,0,46592,13,4174440384
5979,50258661,100342875,150601536,3,0,1,10752,7,9208599119
5980,50272750,100330412,150603162,4,0,1,2560,6,1827000360
5981,50290250,57935173,108225423,4,0,0,35840,6,7489045532
5982,50326750,100413630,150740380,8,0,1,25088,3,1312960459
5983,50331890,57776169,108108059,4,0,0,16896,6,8278488701
5984,50341380,100497625,150839005,7,0,1,45056,2,7378308761
5985,50343450,57913138,108256588,6,0,0,4096,7,552976383
5986,50348049,58239295,108587344,5,0,0,101888,10,4314661185
5987,50363590,58476325,108839915,9,0,0,69632,16,9840304858
5988,50365340,57870246,108235586,2,0,0,33280,11,2822743663
5989,50380760,57992580,108373340,4,0,0,37376,6,7518904430
5990,50393940,58004150,108398090,2,0,0,1536,11,841342095
5991,50408230,57930994,108339224,4,0,0,13312,6,827082797
5992,50415930,57910889,108326819,9,0,0,4096,16,2174302719
5993,50426960,57736947,108163907,7,0,0,3584,2,1175451776
5994,50428220,100551018,150979238,7,0,1,39936,2,1371444260
5995,50428690,58506092,108934782,3,0,0,56320,7,319032021
5996,50431541,100547720,150979261,3,0,1,3584,7,1380981976
5997,50448050,100531426,150979476,5,0,1,20480,10,5066802258
5998,50452090,58366586,108818676,2,0,0,103936,11,3399091377
5999,50475459,58667159,109142618,5,0,0,53760,10,10557147140
6000,50480140,58197844,108677984,6,0,0,210432,7,4765603378
6001,50496050,58209650,108705700,7,0,0,5632,2,773058368
6002,50497950,58250166,108748116,7,0,0,124416,2,998685984
6003,50505190,58678937,109184127,3,0,0,11264,7,4985640172
6004,50506979,58375916,108882895,1,0,0,55296,17,4158188480
6005,50516669,100470646,150987315,1,0,1,10240,17,418267631
6006,50532580,58368682,108901262,0,0,0,52736,13,343746162
6007,50571519,58018196,108589715,5,0,0,7680,10,7234491803
6008,50571700,57924061,108495761,7,0,0,14336,2,108586207
6009,50595830,58372226,108968056,4,0,0,54784,6,9950625592
6010,50611449,58155870,108767319,5,0,0,53760,10,4862470766
6011,50616419,57776307,108392726,5,0,0,4096,10,4012734842
6012,50621350,58233720,108855070,3,0,0,49664,7,1568805699
6013,50651569,58128744,108780313,5,0,0,3584,10,9594329467
6014,50675520,59297674,109973194,7,0,0,117760,2,2221597308
6015,50676730,100311661,150988391,5,0,1,13312,10,9988263413
6016,50680199,58203031,108883230,5,0,0,1024,10,329219832
6017,50682201,100415626,151097827,2,0,1,4096,11,2928546473
6018,50700480,58078718,108779198,4,0,0,38912,6,6986830635
6019,50709239,59437863,110147102,1,0,0,23040,17,1200831012
6020,50718449,58232892,108951341,1,0,0,54272,17,4229583384
6021,50723080,59379683,110102763,6,0,0,53248,7,9451408941
6022,50728900,100368950,151097850,5,0,1,3072,10,6248550976
6023,50729480,58392032,109121512,3,0,0,135168,7,2127183150
6024,50745899,58243274,108989173,1,0,0,25600,17,2200947378
6025,50753000,58216795,108969795,0,0,0,5632,13,5493634421
6026,50754480,58371735,109126215,7,0,0,15360,2,7304234540
6027,50757000,58146806,108903806,2,0,0,5632,11,7911582414
6028,50761050,58306708,109067758,4,0,0,20992,6,378155838
6029,50779000,58489471,109268471,6,0,0,6656,7,8859739749
6030,50794180,100414325,151208505,7,0,1,27648,2,9003952950
6031,50804531,100417805,151222336,2,0,1,1536,11,10591282719
6032,50804950,58423545,109228495,4,0,0,6144,6,1227578419
6033,50805620,58341100,109146720,7,0,0,5120,2,2967955734
6034,50809269,59589105,110398374,1,0,0,77824,17,5547098173
6035,50814760,58396230,109210990,0,0,0,9216,13,3984487057
6036,50826250,100396109,151222359,5,0,1,5120,10,10115316980
6037,50830971,100397646,151228617,2,0,1,11264,11,9100369501
6038,50833120,58393480,109226600,3,0,0,23040,7,4588681675
6039,50855010,59797954,110652964,4,0,0,16896,6,9445451305
6040,50879581,100512593,151392174,3,0,1,6144,7,3410597969
6041,50891460,100501060,151392520,8,0,1,512,3,7615461795
6042,50897790,58341946,109239736,2,0,0,25088,11,5074976405
6043,50898780,58246357,109145137,4,0,0,8192,6,10044629028
6044,50899980,100495126,151395106,0,0,1,4096,13,10672866807
6045,50909210,58591670,109500880,0,0,0,106496,13,7679327159
6046,50912640,100485692,151398332,8,0,1,5120,3,858750928
6047,50914080,100727393,151641473,4,0,1,4608,6,102956865
6048,50935519,58592411,109527930,1,0,0,39936,17,2911221897
6049,50939510,58575901,109515411,3,0,0,47616,7,10092619686
6050,50963110,58652663,109615773,6,0,0,141312,7,8095390843
6051,50976639,59774937,110751576,5,0,0,19456,10,4264328282
6052,50980500,58819046,109799546,6,0,0,63488,7,1865555320
6053,51015900,58764279,109780179,9,0,0,60416,16,2073569148
6054,51016010,58519858,109535868,9,0,0,19456,16,8628934632
6055,51021290,58915978,109937268,9,0,0,106496,16,1994614963
6056,51022010,58605197,109627207,7,0,0,6144,2,1075475107
6057,51023520,100620491,151644011,0,0,1,6656,13,4783892769
6058,51023960,58844239,109868199,2,0,0,7680,11,4602902804
6059,51027880,59303149,110331029,9,0,0,34816,16,7875513297
6060,51046370,58810864,109857234,9,0,0,74240,16,3577277353
6061,51056450,58949345,110005795,4,0,0,54272,6,8707113317
6062,51058639,59027877,110086516,1,0,0,47616,17,52256558
6063,51064060,59757590,110821650,7,0,0,117248,2,5498983506
6064,51073720,58996263,110069983,6,0,0,19456,7,6942256093
6065,51075649,59117060,110192709,1,0,0,17408,17,1245327287
6066,51076119,59144756,110220875,5,0,0,37376,10,1196658317
6067,51087090,100595626,151682716,7,0,1,2560,2,10152518927
6068,51099540,100583522,151683062,1,0,1,512,17,1580802018
6069,51106350,59313725,110420075,6,0,0,18432,7,6642223010
6070,51107000,59033059,110140059,6,0,0,6656,7,9656854926
6071,51113039,59261600,110374639,5,0,0,27136,10,9274469687
6072,51120660,59003512,110124172,2,0,0,19968,11,5152754209
6073,51131080,100585627,151716707,4,0,1,17920,6,276882304
6074,51135620,59379086,110514706,6,0,0,48640,7,5322754001
6075,51136099,59636560,110772659,1,0,0,69120,17,6449307489
6076,51144949,59115801,110260750,5,0,0,23552,10,4881031497
6077,51156329,59772031,110928360,1,0,0,68096,17,2426512186
6078,51169811,100546919,151716730,2,0,1,18432,11,3365814413
6079,51169880,59360737,110530617,7,0,0,17920,2,6145500856
6080,51172220,59456803,110629023,4,0,0,34304,6,8658670065
6081,51173830,59960596,111134426,2,0,0,137216,11,6111772965
6082,51179330,59606300,110785630,0,0,0,42496,13,1270671083
6083,51186780,59552007,110738787,4,0,0,281600,6,8369691338
6084,51195210,59999443,111194653,3,0,0,19456,7,6857389756
6085,51196470,59422078,110618548,9,0,0,19456,16,289865476
6086,51197050,59638039,110835089,9,0,0,44032,16,3455475417
6087,51201039,59891487,111092526,5,0,0,162304,10,6713915952
6088,51210660,59188205,110398865,4,0,0,1536,6,3477408392
6089,51235259,59946049,111181308,1,0,0,78848,17,5864665380
6090,51239530,100512094,151751624,5,0,1,9216,10,8868976788
6091,51250450,59395761,110646211,3,0,0,15360,7,5567046614
6092,51252570,100499077,151751647,0,0,1,3072,13,2980167852
6093,51264190,59253035,110517225,9,0,0,8192,16,794192187
6094,51266240,59708386,110974626,6,0,0,28160,7,5802867782
6095,51268779,59592283,110861062,1,0,0,37888,17,10392018238
6096,51271960,59716139,110988099,2,0,0,4608,11,5154632134
6097,51274280,100806510,152080790,9,0,1,30720,16,10203628067
6098,51290580,59448394,110738974,4,0,0,512,6,10130050719
6099,51301489,60447433,111748922,5,0,0,90624,10,5049412594
6100,51306970,59277491,110584461,0,0,0,3072,13,741169585
6101,51317080,59291751,110608831,2,0,0,3584,11,6221943773
6102,51319720,59646257,110965977,9,0,0,44032,16,5610013148
6103,51325519,59523968,110849487,5,0,0,42496,10,6990042211
6104,51328999,59507517,110836516,1,0,0,4608,17,74630422
6105,51343799,59813270,111157069,5,0,0,74240,10,162285447
6106,51345380,59968216,111313596,9,0,0,72704,16,6600776916
6107,51345650,100735163,152080813,8,0,1,3072,3,4782633997
6108,51346200,59604093,110950293,8,0,0,7680,3,10597333703
6109,51367730,59820972,111188702,7,0,0,2560,2,3435828353
6110,51375789,60175618,111551407,5,0,0,108544,10,2874524209
6111,51379321,100701515,152080836,3,0,1,9216,7,9228239612
6112,51381870,100729650,152111520,5,0,1,8704,10,7237904623
6113,51396361,100718065,152114426,2,0,1,4608,11,8584016655
6114,51400150,59787733,111187883,8,0,0,21504,3,3638725668
6115,51406389,59984974,111391363,5,0,0,92160,10,10109557856
6116,51407719,59985695,111393414,1,0,0,6656,17,4701033945
6117,51413400,100775905,152189305,8,0,1,5632,3,902138473
6118,51425440,60044456,111469896,8,0,0,83968,3,8430842775
6119,51432920,60277511,111710431,8,0,0,118784,3,10655877175
6120,51433451,100755877,152189328,3,0,1,8192,7,8373802483
6121,51436011,100845918,152281929,3,0,1,25600,7,6261411899
6122,51440040,59883552,111323592,4,0,0,9728,6,1054164810
6123,51440260,60342115,111782375,6,0,0,25088,7,6867832505
6124,51440740,60126625,111567365,2,0,0,36352,11,6725256291
6125,51441570,60410091,111851661,0,0,0,35328,13,5950788905
6126,51443810,59909410,111353220,2,0,0,46080,11,9563781528
6127,51450160,59975811,111425971,6,0,0,4096,7,6029850734
6128,51450870,100894875,152345745,5,0,1,6144,10,49657923
6129,51463660,60356077,111819737,0,0,0,93696,13,3088832829
6130,51469709,60304999,111774708,5,0,0,60928,10,418776668
6131,51481510,60010451,111491961,4,0,0,512,6,5580549953
6132,51483450,100886989,152370439,7,0,1,6144,2,7874924286
6133,51486399,60234888,111721287,1,0,0,35328,17,1480779234
6134,51487440,59721186,111208626,3,0,0,11776,7,2189506931
6135,51487910,60585040,112072950,0,0,0,51200,13,1728896970
6136,51493880,60730613,112224493,6,0,0,70656,7,5360093641
6137,51507000,60319780,111826780,0,0,0,23040,13,1204872663
6138,51515730,59822291,111338021,2,0,0,10240,11,1762256506
6139,51521420,59959107,111480527,9,0,0,34816,16,9968402450
6140,51534929,60741278,112276207,1,0,0,52736,17,4751747471
6141,51541980,60913608,112455588,7,0,0,50176,2,4590022062
6142,51547340,60369089,111916429,4,0,0,2560,6,8837250562
6143,51552650,60067659,111620309,4,0,0,22016,6,7046620295
6144,51561470,60337761,111899231,3,0,0,5632,7,3018239397
6145,51574860,60181261,111756121,4,0,0,23552,6,4334055285
6146,51586360,100784110,152370470,5,0,1,13312,10,2934858323
6147,51601970,60491485,112093455,8,0,0,28160,3,4575519532
6148,51604640,60019904,111624544,2,0,0,13824,11,2412111161
6149,51606480,61115468,112721948,7,0,0,287232,2,6236194357
6150,51619420,60221446,111840866,8,0,0,46080,3,6481143773
6151,51640420,60832486,112472906,2,0,0,3072,11,393613266
6152,51651440,60768066,112419506,7,0,0,7680,2,8867923131
6153,51660250,100898014,152558264,7,0,1,5120,2,6806658500
6154,51671229,59885037,111556266,5,0,0,15872,10,6346977785
6155,51679930,60175654,111855584,8,0,0,12800,3,7510141402
6156,51688830,60606289,112295119,2,0,0,24064,11,1722463470
6157,51691250,100892816,152584066,4,0,1,13312,6,4350630646
6158,51696610,60684883,112381493,9,0,0,63488,16,255420489
6159,51707060,60310761,112017821,7,0,0,512,2,2121632172
6160,51708630,59783152,111491782,0,0,0,36864,13,10241633134
6161,51713229,61099056,112812285,1,0,0,13824,17,1988453703
6162,51716370,61288598,113004968,7,0,0,94720,2,5119502695
6163,51728540,60344589,112073129,3,0,0,512,7,6279512697
6164,51759659,60400525,112160184,5,0,0,2560,10,305568675
6165,51766660,60016050,111782710,8,0,0,1024,3,3455154680
6166,51769290,61098825,112868115,3,0,0,18432,7,6159882967
6167,51781220,59829904,111611124,3,0,0,3584,7,1009924559
6168,51785080,100799009,152584089,7,0,1,6144,2,7841869070
6169,51786529,60814977,112601506,1,0,0,159744,17,9307456544
6170,51794190,60365191,112159381,0,0,0,76800,13,3482941166
6171,51816950,60050783,111867733,2,0,0,34304,11,5790894303
6172,51833170,60946723,112779893,7,0,0,114176,2,2692806930
6173,51834630,61351364,113185994,3,0,0,138240,7,1988721482
6174,51835730,100748382,152584112,4,0,1,9216,6,3906821077
6175,51840960,60694021,112534981,2,0,0,187904,11,7720537414
6176,51841880,100742255,152584135,4,0,1,1024,6,2356571358
6177,51852930,60699881,112552811,4,0,0,20992,6,6656644671
6178,51862070,60222782,112084852,4,0,0,38400,6,9590488770
6179,51863049,60254259,112117308,5,0,0,10240,10,10004166548
6180,51866370,61320895,113187265,2,0,0,4096,11,8788998462
6181,51868110,60737007,112605117,4,0,0,11776,6,1610767405
6182,51883790,100766845,152650635,8,0,1,32256,3,8072588367
6183,51884300,60446667,112330967,3,0,0,512,7,2075482180
6184,51890210,60440578,112330788,0,0,0,24576,13,2978699043
6185,51896250,100801575,152697825,8,0,1,18944,3,8941401760
6186,51898069,60713779,112611848,5,0,0,22016,10,698012010
6187,51907290,60837792,112745082,8,0,0,18944,3,3593600157
6188,51918340,60443786,112362126,3,0,0,1024,7,10227463099
6189,51940310,60531046,112471356,0,0,0,14848,13,8156873254
6190,51952230,60933879,112886109,9,0,0,21504,16,3739967552
6191,51954760,61408324,113363084,2,0,0,62976,11,2078170317
6192,51960740,61504051,113464791,6,0,0,81920,7,7068553977
6193,51970540,61305303,113275843,2,0,0,53248,11,6848156650
6194,51979650,60382141,112361791,3,0,0,29184,7,6679314669
6195,51987950,100808880,152796830,4,0,1,2048,6,2036753191
6196,51989700,60749587,112739287,7,0,0,56832,2,5955194100
6197,52004220,60850254,112854474,9,0,0,48640,16,1504190515
6198,52004260,60858216,112862476,4,0,0,2048,6,1483700147
6199,52006230,100790623,152796853,4,0,1,2048,6,8220040672
6200,52009019,61410831,113419850,1,0,0,103424,17,4251636485
6201,52011449,60850380,112861829,5,0,0,24064,10,720574375
6202,52023880,60416397,112440277,7,0,0,38400,2,6923339089
6203,52029360,60517032,112546392,8,0,0,37376,3,3978945227
6204,52031410,100765466,152796876,5,0,1,7680,10,9530087177
6205,52049870,60754561,112804431,8,0,0,44544,3,1821069792
6206,52053480,60568531,112622011,4,0,0,33280,6,2463277947
6207,52055400,60735436,112790836,0,0,0,35840,13,1713593941
6208,52056120,60399967,112456087,0,0,0,1536,13,7262816670
6209,52063300,61521736,113585036,4,0,0,30208,6,5895002580
6210,52067400,60819512,112886912,3,0,0,2560,7,900713564
6211,52070270,60809264,112879534,4,0,0,37376,6,5132655229
6212,52081120,100715779,152796899,0,0,1,9728,13,3792444273
6213,52081340,60257770,112339110,7,0,0,1024,2,7770803257
6214,52082320,61418968,113501288,2,0,0,36864,11,3886489174
6215,52084709,60961010,113045719,1,0,0,24576,17,793285433
6216,52085400,60754231,112839631,0,0,0,53760,13,7880295910
6217,52085710,100882420,152968130,4,0,1,46080,6,5206302474
6218,52086080,100899735,152985815,8,0,1,20480,3,4899958804
6219,52090430,61852117,113942547,6,0,0,41472,7,4935095748
6220,52092290,61541223,113633513,3,0,0,49152,7,2660638263
6221,52097900,60940308,113038208,2,0,0,42496,11,6197285065
6222,52111100,61115422,113226522,2,0,0,22528,11,9174244144
6223,52120580,60702648,112823228,7,0,0,35840,2,4215490768
6224,52128399,60679651,112808050,1,0,0,11776,17,2476154407
6225,52128650,60804540,112933190,7,0,0,92160,2,5942638532
6226,52131151,100854687,152985838,3,0,1,4608,7,238045101
6227,52134510,60946640,113081150,2,0,0,10240,11,3826704017
6228,52144090,101037924,153182014,9,0,1,22528,16,3593377227
6229,52156400,60854051,113010451,2,0,0,17920,11,1379520585
6230,52160650,101022030,153182680,7,0,1,11264,2,3572858740
6231,52172820,60947330,113120150,7,0,0,83456,2,1347321463
6232,52174840,61606964,113781804,6,0,0,110080,7,1008319776
6233,52199010,60815216,113014226,9,0,0,12288,16,7354864668
6234,52209470,100976436,153185906,9,0,1,5120,16,4810094555
6235,52211250,61006321,113217571,3,0,0,33280,7,7949912323
6236,52229200,60900732,113129932,2,0,0,17920,11,461614517
6237,52234880,61476468,113711348,7,0,0,111104,2,3180194815
6238,52235751,101031649,153267400,3,0,1,18432,7,2410781317
6239,52254900,61166267,113421167,2,0,0,2560,11,1146691614
6240,52258710,61759993,114018703,9,0,0,78848,16,10636031147
6241,52262620,61035265,113297885,7,0,0,59392,2,4989866064
6242,52271250,61716652,113987902,4,0,0,74752,6,6343925690
6243,52277590,61893071,114170661,3,0,0,41984,7,2607466638
6244,52279190,61636893,113916083,2,0,0,144384,11,3863041383
6245,52283570,60912454,113196024,2,0,0,28672,11,2583158203
6246,52285850,61138148,113423998,4,0,0,9216,6,2946769563
6247,52294190,61081576,113375766,4,0,0,41472,6,4463329431
6248,52298950,101001365,153300315,9,0,1,20480,16,4548373023
6249,52319730,61156339,113476069,4,0,0,28160,6,8935690651
6250,52333299,61538769,113872068,1,0,0,72192,17,4387130897
6251,52357509,100944752,153302261,1,0,1,3072,17,2371419317
6252,52357930,61062411,113420341,0,0,0,1536,13,10087522037
6253,52359929,60919837,113279766,5,0,0,12800,10,4253391777
6254,52360600,61789860,114150460,7,0,0,32256,2,8595066111
6255,52364820,61379353,113744173,8,0,0,23040,3,10032120434
6256,52366721,101195343,153562064,3,0,1,8192,7,5216740102
6257,52396659,61179150,113575809,5,0,0,59392,10,7767275455
6258,52402500,101234877,153637377,9,0,1,7168,16,3640912069
6259,52415770,61968594,114384364,0,0,0,76800,13,6390564793
6260,52419760,61856310,114276070,3,0,0,50176,7,6950673460
6261,52428440,61921875,114350315,0,0,0,4096,13,2793190009
6262,52438790,61408740,113847530,4,0,0,58368,6,6811334475
6263,52450350,61017116,113467466,2,0,0,8704,11,3613160131
6264,52458080,101586703,154044783,8,0,1,44032,3,3392514985
6265,52474289,61055089,113529378,1,0,0,31232,17,4633597496
6266,52481049,101563757,154044806,1,0,1,17920,17,7085613364
6267,52485630,61477064,113962694,8,0,0,66048,3,1723645471
6268,52490330,61100813,113591143,4,0,0,19968,6,2286050403
6269,52503810,61173663,113677473,3,0,0,62976,7,3431979721
6270,52513330,61223800,113737130,4,0,0,36864,6,5262402898
6271,52520999,61551019,114072018,1,0,0,56320,17,9040580801
6272,52528749,62004621,114533370,5,0,0,108544,10,10167281268
6273,52530670,61754627,114285297,7,0,0,30208,2,9443765135
6274,52534490,61620985,114155475,9,0,0,16384,16,5432221717
6275,52538990,61960501,114499491,6,0,0,49152,7,2608435686
6276,52550110,61503990,114054100,0,0,0,29184,13,1654340046
6277,52550479,61168091,113718570,5,0,0,23552,10,8840902525
6278,52556910,61600928,114157838,6,0,0,7680,7,3289747705
6279,52568120,61396983,113965103,3,0,0,7680,7,6835421867
6280,52574920,61812431,114387351,9,0,0,9728,16,3122907323
6281,52577810,61272239,113850049,7,0,0,8192,2,1459630638
6282,52578810,62184981,114763791,0,0,0,51200,13,310462791
6283,52587750,61196729,113784479,9,0,0,8704,16,2267607115
6284,52601710,61392946,113994656,2,0,0,17408,11,4781643011
6285,52610021,101697079,154307100,3,0,1,30208,7,3588910694
6286,52611810,61314124,113925934,7,0,0,32256,2,10520096871
6287,52618270,101689816,154308086,4,0,1,1536,6,1639644769
6288,52638229,61185279,113823508,5,0,0,9728,10,10038056965
6289,52652390,61277475,113929865,8,0,0,12800,3,7953279839
6290,52654470,101660708,154315178,9,0,1,11264,16,3092242735
6291,52658491,101897277,154555768,2,0,1,44032,11,2676377037
6292,52662230,61741427,114403657,3,0,0,11264,7,7159979658
6293,52672300,61400521,114072821,0,0,0,2560,13,108216673
6294,52676090,61902075,114578165,8,0,0,146944,3,6659892887
6295,52684919,101918153,154603072,1,0,1,22528,17,4356732975
6296,52684990,61795423,114480413,4,0,0,89600,6,1269979183
6297,52702930,61615952,114318882,8,0,0,47616,3,1493967576
6298,52704690,61950645,114655335,8,0,0,13824,3,10548643677
6299,52704960,61469624,114174584,7,0,0,12800,2,7888591867
6300,52707180,62239475,114946655,7,0,0,114176,2,6019755362
6301,52710700,101965779,154676479,9,0,1,8704,16,1936413102
6302,52742600,62485168,115227768,3,0,0,191488,7,3308042245
6303,52745601,102229436,154975037,2,0,1,62464,11,2313904742
6304,52772860,61974037,114746897,3,0,0,170496,7,10504287009
6305,52773790,62075471,114849261,7,0,0,84992,2,6961821649
6306,52774899,61214430,113989329,1,0,0,4608,17,2792105675
6307,52804259,61535747,114340006,5,0,0,7680,10,3229680391
6308,52816570,61667922,114484492,4,0,0,13312,6,5001402942
6309,52821570,62473549,115295119,7,0,0,36352,2,9044797144
6310,52825770,102153133,154978903,0,0,1,6144,13,9035016873
6311,52830640,62171933,115002573,6,0,0,43008,7,3732282970
6312,52849380,62422247,115271627,0,0,0,143872,13,9240556780
6313,52859390,62458071,115317461,6,0,0,16384,7,2378871511
6314,52880760,61757130,114637890,0,0,0,22016,13,6246933721
6315,52883559,61998342,114881901,5,0,0,58368,10,169027471
6316,52886629,62280135,115166764,5,0,0,32256,10,657427957
6317,52893760,61929582,114823342,9,0,0,37376,16,9176596632
6318,52894160,61506042,114400202,4,0,0,24576,6,8975954565
6319,52896450,62152569,115049019,7,0,0,51200,2,4214142308
6320,52897900,102361691,155259591,0,0,1,12800,13,4766620105
6321,52910199,102349415,155259614,1,0,1,9728,17,3069920732
6322,52915971,102361831,155277802,3,0,1,1536,7,771920443
6323,52928500,61365088,114293588,9,0,0,27136,16,7077913484
6324,52929140,62060306,114989446,3,0,0,46592,7,3442579173
6325,52933890,61866116,114800006,2,0,0,118784,11,2212973853
6326,52946469,102391626,155338095,1,0,1,27648,17,3333361658
6327,52947140,61801028,114748168,4,0,0,4096,6,9603089407
6328,52947910,62336087,115283997,2,0,0,40448,11,3901078742
6329,52964030,102392223,155356253,5,0,1,6144,10,3031415125
6330,52965550,61842279,114807829,9,0,0,25600,16,1685766237
6331,52969090,102397505,155366595,0,0,1,5632,13,5421394618
6332,52969720,61842032,114811752,0,0,0,12800,13,4747296095
6333,52972550,62033946,115006496,2,0,0,12800,11,9247985719
6334,52988169,61899853,114888022,1,0,0,15872,17,8890952668
6335,52988261,102378357,155366618,2,0,1,30208,11,1586513729
6336,53000399,61974828,114975227,5,0,0,16384,10,9483484444
6337,53005260,62570388,115575648,9,0,0,43520,16,8048383785
6338,53007600,61444986,114452586,3,0,0,1024,7,6527840704
6339,53012380,62479796,115492176,9,0,0,124416,16,8319430229
6340,53013370,61798561,114811931,9,0,0,512,16,9504041386
6341,53023890,63202398,116226288,9,0,0,37376,16,1427079943
6342,53026020,62291932,115317952,3,0,0,1536,7,10232163244
6343,53035350,62018372,115053722,2,0,0,15360,11,7155004294
6344,53042249,62884400,115926649,1,0,0,609280,17,9606124667
6345,53047849,63071901,116119750,5,0,0,26112,10,3833015322
6346,53054440,102349352,155403792,4,0,1,5120,6,8657093464
6347,53066960,62509358,115576318,3,0,0,2048,7,7302898777
6348,53067000,62603699,115670699,9,0,0,17920,16,1465040327
6349,53073049,62940428,116013477,1,0,0,236032,17,370421109
6350,53081629,62447095,115528724,5,0,0,2048,10,3839612535
6351,53082241,102339560,155421801,3,0,1,12288,7,2668910412
6352,53097459,62420400,115517859,5,0,0,7680,10,9999797168
6353,53111420,62821804,115933224,2,0,0,21504,11,2307219417
6354,53113059,62002182,115115241,1,0,0,15360,17,5563957152
6355,53146530,102279373,155425903,0,0,1,7680,13,4300138713
6356,53159151,102266775,155425926,3,0,1,2560,7,10293191566
6357,53162670,62399695,115562365,0,0,0,105472,13,6521436877
6358,53166860,62462974,115629834,3,0,0,91136,7,135807997
6359,53170009,62994715,116164724,1,0,0,128512,17,9768407868
6360,53171980,63243518,116415498,8,0,0,47104,3,7161193945
6361,53184670,62535087,115719757,4,0,0,13824,6,4461767490
6362,53185570,62529952,115715522,6,0,0,64512,7,2391027038
6363,53193310,62999361,116192671,2,0,0,91648,11,4019370998
6364,53210960,62187925,115398885,7,0,0,3584,2,5190235228
6365,53216481,102212143,155428624,2,0,1,32256,11,1675977280
6366,53217970,62286739,115504709,9,0,0,40960,16,5622835282
6367,53230951,102244675,155475626,3,0,1,11264,7,2763539711
6368,53242370,62273126,115515496,2,0,0,35328,11,4811585578
6369,53247240,62160705,115407945,4,0,0,3072,6,6479928936
6370,53249069,62081342,115330411,5,0,0,10752,10,3337498314
6371,53252189,62826721,116078910,1,0,0,98816,17,816842140
6372,53253680,62687858,115941538,6,0,0,27136,7,4360010189
6373,53255330,62856417,116111747,0,0,0,26112,13,5707631009
6374,53258291,102265881,155524172,2,0,1,40448,11,1600886921
6375,53261950,62830243,116092193,8,0,0,43520,3,4835661617
6376,53266030,62948839,116214869,4,0,0,54784,6,7487288286
6377,53270620,62778159,116048779,9,0,0,38912,16,4141730546
6378,53281010,62844535,116125545,3,0,0,18944,7,5485614032
6379,53291770,62745130,116036900,2,0,0,76800,11,10694242626
6380,53292430,62905724,116198154,4,0,0,17920,6,265010162
6381,53302060,63240028,116542088,9,0,0,18432,16,9312030485
6382,53304799,63261648,116566447,1,0,0,79872,17,3398290284
6383,53310910,62931648,116242558,0,0,0,31232,13,4286521841
6384,53312770,63316949,116629719,3,0,0,22016,7,2275520753
6385,53318000,63045271,116363271,2,0,0,89600,11,8335386460
6386,53328159,62775609,116103768,5,0,0,37888,10,7121081633
6387,53336280,63361963,116698243,4,0,0,78848,6,447165149
6388,53341510,62891509,116233019,0,0,0,22016,13,1029324222
6389,53350869,63020537,116371406,1,0,0,26624,17,7166003063
6390,53353590,62896791,116250381,0,0,0,25600,13,10515296746
6391,53354770,63263671,116618441,4,0,0,138752,6,8541698073
6392,53364390,63377625,116742015,4,0,0,143360,6,2496924921
6393,53364610,62899062,116263672,3,0,0,43520,7,3530650703
6394,53370220,63094810,116465030,3,0,0,23552,7,7769125803
6395,53384560,63051865,116436425,2,0,0,68608,11,528940591
6396,53392690,62873345,116266035,7,0,0,7680,2,3419109577
6397,53394470,63006653,116401123,2,0,0,84480,11,5364599405
6398,53409090,62926055,116335145,8,0,0,155136,3,6753660053
6399,53415650,63718504,117134154,6,0,0,182272,7,2220976610
6400,53420920,63019147,116440067,8,0,0,7168,3,25610907
6401,53433029,62902919,116335948,1,0,0,2560,17,10613216200
6402,53437830,63000022,116437852,8,0,0,4608,3,3609566221
6403,53451130,102086036,155537166,5,0,1,17920,10,7482105295
6404,53453671,102105404,155559075,3,0,1,4096,7,10220038826
6405,53454440,102104658,155559098,5,0,1,5120,10,10632092553
6406,53462940,102107166,155570106,7,0,1,34304,2,7938580971
6407,53476140,62899189,116375329,9,0,0,12800,16,7383101106
6408,53478090,63291762,116769852,0,0,0,48640,13,7635027455
6409,53492660,62777454,116270114,9,0,0,13312,16,10343476917
6410,53498259,63134790,116633049,1,0,0,5632,17,9382578449
6411,53506939,63029510,116536449,5,0,0,37376,10,4499271814
6412,53507729,63338290,116846019,5,0,0,12800,10,8979594225
6413,53519440,63121555,116640995,8,0,0,25600,3,10022073105
6414,53527500,102077752,155605252,0,0,1,11776,13,3111259475
6415,53530390,63332052,116862442,0,0,0,3072,13,9011634148
6416,53533371,102073507,155606878,3,0,1,2560,7,7578229516
6417,53536199,63086789,116622988,5,0,0,14848,10,3312274283
6418,53543600,63032542,116576142,3,0,0,31744,7,7683298123
6419,53546690,63314770,116861460,6,0,0,46592,7,8102478514
6420,53562051,102046453,155608504,2,0,1,2560,11,10623339712
6421,53571760,62884858,116456618,2,0,0,512,11,1789110390
6422,53571969,62953069,116525038,5,0,0,8704,10,9645139872
6423,53593119,63187143,116780262,5,0,0,1024,10,8414494253
6424,53594770,102113961,155708731,4,0,1,2560,6,4342182698
6425,53599880,62856559,116456439,8,0,0,15872,3,7186816618
6426,53617060,102188909,155805969,9,0,1,7680,16,5604119720
6427,53626390,63004912,116631302,3,0,0,5120,7,2577945201
6428,53628340,63585014,117213354,8,0,0,104960,3,2801388367
6429,53636691,102465058,156101749,3,0,1,512,7,8278664547
6430,53653010,63619738,117272748,4,0,0,86528,6,7323747340
6431,53656309,63118735,116775044,5,0,0,11264,10,2955048017
6432,53662010,63516685,117178695,8,0,0,6144,3,9135904331
6433,53664990,63330843,116995833,9,0,0,115200,16,6429575530
6434,53672450,102429322,156101772,0,0,1,2560,13,7275634826
6435,53680180,63892140,117572320,3,0,0,59904,7,5607847011
6436,53687871,102559316,156247187,2,0,1,3072,11,922943094
6437,53712101,102953551,156665652,3,0,1,25088,7,6074935375
6438,53737351,103399037,157136388,3,0,1,103424,7,5455327818
6439,53742181,104329694,158071875,2,0,1,25088,11,9067997811
6440,53752299,63880180,117632479,1,0,0,119296,17,7644063186
6441,53760219,64005215,117765434,1,0,0,7168,17,802639637
6442,53760459,63691399,117451858,1,0,0,58880,17,2336527189
6443,53762580,63969629,117732209,3,0,0,123904,7,7270253931
6444,53773860,63698416,117472276,3,0,0,66560,7,3531276990
6445,53798709,63341084,117139793,1,0,0,18432,17,7745880135
6446,53799050,63067159,116866209,0,0,0,12288,13,8324607030
6447,53799890,63504110,117304000,3,0,0,30720,7,8215009609
6448,53810870,104267741,158078611,0,0,1,5120,13,9107060975
6449,53813061,104727281,158540342,3,0,1,225792,7,90175337
6450,53820840,63928816,117749656,9,0,0,19968,16,6593790874
6451,53828249,64002836,117831085,5,0,0,20992,10,9838746285
6452,53839440,63755458,117594898,6,0,0,4096,7,4184573755
6453,53844650,64070634,117915284,0,0,0,84480,13,7921561074
6454,53848559,63328241,117176800,5,0,0,120320,10,802310085
6455,53853709,104748781,158602490,1,0,1,31232,17,196865865
6456,53854169,63164183,117018352,1,0,0,3584,17,353730982
6457,53854800,63456250,117311050,3,0,0,15360,7,6283202461
6458,53855000,63174763,117029763,3,0,0,37376,7,1970225543
6459,53861140,64255167,118116307,3,0,0,52224,7,5916334737
6460,53861719,63515805,117377524,5,0,0,7168,10,2526280143
6461,53872969,64227403,118100372,1,0,0,99328,17,706216708
6462,53875420,64194665,118070085,2,0,0,196096,11,8660505561
6463,53882479,64344248,118226727,1,0,0,75776,17,4289365711
6464,53888650,63438922,117327572,7,0,0,20480,2,758026593
6465,53893119,64372362,118265481,5,0,0,121344,10,449868540
6466,53901150,104701494,158602644,8,0,1,8704,3,1108969061
6467,53917609,63776825,117694434,5,0,0,203264,10,410159890
6468,53923161,104774370,158697531,2,0,1,35840,11,1642862413
6469,53924019,64275641,118199660,1,0,0,39936,17,9630002950
6470,53935840,64445855,118381695,4,0,0,2560,6,506643214
6471,53940280,64023106,117963386,4,0,0,121856,6,560404430
6472,53941319,64417790,118359109,5,0,0,19456,10,8829493040
6473,53961460,63551286,117512746,8,0,0,41984,3,4005091323
6474,53965250,64704979,118670229,0,0,0,338432,13,447525248
6475,53990881,105158462,159149343,3,0,1,285184,7,2973585876
6476,53991570,105194803,159186373,4,0,1,94208,6,2170447402
6477,53992350,63832316,117824666,4,0,0,60416,6,3977996547
6478,53993740,105597979,159591719,5,0,1,8704,10,4475702388
6479,54013280,105578462,159591742,8,0,1,11776,3,4049136203
6480,54039570,64284999,118324569,2,0,0,2560,11,9053206853
6481,54044280,64801953,118846233,7,0,0,124928,2,6118675760
6482,54045759,63808205,117853964,1,0,0,44544,17,6142939311
6483,54046420,64237873,118284293,0,0,0,36864,13,10584373675
6484,54050930,64075251,118126181,4,0,0,15872,6,8895238730
6485,54062029,64091633,118153662,1,0,0,53248,17,2530538966
6486,54067589,64220972,118288561,5,0,0,9728,10,2494102057
6487,54068470,105524254,159592724,8,0,1,2048,3,8056863297
6488,54070460,63711550,117782010,2,0,0,15360,11,1556374048
6489,54072260,64115209,118187469,8,0,0,26624,3,6931295438
6490,54074320,64198672,118272992,0,0,0,24576,13,8780028456
6491,54096389,64392201,118488590,5,0,0,97792,10,7433683031
6492,54100690,64302182,118402872,0,0,0,55296,13,10448907415
6493,54100750,105491997,159592747,8,0,1,4608,3,1346867175
6494,54101370,105494543,159595913,9,0,1,5120,16,5523682188
6495,54108560,64297299,118405859,3,0,0,9728,7,3895797501
6496,54122310,105473626,159595936,9,0,1,40448,16,4893182915
6497,54132340,64394475,118526815,9,0,0,24064,16,9875053999
6498,54136100,64411656,118547756,9,0,0,64000,16,9719185698
6499,54148150,64221516,118369666,3,0,0,32768,7,8610632814
6500,54148790,64737558,118886348,3,0,0,131584,7,1279500091
6501,54153319,64626982,118780301,1,0,0,35328,17,2048434338
6502,54153749,64760710,118914459,5,0,0,92160,10,7907460782
6503,54182831,105413128,159595959,2,0,1,7168,11,6408274981
6504,54198510,63922812,118121322,9,0,0,16384,16,4976090867
6505,54201050,105477947,159678997,5,0,1,36352,10,2812389203
6506,54207291,105471729,159679020,2,0,1,33280,11,6952729404
6507,54231739,64537775,118769514,1,0,0,148480,17,1920058767
6508,54236860,105442183,159679043,8,0,1,21504,3,9544387517
6509,54239900,105459694,159699594,0,0,1,11776,13,2947602222
6510,54257340,105442277,159699617,9,0,1,6144,16,9594768608
6511,54282289,64525857,118808146,5,0,0,18432,10,10600165781
6512,54293150,64509357,118802507,8,0,0,60928,3,9396277520
6513,54304339,64419912,118724251,5,0,0,90112,10,554019815
6514,54313130,64615704,118928834,3,0,0,47104,7,10088383433
6515,54316960,64379812,118696772,4,0,0,87040,6,9734338734
6516,54325180,105374460,159699640,0,0,1,4608,13,7933406739
6517,54354289,64620642,118974931,1,0,0,48640,17,1937606311
6518,54354310,64030216,118384526,7,0,0,9216,2,10699090567
6519,54354761,106370004,160724765,3,0,1,825344,7,4730916732
6520,54356570,64641015,118997585,4,0,0,7168,6,9266128410
6521,54372390,64734251,119106641,7,0,0,203776,2,9559106106
6522,54375220,106352734,160727954,8,0,1,7168,3,8104896630
6523,54403090,64576255,118979345,6,0,0,10240,7,5484390438
6524,54412600,64735591,119148191,3,0,0,16384,7,10454929160
6525,54415000,64966945,119381945,6,0,0,101888,7,3643073420
6526,54426930,106337301,160764231,8,0,1,52736,3,1323410934
6527,54431940,64742998,119174938,0,0,0,13824,13,7034277390
6528,54436940,106333370,160770310,4,0,1,3072,6,9505277582
6529,54444500,65106779,119551279,2,0,0,42496,11,8634725075
6530,54456289,64503799,118960088,1,0,0,27648,17,1953186650
6531,54459049,64530193,118989242,1,0,0,18944,17,4739286673
6532,54475500,64638340,119113840,0,0,0,23552,13,3828433802
6533,54475530,64500672,118976202,8,0,0,4096,3,1793910879
6534,54482360,64557112,119039472,0,0,0,9216,13,9415231596
6535,54488939,64738303,119227242,1,0,0,32768,17,1806163005
6536,54489110,64294810,118783920,2,0,0,11776,11,4164053862
6537,54511720,64468896,118980616,8,0,0,4096,3,5966717793
6538,54516930,64434703,118951633,9,0,0,74752,16,9291737150
6539,54522029,64682402,119204431,1,0,0,50688,17,915504752
6540,54528660,64794149,119322809,0,0,0,69120,13,6836759681
6541,54545180,106226756,160771936,4,0,1,2560,6,8985229711
6542,54552030,106228282,160780312,1,0,1,24064,17,5614395945
6543,54556070,64427377,118983447,9,0,0,9216,16,785640679
6544,54558140,106271040,160829180,4,0,1,18944,6,8536387963
6545,54558280,64612423,119170703,9,0,0,22528,16,3935348880
6546,54560930,64923525,119484455,4,0,0,8704,6,10733601555
6547,54571910,64550819,119122729,6,0,0,14336,7,1731695825
6548,54572449,65134036,119706485,1,0,0,181760,17,10548090349
6549,54575469,65188500,119763969,5,0,0,27136,10,4121064674
6550,54578050,64453293,119031343,4,0,0,4096,6,7984597702
6551,54579481,106748615,161328096,2,0,1,281600,11,6329404681
6552,54619760,64826886,119446646,6,0,0,80896,7,1442957480
6553,54640590,106718579,161359169,0,0,1,33280,13,10075054510
6554,54640850,64897458,119538308,4,0,0,32768,6,5277391336
6555,54676180,65043055,119719235,9,0,0,10752,16,2284559110
6556,54677180,65293145,119970325,0,0,0,23552,13,3532244998
6557,54690010,65378996,120069006,8,0,0,120320,3,8095585333
6558,54690420,65465271,120155691,9,0,0,124928,16,3275473928
6559,54693130,64917139,119610269,0,0,0,37376,13,7881406163
6560,54694020,65171897,119865917,3,0,0,67584,7,1122165444
6561,54706690,64772838,119479528,8,0,0,2560,3,6900270547
6562,54746940,65216163,119963103,2,0,0,51200,11,4283292155
6563,54754119,65049542,119803661,5,0,0,24576,10,9818138072
6564,54762540,106597807,161360347,8,0,1,13824,3,5974501720
6565,54773179,64808146,119581325,1,0,0,14336,17,710846556
6566,54777080,65479303,120256383,3,0,0,61952,7,103565017
6567,54782780,64469704,119252484,7,0,0,3584,2,7625369701
6568,54798471,108170708,162969179,3,0,1,947712,7,6874946252
6569,54799650,65561462,120361112,7,0,0,90112,2,5567408494
6570,54800140,65696111,120496251,3,0,0,100864,7,2966947725
6571,54814999,65482637,120297636,1,0,0,36352,17,328045968
6572,54818510,108150692,162969202,4,0,1,9216,6,3485298749
6573,54821270,65512363,120333633,7,0,0,52224,2,3302891472
6574,54824399,64912109,119736508,5,0,0,26624,10,847716919
6575,54826540,64951422,119777962,8,0,0,15360,3,8848606542
6576,54830439,65351171,120181610,5,0,0,84992,10,6826006294
6577,54834230,64921448,119755678,7,0,0,34304,2,10097688145
6578,54843600,64971200,119814800,6,0,0,16384,7,1233713697
6579,54847420,65439117,120286537,2,0,0,62464,11,7349949254
6580,54851240,65140411,119991651,0,0,0,13824,13,6816286691
6581,54855620,65217979,120073599,2,0,0,14848,11,9562368697
6582,54856539,65261065,120117604,1,0,0,66560,17,10377647699
6583,54862610,108106647,162969257,7,0,1,4096,2,3062809638
6584,54881000,65764482,120645482,2,0,0,36352,11,1552312747
6585,54898430,65101964,120000394,3,0,0,20992,7,9580889638
6586,54902250,108089806,162992056,0,0,1,19456,13,2245380396
6587,54917010,64982817,119899827,6,0,0,19968,7,4903864268
6588,54918301,108201082,163119383,3,0,1,60416,7,5151571602
6589,54932389,64942419,119874808,1,0,0,24576,17,10512059963
6590,54961301,109887728,164849029,2,0,1,1017344,11,111447238
6591,54965110,65489492,120454602,2,0,0,5120,11,7429066572
6592,54966660,65609919,120576579,8,0,0,6144,3,6004894967
6593,54974310,65101652,120075962,6,0,0,7680,7,3827305613
6594,55007111,109891678,164898789,3,0,1,42496,7,5476672324
6595,55008840,109903723,164912563,0,0,1,18432,13,8519885827
6596,55019170,109996486,165015656,8,0,1,11264,3,9560796750
6597,55034920,65469622,120504542,8,0,0,27136,3,4255243574
6598,55035270,65765558,120800828,7,0,0,5120,2,7305574558
6599,55040980,66249368,121290348,7,0,0,5120,2,9080180986
6600,55043020,65321547,120364567,2,0,0,11264,11,5925881561
6601,55056429,65244350,120300779,1,0,0,10240,17,9989910997
6602,55066370,65637997,120704367,8,0,0,102912,3,8586025797
6603,55087630,66126359,121213989,6,0,0,137728,7,10512737704
6604,55088680,65346034,120434714,7,0,0,8704,2,10337342330
6605,55100810,65166672,120267482,2,0,0,36352,11,4463145811
6606,55110139,65874464,120984603,5,0,0,66560,10,5169174428
6607,55115400,65311487,120426887,7,0,0,24576,2,7313896264
6608,55131290,65534191,120665481,2,0,0,37888,11,5399572157
6609,55141349,65278027,120419376,1,0,0,132608,17,1928936902
6610,55141629,65492754,120634383,1,0,0,62976,17,2549238739
6611,55158510,65043405,120201915,8,0,0,5120,3,1555666886
6612,55162230,109853449,165015679,4,0,1,8704,6,7722803981
6613,55162550,109862223,165024773,8,0,1,4096,3,10086483732
6614,55163060,65294997,120458057,3,0,0,11264,7,257977643
6615,55164130,65279636,120443766,4,0,0,19968,6,1832600415
6616,55164269,65481860,120646129,5,0,0,2048,10,10301713236
6617,55173211,110480952,165654163,2,0,1,832000,11,5480500684
6618,55184059,66261713,121445772,1,0,0,40960,17,2138145593
6619,55189530,110557726,165747256,1,0,1,175104,17,6375769667
6620,55191170,65660866,120852036,7,0,0,96256,2,8121075270
6621,55201000,110570015,165771015,4,0,1,16896,6,1886869722
6622,55217190,110553848,165771038,9,0,1,2560,16,4235343522
6623,55220649,66940943,122161592,5,0,0,640000,10,3664352073
6624,55221450,65783924,121005374,6,0,0,68096,7,3845998778
6625,55221470,110549591,165771061,8,0,1,10240,3,9058385226
6626,55229829,67088135,122317964,1,0,0,82944,17,715124899
6627,55244369,65290822,120535191,1,0,0,512,17,9492135363
6628,55244680,66668068,121912748,6,0,0,128000,7,3910504732
6629,55246879,65550687,120797566,5,0,0,4608,10,9297962897
6630,55270610,65252862,120523472,2,0,0,29696,11,4477202581
6631,55272050,110564836,165836886,0,0,1,25088,13,1374184331
6632,55277650,65880412,121158062,4,0,0,133632,6,3157876520
6633,55284389,65950527,121234916,1,0,0,68608,17,601524277
6634,55330720,110509176,165839896,8,0,1,26624,3,9376522294
6635,55335390,66284449,121619839,8,0,0,80384,3,9051799065
6636,55342030,65415995,120758025,2,0,0,40960,11,4276273101
6637,55343700,66120131,121463831,6,0,0,20480,7,8692581043
6638,55344761,110495158,165839919,3,0,1,512,7,6338086552
6639,55350160,67202970,122553130,4,0,0,73728,6,172033234
6640,55352880,65448283,120801163,3,0,0,1024,7,7329493404
6641,55354750,65661099,121015849,8,0,0,34304,3,3770772468
6642,55369710,110471191,165840901,9,0,1,44544,16,8222161017
6643,55373070,66855162,122228232,9,0,0,74240,16,9592053961
6644,55386530,66246958,121633488,8,0,0,21504,3,8325061198
6645,55402170,65700830,121103000,4,0,0,3584,6,4834364353
6646,55409230,110431718,165840948,9,0,1,24064,16,9108760760
6647,55410581,110430390,165840971,3,0,1,9728,7,6885016746
6648,55418370,66071915,121490285,7,0,0,83456,2,3584203756
6649,55432800,65813425,121246225,6,0,0,6656,7,7661565128
6650,55433000,110485320,165918320,0,0,1,33280,13,5041537272
6651,55434820,66363595,121798415,7,0,0,147456,2,10002577166
6652,55452560,65617501,121070061,7,0,0,9216,2,8221687281
6653,55454690,110466127,165920817,0,0,1,3072,13,1149213305
6654,55465390,67247200,122712590,3,0,0,164864,7,3621627226
6655,55465500,66129824,121595324,2,0,0,42496,11,8479061772
6656,55479790,66457207,121936997,6,0,0,8192,7,5224569936
6657,55486259,66326011,121812270,1,0,0,35328,17,9915663979
6658,55487699,66227508,121715207,5,0,0,50688,10,8131205831
6659,55491310,65752856,121244166,7,0,0,11264,2,10488362727
6660,55495160,110441847,165937007,9,0,1,24064,16,7664218583
6661,55514100,65580381,121094481,6,0,0,37888,7,7912520331
6662,55521130,66040220,121561350,3,0,0,30720,7,10536043179
6663,55538310,110579183,166117493,5,0,1,112640,10,4856436235
6664,55541360,65699351,121240711,8,0,0,18944,3,3575593033
6665,55544580,65906051,121450631,2,0,0,15872,11,7453724830
6666,55545670,65964631,121510301,8,0,0,28160,3,5558180351
6667,55547680,66139448,121687128,6,0,0,84480,7,10000428683
6668,55556680,110562196,166118876,9,0,1,14848,16,5134290719
6669,55561530,65975275,121536805,2,0,0,29184,11,6083788514
6670,55565250,67413100,122978350,8,0,0,46592,3,8397686962
6671,55578749,110710163,166288912,1,0,1,71168,17,2640629763
6672,55587300,66134950,121722250,8,0,0,23040,3,2202833445
6673,55589070,66597441,122186511,3,0,0,48640,7,3488582485
6674,55598699,66059920,121658619,1,0,0,11776,17,5397857782
6675,55604550,110685028,166289578,9,0,1,1024,16,9759192054
6676,55605260,66347539,121952799,4,0,0,27136,6,9624428224
6677,55626270,110670439,166296709,9,0,1,41984,16,8384281797
6678,55641241,110675662,166316903,3,0,1,7680,7,4312349944
6679,55655690,66097774,121753464,2,0,0,14848,11,2762266011
6680,55658670,66671352,122330022,7,0,0,27648,2,8652610841
6681,55659220,66266343,121925563,2,0,0,41984,11,9983740965
6682,55659770,66284738,121944508,9,0,0,24576,16,5290559453
6683,55671571,110989417,166660988,2,0,1,198144,11,1631733921
6684,55674190,66515464,122189654,7,0,0,10240,2,3883542251
6685,55677649,66494019,122171668,1,0,0,32768,17,8243943179
6686,55686779,110976475,166663254,1,0,1,3584,17,9592300265
6687,55690750,66712928,122403678,4,0,0,60928,6,2373287902
6688,55709531,111075152,166784683,2,0,1,149504,11,10053900787
6689,55710730,66696715,122407445,3,0,0,12288,7,198450768
6690,55724520,66076570,121801090,7,0,0,8704,2,3002926436
6691,55742710,67417422,123160132,7,0,0,87552,2,3236677043
6692,55743520,111066535,166810055,7,0,1,19968,2,5623022675
6693,55779181,111109490,166888671,2,0,1,5120,11,8708311559
6694,55781409,66459083,122240492,5,0,0,39936,10,4672647372
6695,55785470,66149008,121934478,7,0,0,29184,2,3993621877
6696,55787119,111101575,166888694,1,0,1,16384,17,7765408276
6697,55791830,66413759,122205589,6,0,0,52224,7,3295099765
6698,55801980,111086737,166888717,0,0,1,24576,13,4900787151
6699,55813980,111074760,166888740,5,0,1,2048,10,5266666584
6700,55825120,66559971,122385091,8,0,0,87040,3,1286731767
6701,55836359,66498834,122335193,5,0,0,16896,10,5681518542
6702,55839890,66673820,122513710,3,0,0,150528,7,2736995203
6703,55845830,66397665,122243495,9,0,0,9728,16,2367011894
6704,55848469,66401952,122250421,5,0,0,5120,10,10682617744
6705,55853229,66468346,122321575,5,0,0,11776,10,3110941802
6706,55862140,66407477,122269617,8,0,0,26112,3,5194208081
6707,55863939,66387753,122251692,1,0,0,4096,17,264860350
6708,55890910,66444774,122335684,7,0,0,1536,2,6310361242
6709,55902250,66614291,122516541,8,0,0,9216,3,2859200108
6710,55915950,66520968,122436918,9,0,0,24576,16,5498916128
6711,55926070,111071478,166997548,7,0,1,58880,2,8596712495
6712,55931340,66498067,122429407,4,0,0,41984,6,5666356023
6713,55932260,66316562,122248822,3,0,0,17408,7,5690141145
6714,55934060,66627049,122561109,8,0,0,26112,3,6972787470
6715,55938229,66656165,122594394,1,0,0,52224,17,7580212065
6716,55941990,66717199,122659189,8,0,0,38400,3,2321859494
6717,55961070,66569378,122530448,4,0,0,45568,6,10583968399
6718,55980350,66643163,122623513,3,0,0,10240,7,4315946600
6719,55981199,66486624,122467823,1,0,0,20992,17,9968700351
6720,55986949,111222012,167208961,1,0,1,87552,17,4967419993
6721,55996291,111213336,167209627,3,0,1,1024,7,479650058
6722,56011110,66994484,123005594,7,0,0,37888,2,78148766
6723,56017000,66731319,122748319,3,0,0,17920,7,498066740
6724,56020141,111189640,167209781,3,0,1,8704,7,7790805151
6725,56024250,111186197,167210447,5,0,1,11264,10,3884211012
6726,56032589,67255061,123287650,5,0,0,86528,10,7226099581
6727,56057420,111194703,167252123,9,0,1,11776,16,8769265355
6728,56066520,66663813,122730333,9,0,0,57856,16,6822421740
6729,56091319,66651517,122742836,1,0,0,40960,17,2180035863
6730,56102100,66664431,122766531,7,0,0,29696,2,10660483724
6731,56112780,66417863,122530643,4,0,0,512,6,8251941770
6732,56113520,67099238,123212758,3,0,0,2048,7,3772060942
6733,56118430,67429518,123547948,2,0,0,67584,11,4072989367
6734,56130980,66484254,122615234,9,0,0,6656,16,503521298
6735,56135569,66621891,122757460,5,0,0,29696,10,2278288484
6736,56136309,66442150,122578459,1,0,0,39936,17,5598196590
6737,56139820,66522356,122662176,6,0,0,9728,7,8825098588
6738,56139931,111119004,167258935,3,0,1,29696,7,5228591868
6739,56145820,67403243,123549063,4,0,0,3584,6,8988661018
6740,56146730,111219640,167366370,5,0,1,19456,10,2028186838
6741,56156410,111379448,167535858,9,0,1,8192,16,7721537436
6742,56157250,67616226,123773476,2,0,0,147456,11,2176764429
6743,56159681,111752007,167911688,3,0,1,31232,7,4466471095
6744,56159960,111766596,167926556,8,0,1,4096,3,6480057321
6745,56163480,68419236,124582716,2,0,0,704512,11,3140133833
6746,56167180,67276181,123443361,9,0,0,5632,16,1100992499
6747,56173890,67178162,123352052,4,0,0,7168,6,3472756158
6748,56174610,66912948,123087558,6,0,0,47616,7,9846910642
6749,56175749,67067076,123242825,5,0,0,60416,10,4605917575
6750,56197110,66865054,123062164,3,0,0,93696,7,7025698936
6751,56210210,68059385,124269595,4,0,0,70144,6,5072806549
6752,56213960,67478798,123692758,2,0,0,203264,11,5310914588
6753,56226970,67475015,123701985,2,0,0,30208,11,2936728112
6754,56232150,67659815,123891965,4,0,0,192000,6,9971802835
6755,56237100,111708035,167945135,7,0,1,1024,2,7398940679
6756,56240630,66785461,123026091,6,0,0,28672,7,1101396530
6757,56250590,67452198,123702788,8,0,0,2560,3,9957727095
6758,56251040,67262029,123513069,3,0,0,20480,7,7501535322
6759,56251300,111693858,167945158,5,0,1,1024,10,950461570
6760,56251720,111693461,167945181,0,0,1,5120,13,8163846473
6761,56256780,68062747,124319527,6,0,0,72704,7,6822000542
6762,56262829,67678749,123941578,1,0,0,145408,17,4783802288
6763,56270040,67719169,123989209,7,0,0,13824,2,3150643745
6764,56270140,67354109,123624249,7,0,0,45056,2,4908542541
6765,56273589,67696411,123970000,5,0,0,44032,10,6787844102
6766,56275110,67166512,123441622,9,0,0,64512,16,3832819657
6767,56284699,67666255,123950954,5,0,0,7680,10,317024962
6768,56316220,111763107,168079327,0,0,1,50176,13,4260113968
6769,56322490,68335111,124657601,8,0,0,67584,3,10317222099
6770,56325160,67775769,124100929,4,0,0,57856,6,1217302226
6771,56342220,67452386,123794606,7,0,0,26112,2,9306895835
6772,56342460,67695286,124037746,6,0,0,38400,7,3769075447
6773,56358570,111988750,168347320,7,0,1,22528,2,4936197442
6774,56360530,67536721,123897251,7,0,0,4608,2,9407453353
6775,56366390,67529434,123895824,9,0,0,12288,16,775517655
6776,56370640,67997397,124368037,2,0,0,140800,11,8665583152
6777,56381209,68343408,124724617,1,0,0,49664,17,4139231728
6778,56382330,68402414,124784744,3,0,0,16384,7,10130818266
6779,56382799,67345726,123728525,1,0,0,10752,17,3751305078
6780,56387010,111967555,168354565,7,0,1,4096,2,6329014633
6781,56391979,67312392,123704371,5,0,0,5120,10,9676102741
6782,56399010,68281546,124680556,6,0,0,75264,7,6365525973
6783,56401080,67595390,123996470,7,0,0,1024,2,4684149143
6784,56402460,68218031,124620491,2,0,0,123904,11,5371061156
6785,56404750,67753185,124157935,9,0,0,22016,16,5053721119
6786,56413801,111942370,168356171,3,0,1,1536,7,5208046307
6787,56427760,111973298,168401058,7,0,1,38912,2,1575357494
6788,56438090,111969878,168407968,4,0,1,35840,6,9828388180
6789,56445700,68906294,125351994,8,0,0,27136,3,1994353931
6790,56446209,68715564,125161773,1,0,0,125440,17,3383746974
6791,56461800,111974294,168436094,9,0,1,11776,16,5644303524
6792,56472949,68161986,124634935,1,0,0,11776,17,9494867386
6793,56477710,68228453,124706163,9,0,0,83968,16,5274218576
6794,56486400,111953640,168440040,5,0,1,2560,10,1804913697
6795,56489740,68245828,124735568,6,0,0,35840,7,9026901156
6796,56496250,68256867,124753117,2,0,0,54272,11,3814111835
6797,56500610,68124896,124625506,3,0,0,16384,7,8312136407
6798,56511309,67713505,124224814,5,0,0,8704,10,6824372031
6799,56514980,68122006,124636986,2,0,0,6656,11,4270461618
6800,56518299,68331144,124849443,5,0,0,162816,10,2081772066
6801,56546409,111915142,168461551,1,0,1,35328,17,5893311213
6802,56551570,68228113,124779683,4,0,0,58368,6,1275857941
6803,56559760,68348111,124907871,3,0,0,11264,7,3247395360
6804,56579210,68052114,124631324,4,0,0,8192,6,6881101677
6805,56592980,68116482,124709462,9,0,0,10752,16,2191532701
6806,56600640,68028165,124628805,8,0,0,10752,3,1939464246
6807,56603000,69147514,125750514,7,0,0,102912,2,1656901599
6808,56608350,68321887,124930237,6,0,0,37376,7,1647997867
6809,56616850,68182962,124799812,2,0,0,14336,11,2864448116
6810,56620600,68258129,124878729,6,0,0,29184,7,10566576321
6811,56624971,111836603,168461574,3,0,1,27136,7,218844033
6812,56626740,111853054,168479794,7,0,1,20992,2,6297348479
6813,56628880,68166518,124795398,9,0,0,20480,16,5319035898
6814,56629400,67560741,124190141,6,0,0,6656,7,6639977092
6815,56631120,68237383,124868503,8,0,0,61952,3,6125549633
6816,56638420,69318785,125957205,2,0,0,53760,11,704383936
6817,56658109,112453789,169111898,1,0,1,444928,17,4774248937
6818,56689390,68047160,124736550,3,0,0,3072,7,5262232864
6819,56709880,68307941,125017821,7,0,0,63488,2,4131257142
6820,56723150,68146664,124869814,8,0,0,4096,3,1777530822
6821,56728210,68338673,125066883,7,0,0,140288,2,10480475725
6822,56731230,68057905,124789135,3,0,0,14336,7,5277555823
6823,56739949,68021927,124761876,1,0,0,28672,17,9077691250
6824,56740950,69331982,126072932,3,0,0,17408,7,6947886837
6825,56749090,112367852,169116942,7,0,1,32768,2,4375552990
6826,56751280,68461287,125212567,4,0,0,13312,6,9477173147
6827,56765090,112366060,169131150,7,0,1,8192,2,6005161367
6828,56772099,68297794,125069893,5,0,0,4608,10,2005033805
6829,56773260,68675650,125448910,9,0,0,148480,16,6948954345
6830,56778609,68313028,125091637,5,0,0,10752,10,8269335171
6831,56780100,68821449,125601549,2,0,0,67072,11,1890534861
6832,56780899,68391996,125172895,1,0,0,24064,17,8909962621
6833,56781200,68384340,125165540,2,0,0,12288,11,1769215265
6834,56797120,68168471,124965591,6,0,0,4096,7,707633977
6835,56797650,68848382,125646032,6,0,0,145920,7,2047232312
6836,56798920,68670927,125469847,8,0,0,40960,3,6525558688
6837,56803620,68389372,125192992,8,0,0,20480,3,7438289324
6838,56809960,68533743,125343703,6,0,0,75264,7,705226442
6839,56811340,68682429,125493769,8,0,0,67584,3,5736158351
6840,56817050,68207034,125024084,9,0,0,20480,16,4895657387
6841,56833770,68104305,124938075,7,0,0,4608,2,4445729293
6842,56835149,68821522,125656671,5,0,0,34816,10,5079092782
6843,56836200,69442222,126278422,2,0,0,68096,11,6730455283
6844,56839370,68229096,125068466,2,0,0,5120,11,375689879
6845,56849620,68957807,125807427,6,0,0,34304,7,5385289824
6846,56851129,68402184,125253313,5,0,0,14848,10,4202889838
6847,56866331,112390872,169257203,3,0,1,42496,7,5176488286
6848,56874369,68384115,125258484,1,0,0,16896,17,4221250513
6849,56881051,112398564,169279615,3,0,1,2048,7,3627716943
6850,56884069,69291469,126175538,1,0,0,10240,17,9336634347
6851,56893050,68991424,125884474,4,0,0,57856,6,9750699529
6852,56899760,68857352,125757112,8,0,0,21504,3,3451424000
6853,56912899,69573542,126486441,5,0,0,101376,10,7787328623
6854,56926220,112354061,169280281,5,0,1,1024,10,4943996333
6855,56946050,112334795,169280845,8,0,1,10752,3,1343672895
6856,56946809,112763603,169710412,1,0,1,409600,17,2878039380
6857,56961810,68712379,125674189,9,0,0,57344,16,5759906898
6858,56962049,69133727,126095776,5,0,0,39424,10,10077070054
6859,56973130,70021116,126994246,9,0,0,499200,16,5689233651
6860,57001880,112897676,169899556,1,0,1,160768,17,171746840
6861,57009260,69119764,126129024,6,0,0,31744,7,4077403661
6862,57027560,69616147,126643707,3,0,0,78848,7,3319450551
6863,57029190,68685853,125715043,9,0,0,38400,16,9296406321
6864,57054060,112856218,169910278,4,0,1,2560,6,4382542367
6865,57058670,68801854,125860524,2,0,0,110592,11,765604924
6866,57062640,68699407,125762047,2,0,0,6144,11,3293185370
6867,57087089,68853713,125940802,5,0,0,81408,10,5449518262
6868,57087860,69478824,126566684,6,0,0,23040,7,8337919547
6869,57102890,68582406,125685296,6,0,0,36352,7,1336207066
6870,57103250,112809973,169913223,4,0,1,13824,6,8845328265
6871,57104090,112817148,169921238,0,0,1,17920,13,7522984009
6872,57116420,68584679,125701099,3,0,0,34304,7,2147289165
6873,57116700,69490902,126607602,9,0,0,88576,16,3671388867
6874,57133630,69321900,126455530,4,0,0,194048,6,7772243313
6875,57135420,68220341,125355761,9,0,0,12288,16,6893419125
6876,57143980,69436611,126580591,3,0,0,45568,7,9900451399
6877,57144180,69897224,127041404,7,0,0,87040,2,6552515096
6878,57147100,70048731,127195831,7,0,0,18944,2,4173644762
6879,57185190,112751740,169936930,0,0,1,6656,13,5856735048
6880,57196020,69004482,126200502,6,0,0,3072,7,3748705325
6881,57196560,112966185,170162745,1,0,1,291840,17,5374050754
6882,57203610,68932925,126136535,9,0,0,24576,16,8698160342
6883,57214000,69612832,126826832,3,0,0,22016,7,7440380281
6884,57242379,69861944,127104323,5,0,0,34816,10,9633418776
6885,57253999,69403669,126657668,5,0,0,16384,10,8097279944
6886,57257320,113213612,170470932,1,0,1,275968,17,3703673317
6887,57259650,69437444,126697094,2,0,0,16384,11,3349305206
6888,57261499,68977859,126239358,1,0,0,34816,17,2674182444
6889,57264290,69555811,126820101,9,0,0,72192,16,10191284382
6890,57282279,68752547,126034826,5,0,0,7168,10,421292151
6891,57284700,69869121,127153821,8,0,0,130048,3,9531772825
6892,57286200,69773236,127059436,3,0,0,56320,7,6619289117
6893,57302209,69781788,127083997,1,0,0,51712,17,1620345750
6894,57312430,113158525,170470955,8,0,1,5120,3,9755355589
6895,57342159,70059705,127401864,1,0,0,157696,17,2182646981
6896,57347490,69149917,126497407,9,0,0,35840,16,8088167705
6897,57350150,113127980,170478130,0,0,1,20480,13,1852490530
6898,57351080,68694519,126045599,4,0,0,6144,6,3363007140
6899,57353460,69928571,127282031,2,0,0,43520,11,9917496835
6900,57353570,70098969,127452539,4,0,0,33792,6,848375264
6901,57363370,68744753,126108123,3,0,0,40448,7,686147894
6902,57367571,113117875,170485446,3,0,1,14848,7,10453326309
6903,57367840,69725852,127093692,2,0,0,31744,11,2650169287
6904,57373190,113270900,170644090,1,0,1,123904,17,33164124
6905,57386739,69009644,126396383,1,0,0,112640,17,8790204624
6906,57387930,70136724,127524654,2,0,0,115200,11,1364634567
6907,57391510,113254065,170645575,9,0,1,15360,16,7654744184
6908,57394740,113274694,170669434,9,0,1,5120,16,8021141923
6909,57402050,69155562,126557612,8,0,0,53760,3,9989234251
6910,57408250,69633957,127042207,8,0,0,2560,3,1433610794
6911,57415140,69382148,126797288,7,0,0,43520,2,5462095422
6912,57419129,69266793,126685922,5,0,0,25088,10,1372562776
6913,57422170,70013452,127435622,8,0,0,95744,3,10650768691
6914,57442790,69176847,126619637,7,0,0,39424,2,4052204239
6915,57457660,69891586,127349246,9,0,0,62464,16,4902987276
6916,57458879,70154595,127613474,1,0,0,21504,17,4599037953
6917,57459640,69187857,126647497,7,0,0,4096,2,5583633627
6918,57464950,69549911,127014861,3,0,0,67584,7,7923721150
6919,57468580,69177646,126646226,6,0,0,8192,7,9852540393
6920,57472019,70256579,127728598,5,0,0,7680,10,9684986357
6921,57481100,113189000,170670100,0,0,1,1024,13,9782198142
6922,57496180,70158045,127654225,7,0,0,114688,2,3496624382
6923,57497830,70245743,127743573,6,0,0,41472,7,4700236190
6924,57505750,70288133,127793883,8,0,0,18944,3,6862704336
6925,57513670,69315213,126828883,8,0,0,6656,3,2592252337
6926,57514009,113164898,170678907,1,0,1,24576,17,5464323799
6927,57521890,69546328,127068218,3,0,0,28672,7,5492751712
6928,57541039,113213484,170754523,1,0,1,72192,17,1752259394
6929,57575080,70336264,127911344,2,0,0,11776,11,6001347285
6930,57632239,113452718,171084957,1,0,1,328704,17,10136422991
6931,57638350,70451980,128090330,3,0,0,209920,7,2694821785
6932,57638780,69619476,127258256,7,0,0,2048,2,2737028543
6933,57638820,69802909,127441729,7,0,0,19968,2,8231980200
6934,57678379,69874869,127553248,5,0,0,10752,10,3440076688
6935,57682160,70663473,128345633,8,0,0,125952,3,716646216
6936,57691760,69498276,127190036,8,0,0,118784,3,2380910431
6937,57693010,69547122,127240132,2,0,0,71168,11,1381613877
6938,57698560,69415614,127114174,3,0,0,32256,7,8508026286
6939,57704960,69970330,127675290,9,0,0,37888,16,8566751884
6940,57731861,113353907,171085768,3,0,1,6656,7,2234051854
6941,57733750,113353324,171087074,5,0,1,2048,10,1548560447
6942,57734689,70451119,128185808,5,0,0,7168,10,2541317351
6943,57740270,69613523,127353793,6,0,0,14848,7,4466809411
6944,57766129,113685444,171451573,1,0,1,292864,17,2489496900
6945,57777790,69464352,127242142,0,0,0,1024,13,5487418432
6946,57779910,69770039,127549949,4,0,0,82944,6,6915276291
6947,57783480,69794272,127577752,4,0,0,2048,6,5527863117
6948,57796260,69610167,127406427,7,0,0,14848,2,9298532203
6949,57812890,70334590,128147480,8,0,0,50688,3,9970714348
6950,57816269,70597654,128413923,5,0,0,9216,10,2454633522
6951,57823360,69472052,127295412,9,0,0,9216,16,7134032352
6952,57829360,69933645,127763005,0,0,0,22016,13,10583919152
6953,57831120,69988708,127819828,7,0,0,64000,2,4792685463
6954,57837680,70123181,127960861,9,0,0,31744,16,8542684687
6955,57864100,70736705,128600805,4,0,0,216064,6,4779015232
6956,57867269,69795871,127663140,1,0,0,29184,17,5581820976
6957,57871640,70079526,127951166,8,0,0,61440,3,2274283062
6958,57881710,69710245,127591955,4,0,0,17408,6,7312964729
6959,57885530,69986694,127872224,2,0,0,56832,11,9639010416
6960,57890290,70644660,128534950,7,0,0,20992,2,4141627705
6961,57891200,113565519,171456719,4,0,1,8192,6,4897052747
6962,57897840,70280590,128178430,8,0,0,101376,3,10334252571
6963,57903780,69549562,127453342,7,0,0,2560,2,7681104267
6964,57904450,69980745,127885195,9,0,0,42496,16,4726925414
6965,57907990,69534230,127442220,4,0,0,1536,6,1492553827
6966,57909600,70742470,128652070,2,0,0,44544,11,7380175526
6967,57917300,113543285,171460585,5,0,1,6144,10,2511217232
6968,57918050,69830204,127748254,6,0,0,6656,7,7543993860
6969,57918080,69698074,127616154,7,0,0,5120,2,917762462
6970,57921170,113542961,171464131,0,0,1,5632,13,6409582307
6971,57921531,113634616,171556147,2,0,1,59904,11,9977642068
6972,57925600,70841708,128767308,2,0,0,3072,11,10297099289
6973,57943030,69978356,127921386,9,0,0,15872,16,8554275654
6974,57945050,70981044,128926094,8,0,0,87040,3,1292376837
6975,57945250,70036732,127981982,9,0,0,2560,16,10029052300
6976,57959480,70806869,128766349,3,0,0,58880,7,6916638320
6977,57968000,113613206,171581206,7,0,1,20992,2,3720968429
6978,57972800,69822532,127795332,3,0,0,1536,7,448378213
6979,57979391,113634300,171613691,2,0,1,47104,11,3134032877
6980,57984029,71049112,129033141,1,0,0,38912,17,7607760431
6981,58007470,70813629,128821099,3,0,0,512,7,5569954288
6982,58009780,113609300,171619080,4,0,1,17408,6,8579594962
6983,58012400,70351429,128363829,6,0,0,30720,7,467260606
6984,58012750,70119263,128132013,2,0,0,136704,11,8312879470
6985,58016759,114019190,172035949,1,0,1,257536,17,3972069369
6986,58017201,114513098,172530299,3,0,1,563200,7,8721347145
6987,58032830,70321585,128354415,3,0,0,28672,7,9729983300
6988,58036860,70163095,128199955,8,0,0,18944,3,3954717218
6989,58037560,70393858,128431418,4,0,0,57344,6,2756328792
6990,58047000,71449135,129496135,2,0,0,28672,11,8273960921
6991,58062529,71155509,129218038,1,0,0,317952,17,1236816851
6992,58064140,70574289,128638429,4,0,0,11776,6,4007190199
6993,58064350,70919139,128983489,2,0,0,33280,11,8052471002
6994,58065220,70559476,128624696,8,0,0,78336,3,6367341323
6995,58066350,71310674,129377024,4,0,0,56320,6,2084310062
6996,58079470,70104131,128183601,3,0,0,16896,7,7846133373
6997,58081970,70178007,128259977,6,0,0,6144,7,1674165996
6998,58082590,71190125,129272715,2,0,0,82432,11,7709452755
6999,58083689,114531364,172615053,1,0,1,93696,17,9896965052
7000,58088670,70207371,128296041,7,0,0,1536,2,6087799071
7001,58090150,70349091,128439241,3,0,0,25600,7,4348032978
7002,58107981,114666414,172774395,3,0,1,231424,7,172901703
7003,58116070,71111047,129227117,6,0,0,29696,7,1572629713
7004,58125760,114648658,172774418,9,0,1,22528,16,5973109938
7005,58132310,71533007,129665317,7,0,0,3072,2,8688804840
7006,58132500,70643567,128776067,2,0,0,28672,11,2827280447
7007,58146799,114632355,172779154,1,0,1,27136,17,5156063251
7008,58148260,114634120,172782380,0,0,1,5120,13,5622851382
7009,58149020,72007469,130156489,4,0,0,102400,6,8875605889
7010,58154239,70474536,128628775,1,0,0,13312,17,7163720875
7011,58165420,114619226,172784646,8,0,1,3584,3,10582102554
7012,58171990,70522308,128694298,7,0,0,1536,2,4798208577
7013,58177360,70267753,128445113,9,0,0,1536,16,123068899
7014,58178760,114613401,172792161,9,0,1,23552,16,9635329842
7015,58179130,72059642,130238772,3,0,0,23552,7,2209438962
7016,58196689,70438037,128634726,1,0,0,19456,17,507042314
7017,58212250,114580884,172793134,0,0,1,12800,13,9891973591
7018,58217101,114673069,172890170,3,0,1,124416,7,553734782
7019,58220440,71027136,129247576,8,0,0,67072,3,8094459966
7020,58228400,70519080,128747480,2,0,0,17920,11,9314038263
7021,58272230,114642535,172914765,4,0,1,12288,6,200164031
7022,58295660,114658714,172954374,0,0,1,43520,13,5341768163
7023,58300520,70368011,128668531,7,0,0,6144,2,4080525278
7024,58305240,114674927,172980167,7,0,1,5632,2,1223289188
7025,58312521,114679922,172992443,2,0,1,55296,11,10634364970
7026,58324640,71070122,129394762,9,0,0,47616,16,5905281555
7027,58327010,114678888,173005898,0,0,1,40448,13,789091064
7028,58342169,70778970,129121139,1,0,0,176640,17,8625043887
7029,58344711,115074265,173418976,2,0,1,301568,11,4361683350
7030,58362210,71162060,129524270,4,0,0,4096,6,9673039662
7031,58370979,71492999,129863978,1,0,0,34816,17,9222183655
7032,58392239,72332041,130724280,1,0,0,224768,17,5026617390
7033,58421220,70600042,129021262,9,0,0,74240,16,5346186031
7034,58446270,71288114,129734384,9,0,0,84480,16,4684587156
7035,58463360,114966772,173430132,5,0,1,4608,10,863784672
7036,58468580,70366220,128834800,8,0,0,17920,3,9409862966
7037,58470300,72986866,131457166,3,0,0,127488,7,4119986655
7038,58472950,115004416,173477366,5,0,1,19456,10,3649469513
7039,58491840,71920604,130412444,6,0,0,15360,7,619782139
7040,58495090,71179443,129674533,3,0,0,3072,7,7826325485
7041,58497359,72014248,130511607,1,0,0,15872,17,2545375444
7042,58500370,71850540,130350910,8,0,0,51712,3,9265820525
7043,58504190,70237807,128741997,7,0,0,14336,2,1418640244
7044,58505990,71415531,129921521,3,0,0,24576,7,10449819513
7045,58534870,71281134,129816004,6,0,0,39936,7,1855142606
7046,58538900,71535594,130074494,4,0,0,39424,6,7232002394
7047,58550440,114926949,173477389,8,0,1,10752,3,7639779701
7048,58576780,70251107,128827887,4,0,0,12800,6,7126941285
7049,58578430,71330134,129908564,8,0,0,3584,3,1087122217
7050,58582600,72828096,131410696,3,0,0,1193472,7,4484923434
7051,58589260,70688938,129278198,2,0,0,17920,11,4644187128
7052,58599500,71332257,129931757,4,0,0,12800,6,9683059596
7053,58616310,71040269,129656579,0,0,0,3072,13,4596670126
7054,58616840,72909994,131526834,2,0,0,138752,11,6901837467
7055,58623210,71037929,129661139,8,0,0,14336,3,870311745
7056,58637100,71057542,129694642,3,0,0,10752,7,8337213453
7057,58639390,71485876,130125266,8,0,0,136192,3,7067660424
7058,58653800,71331062,129984862,6,0,0,43520,7,10162156282
7059,58654781,115263180,173917961,2,0,1,285184,11,218502202
7060,58661380,71786323,130447703,3,0,0,25600,7,10632860784
7061,58680060,115240807,173920867,7,0,1,4608,2,5248078642
7062,58690400,71644731,130335131,8,0,0,196608,3,5917445007
7063,58702460,71344945,130047405,0,0,0,61440,13,1811901539
7064,58712380,115261697,173974077,9,0,1,23552,16,9871693559
7065,58715340,71334896,130050236,9,0,0,9216,16,4423253198
7066,58729390,70685380,129414770,0,0,0,7680,13,8204023085
7067,58731550,71652383,130383933,2,0,0,29696,11,6876378415
7068,58733610,115243053,173976663,0,0,1,4096,13,5442392245
7069,58744129,71723571,130467700,1,0,0,55296,17,3272452906
7070,58762070,71893703,130655773,9,0,0,72192,16,556605100
7071,58781580,72767827,131549407,7,0,0,37376,2,1708411834
7072,58793101,115184330,173977431,2,0,1,11776,11,5210070689
7073,58796070,72901739,131697809,8,0,0,431616,3,7904669292
7074,58797921,115452856,174250777,3,0,1,209920,7,1006216087
7075,58799690,71228972,130028662,7,0,0,15872,2,7707562988
7076,58804531,115448832,174253363,3,0,1,4096,7,5484743430
7077,58808709,71545991,130354700,1,0,0,4096,17,6605892421
7078,58808910,71664999,130473909,8,0,0,7680,3,8991032398
7079,58833759,71919660,130753419,1,0,0,20992,17,1946273372
7080,58834190,71526165,130360355,8,0,0,18432,3,1306177544
7081,58848890,72142639,130991529,0,0,0,186880,13,10552657689
7082,58872240,115443503,174315743,8,0,1,44544,3,6112894285
7083,58872560,71480869,130353429,2,0,0,8192,11,3578508368
7084,58877720,115438369,174316089,9,0,1,512,16,8072401924
7085,58880741,115659974,174540715,2,0,1,34816,11,10563838525
7086,58891730,71918727,130810457,3,0,0,66560,7,689655219
7087,58892540,71284044,130176584,3,0,0,1024,7,8702639236
7088,58902380,71489103,130391483,7,0,0,11776,2,10189080066
7089,58925800,72084550,131010350,7,0,0,27648,2,9212402437
7090,58933430,71796988,130730418,6,0,0,9216,7,5097284159
7091,58940630,71593507,130534137,7,0,0,44032,2,2717779493
7092,58942180,71847974,130790154,0,0,0,29696,13,2923373443
7093,58954330,71784223,130738553,7,0,0,26624,2,9805192926
7094,58961750,71765829,130727579,2,0,0,10752,11,2512820748
7095,58976060,115602233,174578293,9,0,1,22016,16,10212487363
7096,58997749,115584030,174581779,1,0,1,35840,17,7013819847
7097,59001950,115579852,174581802,9,0,1,11264,16,6747640862
7098,59004960,115576865,174581825,9,0,1,3584,16,8790386475
7099,59012800,72405453,131418253,6,0,0,24576,7,8249026156
7100,59014350,71881972,130896322,9,0,0,8704,16,10411028490
7101,59039349,71707651,130747000,1,0,0,27648,17,9367642431
7102,59063910,71692816,130756726,0,0,0,10752,13,1662860693
7103,59071590,72757589,131829179,3,0,0,212992,7,9262140187
7104,59111100,115470748,174581848,8,0,1,15872,3,8918533360
7105,59122180,72764092,131886272,9,0,0,166400,16,7000992427
7106,59128770,73048145,132176915,6,0,0,621056,7,10722870031
7107,59132670,72398275,131530945,7,0,0,13312,2,6488393650
7108,59148720,72559720,131708440,7,0,0,34816,2,6436003113
7109,59151780,115510828,174662608,5,0,1,60416,10,4645907745
7110,59172901,115538333,174711234,2,0,1,66560,11,6578137709
7111,59177770,115536462,174714232,9,0,1,1536,16,10195090897
7112,59190860,72278832,131469692,0,0,0,18432,13,7530756537
7113,59194450,73114524,132308974,2,0,0,77824,11,5450767415
7114,59202830,72561384,131764214,6,0,0,161280,7,198579574
7115,59203039,73123219,132326258,1,0,0,18432,17,9614277232
7116,59209750,72328238,131537988,2,0,0,23040,11,6895786876
7117,59211230,72252823,131464053,9,0,0,22528,16,4138164985
7118,59247140,72319138,131566278,6,0,0,55296,7,6283035075
7119,59254180,72230355,131484535,9,0,0,48640,16,10276335720
7120,59257819,115459959,174717778,1,0,1,5632,17,5151084262
7121,59277920,115493012,174770932,7,0,1,7168,2,9783720400
7122,59282010,72432849,131714859,6,0,0,20992,7,1389582505
7123,59283000,72898306,132181306,8,0,0,14336,3,4299587035
7124,59287900,115483055,174770955,8,0,1,1024,3,6160857615
7125,59289960,72544546,131834506,8,0,0,17408,3,7453300154
7126,59321860,115449118,174770978,7,0,1,8704,2,10644163953
7127,59330780,115440221,174771001,5,0,1,14336,10,9519017722
7128,59339971,115972063,175312034,2,0,1,227840,11,2259928624
7129,59346460,72488943,131835403,9,0,0,2560,16,10646082703
7130,59349660,72883576,132233236,0,0,0,25088,13,1007520730
7131,59366021,115992543,175358564,3,0,1,47104,7,1264420891
7132,59367580,72552237,131919817,0,0,0,18432,13,6665800762
7133,59369229,72544949,131914178,1,0,0,29184,17,9186424322
7134,59370190,72534981,131905171,3,0,0,61952,7,5255047446
7135,59372650,72599999,131972649,6,0,0,81408,7,4903625937
7136,59372960,115987053,175360013,8,0,1,15872,3,3136479922
7137,59383350,73240587,132623937,8,0,0,21504,3,8558542357
7138,59385570,72832800,132218370,9,0,0,51200,16,1481804457
7139,59391110,115977999,175369109,0,0,1,1536,13,8126362835
7140,59400550,115970825,175371375,8,0,1,3584,3,2075707226
7141,59406450,72581198,131987648,4,0,0,49152,6,5664557946
7142,59406750,72849815,132256565,9,0,0,29184,16,8862354641
7143,59408290,72969450,132377740,8,0,0,96768,3,6675490556
7144,59427241,116504639,175931880,2,0,1,377856,11,6787414804
7145,59433490,116569148,176002638,9,0,1,8704,16,9787888168
7146,59451291,116552935,176004226,3,0,1,15872,7,7826265913
7147,59457931,116623238,176081169,3,0,1,23552,7,4004040512
7148,59462300,72952424,132414724,8,0,0,56832,3,6434997197
7149,59463140,73171323,132634463,2,0,0,7680,11,6764508507
7150,59467830,72732219,132200049,3,0,0,61440,7,999670868
7151,59474520,72773122,132247642,8,0,0,29696,3,4844179451
7152,59481190,116600002,176081192,0,0,1,2048,13,1983960260
7153,59489260,73371792,132861052,0,0,0,44032,13,533156991
7154,59513470,73214905,132728375,8,0,0,13824,3,9403062841
7155,59528180,72952922,132481102,9,0,0,21504,16,4450963188
7156,59535860,72889382,132425242,2,0,0,11776,11,241069845
7157,59544299,72714021,132258320,1,0,0,5632,17,6467276563
7158,59546590,73702686,133249276,0,0,0,155136,13,2818815648
7159,59547600,116533615,176081215,7,0,1,10240,2,547091141
7160,59552119,73172021,132724140,1,0,0,70656,17,10018551780
7161,59563400,73115320,132678720,8,0,0,116224,3,9100884248
7162,59589260,72993309,132582569,0,0,0,67072,13,2431139861
7163,59598350,73436262,133034612,7,0,0,113664,2,3388535565
7164,59602470,73868716,133471186,3,0,0,66560,7,10425308941
7165,59609689,72999446,132609135,1,0,0,40960,17,1712135794
7166,59617811,116475122,176092933,3,0,1,6656,7,1462740934
7167,59625470,72971162,132596632,0,0,0,46080,13,1618529172
7168,59630100,72572647,132202747,8,0,0,5120,3,3944875579
7169,59633829,72920697,132554526,1,0,0,8192,17,8290465565
7170,59636770,72759401,132396171,9,0,0,60416,16,3643897352
7171,59637720,73871397,133509117,2,0,0,124416,11,4720667456
7172,59638230,73293047,132931277,7,0,0,161792,2,9964574148
7173,59645190,72555974,132201164,2,0,0,3584,11,8633382320
7174,59661280,72577291,132238571,9,0,0,17408,16,9704526275
7175,59674460,72551109,132225569,2,0,0,23552,11,5712078414
7176,59693150,73942981,133636131,9,0,0,101376,16,126909018
7177,59700241,116393998,176094239,3,0,1,2048,7,8718092662
7178,59711190,72906149,132617339,7,0,0,1024,2,7892714197
7179,59723280,73023894,132747174,6,0,0,33280,7,4651379000
7180,59729020,73971107,133700127,9,0,0,30720,16,6033692987
7181,59738880,72962097,132700977,8,0,0,6656,3,1385893543
7182,59751540,116343570,176095110,8,0,1,12288,3,10396569431
7183,59768591,117132538,176901129,2,0,1,556544,11,6773029398
7184,59784379,117442538,177226917,1,0,1,47104,17,1211839250
7185,59805830,72810371,132616201,7,0,0,23040,2,8243571658
7186,59810760,72806244,132617004,0,0,0,2560,13,1916350777
7187,59826280,73487930,133314210,0,0,0,20480,13,501710557
7188,59843170,73338818,133181988,8,0,0,1024,3,7747421452
7189,59854540,74245535,134100075,2,0,0,322048,11,1185262579
7190,59884190,72936878,132821068,2,0,0,12288,11,4423000410
7191,59890740,73904351,133795091,2,0,0,70144,11,6630008028
7192,59894450,72785385,132679835,2,0,0,3584,11,7018707380
7193,59901790,117342429,177244219,0,0,1,1536,13,4608027
7194,59905840,72893864,132799704,3,0,0,39424,7,7557186272
7195,59926410,73110565,133036975,3,0,0,7680,7,4461354982
7196,59932900,117311342,177244242,9,0,1,8192,16,726090048
7197,59938400,72795770,132734170,9,0,0,18944,16,9719952232
7198,59939010,73040176,132979186,2,0,0,72704,11,5905319463
7199,59944870,73734706,133679576,7,0,0,27648,2,5883318958
7200,59969010,73030947,132999957,7,0,0,68096,2,2899354104
7201,59973520,73135804,133109324,7,0,0,1536,2,10276385267
7202,59974440,117271047,177245487,5,0,1,14848,10,7382918078
7203,59974990,73347846,133322836,0,0,0,5120,13,5857422294
7204,59975000,117276276,177251276,8,0,1,15360,3,8394878430
7205,59977049,117297125,177274174,1,0,1,15872,17,3101500669
7206,59983980,117363798,177347778,8,0,1,4096,3,6570866772
7207,59988999,73057827,133046826,1,0,0,32256,17,2555128907
7208,59989390,73461493,133450883,2,0,0,165376,11,7286280962
7209,60004809,73666320,133671129,1,0,0,13312,17,2574845260
7210,60038670,72839281,132877951,0,0,0,32256,13,1218584480
7211,60047570,73557604,133605174,2,0,0,130048,11,9908804699
7212,60049190,73272063,133321253,9,0,0,23040,16,2934207553
7213,60061131,117287313,177348444,2,0,1,11264,11,146441180
7214,60073160,73289092,133362252,3,0,0,5632,7,3780210189
7215,60096380,74070405,134166785,8,0,0,52736,3,7519135091
7216,60146749,73796243,133942992,1,0,0,55296,17,945576377
7217,60164640,73519327,133683967,7,0,0,14336,2,3641495867
7218,60173210,73575561,133748771,6,0,0,84480,7,3323893280
7219,60175960,73491090,133667050,0,0,0,101376,13,6967810448
7220,60208419,73477934,133686353,1,0,0,5120,17,10546647579
7221,60244130,73446614,133690744,6,0,0,14336,7,7407774643
7222,60246070,73438700,133684770,6,0,0,2560,7,2524858398
7223,60251690,73609479,133861169,9,0,0,17408,16,3805607278
7224,60253830,73602012,133855842,6,0,0,68096,7,6262798137
7225,60260431,117089877,177350308,3,0,1,10240,7,2106843064
7226,60271540,73651591,133923131,9,0,0,4608,16,5183208007
7227,60281310,73231730,133513040,0,0,0,12800,13,4381756389
7228,60286710,73634994,133921704,3,0,0,20992,7,10027023798
7229,60289600,117079245,177368845,9,0,1,40448,16,2919589321
7230,60293999,73958257,134252256,1,0,0,67072,17,2515330792
7231,60295570,73533653,133829223,9,0,0,39424,16,6114204858
7232,60307200,117199655,177506855,5,0,1,15360,10,2653596690
7233,60330140,73778896,134109036,9,0,0,5120,16,5729250871
7234,60363570,73156045,133519615,0,0,0,21504,13,1826386745
7235,60364840,73981243,134346083,0,0,0,79360,13,7041308402
7236,60371020,74111362,134482382,7,0,0,38400,2,4012236907
7237,60393240,73808863,134202103,0,0,0,47616,13,4938248725
7238,60412860,73818937,134231797,2,0,0,5632,11,587053396
7239,60420389,73729970,134150359,5,0,0,92160,10,2984875553
7240,60428160,73559883,133988043,2,0,0,7680,11,3071745504
7241,60431080,117078629,177509709,0,0,1,6656,13,7036363354
7242,60431669,74096243,134527912,5,0,0,10752,10,8806236215
7243,60437950,73684290,134122240,8,0,0,23552,3,1618085084
7244,60447220,73782830,134230050,2,0,0,91648,11,10021767215
7245,60490890,73211810,133702700,3,0,0,2048,7,7727385601
7246,60491551,117018181,177509732,2,0,1,17920,11,4092009423
7247,60510300,73191745,133702045,7,0,0,6144,2,805992316
7248,60531690,73380371,133912061,7,0,0,14336,2,3369076822
7249,60545710,73561720,134107430,8,0,0,24064,3,2812858038
7250,60546610,116986412,177533022,5,0,1,15872,10,6526265656
7251,60565290,73870847,134436137,3,0,0,146944,7,2533480926
7252,60568480,74486787,135055267,0,0,0,135680,13,2253461498
7253,60575050,73539960,134115010,0,0,0,19456,13,3861193112
7254,60579651,116965670,177545321,2,0,1,10752,11,3582629556
7255,60581100,74604440,135185540,9,0,0,61440,16,8470284113
7256,60582720,74122123,134704843,7,0,0,53248,2,8534536007
7257,60605150,73582414,134187564,9,0,0,68096,16,3446807193
7258,60612369,74606499,135218868,1,0,0,8192,17,6237517458
7259,60626300,116919044,177545344,4,0,1,35328,6,2180060653
7260,60629550,73521144,134150694,8,0,0,1024,3,2341921169
7261,60642499,73919994,134562493,5,0,0,54272,10,9559229657
7262,60652239,74180344,134832583,1,0,0,27136,17,4110790956
7263,60658730,116896184,177554914,0,0,1,19968,13,9970976038
7264,60662780,73199238,133862018,9,0,0,2560,16,2263968991
7265,60678040,73846573,134524613,7,0,0,114688,2,5781040336
7266,60678589,117038593,177717182,1,0,1,14336,17,6549672356
7267,60683650,74469209,135152859,6,0,0,87040,7,2250415286
7268,60723031,117010708,177733739,3,0,1,22528,7,10736684880
7269,60724240,73531635,134255875,6,0,0,11776,7,1111178394
7270,60725870,73895954,134621824,7,0,0,19456,2,6181507409
7271,60731200,117007045,177738245,7,0,1,7168,2,6817267149
7272,60741740,74333674,135075414,0,0,0,66048,13,8914165848
7273,60745500,73877907,134623407,2,0,0,5120,11,6754905049
7274,60763590,74701553,135465143,9,0,0,8192,16,3550844053
7275,60784251,117289237,178073488,3,0,1,64512,7,5527767793
7276,60794539,74170530,134965069,5,0,0,233984,10,3091793391
7277,60798190,73672446,134470636,9,0,0,113152,16,1785823627
7278,60810950,117303443,178114393,0,0,1,22528,13,1935800756
7279,60818570,117300329,178118899,9,0,1,7168,16,8628084648
7280,60830970,74438045,135269015,8,0,0,27136,3,7214964384
7281,60834460,73837086,134671546,6,0,0,35328,7,1885462134
7282,60838610,117337913,178176523,5,0,1,4096,10,8044944006
7283,60845400,73931683,134777083,8,0,0,16384,3,844555569
7284,60851900,74146778,134998678,3,0,0,68096,7,2969676562
7285,60865650,117310896,178176546,0,0,1,1536,13,1887154197
7286,60867480,117309089,178176569,5,0,1,10240,10,5625050071
7287,60877520,73723386,134600906,6,0,0,5632,7,10235766921
7288,60880230,73961342,134841572,0,0,0,21504,13,8774704118
7289,60882360,74119484,135001844,7,0,0,7680,2,9803998054
7290,60887560,117412653,178300213,4,0,1,7168,6,7763664208
7291,60889899,73798674,134688573,5,0,0,55808,10,2031886243
7292,60893040,74350801,135243841,6,0,0,5632,7,10449113203
7293,60898280,74318069,135216349,8,0,0,65536,3,758120742
7294,60905870,117394366,178300236,5,0,1,8192,10,4308492581
7295,60924240,117376019,178300259,5,0,1,4096,10,9669101023
7296,60927970,73787691,134715661,3,0,0,31232,7,4046573171
7297,60950940,74026944,134977884,9,0,0,41984,16,7277124855
7298,60954090,74691647,135645737,8,0,0,90624,3,2211946501
7299,60961739,117338543,178300282,1,0,1,22016,17,10686704513
7300,60967951,117332354,178300305,3,0,1,1536,7,9417752085
7301,60969560,117330768,178300328,9,0,1,3072,16,4796986048
7302,60970259,74593686,135563945,5,0,0,171520,10,5583829018
7303,60975350,117325001,178300351,4,0,1,3584,6,4721260202
7304,60983080,74139625,135122705,7,0,0,155136,2,1139583267
7305,61013030,74686242,135699272,3,0,0,1024,7,329636792
7306,61019629,74425802,135445431,1,0,0,110080,17,10618666218
7307,61040770,74459393,135500163,0,0,0,10752,13,8161570861
7308,61044479,73747603,134792082,1,0,0,49152,17,3763528639
7309,61048120,74186737,135234857,2,0,0,19456,11,763449970
7310,61051589,74521427,135573016,1,0,0,29696,17,2305690689
7311,61055049,74071267,135126316,5,0,0,11776,10,5506484450
7312,61060270,74547785,135608055,7,0,0,21504,2,869078087
7313,61067860,117258858,178326718,9,0,1,39424,16,615949618
7314,61070170,73635952,134706122,2,0,0,4096,11,111789053
7315,61073831,117254161,178327992,3,0,1,512,7,10547533877
7316,61086550,74132661,135219211,3,0,0,1024,7,10695075586
7317,61089499,74077298,135166797,5,0,0,37376,10,2510651042
7318,61114649,73694239,134808888,1,0,0,13824,17,70762952
7319,61121050,74566164,135687214,8,0,0,53760,3,1349236209
7320,61127270,74693644,135820914,8,0,0,40448,3,2938822416
7321,61127880,74027506,135155386,7,0,0,8192,2,5632091093
7322,61129279,74803952,135933231,1,0,0,35328,17,2190522518
7323,61138050,74925226,136063276,6,0,0,76288,7,689133417
7324,61147800,117185088,178332888,0,0,1,9216,13,4426577629
7325,61168230,73831251,134999481,0,0,0,2560,13,4886804865
7326,61176500,74320364,135496864,6,0,0,13312,7,4245494773
7327,61176740,74630088,135806828,3,0,0,51200,7,7025530397
7328,61180400,74090978,135271378,9,0,0,7680,16,7021393772
7329,61181450,117162274,178343724,4,0,1,25600,6,7613527011
7330,61182191,117165878,178348069,2,0,1,5632,11,9240781006
7331,61183629,74052678,135236307,5,0,0,4608,10,4588888771
7332,61193400,74615167,135808567,0,0,0,5632,13,8928061018
7333,61197390,74535634,135733024,0,0,0,14848,13,3007281919
7334,61201320,74497617,135698937,2,0,0,38400,11,5536627741
7335,61214010,74433934,135647944,6,0,0,7168,7,2324867673
7336,61214430,73976905,135191335,9,0,0,18944,16,8152427222
7337,61217230,74011676,135228906,8,0,0,31744,3,2995803662
7338,61228590,74013512,135242102,2,0,0,18944,11,2976708281
7339,61238539,75170480,136409019,5,0,0,133632,10,1264715564
7340,61238750,73957600,135196350,8,0,0,16384,3,1668336893
7341,61245180,74101625,135346805,0,0,0,512,13,1240543288
7342,61262080,74746153,136008233,6,0,0,140800,7,4581616508
7343,61264760,117111756,178376516,0,0,1,14848,13,8260179993
7344,61281770,117095412,178377182,0,0,1,1024,13,9105942888
7345,61289210,74501995,135791205,9,0,0,92160,16,5853484616
7346,61290840,75122102,136412942,3,0,0,12800,7,3288276086
7347,61297650,74149676,135447326,9,0,0,6144,16,6606485438
7348,61305909,117071837,178377746,1,0,1,10752,17,10277498812
7349,61316440,74332619,135649059,3,0,0,3584,7,6147058204
7350,61325810,74829783,136155593,2,0,0,129536,11,10586279716
7351,61325960,74537575,135863535,8,0,0,81408,3,7879765710
7352,61328540,117098188,178426728,0,0,1,24576,13,6441278419
7353,61328580,74689504,136018084,0,0,0,32256,13,8148511180
7354,61336690,74737997,136074687,0,0,0,37376,13,6604383645
7355,61348110,74902062,136250172,8,0,0,4096,3,3351588659
7356,61358980,74541734,135900714,4,0,0,59904,6,2709273216
7357,61360450,74679364,136039814,2,0,0,70656,11,9466174811
7358,61367660,74554784,135922444,0,0,0,69120,13,8963627614
7359,61381610,74490551,135872161,2,0,0,512,11,1248203080
7360,61381710,74329258,135710968,3,0,0,34816,7,6245463775
7361,61389379,74650630,136040009,1,0,0,512,17,5525579790
7362,61404010,74830565,136234575,6,0,0,45056,7,3520021994
7363,61411430,74744498,136155928,0,0,0,1024,13,6711337020
7364,61413270,74665348,136078618,3,0,0,12800,7,7740752132
7365,61420329,74544981,135965310,1,0,0,19968,17,10115839522
7366,61425890,74996279,136422169,6,0,0,30208,7,1300500025
7367,61435630,75081699,136517329,7,0,0,7168,2,1894767453
7368,61441970,74776604,136218574,0,0,0,71168,13,9250216531
7369,61463600,75051345,136514945,6,0,0,57856,7,6004766988
7370,61468530,74403452,135871982,9,0,0,27648,16,1600027592
7371,61473970,74823070,136297040,0,0,0,81408,13,9675226482
7372,61479730,74421631,135901361,7,0,0,2048,2,5440452219
7373,61484850,75340664,136825514,6,0,0,25088,7,4022358365
7374,61492500,74525763,136018263,9,0,0,512,16,6166447545
7375,61494210,75145861,136640071,7,0,0,49152,2,8451852809
7376,61498220,74833016,136331236,8,0,0,46592,3,5139321006
7377,61516709,74971982,136488691,5,0,0,60928,10,9812817315
7378,61521869,74672428,136194297,5,0,0,45056,10,5165116194
7379,61522630,116906452,178429082,5,0,1,1024,10,8608922532
7380,61570560,74926734,136497294,9,0,0,28160,16,7684979725
7381,61571140,75615309,137186449,8,0,0,182272,3,4744806497
7382,61594930,116837378,178432308,0,0,1,5120,13,8475040275
7383,61616410,74992643,136609053,9,0,0,55808,16,5651064602
7384,61616500,75327723,136944223,9,0,0,58880,16,9339556702
7385,61635120,75062814,136697934,2,0,0,35840,11,8313822918
7386,61640360,74969340,136609700,9,0,0,2048,16,5568759890
7387,61648640,75333043,136981683,6,0,0,65536,7,6658056382
7388,61651860,74784553,136436413,2,0,0,31744,11,8688725419
7389,61652700,75467367,137120067,7,0,0,87040,2,8495400226
7390,61662530,75047265,136709795,8,0,0,30720,3,855306131
7391,61673280,75684171,137357451,3,0,0,31232,7,9242346040
7392,61677420,118089327,179766747,0,0,1,336896,13,1596643473
7393,61681660,118248483,179930143,9,0,1,47104,16,5854734628
7394,61690190,75120123,136810313,7,0,0,70144,2,2668211383
7395,61702820,75515031,137217851,6,0,0,62464,7,3738423737
7396,61724410,75274355,136998765,3,0,0,41472,7,1683522870
7397,61739169,118195928,179935097,1,0,1,18432,17,6271555536
7398,61741660,75179011,136920671,0,0,0,45056,13,6024712836
7399,61742480,75524977,137267457,3,0,0,65536,7,7939716174
7400,61760949,118239587,180000536,1,0,1,16384,17,7684012426
7401,61761530,75056317,136817847,9,0,0,24576,16,2495943627
7402,61793750,75230259,137024009,6,0,0,30208,7,1770177452
7403,61797189,75091750,136888939,1,0,0,28672,17,4257466487
7404,61804200,119213437,181017637,0,0,1,636416,13,793976602
7405,61808820,75849669,137658489,9,0,0,76288,16,3566784135
7406,61814079,76105367,137919446,1,0,0,176640,17,7522584612
7407,61823610,74952256,136775866,2,0,0,1024,11,10560515564
7408,61824270,75374526,137198796,6,0,0,40448,7,5594337699
7409,61826320,119195279,181021599,7,0,1,15360,2,8475252250
7410,61829660,119198389,181028049,9,0,1,19968,16,7655087476
7411,61844590,119228255,181072845,4,0,1,17408,6,2426438673
7412,61849000,75528116,137377116,6,0,0,15872,7,4808887058
7413,61862139,75058867,136921006,1,0,0,1024,17,6342233256
7414,61867200,119214591,181081791,5,0,1,12288,10,7493377986
7415,61869540,75363622,137233162,2,0,0,50176,11,8097011494
7416,61876020,75431177,137307197,0,0,0,4608,13,7231575717
7417,61883770,74663807,136547577,3,0,0,15360,7,10274370880
7418,61885840,74781423,136667263,2,0,0,46080,11,3272975794
7419,61888040,76513929,138401969,8,0,0,41984,3,199236852
7420,61890940,75611227,137502167,3,0,0,139264,7,2800864313
7421,61920139,75945464,137865603,1,0,0,137216,17,639499403
7422,61946820,76017350,137964170,6,0,0,70656,7,10553848942
7423,61953610,76517482,138471092,2,0,0,6144,11,4060284347
7424,61956960,76072924,138029884,0,0,0,54272,13,9774494986
7425,61962320,76255616,138217936,0,0,0,16384,13,8907247486
7426,61969910,75853839,137823749,2,0,0,187392,11,7909552752
7427,61991230,75014734,137005964,8,0,0,23552,3,9383348308
7428,61994670,75995031,137989701,3,0,0,6656,7,6548261064
7429,62013960,119095757,181109717,5,0,1,23552,10,657981857
7430,62016619,75497783,137514402,1,0,0,12288,17,831315161
7431,62021109,74767809,136788918,1,0,0,12288,17,6279402887
7432,62028220,76465803,138494023,9,0,0,46080,16,10316570277
7433,62036660,76321397,138358057,0,0,0,60928,13,8622849954
7434,62049050,119091118,181140168,7,0,1,5120,2,2114116728
7435,62066509,76264068,138330577,5,0,0,50176,10,4517742453
7436,62082190,75219471,137301661,0,0,0,16896,13,304148893
7437,62092850,119050544,181143394,9,0,1,5120,16,7834915180
7438,62105350,75140835,137246185,9,0,0,11264,16,10382767233
7439,62111740,75258272,137370012,9,0,0,18432,16,849229032
7440,62114250,119031090,181145340,9,0,1,3072,16,4445087103
7441,62118170,76453954,138572124,3,0,0,48640,7,6930101283
7442,62123469,76527724,138651193,1,0,0,46592,17,6511575157
7443,62125720,119021246,181146966,7,0,1,2560,2,9787683617
7444,62134150,119013482,181147632,4,0,1,1024,6,3255990541
7445,62143300,119058063,181201363,9,0,1,2560,16,1567171852
7446,62148119,76643314,138791433,1,0,0,29184,17,8624706439
7447,62153340,76556499,138709839,8,0,0,162304,3,10057171925
7448,62161049,76735828,138896877,5,0,0,31744,10,5857949030
7449,62171270,77030194,139201464,0,0,0,711680,13,9943525518
7450,62173729,75568996,137742725,1,0,0,5120,17,979717549
7451,62182149,75188746,137370895,5,0,0,1024,10,4560507521
7452,62187370,77225860,139413230,9,0,0,12288,16,7044830889
7453,62215900,75882175,138098075,9,0,0,512,16,3839659639
7454,62217129,77020394,139237523,1,0,0,118272,17,1473222542
7455,62232480,76692866,138925346,0,0,0,33792,13,2352848510
7456,62256560,76701899,138958459,7,0,0,21504,2,9965779202
7457,62258390,75820689,138079079,7,0,0,18432,2,9118063877
7458,62265220,118936166,181201386,5,0,1,8704,10,3611544600
7459,62274321,118927088,181201409,2,0,1,14336,11,9020940341
7460,62276851,118946408,181223259,2,0,1,16896,11,2249423985
7461,62277480,77160109,139437589,3,0,0,79872,7,8994649274
7462,62317840,75605404,137923244,9,0,0,12288,16,5126028475
7463,62319830,75393895,137713725,8,0,0,96256,3,2403023760
7464,62326800,118921775,181248575,0,0,1,21504,13,8505373794
7465,62333669,76986759,139320428,5,0,0,180736,10,3029928198
7466,62335080,77135635,139470715,7,0,0,91136,2,7872344652
7467,62336990,75605629,137942619,0,0,0,63488,13,1626532404
7468,62343240,77182433,139525673,3,0,0,157696,7,6519959653
7469,62348140,118946637,181294777,9,0,1,50176,16,5213377818
7470,62361860,75637369,137999229,7,0,0,7680,2,7753204148
7471,62363230,119004285,181367515,8,0,1,10752,3,6678417587
7472,62371030,76163625,138534655,8,0,0,46592,3,10207355453
7473,62376890,77021763,139398653,7,0,0,39936,2,9809579446
7474,62381460,75831461,138212921,9,0,0,131072,16,9257069067
7475,62387689,75985367,138373056,5,0,0,49152,10,7334839670
7476,62393180,118976358,181369538,7,0,1,11776,2,2686352814
7477,62400700,118971744,181372444,0,0,1,4608,13,7635036414
7478,62401300,76147140,138548440,8,0,0,5632,3,10720563787
7479,62414820,77180920,139595740,3,0,0,229888,7,10650027081
7480,62417360,77223393,139640753,2,0,0,107520,11,2735602125
7481,62418279,76339893,138758172,1,0,0,46592,17,5217671839
7482,62420090,77320299,139740389,9,0,0,137216,16,5331946876
7483,62429850,119028895,181458745,8,0,1,2048,3,10378568049
7484,62430940,119086243,181517183,5,0,1,10240,10,52168269
7485,62456569,119281256,181737825,6,0,1,38400,7,1374908247
7486,62480730,76784607,139265337,8,0,0,29184,3,1302920411
7487,62482050,119309024,181791074,8,0,1,11776,3,3828623119
7488,62484039,77271666,139755705,5,0,0,29184,10,1826953675
7489,62486460,77192856,139679316,7,0,0,126464,2,2414287576
7490,62489209,76167311,138656520,5,0,0,17408,10,7771413249
7491,62489560,76005422,138494982,9,0,0,3072,16,5490539737
7492,62495529,76381157,138876686,5,0,0,40448,10,6347824840
7493,62501680,76280838,138782518,8,0,0,61952,3,1766404595
7494,62515241,119395628,181910869,3,0,1,35840,7,9114888897
7495,62516939,76869523,139386462,5,0,0,148480,10,5047945669
7496,62517440,119394095,181911535,5,0,1,1024,10,7644312434
7497,62545830,76198123,138743953,9,0,0,26624,16,6850479458
7498,62555389,77297105,139852494,1,0,0,295424,17,4286136613
7499,62568090,119502964,182071054,9,0,1,86528,16,4996451301
7500,62571420,77365133,139936553,9,0,0,104960,16,1332232595
7501,62587340,77280652,139867992,9,0,0,50688,16,2678940843
7502,62590570,76231765,138822335,6,0,0,1536,7,10695729922
7503,62601470,76250174,138851644,3,0,0,55808,7,2463922512
7504,62605980,77470877,140076857,3,0,0,62976,7,4077292465
7505,62610940,119463436,182074376,5,0,1,19456,10,746536947
7506,62637300,76772163,139409463,7,0,0,20992,2,2155904599
7507,62640359,76269442,138909801,1,0,0,3584,17,5535201187
7508,62642630,76155222,138797852,9,0,0,20992,16,7340089894
7509,62643220,76613202,139256422,8,0,0,61952,3,6566227771
7510,62647861,119426538,182074399,3,0,1,3072,7,8865009842
7511,62647890,119779720,182427610,5,0,1,72704,10,4584585372
7512,62649339,76753705,139403044,5,0,0,14336,10,3960530228
7513,62651800,76689399,139341199,3,0,0,68096,7,10204904214
7514,62672131,119862133,182534264,2,0,1,16896,11,333293832
7515,62675080,119862284,182537364,5,0,1,7680,10,1566078238
7516,62696140,76908367,139604507,7,0,0,28672,2,8553946054
7517,62699520,77443550,140143070,7,0,0,148992,2,7354601491
7518,62709050,76189999,138899049,0,0,0,3584,13,9326959776
7519,62725370,76717546,139442916,6,0,0,17408,7,5252864092
7520,62729879,76747723,139477602,5,0,0,22528,10,5720091170
7521,62733530,76874440,139607970,0,0,0,11264,13,9941307618
7522,62740890,119798421,182539311,8,0,1,25600,3,910210086
7523,62757520,119811689,182569209,9,0,1,4608,16,8050535397
7524,62759760,77181340,139941100,3,0,0,14848,7,1202962730
7525,62774490,77256091,140030581,9,0,0,176640,16,10002591862
7526,62787789,119826394,182614183,1,0,1,9216,17,2459841750
7527,62789390,76909137,139698527,3,0,0,62976,7,6439335214
7528,62796270,76966166,139762436,2,0,0,22016,11,9510073574
7529,62799990,77176740,139976730,2,0,0,68096,11,2582272212
7530,62822770,77234876,140057646,2,0,0,7680,11,2300980709
7531,62827040,76919750,139746790,7,0,0,20480,2,7725868400
7532,62834500,119779706,182614206,7,0,1,6144,2,3688331880
7533,62839759,77050720,139890479,1,0,0,73728,17,256545475
7534,62845760,77192956,140038716,9,0,0,26624,16,3112335555
7535,62854480,119855230,182709710,0,0,1,40448,13,6833392158
7536,62867779,77036771,139904550,5,0,0,46080,10,7339519758
7537,62874200,119859765,182733965,9,0,1,1536,16,3742803837
7538,62882790,77390433,140273223,7,0,0,129024,2,703068354
7539,62894069,77203582,140097651,1,0,0,55808,17,4210837720
7540,62898800,119835188,182733988,5,0,1,11264,10,2466792045
7541,62905320,119854144,182759464,8,0,1,38400,3,683623940
7542,62909010,77046941,139955951,8,0,0,48640,3,9536592964
7543,62915430,77394508,140309938,7,0,0,57344,2,7699021140
7544,62920060,77237853,140157913,6,0,0,48640,7,8831668449
7545,62928740,77126535,140055275,2,0,0,54272,11,10006057817
7546,62930350,77253099,140183449,2,0,0,3584,11,10350867362
7547,62930629,77149995,140080624,5,0,0,12288,10,8094277256
7548,62934710,119946783,182881493,8,0,1,35840,3,10206200507
7549,62944710,77224466,140169176,6,0,0,36864,7,9023648092
7550,62952400,119929439,182881839,7,0,1,512,2,6171363893
7551,62952420,77491581,140444001,8,0,0,17920,3,8792790501
7552,62960959,77417229,140378188,5,0,0,9728,10,8451835259
7553,62963950,120206010,183169960,7,0,1,107008,2,3434854458
7554,62966250,77924577,140890827,7,0,0,94720,2,2000995785
7555,62968859,77213475,140182334,1,0,0,28672,17,3067836387
7556,62982420,77191155,140173575,3,0,0,14336,7,5350627841
7557,62982980,77765221,140748201,2,0,0,51200,11,34411679
7558,62984459,77343479,140327938,5,0,0,50176,10,5005755926
7559,62988689,77421388,140410077,1,0,0,22528,17,5993875411
7560,62992780,77209926,140202706,3,0,0,15872,7,5423894730
7561,62994691,120209354,183204045,2,0,1,26624,11,8662975672
7562,62995520,77525935,140521455,7,0,0,18944,2,4766749410
7563,62995820,120208248,183204068,9,0,1,7168,16,9454001114
7564,62998810,120205281,183204091,8,0,1,1536,3,8298832570
7565,63008400,78604359,141612759,7,0,0,121856,2,9098106902
7566,63009650,78421873,141431523,3,0,0,904192,7,108391541
7567,63013779,77170629,140184408,5,0,0,3072,10,4899281927
7568,63015069,77182778,140197847,1,0,0,44032,17,9047477181
7569,63021249,77770812,140792061,5,0,0,3584,10,5248815325
7570,63052469,78071319,141123788,5,0,0,14848,10,5137691328
7571,63063349,77648742,140712091,1,0,0,32768,17,10529452401
7572,63063819,77369740,140433559,1,0,0,11264,17,10112333961
7573,63064880,77869939,140934819,9,0,0,40448,16,2769245366
7574,63077631,120143354,183220985,3,0,1,21504,7,9786170435
7575,63084860,77837612,140922472,7,0,0,87040,2,5565363701
7576,63096000,78428995,141524995,0,0,0,23552,13,10154793453
7577,63103030,120117986,183221016,9,0,1,12800,16,8007802100
7578,63113590,77906850,141020440,9,0,0,66560,16,3752208980
7579,63122450,77825184,140947634,3,0,0,41984,7,6274457824
7580,63125410,77993831,141119241,7,0,0,97792,2,2817207053
7581,63139809,78298445,141438254,1,0,0,22016,17,9743531457
7582,63152070,77695732,140847802,6,0,0,10240,7,469231196
7583,63166379,77826067,140992446,5,0,0,9728,10,7039134144
7584,63170880,77956207,141127087,0,0,0,10752,13,8415680502
7585,63171620,77638947,140810567,8,0,0,26112,3,718408049
7586,63179770,78307271,141487041,8,0,0,20480,3,6819083555
7587,63180339,77859918,141040257,5,0,0,49664,10,3225407708
7588,63180389,78360697,141541086,1,0,0,52736,17,8844013103
7589,63196789,77774942,140971731,5,0,0,52736,10,5179979998
7590,63199890,78256171,141456061,0,0,0,58368,13,3155063118
7591,63200030,78317766,141517796,9,0,0,100864,16,3836039377
7592,63212881,120011621,183224502,2,0,1,5632,11,4948135687
7593,63226949,78253829,141480778,1,0,0,11264,17,789181615
7594,63227541,119996992,183224533,3,0,1,6144,7,6927637152
7595,63234710,120200524,183435234,0,0,1,34304,13,2407690861
7596,63242149,78333459,141575608,5,0,0,43008,10,5555775953
7597,63246850,78396452,141643302,0,0,0,62976,13,5316644898
7598,63268841,120166416,183435257,3,0,1,2048,7,6666772532
7599,63297600,78319550,141617150,0,0,0,14336,13,5326551016
7600,63305910,78358475,141664385,2,0,0,69120,11,3691640275
7601,63311320,78385731,141697051,2,0,0,38912,11,838145589
7602,63312450,78250031,141562481,2,0,0,70144,11,8112895290
7603,63327900,120107380,183435280,5,0,1,11264,10,4370500052
7604,63345600,120129560,183475160,7,0,1,10752,2,9209665425
7605,63359800,78103928,141463728,8,0,0,25088,3,9809976014
7606,63365429,78938353,142303782,5,0,0,67584,10,369494917
7607,63369280,78108043,141477323,3,0,0,44544,7,1853320226
7608,63384980,78296330,141681310,6,0,0,45568,7,5226253270
7609,63404599,78397953,141802552,1,0,0,113152,17,7721232558
7610,63416150,120059033,183475183,0,0,1,4096,13,9961308420
7611,63423919,78200118,141624037,1,0,0,22528,17,3298584146
7612,63430320,78691055,142121375,7,0,0,35840,2,4331773362
7613,63433430,78376945,141810375,0,0,0,25600,13,3577677268
7614,63439690,79068050,142507740,0,0,0,186368,13,6657131131
7615,63441751,120040966,183482717,2,0,1,3072,11,8621583122
7616,63446279,78563551,142009830,5,0,0,58368,10,3671676710
7617,63454600,78212795,141667395,4,0,0,9728,6,6489922608
7618,63457460,78774358,142231818,9,0,0,18432,16,1982926370
7619,63463569,78351977,141815546,5,0,0,16896,10,6853006367
7620,63470180,78598532,142068712,6,0,0,36352,7,88652208
7621,63475960,78649494,142125454,4,0,0,13312,6,9061833273
7622,63491010,78358765,141849775,8,0,0,33792,3,369082502
7623,63500410,79536538,143036948,2,0,0,47104,11,6234571463
7624,63509000,79662894,143171894,8,0,0,25088,3,8633322479
7625,63522230,78660309,142182539,2,0,0,75264,11,10169956825
7626,63525540,79212125,142737665,9,0,0,408576,16,3286122460
7627,63528431,120002494,183530925,3,0,1,25600,7,3392999427
7628,63535980,78982849,142518829,0,0,0,4608,13,5034500732
7629,63538350,78896227,142434577,9,0,0,66560,16,9773071824
7630,63540490,119997059,183537549,4,0,1,3584,6,4611360226
7631,63542369,78679315,142221684,5,0,0,70144,10,5605292165
7632,63552530,79310365,142862895,9,0,0,86528,16,7143926859
7633,63552730,79832431,143385161,0,0,0,235520,13,7266252286
7634,63554200,78635538,142189738,8,0,0,23552,3,4933715025
7635,63567010,119972165,183539175,9,0,1,2560,16,2012762965
7636,63570309,78537799,142108108,1,0,0,19456,17,7562462624
7637,63575000,79849207,143424207,4,0,0,43008,6,577867758
7638,63575920,78813338,142389258,8,0,0,29184,3,103716865
7639,63590170,79385231,142975401,4,0,0,61440,6,9039509732
7640,63593090,78924235,142517325,0,0,0,30208,13,6693754942
7641,63605760,119934593,183540353,7,0,1,13824,2,2774455505
7642,63607350,78921798,142529148,9,0,0,33792,16,2727874265
7643,63633490,119924578,183558068,0,0,1,11776,13,8411684063
7644,63639840,79876474,143516314,3,0,0,41472,7,1468658676
7645,63643760,78797860,142441620,8,0,0,23040,3,4883237217
7646,63656630,78598926,142255556,2,0,0,17408,11,4519724128
7647,63657700,78564631,142222331,7,0,0,2048,2,5439526978
7648,63659470,79999279,143658749,4,0,0,47104,6,609839041
7649,63664309,78616679,142280988,5,0,0,34304,10,178023781
7650,63664670,120052529,183717199,4,0,1,24064,6,7182196294
7651,63665910,80222742,143888652,2,0,0,71680,11,7182533326
7652,63667050,78841048,142508098,2,0,0,1024,11,7023924737
7653,63688430,78873992,142562422,0,0,0,25600,13,7880614465
7654,63704730,79879357,143584087,2,0,0,41472,11,10460683518
7655,63711060,79056319,142767379,6,0,0,70656,7,4422465559
7656,63711450,79496954,143208404,0,0,0,15360,13,7576455749
7657,63734869,79416577,143151446,1,0,0,184832,17,10628101763
7658,63743800,79493154,143236954,4,0,0,15360,6,541836851
7659,63748529,120118962,183867491,6,0,1,35840,7,6191218370
7660,63753609,79143304,142896913,1,0,0,43520,17,6648152315
7661,63763019,80426353,144189372,1,0,0,17920,17,10493073607
7662,63765380,78807833,142573213,7,0,0,14336,2,9107796171
7663,63768200,80241867,144010067,6,0,0,2048,7,1357302754
7664,63771550,120106210,183877760,4,0,1,13824,6,10206758566
7665,63778570,79632510,143411080,8,0,0,84992,3,8531548832
7666,63785980,78959825,142745805,4,0,0,5120,6,9738758549
7667,63808080,78936142,142744222,4,0,0,20992,6,6137714499
7668,63812130,79684014,143496144,4,0,0,110080,6,5826535601
7669,63812331,120174448,183986779,2,0,1,17408,11,9078203997
7670,63813920,78963970,142777890,9,0,0,6144,16,3818561392
7671,63814040,80195380,144009420,3,0,0,77824,7,6625748739
7672,63821029,80567349,144388378,1,0,0,154112,17,5028743633
7673,63828090,79485288,143313378,7,0,0,132608,2,9360120932
7674,63839040,79622730,143461770,6,0,0,37376,7,3478729107
7675,63839660,79609740,143449400,3,0,0,35840,7,5166485472
7676,63846660,120309196,184155856,5,0,1,43008,10,4220272029
7677,63870330,79217837,143088167,4,0,0,20992,6,2895233636
7678,63875239,120288791,184164030,6,0,1,11264,7,6736085078
7679,63876909,78992249,142869158,1,0,0,20480,17,4529985940
7680,63885610,79654595,143540205,6,0,0,78336,7,1633595884
7681,63902390,79360872,143263262,0,0,0,12800,13,2700711485
7682,63911030,79715200,143626230,6,0,0,71168,7,3496688648
7683,63918440,80746661,144665101,0,0,0,3584,13,314913786
7684,63920360,79664850,143585210,0,0,0,3584,13,2867113777
7685,63928200,79843898,143772098,7,0,0,11776,2,10188448815
7686,63932449,79506000,143438449,5,0,0,35328,10,3094723409
7687,63943340,120220713,184164053,9,0,1,14336,16,2399748259
7688,63983349,79520306,143503655,5,0,0,24576,10,6593903824
7689,63983800,79443862,143427662,6,0,0,11264,7,3456043779
7690,63998250,79573178,143571428,6,0,0,102400,7,1237352025
7691,64000470,79709238,143709708,2,0,0,112128,11,5290349702
7692,64003380,120222211,184225591,9,0,1,11264,16,6429381516
7693,64006010,80594867,144600877,7,0,0,190464,2,1267680110
7694,64015919,79434440,143450359,1,0,0,3072,17,3174467612
7695,64029771,120255989,184285760,3,0,1,19456,7,672119437
7696,64033020,79597180,143630200,3,0,0,7168,7,7096893995
7697,64036181,120332098,184368279,2,0,1,12800,11,5362707750
7698,64050129,79708655,143758784,5,0,0,97792,10,4492829801
7699,64057389,120424512,184481901,6,0,1,12800,7,4307115462
7700,64079729,79382844,143462573,1,0,0,2560,17,9862635946
7701,64080620,79694309,143774929,6,0,0,9216,7,7265997343
7702,64085060,80256339,144341399,2,0,0,5120,11,8343288838
7703,64087370,80173106,144260476,3,0,0,17408,7,1890391118
7704,64093611,120642973,184736584,3,0,1,65536,7,3007766597
7705,64095859,80568127,144663986,5,0,0,13824,10,1467439106
7706,64110029,79612338,143722367,1,0,0,41472,17,8500829400
7707,64111230,79719578,143830808,4,0,0,31232,6,10482242507
7708,64137270,120676520,184813790,9,0,1,28160,16,3609921920
7709,64145600,80781890,144927490,8,0,0,30208,3,3639243994
7710,64145640,79578310,143723950,8,0,0,5120,3,433505603
7711,64159980,79661289,143821269,7,0,0,77312,2,7725390965
7712,64161600,79606879,143768479,9,0,0,31744,16,2160972634
7713,64163830,120680855,184844685,9,0,1,11264,16,4215410553
7714,64163970,79564995,143728965,8,0,0,16384,3,3806012170
7715,64163980,79431787,143595767,6,0,0,22016,7,10613248607
7716,64168879,79788767,143957646,5,0,0,70144,10,751169984
7717,64184920,79647479,143832399,7,0,0,5120,2,5563653563
7718,64186380,79773629,143960009,4,0,0,7680,6,3863858833
7719,64189450,120733834,184923284,8,0,1,34304,3,293254431
7720,64203529,80136287,144339816,5,0,0,96256,10,1247164110
7721,64206340,80006240,144212580,7,0,0,71168,2,9177767424
7722,64207459,120715848,184923307,1,0,1,4608,17,6276028710
7723,64209139,80450612,144659751,5,0,0,107008,10,3801344570
7724,64217110,81027480,145244590,7,0,0,645632,2,4947720198
7725,64222369,80181655,144404024,5,0,0,50688,10,5700114142
7726,64222911,120894704,185117615,3,0,1,60416,7,10063835735
7727,64225910,80162647,144388557,7,0,0,512,2,995652492
7728,64236840,80367492,144604332,2,0,0,11264,11,1339142248
7729,64237830,81115638,145353468,3,0,0,66560,7,5530750325
7730,64238990,80280881,144519871,6,0,0,56832,7,5261771843
7731,64256450,79906187,144162637,8,0,0,12288,3,5562666638
7732,64265690,120851948,185117638,4,0,1,10752,6,7326874823
7733,64268700,80444278,144712978,8,0,0,71168,3,5153357460
7734,64283210,80257302,144540512,7,0,0,48128,2,58258075
7735,64286370,80433651,144720021,6,0,0,23040,7,238191991
7736,64292150,79999646,144291796,6,0,0,14336,7,6303708246
7737,64298729,120879405,185178134,1,0,1,12288,17,886863637
7738,64305130,120971651,185276781,0,0,1,30720,13,10484106676
7739,64312709,80489891,144802600,5,0,0,46592,10,6624193494
7740,64319649,120979822,185299471,6,0,1,5632,7,7013611891
7741,64320049,120982574,185302623,1,0,1,3072,17,1847374083
7742,64320180,120983659,185303839,8,0,1,14336,3,3334853444
7743,64330400,81125397,145455797,9,0,0,122880,16,736955386
7744,64344470,80084531,144429001,7,0,0,10240,2,9404707734
7745,64352990,120951310,185304300,0,0,1,10240,13,8209112501
7746,64361129,80551339,144912468,5,0,0,61440,10,10478503249
7747,64362750,80373730,144736480,7,0,0,29696,2,2784101103
7748,64366090,80993173,145359263,2,0,0,18944,11,5359600339
7749,64378800,81122774,145501574,7,0,0,96768,2,4623063796
7750,64391950,80526313,144918263,0,0,0,18944,13,4352646691
7751,64395059,80232065,144627124,1,0,0,47616,17,3828163314
7752,64396930,80848627,145245557,7,0,0,3072,2,7110192988
7753,64430320,81477391,145907711,4,0,0,23040,6,3119966674
7754,64434850,120962172,185397022,9,0,1,4608,16,2671954859
7755,64439850,121003011,185442861,9,0,1,50176,16,5790305980
7756,64449130,80598721,145047851,4,0,0,34816,6,6966868295
7757,64488641,121057939,185546580,2,0,1,15872,11,3319193912
7758,64500980,81080744,145581724,8,0,0,112128,3,6249710273
7759,64507290,80815712,145323002,9,0,0,236032,16,3506413155
7760,64511620,121142633,185654253,8,0,1,21504,3,7192846778
7761,64513819,80958248,145472067,5,0,0,53248,10,245309526
7762,64524270,81637533,146161803,7,0,0,95232,2,237155528
7763,64524390,80353270,144877660,0,0,0,34816,13,1950209925
7764,64530050,80718806,145248856,6,0,0,10752,7,1980966597
7765,64532080,80801085,145333165,8,0,0,33280,3,2801901528
7766,64535600,80715463,145251063,0,0,0,7168,13,5168046242
7767,64541530,81960650,146502180,9,0,0,645120,16,4435834423
7768,64543880,121110396,185654276,8,0,1,8704,3,9177724167
7769,64551399,80812723,145364122,1,0,0,15872,17,10343858355
7770,64554950,80962731,145517681,4,0,0,52736,6,6444980326
7771,64555410,81221315,145776725,9,0,0,37888,16,5748694458
7772,64566780,81125256,145692036,9,0,0,7680,16,5148204587
7773,64590811,121063488,185654299,2,0,1,7680,11,5985167624
7774,64594670,80990120,145584790,6,0,0,5120,7,10012778460
7775,64603220,81057767,145660987,3,0,0,4096,7,8971726166
7776,64605390,81010358,145615748,8,0,0,51712,3,7642624381
7777,64610200,81136140,145746340,8,0,0,11776,3,257664196
7778,64611239,81443104,146054343,5,0,0,46080,10,7590437708
7779,64615670,81962932,146578602,6,0,0,131584,7,1470758994
7780,64636490,81106239,145742729,3,0,0,92672,7,2311860047
7781,64637840,121144509,185782349,9,0,1,77312,16,6930944667
7782,64638549,121145426,185783975,6,0,1,2560,7,3904051565
7783,64638829,121261190,185900019,6,0,1,39936,7,7323959464
7784,64639980,81040063,145680043,3,0,0,6144,7,2176191333
7785,64653600,121314036,185967636,8,0,1,3072,3,8720320452
7786,64674330,121293329,185967659,4,0,1,28672,6,1882915966
7787,64675030,81906559,146581589,3,0,0,9728,7,8268508373
7788,64681370,81218327,145899697,6,0,0,46592,7,2821970888
7789,64682990,81098750,145781740,4,0,0,16384,6,9390043566
7790,64687890,121296507,185984397,5,0,1,19456,10,1375361629
7791,64689649,81430184,146119833,5,0,0,17920,10,1575307391
7792,64700870,81167133,145868003,9,0,0,7680,16,5889849914
7793,64711490,81323528,146035018,7,0,0,76800,2,4553624403
7794,64714640,81384020,146098660,2,0,0,47616,11,4047279994
7795,64723169,81796217,146519386,1,0,0,56320,17,6704716602
7796,64730139,81348942,146079081,5,0,0,51712,10,9880849085
7797,64736840,81182063,145918903,9,0,0,7680,16,4140235446
7798,64751221,121233199,185984420,2,0,1,1024,11,1921389791
7799,64755370,81923842,146679212,2,0,0,51712,11,6883652475
7800,64761540,81528697,146290237,2,0,0,12800,11,7884476461
7801,64768410,81484558,146252968,9,0,0,52736,16,9035419486
7802,64779550,81526047,146305597,0,0,0,12800,13,8498066994
7803,64786049,121198394,185984443,1,0,1,9216,17,2757912059
7804,64792699,81745788,146538487,1,0,0,52736,17,10001198287
7805,64793399,81870034,146663433,1,0,0,86528,17,6397458703
7806,64805770,121178696,185984466,4,0,1,11264,6,5963955733
7807,64814830,81377309,146192139,2,0,0,13312,11,10344781815
7808,64836150,81798221,146634371,9,0,0,121856,16,6403695757
7809,64838160,81331354,146169514,0,0,0,16896,13,1912237465
7810,64853710,121160652,186014362,9,0,1,27136,16,7333777282
7811,64856320,81666053,146522373,6,0,0,9728,7,3118967983
7812,64859680,121161304,186020984,8,0,1,1024,3,2359370725
7813,64875020,81901917,146776937,8,0,0,68096,3,2790862881
7814,64883620,82013469,146897089,6,0,0,157696,7,5443899798
7815,64906080,81691140,146597220,8,0,0,51200,3,1565969975
7816,64918029,121125371,186043400,1,0,1,23040,17,9435278439
7817,64935880,81701166,146637046,0,0,0,8704,13,6358274517
7818,64942761,121279294,186222055,3,0,1,10752,7,3737443904
7819,64952771,121279780,186232551,2,0,1,21504,11,8000775641
7820,64960610,81721433,146682043,0,0,0,9216,13,2826948789
7821,64964540,82228408,147192948,9,0,0,31232,16,4958765689
7822,64969220,81727978,146697198,2,0,0,49664,11,2783828278
7823,64995910,81742915,146738825,8,0,0,67072,3,6916965810
7824,64999120,82180655,147179775,2,0,0,6656,11,5709895749
7825,65002029,81903351,146905380,1,0,0,27136,17,5318596733
7826,65013250,82159740,147172990,2,0,0,489984,11,2397001953
7827,65034440,82331460,147365900,8,0,0,63488,3,4069117980
7828,65037500,82186671,147224171,6,0,0,102400,7,10350403338
7829,65044210,121188495,186232705,7,0,1,8704,2,5926087970
7830,65054960,121184134,186239094,7,0,1,6656,2,10420684288
7831,65058689,81964986,147023675,1,0,0,13824,17,5061259855
7832,65062321,121371107,186433428,3,0,1,15872,7,9194656523
7833,65062771,121375600,186438371,2,0,1,12800,11,597506963
7834,65075820,121364177,186439997,0,0,1,2560,13,7777611633
7835,65078920,82479260,147558180,2,0,0,221184,11,4866809549
7836,65095449,121348414,186443863,1,0,1,6144,17,1360716410
7837,65108570,81903400,147011970,2,0,0,14336,11,3427386452
7838,65112470,82070939,147183409,3,0,0,3584,7,3730886876
7839,65116900,82065394,147182294,0,0,0,8192,13,9833005940
7840,65128069,82049655,147177724,1,0,0,6656,17,4624756673
7841,65129400,82168317,147297717,7,0,0,35328,2,4177685925
7842,65133300,82153630,147286930,6,0,0,30208,7,595496816
7843,65136310,82423921,147560231,2,0,0,6656,11,491018872
7844,65143040,82090670,147233710,9,0,0,31232,16,7296318574
7845,65151760,82113049,147264809,8,0,0,10240,3,3276828976
7846,65152759,82176591,147329350,5,0,0,68608,10,7444574987
7847,65154941,121294294,186449235,2,0,1,3584,11,5185716222
7848,65175779,81999894,147175673,1,0,0,8704,17,5992562626
7849,65184260,82454912,147639172,3,0,0,30720,7,2857419990
7850,65193949,82251575,147445524,5,0,0,172544,10,8469840618
7851,65208240,82421457,147629697,6,0,0,176640,7,1985194988
7852,65218880,82422187,147641067,4,0,0,6144,6,4376906267
7853,65219639,82126894,147346533,5,0,0,56320,10,4886853543
7854,65222910,82504404,147727314,7,0,0,5120,2,2520842539
7855,65223071,121378130,186601201,2,0,1,10240,11,5558420646
7856,65227610,121388148,186615758,9,0,1,1024,16,2991841186
7857,65233050,82143192,147376242,9,0,0,15360,16,1176917771
7858,65235490,82136049,147371539,9,0,0,18432,16,10482084535
7859,65238690,82337164,147575854,6,0,0,51200,7,1225764581
7860,65251810,82641970,147893780,6,0,0,50688,7,4292621109
7861,65266889,82509988,147776877,5,0,0,67584,10,9619691833
7862,65268460,82181143,147449603,0,0,0,13312,13,7921383443
7863,65287090,82361816,147648906,2,0,0,25600,11,8621348023
7864,65325600,82528258,147853858,7,0,0,54784,2,2008163720
7865,65333930,82761957,148095887,4,0,0,353792,6,824052919
7866,65343320,121276944,186620264,9,0,1,7168,16,7084329850
7867,65363390,82514923,147878313,7,0,0,65024,2,620567062
7868,65365130,121703756,187068886,9,0,1,14336,16,119040046
7869,65367710,82422294,147790004,8,0,0,43008,3,1299299464
7870,65368780,121829724,187198504,4,0,1,10240,6,4961331638
7871,65369710,82753303,148123013,6,0,0,28160,7,3598211534
7872,65386610,121813200,187199810,0,0,1,2048,13,1632669117
7873,65389690,82739233,148128923,9,0,0,1024,16,649135440
7874,65393700,82276364,147670064,9,0,0,2048,16,546223217
7875,65407061,121794695,187201756,2,0,1,3072,11,3415421611
7876,65409820,82538200,147948020,8,0,0,10240,3,3796866494
7877,65419170,82715160,148134330,3,0,0,6144,7,8184972680
7878,65424270,82476709,147900979,7,0,0,23552,2,9701819860
7879,65425040,82714186,148139226,4,0,0,2048,6,4226952320
7880,65459361,121744021,187203382,2,0,1,2560,11,2475843629
7881,65467710,82762684,148230394,2,0,0,79360,11,1594550035
7882,65470040,82635230,148105270,3,0,0,30720,7,2028505412
7883,65485381,121776898,187262279,2,0,1,9728,11,6029695414
7884,65492430,121769872,187262302,8,0,1,1024,3,468310687
7885,65500350,121761975,187262325,4,0,1,5632,6,1850212323
7886,65502650,82611714,148114364,4,0,0,29696,6,551176210
7887,65508850,82894224,148403074,6,0,0,30720,7,742454001
7888,65513679,82614909,148128588,1,0,0,5632,17,2521073888
7889,65513950,82403638,147917588,4,0,0,6144,6,9260025536
7890,65521990,82927143,148449133,4,0,0,34816,6,570452465
7891,65526400,82860315,148386715,4,0,0,68096,6,5430114117
7892,65532339,82594464,148126803,1,0,0,12288,17,9931685476
7893,65566219,82564451,148130670,5,0,0,5632,10,125114613
7894,65570800,83104192,148674992,6,0,0,97280,7,6867344767
7895,65572650,82662291,148234941,9,0,0,14848,16,8881605526
7896,65574360,82777927,148352287,0,0,0,25600,13,8632678090
7897,65580329,121714708,187295037,6,0,1,13824,7,2919863358
7898,65582249,82571883,148154132,1,0,0,10240,17,4670304421
7899,65598300,82823365,148421665,8,0,0,27136,3,1743767194
7900,65604719,121722630,187327349,6,0,1,14848,7,1233882107
7901,65607790,83196514,148804304,4,0,0,75264,6,6510208568
7902,65608030,82540972,148149002,8,0,0,1536,3,7058452160
7903,65611510,83141262,148752772,8,0,0,16384,3,5084387698
7904,65616410,83114320,148730730,8,0,0,180736,3,9544040594
7905,65629330,83015999,148645329,3,0,0,48640,7,5123608258
7906,65636860,121734297,187371157,8,0,1,8704,3,9447109452
7907,65646180,83178351,148824531,6,0,0,20480,7,9111036249
7908,65650799,82817426,148468225,1,0,0,11776,17,8642564822
7909,65652380,82868195,148520575,2,0,0,17920,11,8001763965
7910,65654240,83213071,148867311,4,0,0,36864,6,7147673762
7911,65659730,82958390,148618120,8,0,0,37888,3,4105760104
7912,65663230,82965544,148628774,4,0,0,6656,6,9180024263
7913,65667470,121706273,187373743,9,0,1,4096,16,8532939032
7914,65673380,83228312,148901692,4,0,0,16896,6,1487132177
7915,65681539,121693830,187375369,6,0,1,2560,7,7863773624
7916,65704660,82744652,148449312,0,0,0,512,13,6465324240
7917,65728120,121649195,187377315,0,0,1,3072,13,3029277425
7918,65733940,82941699,148675639,0,0,0,2048,13,9523873700
7919,65738051,121658381,187396432,2,0,1,13312,11,2504214765
7920,65741830,121654756,187396586,0,0,1,8704,13,5617513474
7921,65755499,83221552,148977051,5,0,0,113664,10,8069745010
7922,65762200,83495251,149257451,0,0,0,85504,13,1774429599
7923,65769970,82792169,148562139,9,0,0,3584,16,10478983165
7924,65772180,82975577,148747757,3,0,0,55808,7,3306663701
7925,65781880,121712111,187493991,5,0,1,19456,10,2733471335
7926,65785080,83401909,149186989,4,0,0,66560,6,4637713764
7927,65785790,83204232,148990022,0,0,0,42496,13,4133684507
7928,65787610,83021553,148809163,9,0,0,15872,16,7926044652
7929,65790020,82991329,148781349,6,0,0,34304,7,7809559860
7930,65793890,82800079,148593969,0,0,0,2560,13,5883038968
7931,65800570,83199771,149000341,2,0,0,33792,11,8310128331
7932,65805980,83050076,148856056,4,0,0,95232,6,9442416624
7933,65820211,83558268,149378479,8,0,0,38912,3,8436011511
7934,65821141,121678023,187499164,3,0,1,14336,7,713726489
7935,65831149,83095355,148926504,5,0,0,52736,10,4638063092
7936,65831579,83324351,149155930,1,0,0,49152,17,1232519537
7937,65831750,83224117,149055867,2,0,0,22528,11,4908546699
7938,65833510,83268774,149102284,8,0,0,32768,3,3743603260
7939,65838300,83381725,149220025,2,0,0,92160,11,231334541
7940,65839530,83519002,149358532,7,0,0,5120,2,9493284804
7941,65847250,83195424,149042674,4,0,0,4096,6,151221999
7942,65863220,121742637,187605857,4,0,1,16384,6,7195740187
7943,65865670,83463888,149329558,0,0,0,97280,13,1368111148
7944,65877529,83463173,149340702,1,0,0,2560,17,648663816
7945,65892349,83216666,149109015,5,0,0,22016,10,5079903616
7946,65901630,122087183,187988813,4,0,1,20480,6,7455707922
7947,65910530,83389365,149299895,9,0,0,63488,16,5990211717
7948,65919090,83302541,149221631,7,0,0,512,2,5503183156
7949,65919590,83410615,149330205,2,0,0,2048,11,9901312656
7950,65923010,83514931,149437941,6,0,0,65024,7,6967237387
7951,65925499,83573189,149498688,1,0,0,68608,17,7962296816
7952,65928539,83785740,149714279,1,0,0,52224,17,7220508768
7953,65937619,83540142,149477761,5,0,0,76288,10,5711540191
7954,65943450,83278002,149221452,6,0,0,4608,7,749941274
7955,65944569,83713779,149658348,5,0,0,13312,10,7231295974
7956,65955579,83687215,149642794,5,0,0,29184,10,4056161694
7957,65960660,83638595,149599255,9,0,0,35328,16,3152402092
7958,65969230,83480925,149450155,7,0,0,27648,2,5493956171
7959,65974060,83467648,149441708,0,0,0,12288,13,6609105524
7960,66000900,83796037,149796937,6,0,0,27648,7,8078794216
7961,66006460,84048129,150054589,6,0,0,144384,7,10579575716
7962,66009789,83501402,149511191,5,0,0,40960,10,9810473469
7963,66009860,83535654,149545514,8,0,0,10240,3,919849092
7964,66010040,83761186,149771226,4,0,0,116736,6,9769143392
7965,66051899,83785170,149837069,5,0,0,25600,10,4184922017
7966,66055180,83839375,149894555,4,0,0,44544,6,791130675
7967,66080861,122468404,188549265,3,0,1,120832,7,6583122178
7968,66080869,84144861,150225730,5,0,0,50176,10,2792714407
7969,66082220,83890689,149972909,3,0,0,73728,7,10132471070
7970,66083300,84123595,150206895,8,0,0,179200,3,672701181
7971,66099259,83887557,149986816,1,0,0,45568,17,1298374843
7972,66099360,122452603,188551963,5,0,1,4608,10,5493088706
7973,66109019,122475635,188584654,1,0,1,23552,17,2615550282
7974,66111920,84018516,150130436,0,0,0,18944,13,716234864
7975,66114410,83975803,150090213,3,0,0,55808,7,2837836606
7976,66148919,83861655,150010574,1,0,0,64000,17,2049563182
7977,66151180,83839871,149991051,8,0,0,13824,3,4230608920
7978,66160670,83946137,150106807,7,0,0,42496,2,6924616061
7979,66181660,84140660,150322320,9,0,0,102400,16,6317988354
7980,66189910,83868717,150058627,3,0,0,12800,7,9467400244
7981,66190190,83950577,150140767,0,0,0,3584,13,5851895167
7982,66191370,84270423,150461793,0,0,0,52224,13,3851776811
7983,66193500,84195774,150389274,7,0,0,58880,2,6772040408
7984,66194671,84644303,150838974,8,0,0,107008,3,7540767524
7985,66195900,84290040,150485940,8,0,0,62464,3,8574318418
7986,66196011,84198174,150394185,8,0,0,4096,3,1827888646
7987,66196980,84434861,150631841,4,0,0,30208,6,9447014530
7988,66199290,84159261,150358551,7,0,0,512,2,2641414958
7989,66200111,84010308,150210419,8,0,0,11264,3,4028798302
7990,66202191,84784158,150986349,8,0,0,21504,3,5917952016
7991,66203169,122483797,188686966,6,0,1,2560,7,1126338111
7992,66208029,84414585,150622614,1,0,0,15872,17,3703859402
7993,66215820,84723621,150939441,3,0,0,93696,7,9565901421
7994,66220590,84957098,151177688,9,0,0,104960,16,6118003551
7995,66234920,84168193,150403113,7,0,0,8192,2,1559454491
7996,66238090,85294097,151532187,7,0,0,37888,2,3710960433
7997,66251370,84949437,151200807,7,0,0,75776,2,6472539292
7998,66252220,84089399,150341619,6,0,0,25600,7,8233282573
7999,66253560,122539250,188792810,5,0,1,10752,10,1690431918
8000,66265100,123030562,189295662,4,0,1,15872,6,5289631483
8001,66265819,84314336,150580155,5,0,0,53760,10,2404556711
8002,66267370,84538977,150806347,3,0,0,56320,7,4762511867
8003,66269000,84451819,150720819,3,0,0,20480,7,6640621323
8004,66269630,123026370,189296000,9,0,1,512,16,1810850878
8005,66284629,84219644,150504273,1,0,0,27648,17,2167961089
8006,66291810,123004344,189296154,0,0,1,8704,13,9434685896
8007,66296280,123132697,189428977,8,0,1,9728,3,8161322850
8008,66304410,84756064,151060474,2,0,0,82944,11,612791656
8009,66307530,123289119,189596649,9,0,1,39936,16,8212499693
8010,66311030,123341090,189652120,7,0,1,3072,2,7912534925
8011,66322080,85020539,151342619,7,0,0,45568,2,10099318141
8012,66324850,84766067,151090917,0,0,0,99840,13,7014298077
8013,66330589,84351066,150681655,5,0,0,18944,10,358825205
8014,66330651,123402596,189733247,2,0,1,16896,11,7788416835
8015,66333071,84456093,150789164,8,0,0,99328,3,10068272041
8016,66334779,85022734,151357513,1,0,0,37376,17,1830632954
8017,66344229,84634807,150979036,5,0,0,41984,10,4197585386
8018,66357369,84758912,151116281,5,0,0,60416,10,2985399534
8019,66360079,123434053,189794132,6,0,1,27136,7,7530177758
8020,66361189,84489227,150850416,1,0,0,37376,17,7287593759
8021,66374910,84653850,151028760,0,0,0,117248,13,6901858320
8022,66380440,84378437,150758877,2,0,0,41984,11,4438084943
8023,66387980,123406167,189794147,0,0,1,17408,13,6421766026
8024,66398970,85352631,151751601,7,0,0,111616,2,6893362346
8025,66399250,84823063,151222313,6,0,0,44544,7,733036120
8026,66405260,85516230,151921490,4,0,0,88064,6,6623967472
8027,66406250,123387912,189794162,5,0,1,18944,10,1731785355
8028,66409340,84852112,151261452,2,0,0,19456,11,1044330893
8029,66414399,85065672,151480071,1,0,0,94720,17,5502365225
8030,66427330,84522966,150950296,3,0,0,3584,7,2923544661
8031,66435169,84475701,150910870,1,0,0,21504,17,3984323660
8032,66442031,123352146,189794177,3,0,1,13312,7,6359751406
8033,66448040,123557556,190005596,7,0,1,45056,2,4269618219
8034,66463689,84634115,151097804,5,0,0,22528,10,9620278213
8035,66478910,85071969,151550879,7,0,0,26112,2,7104146298
8036,66490070,84397279,150887349,6,0,0,4096,7,3812314146
8037,66496080,84861924,151358004,4,0,0,1536,6,1838061579
8038,66512671,85549010,152061681,8,0,0,88576,3,8908438929
8039,66527709,84507470,151035179,1,0,0,20992,17,7795359133
8040,66533010,84612675,151145685,4,0,0,17920,6,2707587604
8041,66537989,123482316,190020305,6,0,1,18944,7,10371530372
8042,66538549,85235879,151774428,1,0,0,63488,17,6744216349
8043,66538830,84729665,151268495,7,0,0,23040,2,8700607823
8044,66543339,84665135,151208474,5,0,0,25088,10,9822201497
8045,66548679,84430536,150979215,1,0,0,512,17,7367343170
8046,66558510,85004404,151562914,4,0,0,39424,6,8336967636
8047,66573121,84844799,151417920,8,0,0,38400,3,3353351677
8048,66574900,123445420,190020320,9,0,1,8704,16,5025792256
8049,66576480,85503320,152079800,9,0,0,59392,16,713095279
8050,66577489,85430259,152007748,1,0,0,79872,17,7022644077
8051,66584570,84761532,151346102,2,0,0,5632,11,10603442398
8052,66589179,84831884,151421063,5,0,0,10240,10,137435865
8053,66607470,84619415,151226885,8,0,0,4608,3,1048479656
8054,66613189,84816165,151429354,5,0,0,27136,10,7562405905
8055,66631511,123388824,190020335,2,0,1,14848,11,1058449508
8056,66633920,84868638,151502558,4,0,0,73728,6,7848154592
8057,66634319,85553692,152188011,5,0,0,63488,10,4500509669
8058,66643299,84965994,151609293,5,0,0,33792,10,806006558
8059,66647530,84888900,151536430,8,0,0,13312,3,2154472392
8060,66659790,85056894,151716684,6,0,0,50688,7,5643063069
8061,66671540,123348810,190020350,0,0,1,6656,13,9682267743
8062,66676799,84727617,151404416,5,0,0,19456,10,7036649447
8063,66692140,84949310,151641450,0,0,0,31744,13,2903975481
8064,66701910,85192725,151894635,7,0,0,99840,2,4239876470
8065,66703549,123316816,190020365,6,0,1,3584,7,6124005571
8066,66713250,84737938,151451188,0,0,0,22016,13,8499313575
8067,66714000,123306380,190020380,0,0,1,50688,13,10550234846
8068,66717220,85250078,151967298,3,0,0,45056,7,1772954793
8069,66727990,84777867,151505857,7,0,0,10752,2,5722257090
8070,66730949,85639467,152370416,1,0,0,80896,17,9099401725
8071,66734020,85219527,151953547,3,0,0,73728,7,8802343149
8072,66735060,85808775,152543835,4,0,0,111616,6,10449569347
8073,66737240,85126288,151863528,9,0,0,33280,16,5726090323
8074,66764119,85162706,151926825,1,0,0,17408,17,676927902
8075,66766850,123253545,190020395,9,0,1,22528,16,4057092135
8076,66772920,84923934,151696854,6,0,0,36864,7,5544225062
8077,66776560,85569162,152345722,4,0,0,69632,6,3650890240
8078,66787140,84987935,151775075,3,0,0,2048,7,2696869960
8079,66789750,85193639,151983389,3,0,0,52736,7,4202066048
8080,66803840,123331743,190135583,5,0,1,5632,10,6209808764
8081,66814880,85374402,152189282,6,0,0,4096,7,7618111327
8082,66815129,85917535,152732664,5,0,0,30720,10,8440726031
8083,66822920,123312678,190135598,7,0,1,34816,2,1611089840
8084,66828641,123306972,190135613,2,0,1,1024,11,5563344962
8085,66831979,123303649,190135628,1,0,1,6656,17,7530391758
8086,66832431,85260048,152092479,8,0,0,32256,3,5394919665
8087,66863750,123271893,190135643,9,0,1,2048,16,6356317070
8088,66865250,86006452,152871702,9,0,0,62464,16,6013744418
8089,66873300,85271694,152144994,4,0,0,76800,6,10210084933
8090,66880960,85400946,152281906,2,0,0,21504,11,7165651493
8091,66902280,85892008,152794288,6,0,0,171520,7,551576569
8092,66907261,123265852,190173113,2,0,1,5632,11,9532150369
8093,66908880,85560172,152469052,4,0,0,125440,6,737476905
8094,66914520,85111498,152026018,6,0,0,12800,7,6956379926
8095,66916830,123256298,190173128,5,0,1,1536,10,9142127769
8096,66918510,86244010,153162520,3,0,0,37888,7,10421878334
8097,66923780,85456229,152380009,2,0,0,31232,11,177554263
8098,66930840,86336537,153267377,3,0,0,105984,7,7827312550
8099,66932990,84998070,151931060,9,0,0,13824,16,2831314625
8100,66957030,123216113,190173143,5,0,1,15872,10,5863544531
8101,66968870,85540934,152509804,0,0,0,44544,13,2365688013
8102,66983320,123189838,190173158,9,0,1,5120,16,4456671103
8103,66990150,85594788,152584938,7,0,0,2560,2,3327448930
8104,66999120,85559121,152558241,7,0,0,20480,2,135297143
8105,67013140,85972652,152985792,4,0,0,47616,6,2328142607
8106,67018160,85984699,153002859,9,0,0,17920,16,7053928681
8107,67028110,86501437,153529547,6,0,0,93184,7,6716244988
8108,67046189,86043013,153089202,1,0,0,113664,17,1496934768
8109,67051870,85028889,152080759,0,0,0,3072,13,10073729965
8110,67054610,85753700,152808310,6,0,0,37376,7,8598532204
8111,67057601,123115572,190173173,3,0,1,5632,7,2103374476
8112,67059800,85855441,152915241,7,0,0,44032,2,9690862571
8113,67060250,123112938,190173188,7,0,1,3072,2,8047979335
8114,67095740,86581899,153677639,4,0,0,82944,6,7838854194
8115,67101490,85482553,152584043,6,0,0,64000,7,10350609531
8116,67104641,86289211,153393852,8,0,0,6144,3,6949138727
8117,67109839,86644263,153754102,5,0,0,8704,10,876721699
8118,67112141,123061062,190173203,3,0,1,12288,7,1554857919
8119,67135339,86475923,153611262,5,0,0,78336,10,5827579810
8120,67144490,86663270,153807760,7,0,0,116736,2,335563047
8121,67145060,85989170,153134230,3,0,0,70656,7,1346164817
8122,67148209,123025009,190173218,1,0,1,17920,17,3961316555
8123,67149041,86143419,153292460,8,0,0,24064,3,2294390329
8124,67163521,123037963,190201484,2,0,1,49152,11,1545113212
8125,67164430,85823927,152988357,4,0,0,8192,6,9878889881
8126,67166990,85460374,152627364,2,0,0,83456,11,9188754122
8127,67184359,85513443,152697802,1,0,0,35328,17,5351109335
8128,67206380,85897821,153104201,9,0,0,49152,16,9666260790
8129,67207760,85344218,152551978,6,0,0,26624,7,8795667081
8130,67221300,122980199,190201499,0,0,1,24576,13,1571408738
8131,67225480,122976034,190201514,5,0,1,13824,10,5393588072
8132,67260010,86729122,153989132,9,0,0,18432,16,4203742215
8133,67265339,122977404,190242743,6,0,1,27136,7,10327174320
8134,67273060,85560701,152833761,3,0,0,83456,7,2858549248
8135,67301399,86682094,153983493,1,0,0,263168,17,4309371706
8136,67301540,85928005,153229545,4,0,0,39936,6,4496563516
8137,67314640,85482167,152796807,3,0,0,8192,7,9424615179
8138,67318760,86711313,154030073,6,0,0,8704,7,5702657040
8139,67324640,122918118,190242758,7,0,1,2560,2,535064374
8140,67324700,85841610,153166310,7,0,0,3584,2,8067767907
8141,67325341,85515658,152840999,8,0,0,19456,3,1333524098
8142,67330821,122911952,190242773,3,0,1,3584,7,5148316615
8143,67340029,122902759,190242788,6,0,1,512,7,3396141552
8144,67342370,85868824,153211194,9,0,0,12800,16,8813782103
8145,67351980,122890823,190242803,0,0,1,3072,13,9785015211
8146,67365209,85469839,152835048,1,0,0,4096,17,8780329444
8147,67365629,85744523,153110152,5,0,0,19456,10,4627032325
8148,67368490,85796705,153165195,6,0,0,8704,7,9520544773
8149,67368839,85908100,153276939,5,0,0,31232,10,691952203
8150,67371150,86532136,153903286,2,0,0,250880,11,10561618811
8151,67380949,85902877,153283826,5,0,0,22528,10,7148551962
8152,67389350,85621488,153010838,8,0,0,26112,3,1875092412
8153,67399550,86659163,154058713,4,0,0,45568,6,5198184188
8154,67414780,85900631,153315411,6,0,0,33280,7,761141137
8155,67418790,85948374,153367164,0,0,0,36864,13,4178232433
8156,67420729,86135205,153555934,1,0,0,86528,17,7577442937
8157,67456659,85540373,152997032,1,0,0,13824,17,10529352604
8158,67459551,122783267,190242818,2,0,1,1024,11,10612514264
8159,67459890,86690596,154150486,9,0,0,5120,16,1635753286
8160,67484630,85628041,153112671,8,0,0,8192,3,8451930047
8161,67486399,122756434,190242833,1,0,1,1536,17,8062660304
8162,67503410,85952380,153455790,9,0,0,11776,16,1117262456
8163,67505591,86184395,153689986,8,0,0,40448,3,2609652864
8164,67515070,85635875,153150945,7,0,0,54784,2,10485158303
8165,67517360,86817404,154334764,0,0,0,54272,13,9033871652
8166,67529080,122713768,190242848,0,0,1,4608,13,1561698659
8167,67531730,85958842,153490572,4,0,0,61440,6,9416304312
8168,67553550,86008491,153562041,9,0,0,19968,16,5678389831
8169,67555790,86195637,153751427,6,0,0,79872,7,560078724
8170,67561169,122685141,190246310,6,0,1,2048,7,5019059837
8171,67574300,86931962,154506262,0,0,0,31232,13,7513808931
8172,67574889,87297608,154872497,5,0,0,53248,10,8426463116
8173,67584820,86557874,154142694,3,0,0,43520,7,7784182067
8174,67601320,122645005,190246325,5,0,1,33792,10,5428285920
8175,67608981,122637359,190246340,3,0,1,4096,7,3122620388
8176,67617531,87228362,154845893,8,0,0,46592,3,3015262315
8177,67629860,86671627,154301487,0,0,0,46592,13,7904517697
8178,67635390,87003135,154638525,7,0,0,65536,2,4190511371
8179,67643300,85641805,153285105,2,0,0,4096,11,4906055667
8180,67645920,85709989,153355909,8,0,0,28672,3,4642451371
8181,67647901,122624494,190272395,3,0,1,32256,7,2549370908
8182,67661670,122613631,190275301,8,0,1,4608,3,6764985097
8183,67667240,86397736,154064976,0,0,0,20480,13,5115890669
8184,67677090,86442874,154119964,4,0,0,22016,6,3773412417
8185,67681180,87503971,155185151,9,0,0,422912,16,10083603449
8186,67698650,86128165,153826815,8,0,0,62464,3,8042197182
8187,67707390,86064779,153772169,3,0,0,5120,7,5124060252
8188,67713810,86359481,154073291,4,0,0,27136,6,5259314703
8189,67734080,122545407,190279487,5,0,1,6656,10,7775992999
8190,67735440,86425074,154160514,0,0,0,11264,13,7959538201
8191,67741700,86646166,154387866,2,0,0,25088,11,8652788766
8192,67753909,86256462,154010371,5,0,0,69632,10,5054773349
8193,67767690,85923255,153690945,6,0,0,3072,7,8437965379
8194,67775920,86634155,154410075,2,0,0,10752,11,6726908424
8195,67787571,122492262,190279833,3,0,1,512,7,1974713946
8196,67792780,86954631,154747411,7,0,0,59904,2,4621205246
8197,67808040,86219358,154027398,4,0,0,55808,6,282500725
8198,67824460,85820960,153645420,0,0,0,8704,13,8478047718
8199,67837139,86889150,154726289,5,0,0,92672,10,2628036344
8200,67845309,86831147,154676456,5,0,0,124416,10,4560832732
8201,67854870,87068217,154923087,9,0,0,68096,16,4611057492
8202,67862251,85908335,153770586,8,0,0,33280,3,8492193163
8203,67862330,86182430,154044760,6,0,0,48128,7,8413474145
8204,67878410,86295013,154173423,7,0,0,2560,2,9785968391
8205,67888310,86512885,154401195,7,0,0,23040,2,5669468531
8206,67890681,122395502,190286183,3,0,1,20992,7,9434461524
8207,67893060,85718693,153611753,7,0,0,1536,2,7358524329
8208,67909630,86575214,154484844,4,0,0,38912,6,9635573722
8209,67949410,86430789,154380199,7,0,0,118272,2,8413648312
8210,67951310,86442842,154394152,3,0,0,3072,7,10157832253
8211,67969420,86823572,154792992,7,0,0,29696,2,1360666175
8212,67972569,122317480,190290049,1,0,1,6144,17,3347482191
8213,67979070,86584557,154563627,6,0,0,18432,7,316407569
8214,67984979,122314531,190299510,1,0,1,17408,17,7255766443
8215,67997470,86226338,154223808,2,0,0,71680,11,5196622497
8216,67999000,87336077,155335077,9,0,0,187904,16,3677994829
8217,68011429,87234030,155245459,5,0,0,142848,10,555329666
8218,68013740,86684290,154698030,2,0,0,70656,11,8400273524
8219,68015920,86328220,154344140,3,0,0,12800,7,1495423181
8220,68031571,122272765,190304336,3,0,1,7680,7,1236916445
8221,68039580,122265102,190304682,8,0,1,512,3,4120536840
8222,68040940,86412343,154453283,4,0,0,47616,6,9502584227
8223,68042700,122272399,190315099,8,0,1,23552,3,6239460004
8224,68059370,86333823,154393193,4,0,0,17408,6,6417719215
8225,68059560,87296670,155356230,2,0,0,59392,11,7199244305
8226,68060860,87185870,155246730,2,0,0,4096,11,8860154796
8227,68074709,87291863,155366572,5,0,0,33792,10,2100718771
8228,68074880,87346898,155421778,6,0,0,39424,7,6115151452
8229,68076509,86876397,154952906,1,0,0,97792,17,10548716305
8230,68096021,122224906,190320927,2,0,1,2560,11,5746455005
8231,68097360,87104552,155201912,4,0,0,3072,6,7475957020
8232,68097561,122226272,190323833,2,0,1,4608,11,4405451348
8233,68103389,86511886,154615275,1,0,0,26624,17,9468978172
8234,68117160,122207979,190325139,8,0,1,2048,3,7331154797
8235,68123090,87125379,155248469,0,0,0,5632,13,2204898303
8236,68138300,87636598,155774898,0,0,0,68096,13,6680231535
8237,68141170,87262599,155403769,6,0,0,121856,7,4528598138
8238,68148520,87365762,155514282,7,0,0,102400,2,8825574311
8239,68155210,86573926,154729136,0,0,0,9216,13,870695527
8240,68163940,86633755,154797695,4,0,0,15360,6,6423741394
8241,68169080,86369970,154539050,0,0,0,512,13,1875705285
8242,68172000,122154125,190326125,5,0,1,1536,10,9554716173
8243,68195551,87142521,155338072,8,0,0,9728,3,938556468
8244,68198560,87061008,155259568,2,0,0,36352,11,3901063378
8245,68201009,122129942,190330951,6,0,1,7680,7,4240202044
8246,68201831,87273772,155475603,8,0,0,154112,3,426234890
8247,68222550,87187193,155409743,2,0,0,19456,11,8366775280
8248,68222739,86750229,154972968,1,0,0,26624,17,3378952536
8249,68230789,87523338,155754127,5,0,0,129536,10,4673817174
8250,68242009,87035770,155277779,5,0,0,39936,10,9297807552
8251,68256851,87594920,155851771,8,0,0,11264,3,6010201158
8252,68261280,87214681,155475961,3,0,0,1024,7,10583740217
8253,68278249,87570067,155848316,1,0,0,83968,17,7989774046
8254,68285360,86495206,154780566,7,0,0,56832,2,4191864959
8255,68297290,87650092,155947382,6,0,0,9728,7,8623725450
8256,68297491,86903462,155200953,8,0,0,49664,3,5491680838
8257,68302270,87384722,155686992,4,0,0,67584,6,7043365269
8258,68341361,87316580,155657941,8,0,0,87552,3,10721841790
8259,68341390,121994547,190335937,4,0,1,16896,6,8433612984
8260,68349940,87205033,155554973,2,0,0,58368,11,3912613571
8261,68353360,121992515,190345875,0,0,1,29184,13,10305362911
8262,68353460,86832338,155185798,3,0,0,2048,7,5953563267
8263,68358931,87202382,155561313,8,0,0,7168,3,9645493799
8264,68370180,87153969,155524149,0,0,0,32256,13,2531091288
8265,68371559,86893226,155264785,1,0,0,16896,17,1486859647
8266,68372870,121989411,190362281,5,0,1,512,10,2272684719
8267,68378751,121988919,190367670,3,0,1,17408,7,10040239542
8268,68406100,87896338,156302438,6,0,0,144384,7,7371302355
8269,68419721,87117422,155537143,8,0,0,42496,3,240696551
8270,68430879,121951297,190382176,6,0,1,34304,7,1222021301
8271,68441250,121983387,190424637,5,0,1,48128,10,6129206747
8272,68457270,87626938,156084208,2,0,0,32768,11,2519201305
8273,68476570,86949310,155425880,6,0,0,13312,7,6894720666
8274,68479330,121956166,190435496,8,0,1,1024,3,779826193
8275,68485290,86943311,155428601,3,0,0,8704,7,5037259468
8276,68491000,86774588,155265588,6,0,0,2560,7,1494960302
8277,68497770,87824682,156322452,4,0,0,23552,6,1314052421
8278,68500390,86982645,155483035,4,0,0,22528,6,2025579895
8279,68525320,86950828,155476148,6,0,0,512,7,7028222411
8280,68534689,121903073,190437762,6,0,1,3584,7,701884503
8281,68536520,87022532,155559052,7,0,0,13312,2,10266182322
8282,68552199,87501160,156053359,5,0,0,31744,10,808585931
8283,68582499,121913400,190495899,6,0,1,65024,7,6468232423
8284,68588130,87850326,156438456,2,0,0,149504,11,3103721574
8285,68592950,87262276,155855226,0,0,0,11264,13,321596566
8286,68598240,121897915,190496155,7,0,1,9216,2,4484732377
8287,68599790,88065839,156665629,4,0,0,141312,6,1867896121
8288,68610180,87916953,156527133,0,0,0,205312,13,8092061961
8289,68621500,121892741,190514241,7,0,1,27648,2,4217740537
8290,68622580,87581503,156204083,4,0,0,40960,6,5799707921
8291,68623999,88283110,156907109,5,0,0,23552,10,4664086345
8292,68642070,87221707,155863777,6,0,0,9728,7,4633708066
8293,68659110,87437913,156097023,6,0,0,41984,7,9975355740
8294,68662129,87113884,155776013,1,0,0,3584,17,2429070884
8295,68669499,121853419,190522918,6,0,1,5632,7,3306942168
8296,68676859,87333324,156010183,5,0,0,40448,10,2782384930
8297,68724741,87249893,155974634,8,0,0,23552,3,1229130849
8298,68745520,121804811,190550331,5,0,1,32768,10,8172913980
8299,68751991,87640890,156392881,8,0,0,68096,3,9708712109
8300,68754920,121820921,190575841,0,0,1,35328,13,7743461240
8301,68755550,87436030,156191580,6,0,0,171520,7,9532961730
8302,68761520,87361529,156123049,3,0,0,26624,7,9206774262
8303,68765309,121814718,190580027,6,0,1,6656,7,10071133814
8304,68766151,88412447,157178598,8,0,0,88064,3,9226822976
8305,68780620,87344012,156124632,7,0,0,5120,2,8607855417
8306,68790709,121791367,190582076,6,0,1,15872,7,8018742778
8307,68797420,87304306,156101726,0,0,0,15360,13,7469729112
8308,68818149,87518264,156336413,1,0,0,19456,17,10709613567
8309,68873481,121717493,190590974,2,0,1,512,11,7164607754
8310,68878160,86829298,155707458,6,0,0,2560,7,221834762
8311,68882360,87018083,155900443,4,0,0,29696,6,1284125320
8312,68884150,87863437,156747587,4,0,0,45568,6,3577513556
8313,68884740,88442807,157327547,4,0,0,8704,6,5478533973
8314,68890680,88855317,157745997,2,0,0,78848,11,10215116250
8315,68902781,87677285,156580066,8,0,0,5120,3,1435074928
8316,68908969,87134695,156043664,5,0,0,33280,10,3276229801
8317,68922190,87542364,156464554,0,0,0,63488,13,5127188018
8318,68923820,88534053,157457873,4,0,0,16896,6,4057727779
8319,68924400,86687572,155611972,0,0,0,1536,13,4697869416
8320,68928790,87646522,156575312,7,0,0,43008,2,3091516464
8321,68929920,87608468,156538388,4,0,0,36864,6,4310867205
8322,68937029,121678617,190615646,6,0,1,25600,7,6146549881
8323,68944870,87609921,156554791,7,0,0,53760,2,7385175322
8324,68974871,87350412,156325283,8,0,0,9216,3,6419566514
8325,68975201,86880516,155855717,8,0,0,1536,3,8589873899
8326,68981079,88691155,157672234,5,0,0,191488,10,6371487706
8327,68985120,87345334,156330454,0,0,0,16896,13,4900520026
8328,68985760,87595974,156581734,3,0,0,512,7,5431745145
8329,69002400,87888625,156891025,2,0,0,9728,11,3896768021
8330,69014991,121605012,190620003,2,0,1,4608,11,8980983104
8331,69016059,87606491,156622550,5,0,0,98816,10,5229574614
8332,69035630,87955494,156991124,0,0,0,196608,13,5803641901
8333,69037170,88034438,157071608,2,0,0,61952,11,9315366776
8334,69038449,87276804,156315253,1,0,0,41984,17,7319197088
8335,69047521,121573468,190620989,3,0,1,1536,7,7582513827
8336,69060380,87745356,156805736,7,0,0,13312,2,4269379202
8337,69060500,87501685,156562185,2,0,0,9728,11,2655237310
8338,69097430,87775740,156873170,2,0,0,6656,11,2201254800
8339,69100850,88723810,157824660,3,0,0,46592,7,8167493966
8340,69106690,87939860,157046550,4,0,0,113664,6,5571233916
8341,69107531,88944463,158051994,8,0,0,237056,3,2191806987
8342,69108360,87479543,156587903,2,0,0,5120,11,6245474788
8343,69109041,87939724,157048765,8,0,0,7168,3,735858266
8344,69120170,87811027,156931197,0,0,0,68096,13,4400440223
8345,69143060,121478915,190621975,5,0,1,1536,10,1672978585
8346,69147040,87521466,156668506,3,0,0,1536,7,7845978319
8347,69148330,87296857,156445187,7,0,0,22016,2,8977319940
8348,69150090,87409092,156559182,3,0,0,14336,7,4912228701
8349,69153221,88366197,157519418,8,0,0,86528,3,6069929611
8350,69169410,121453231,190622641,5,0,1,1024,10,5379514515
8351,69169700,89277732,158447432,3,0,0,52224,7,1531187460
8352,69172940,88615855,157788795,3,0,0,39424,7,5298777974
8353,69179409,87488606,156668015,1,0,0,7680,17,3349050588
8354,69197600,121451832,190649432,8,0,1,57856,3,3751523788
8355,69220620,88372297,157592917,4,0,0,131072,6,4309270047
8356,69222900,121447836,190670736,7,0,1,35840,2,9587306750
8357,69225070,121450812,190675882,4,0,1,8192,6,6028531745
8358,69226851,121450017,190676868,2,0,1,1536,11,6750811107
8359,69228350,88461075,157689425,4,0,0,56320,6,7659770200
8360,69256429,87834748,157091177,1,0,0,12288,17,3759688078
8361,69259930,87976972,157236902,9,0,0,124416,16,10604645061
8362,69266830,87884913,157151743,4,0,0,47616,6,3994390486
8363,69273690,89307391,158581081,7,0,0,133632,2,6473744361
8364,69282659,121406093,190688752,1,0,1,20480,17,478910845
8365,69287579,88507221,157794800,1,0,0,4096,17,4722994329
8366,69291310,89357786,158649096,0,0,0,23552,13,2985866816
8367,69295010,88176374,157471384,2,0,0,13824,11,6024868182
8368,69310620,87701275,157011895,6,0,0,68096,7,5818024255
8369,69329431,87941335,157270766,8,0,0,74240,3,8244597797
8370,69338600,88358024,157696624,0,0,0,23552,13,10065497980
8371,69345620,87835185,157180805,2,0,0,7168,11,915844885
8372,69348890,121358933,190707823,5,0,1,16896,10,9435148610
8373,69359431,121350018,190709449,3,0,1,2560,7,231801840
8374,69368519,121352080,190720599,6,0,1,28672,7,265403672
8375,69371050,121355384,190726434,5,0,1,5120,10,8078993616
8376,69373639,88348311,157721950,5,0,0,64512,10,5957035355
8377,69379619,87474519,156854138,5,0,0,9728,10,2730459779
8378,69381510,87999271,157380781,0,0,0,41472,13,4630264509
8379,69383990,87470795,156854785,4,0,0,2048,6,3653104891
8380,69393850,121335490,190729340,5,0,1,4608,10,5087859343
8381,69394279,121336892,190731171,1,0,1,15872,17,5439085856
8382,69395010,87691753,157086763,3,0,0,49664,7,1349660668
8383,69397789,87958207,157355996,1,0,0,30208,17,8189646930
8384,69403510,88210178,157613688,3,0,0,68096,7,4806838166
8385,69409380,88140626,157550006,2,0,0,25600,11,3544337783
8386,69412869,88363891,157776760,1,0,0,100864,17,2383246256
8387,69423920,121309517,190733437,7,0,1,3584,2,292349495
8388,69429930,121314824,190744754,8,0,1,26112,3,5028096691
8389,69431520,88089793,157521313,9,0,0,6144,16,9782412792
8390,69433239,87654171,157087410,5,0,0,2048,10,8000067518
8391,69433610,90158086,159591696,6,0,0,1303552,7,3492123831
8392,69435839,88489766,157925605,1,0,0,15872,17,3420114456
8393,69443209,87876433,157319642,5,0,0,32256,10,4301875893
8394,69453129,88614020,158067149,5,0,0,49664,10,9007614433
8395,69468180,121278200,190746380,5,0,1,2560,10,9059758304
8396,69468519,88233752,157702271,5,0,0,18432,10,845670387
8397,69470220,121285557,190755777,8,0,1,23040,3,4413371860
8398,69479640,90242198,159721838,2,0,0,65536,11,5633229598
8399,69482890,121283431,190766321,7,0,1,33280,2,9643863607
8400,69487579,88312548,157800127,5,0,0,17408,10,9483144108
8401,69508830,88709824,158218654,0,0,0,76288,13,10162713291
8402,69532449,88429021,157961470,1,0,0,46080,17,10129615902
8403,69539781,88952211,158491992,8,0,0,3072,3,9594064524
8404,69549249,90230580,159779829,5,0,0,5120,10,9632551256
8405,69561651,88372401,157934052,8,0,0,27648,3,2993378750
8406,69561690,88786322,158348012,6,0,0,23040,7,4215774351
8407,69569200,88223370,157792570,3,0,0,12288,7,7845067228
8408,69569441,121202474,190771915,3,0,1,15360,7,169833793
8409,69574880,88038987,157613867,6,0,0,512,7,10166745053
8410,69581950,88645307,158227257,6,0,0,28160,7,8707906438
8411,69591069,90001632,159592701,1,0,0,3072,17,10481565303
8412,69598981,88194548,157793529,8,0,0,3072,3,7694606798
8413,69603529,90224152,159827681,5,0,0,30208,10,5929064241
8414,69624570,121185950,190810520,5,0,1,28160,10,6049841545
8415,69638089,90285990,159924079,1,0,0,130048,17,3234629184
8416,69643541,121167338,190810879,2,0,1,9728,11,9262170071
8417,69656801,121159059,190815860,3,0,1,2048,7,598917620
8418,69672720,121147006,190819726,5,0,1,6144,10,4045139260
8419,69676970,88754527,158431497,2,0,0,235008,11,454900418
8420,69692319,121131389,190823708,6,0,1,17920,7,3730274853
8421,69693640,88378212,158071852,6,0,0,15360,7,6202106811
8422,69702839,88837480,158540319,1,0,0,112128,17,3924478059
8423,69707570,88881178,158588748,6,0,0,25088,7,10684123487
8424,69708040,121118894,190826934,9,0,1,5120,16,2831716076
8425,69724881,88463806,158188687,8,0,0,1024,3,5134813480
8426,69733290,88734133,158467423,7,0,0,65536,2,2799047950
8427,69748210,89141796,158890006,7,0,0,131072,2,5250497934
8428,69780001,121051759,190831760,3,0,1,7680,7,7898797826
8429,69791990,88913978,158705968,0,0,0,2048,13,8189985943
8430,69796899,89000971,158797870,5,0,0,70656,10,3962731340
8431,69817309,88679074,158496383,1,0,0,14336,17,3820606659
8432,69822900,88659054,158481954,6,0,0,47616,7,5665593760
8433,69833100,89162421,158995521,6,0,0,19456,7,4375615107
8434,69835210,88443040,158278250,0,0,0,3584,13,10693242656
8435,69846200,90213140,160059340,0,0,0,16896,13,10154817058
8436,69850850,90347389,160198239,2,0,0,14848,11,2661847602
8437,69862519,88628514,158491033,1,0,0,29696,17,5312754595
8438,69863861,89285459,159149320,8,0,0,43008,3,896165944
8439,69873490,88859228,158732718,4,0,0,27648,6,9304280015
8440,69874720,89862764,159737484,3,0,0,23040,7,9855986028
8441,69877349,89069026,158946375,1,0,0,60928,17,4927810583
8442,69905411,120926708,190832119,3,0,1,9728,7,4478135947
8443,69907880,89191405,159099285,4,0,0,168448,6,3944978309
8444,69908330,88851302,158759632,2,0,0,2048,11,3395766327
8445,69912239,120931197,190843436,6,0,1,26112,7,5527186491
8446,69914780,89764194,159678974,0,0,0,272384,13,3781064664
8447,69916900,120961352,190878252,4,0,1,54784,6,8029654482
8448,69927720,90836488,160764208,3,0,0,97792,7,804577450
8449,69934280,89024239,158958519,6,0,0,7680,7,4800789034
8450,69939970,89759601,159699571,7,0,0,15872,2,7567572885
8451,69960930,90960372,160921302,4,0,0,25088,6,1729510737
8452,69962190,89213530,159175720,3,0,0,38912,7,4195394701
8453,69966190,90344583,160310773,6,0,0,22016,7,7201801296
8454,69994900,89118481,159113381,2,0,0,12800,11,3073195229
8455,70021280,120863579,190884859,5,0,1,30208,10,3491621317
8456,70022119,88989962,159012081,5,0,0,13312,10,428024212
8457,70035779,88854718,158890497,1,0,0,1536,17,8068980504
8458,70038110,90923149,160961259,7,0,0,15360,2,4531099445
8459,70041571,120845567,190887138,3,0,1,15872,7,916211460
8460,70043021,120868851,190911872,3,0,1,20480,7,3957263823
8461,70045389,120885157,190930546,1,0,1,27648,17,1117817366
8462,70051169,120881963,190933132,1,0,1,4096,17,10312427406
8463,70059180,89635041,159694221,7,0,0,44544,2,6901632374
8464,70062110,89091156,159153266,7,0,0,12800,2,9491474270
8465,70068600,89709646,159778246,4,0,0,75776,6,7080549599
8466,70070781,89747649,159818430,8,0,0,32768,3,8542946447
8467,70106280,120828798,190935078,0,0,1,3072,13,3256784773
8468,70114840,89481050,159595890,6,0,0,10240,7,9167659011
8469,70115760,89639375,159755135,2,0,0,57856,11,9110516760
8470,70118990,89611451,159730441,2,0,0,28160,11,2916514061
8471,70120909,89559717,159680626,1,0,0,5120,17,10056509670
8472,70169981,89524731,159694712,8,0,0,1536,3,236497575
8473,70172500,89635923,159808423,7,0,0,24576,2,8547547397
8474,70183959,120784600,190968559,1,0,1,33792,17,4277309593
8475,70188670,89612242,159800912,4,0,0,69120,6,1780935322
8476,70190860,89510987,159701847,4,0,0,7168,6,2045502694
8477,70205090,89642598,159847688,2,0,0,65536,11,5624474629
8478,70224101,120749318,190973419,2,0,1,5632,11,10503498993
8479,70232440,89728102,159960542,6,0,0,37888,7,3374730266
8480,70238190,89859925,160098115,7,0,0,1024,2,3202099901
8481,70251859,90916988,161168847,1,0,0,185856,17,450843968
8482,70265750,89779911,160045661,3,0,0,44032,7,1457646531
8483,70277360,89729998,160007358,2,0,0,97280,11,2886354121
8484,70279250,89682875,159962125,7,0,0,5120,2,9762579132
8485,70285760,120692485,190978245,0,0,1,7680,13,79193702
8486,70292250,120696055,190988305,4,0,1,29696,6,8163711092
8487,70305360,89579072,159884432,9,0,0,61440,16,10112216514
8488,70313410,91227187,161540597,6,0,0,84992,7,737506553
8489,70318271,90940111,161258382,8,0,0,7680,3,3821087289
8490,70319689,120680660,191000349,1,0,1,23552,17,7540757710
8491,70320411,91083271,161403682,8,0,0,26112,3,595124542
8492,70340930,90182308,160523238,3,0,0,55808,7,7939041633
8493,70345840,89686382,160032222,9,0,0,27648,16,5594737536
8494,70363710,89988146,160351856,3,0,0,3072,7,8583265070
8495,70375150,89796684,160171834,4,0,0,155648,6,5627366707
8496,70377690,91717588,162095278,7,0,0,96768,2,7100202996
8497,70378901,120622114,191001015,2,0,1,1024,11,2923766859
8498,70381150,89716630,160097780,2,0,0,13312,11,7010742279
8499,70382921,90530714,160913635,8,0,0,36864,3,10653718983
8500,70391841,89912201,160304042,8,0,0,33792,3,9867616751
8501,70451849,89727496,160179345,5,0,0,24576,10,8191651350
8502,70455290,89801145,160256435,7,0,0,66048,2,3377359854
8503,70455380,89410136,159865516,2,0,0,5632,11,3411968450
8504,70476340,89894583,160370923,7,0,0,36864,2,10359976571
8505,70489610,91444636,161934246,2,0,0,70656,11,5974585090
8506,70495980,89901004,160396984,2,0,0,20992,11,6599117258
8507,70511520,90050053,160561573,7,0,0,36352,2,1531549060
8508,70515081,89820386,160335467,8,0,0,59904,3,687230069
8509,70537110,89912970,160450080,0,0,0,53760,13,7283390808
8510,70541109,91055978,161597087,1,0,0,37376,17,8459183419
8511,70558851,90140729,160699580,8,0,0,164352,3,8613279380
8512,70559690,89904348,160464038,7,0,0,7168,2,1944469032
8513,70562300,90016973,160579273,6,0,0,44032,7,2036393779
8514,70581529,89735663,160317192,1,0,0,20992,17,4213753401
8515,70581699,90152690,160734389,5,0,0,20992,10,5591873719
8516,70589591,90188763,160778354,8,0,0,13312,3,2577890098
8517,70590400,120411793,191002193,4,0,1,13824,6,7705036506
8518,70602189,90125742,160727931,1,0,0,9728,17,3363141593
8519,70602850,89826775,160429625,0,0,0,10240,13,6484028936
8520,70604310,89771229,160375539,2,0,0,9728,11,1652188211
8521,70638540,90451138,161089678,3,0,0,2560,7,2008192665
8522,70646940,90441935,161088875,7,0,0,156672,2,1545251837
8523,70661550,90063394,160724944,2,0,0,512,11,2671840137
8524,70672520,89889232,160561752,2,0,0,512,11,1567024043
8525,70673000,90043763,160716763,4,0,0,56320,6,7328045706
8526,70681180,90221200,160902380,7,0,0,86528,2,6468420873
8527,70705469,90476216,161181685,1,0,0,15872,17,317239573
8528,70729440,90273962,161003402,7,0,0,3584,2,2752820783
8529,70746640,91286833,162033473,6,0,0,19456,7,7894165523
8530,70752410,90076747,160829157,4,0,0,40448,6,997643979
8531,70766670,120259440,191026110,7,0,1,17920,2,9949421724
8532,70778940,90055678,160834618,2,0,0,5120,11,5702526993
8533,70782370,89942372,160724742,3,0,0,26112,7,9672478507
8534,70785780,91328356,162114136,7,0,0,16384,2,8389108046
8535,70789000,90442224,161231224,6,0,0,1024,7,7414116353
8536,70796050,90188062,160984112,9,0,0,50176,16,3340301181
8537,70804190,90686989,161491179,6,0,0,131584,7,6264002216
8538,70808971,120221325,191030296,2,0,1,6656,11,7485331752
8539,70818749,120212315,191031064,6,0,1,11776,7,9551131830
8540,70849760,91455141,162304901,3,0,0,33280,7,4368437029
8541,70860570,90243639,161104209,4,0,0,47616,6,2507731731
8542,70863409,120168961,191032370,6,0,1,2048,7,1059142194
8543,70863510,120182524,191046034,0,0,1,15872,13,2111506376
8544,70874200,90302626,161176826,3,0,0,26112,7,120726536
8545,70881120,90412579,161293699,2,0,0,3584,11,8831139435
8546,70891610,90305542,161197152,0,0,0,50688,13,5565397412
8547,70894040,90102183,160996223,7,0,0,18944,2,2432657387
8548,70894469,90217719,161112188,1,0,0,26112,17,10212083741
8549,70904209,120178632,191082841,6,0,1,62976,7,521273354
8550,70910000,89951828,160861828,3,0,0,2560,7,1041551122
8551,70910670,91492722,162403392,3,0,0,3584,7,3906823743
8552,70932290,90680652,161612942,6,0,0,12800,7,7918894981
8553,70937150,90276428,161213578,3,0,0,28672,7,191414884
8554,70938740,90317279,161256019,7,0,0,24576,2,3365476480
8555,70946639,90358287,161304926,1,0,0,23040,17,1282200109
8556,70969540,91720161,162689701,4,0,0,286720,6,5527302658
8557,70969940,90234879,161204819,4,0,0,25088,6,5336197074
8558,70985819,90956384,161942203,5,0,0,3072,10,2381348648
8559,70989431,90827443,161816874,8,0,0,9216,3,5171999798
8560,71004880,90750880,161755760,6,0,0,59392,7,9058452828
8561,71007430,90312279,161319709,0,0,0,7168,13,9746479953
8562,71021620,90314309,161335929,6,0,0,16384,7,65763185
8563,71023200,91697256,162720456,3,0,0,100864,7,3624686947
8564,71029230,90379155,161408385,2,0,0,15360,11,8057679765
8565,71057389,91735093,162792482,5,0,0,24576,10,6240633826
8566,71058851,120029136,191087987,2,0,1,8192,11,9806201534
8567,71060319,91082399,162142718,5,0,0,16384,10,1122485790
8568,71077269,90937420,162014689,5,0,0,58368,10,9191964075
8569,71101130,91001971,162103101,2,0,0,25600,11,2130255626
8570,71105050,90559746,161664796,2,0,0,68096,11,3224561621
8571,71107959,90242359,161350318,1,0,0,12288,17,2851705175
8572,71108309,90530498,161638807,5,0,0,31232,10,162983352
8573,71112900,91160707,162273607,6,0,0,34304,7,9157891181
8574,71140070,91025579,162165649,0,0,0,13824,13,4141684342
8575,71148471,91919769,163068240,8,0,0,99840,3,4557102830
8576,71152070,91812851,162964921,7,0,0,81920,2,4372955986
8577,71155889,90541576,161697465,5,0,0,73216,10,8719699831
8578,71162750,91777188,162939938,2,0,0,42496,11,2890604004
8579,71184500,119936977,191121477,4,0,1,66560,6,2009222971
8580,71189619,90454406,161644025,1,0,0,9216,17,5941362700
8581,71194230,91100508,162294738,7,0,0,52224,2,6723844402
8582,71194900,119931723,191126623,8,0,1,8192,3,5281301783
8583,71194971,90645505,161840476,8,0,0,37376,3,3317619932
8584,71205120,90608923,161814043,4,0,0,49664,6,8783906647
8585,71212030,90765877,161977907,0,0,0,18944,13,4828595396
8586,71212699,90616366,161829065,5,0,0,39936,10,1196878544
8587,71250030,90905806,162155836,7,0,0,6656,2,2389303257
8588,71252719,90415220,161667939,5,0,0,10240,10,2075642905
8589,71261800,90710312,161972112,3,0,0,72704,7,670900033
8590,71278150,91213145,162491295,2,0,0,86528,11,3661189799
8591,71283740,91113834,162397574,6,0,0,50688,7,6438816662
8592,71286680,90598554,161885234,4,0,0,10752,6,2304045354
8593,71288310,90765087,162053397,6,0,0,34304,7,4771049703
8594,71288840,92036110,163324950,2,0,0,70144,11,3682499999
8595,71299040,91269107,162568147,9,0,0,4608,16,8925272621
8596,71305870,90800968,162106838,3,0,0,11776,7,5714887361
8597,71322450,90612287,161934737,3,0,0,1536,7,10686946120
8598,71324199,119820899,191145098,1,0,1,21504,17,1023933464
8599,71350821,90889456,162240277,8,0,0,8704,3,8821385008
8600,71353440,91401139,162754579,3,0,0,60928,7,1394297891
8601,71357670,91209050,162566720,0,0,0,50176,13,2725763424
8602,71363319,119781933,191145252,1,0,1,8704,17,6518886635
8603,71377299,90955253,162332552,5,0,0,38400,10,1639934705
8604,71388920,91747802,163136722,2,0,0,56832,11,6618105926
8605,71395630,91957914,163353544,2,0,0,48128,11,331418916
8606,71405350,91794589,163199939,4,0,0,27136,6,9481461026
8607,71405870,90872933,162278803,7,0,0,6144,2,5785571323
8608,71414620,90924771,162339391,3,0,0,10240,7,3519265869
8609,71417619,90801244,162218863,1,0,0,20992,17,3176823656
8610,71419450,91488094,162907544,7,0,0,24064,2,1892126839
8611,71421300,91606646,163027946,0,0,0,110592,13,2023063845
8612,71437340,91289691,162727031,2,0,0,21504,11,6509648698
8613,71459690,119689108,191148798,4,0,1,5632,6,5048929831
8614,71460330,91317672,162778002,6,0,0,76800,7,7731396920
8615,71464040,90938237,162402277,3,0,0,15360,7,1508519815
8616,71498500,92129921,163628421,7,0,0,18432,2,526587104
8617,71511440,92045080,163556520,6,0,0,68096,7,5408645935
8618,71511510,91268551,162780061,0,0,0,6656,13,3170753195
8619,71513630,92424459,163938089,4,0,0,187904,6,10349138461
8620,71516509,119632635,191149144,6,0,1,512,7,7580477066
8621,71519610,90979205,162498815,7,0,0,2048,2,4779568286
8622,71528510,90828530,162357040,0,0,0,2560,13,4065440275
8623,71551470,91177144,162728614,4,0,0,5120,6,4757763476
8624,71552531,91176886,162729417,8,0,0,2560,3,4408343347
8625,71568119,91250658,162818777,1,0,0,29696,17,7217794628
8626,71600110,91253617,162853727,0,0,0,7168,13,3187809887
8627,71623560,119552984,191176544,5,0,1,34304,10,3492244650
8628,71634000,90957546,162591546,7,0,0,6656,2,7722164655
8629,71659040,91076952,162735992,0,0,0,21504,13,8203852503
8630,71662030,92190057,163852087,2,0,0,50688,11,373022927
8631,71667400,91228760,162896160,4,0,0,55296,6,3379688366
8632,71673300,91446052,163119352,0,0,0,105984,13,5745457139
8633,71681480,91356317,163037797,6,0,0,32256,7,8437904096
8634,71686870,91400167,163087037,2,0,0,512,11,5792149240
8635,71688269,91390602,163078871,1,0,0,34816,17,8312569490
8636,71692530,91276626,162969156,0,0,0,13824,13,7128814222
8637,71707299,119479524,191186823,6,0,1,36864,7,8072390112
8638,71707481,91631376,163338857,8,0,0,45568,3,7225235160
8639,71710601,92322280,164032881,8,0,0,76800,3,6117111900
8640,71726260,92355853,164082113,0,0,0,41984,13,3695998492
8641,71745020,92398973,164143993,4,0,0,16896,6,1505003771
8642,71745780,91472765,163218545,4,0,0,51200,6,8500407155
8643,71765260,91632282,163397542,0,0,0,9216,13,4531589741
8644,71771120,91315738,163086858,2,0,0,26112,11,9376514088
8645,71772331,119417398,191189729,2,0,1,4608,11,1683332352
8646,71784120,91610591,163394711,6,0,0,73728,7,2916624456
8647,71795650,91349363,163145013,2,0,0,27136,11,2291828724
8648,71811871,91674099,163485970,8,0,0,52224,3,457676248
8649,71826540,91634376,163460916,2,0,0,21504,11,9725890375
8650,71832019,91741863,163573882,5,0,0,40448,10,2656839265
8651,71839710,92582048,164421758,6,0,0,133632,7,1635533825
8652,71845769,91859024,163704793,1,0,0,32256,17,1929101792
8653,71862771,91760011,163622782,8,0,0,120832,3,9590822453
8654,71864189,91630072,163494261,1,0,0,27136,17,9234698146
8655,71864550,92485549,164350099,0,0,0,299008,13,4728943107
8656,71865389,119333010,191198399,6,0,1,21504,7,3824025925
8657,71894730,91503615,163398345,7,0,0,2560,2,4309400516
8658,71899309,119302820,191202129,1,0,1,28672,17,9021811263
8659,71906910,119317814,191224724,4,0,1,7680,6,5529752515
8660,71907480,91741891,163649371,2,0,0,40960,11,7589039775
8661,71920950,91640585,163561535,4,0,0,16384,6,5984510144
8662,71938570,93249018,165187588,2,0,0,187392,11,3190079818
8663,71940181,92678630,164618811,8,0,0,16896,3,3084792186
8664,71940579,91696289,163636868,1,0,0,27648,17,4683173361
8665,71945430,92064028,164009458,7,0,0,159232,2,7270838621
8666,71952919,92005481,163958400,1,0,0,66560,17,3887219585
8667,71955270,119271080,191226350,7,0,1,2560,2,7060614249
8668,71967690,91751507,163719197,3,0,0,6656,7,805562458
8669,71970930,91865690,163836620,6,0,0,79360,7,7777453758
8670,71984091,119257558,191241649,2,0,1,29696,11,9174683971
8671,71985170,91761717,163746887,2,0,0,512,11,2432844703
8672,71987000,91671442,163658442,2,0,0,13312,11,8009349691
8673,71994720,119251115,191245835,8,0,1,6656,3,5434581813
8674,72009700,91871114,163880814,7,0,0,94208,2,8729373031
8675,72018949,93228597,165247546,5,0,0,60416,10,8115143824
8676,72032009,91673964,163705973,5,0,0,3584,10,9831185259
8677,72034080,91926839,163960919,9,0,0,8192,16,8422323875
8678,72036159,119210022,191246181,1,0,1,512,17,9992511542
8679,72062611,92006687,164069298,8,0,0,41984,3,2932642783
8680,72064190,92681894,164746084,3,0,0,163328,7,9411021070
8681,72066890,92295111,164362001,0,0,0,15872,13,7615963220
8682,72067241,92022718,164089959,8,0,0,5632,3,10296705358
8683,72069881,92018339,164088220,8,0,0,19968,3,4170346715
8684,72076511,91979637,164056148,8,0,0,76288,3,3677663362
8685,72081900,92008402,164090302,0,0,0,1024,13,9764094970
8686,72089031,92002386,164091417,8,0,0,3584,3,8908206738
8687,72101689,91954794,164056483,5,0,0,1024,10,491713658
8688,72121680,119143121,191264801,5,0,1,40448,10,1398756446
8689,72136410,119194556,191330966,8,0,1,99328,3,5557673729
8690,72138139,91992898,164131037,1,0,0,4608,17,4231527867
8691,72154860,119177092,191331952,7,0,1,1536,2,7396983093
8692,72158750,92263655,164422405,0,0,0,2048,13,5775273991
8693,72190600,92182211,164372811,0,0,0,29184,13,3641189112
8694,72193700,92163442,164357142,0,0,0,23040,13,1504247275
8695,72201121,93240604,165441725,8,0,0,80384,3,59361284
8696,72210920,93432254,165643174,4,0,0,93184,6,9626823724
8697,72217450,92210438,164427888,4,0,0,17920,6,4950489029
8698,72223250,119113528,191336778,7,0,1,7680,2,5181145396
8699,72226290,92218469,164444759,2,0,0,55296,11,6845151570
8700,72240610,92123286,164363896,2,0,0,6144,11,6488042152
8701,72249761,92280036,164529797,8,0,0,35328,3,10699043727
8702,72252430,92193288,164445718,2,0,0,3072,11,1367739704
8703,72262719,119074315,191337034,1,0,1,9216,17,2721962443
8704,72269919,91926644,164196563,1,0,0,16896,17,8803576690
8705,72274660,92102082,164376742,4,0,0,12800,6,648012188
8706,72275740,92173901,164449641,4,0,0,12800,6,9461804797
8707,72285210,92299433,164584643,3,0,0,30720,7,5527969453
8708,72295770,119043263,191339033,5,0,1,8704,10,9796463173
8709,72300370,92302150,164602520,0,0,0,48128,13,8139791835
8710,72330669,92333165,164663834,5,0,0,8192,10,2300039602
8711,72356120,119014117,191370237,4,0,1,16384,6,2660336718
8712,72357949,93413043,165770992,5,0,0,49664,10,2435022196
8713,72366180,92255678,164621858,7,0,0,4608,2,5519246903
8714,72369510,92234699,164604209,0,0,0,3072,13,10599436250
8715,72370560,92645073,165015633,6,0,0,201728,7,4578973664
8716,72375120,92375667,164750787,6,0,0,15360,7,2481416663
8717,72377930,92545863,164923793,4,0,0,30208,6,5280748249
8718,72408480,118962218,191370698,8,0,1,10240,3,824443861
8719,72409920,93430958,165840878,6,0,0,3072,7,5920815755
8720,72424339,118954999,191379338,6,0,1,40448,7,2888706154
8721,72426230,92461540,164887770,3,0,0,96768,7,9118837575
8722,72429071,92483469,164912540,8,0,0,16384,3,1427292863
8723,72442430,118950036,191392466,0,0,1,28160,13,7401569993
8724,72443829,92580921,165024750,5,0,0,29696,10,6101964196
8725,72448479,92458001,164906480,5,0,0,1536,10,916219308
8726,72454089,92583343,165037432,1,0,0,41472,17,8815373590
8727,72454539,92586972,165041511,1,0,0,13312,17,4064539507
8728,72455950,92624166,165080116,7,0,0,1024,2,9795456902
8729,72460449,118940998,191401447,1,0,1,1536,17,5026583806
8730,72477270,92735308,165212578,3,0,0,6144,7,10437198981
8731,72479081,92584673,165063754,8,0,0,24064,3,10109906556
8732,72503770,119007622,191511392,4,0,1,173056,6,3473574951
8733,72516261,92573350,165089611,8,0,0,10240,3,2741528679
8734,72524880,93299168,165824048,4,0,0,170496,6,9965243009
8735,72534299,92531064,165065363,5,0,0,4096,10,1175427905
8736,72538430,92656513,165194943,0,0,0,24064,13,5431184861
8737,72548251,92968731,165516982,8,0,0,85504,3,7733017641
8738,72556469,93132331,165688800,5,0,0,34816,10,6357624810
8739,72564550,92787338,165351888,7,0,0,95232,2,4364109521
8740,72565790,93352507,165918297,4,0,0,68096,6,2517639452
8741,72581179,92823231,165404410,5,0,0,23552,10,4970434721
8742,72591481,93287303,165878784,8,0,0,15872,3,1116720431
8743,72603520,92598466,165201986,3,0,0,23040,7,8209634372
8744,72607459,92835537,165442996,1,0,0,4096,17,4148304878
8745,72616540,118896478,191513018,0,0,1,2560,13,8382702186
8746,72627880,93026260,165654140,2,0,0,6656,11,756574503
8747,72644829,92936869,165581698,1,0,0,52736,17,9933578098
8748,72657470,92994619,165652089,4,0,0,29184,6,1725897139
8749,72664330,118861014,191525344,5,0,1,35328,10,7743155712
8750,72671390,93035566,165706956,4,0,0,8704,6,4127705128
8751,72681230,93381083,166062313,0,0,0,15872,13,613423393
8752,72689791,93147072,165836863,8,0,0,41984,3,9565240825
8753,72690120,118840409,191530529,5,0,1,16384,10,468453684
8754,72691100,118857487,191548587,8,0,1,22016,3,318482502
8755,72706399,93157782,165864181,1,0,0,36352,17,5062346455
8756,72721551,118835775,191557326,2,0,1,11264,11,1396293314
8757,72749630,93103452,165853082,0,0,0,32768,13,1864888990
8758,72758450,93247578,166006028,3,0,0,14848,7,5677363779
8759,72760699,93176285,165936984,5,0,0,45568,10,8544766451
8760,72761260,93487012,166248272,7,0,0,36352,2,6610245386
8761,72783360,93056513,165839873,4,0,0,9728,6,4854799815
8762,72790709,118781209,191571918,6,0,1,10240,7,6865999420
8763,72797239,93260215,166057454,5,0,0,85504,10,7086759309
8764,72833310,93451906,166285216,6,0,0,103936,7,9278013723
8765,72834240,118754350,191588590,0,0,1,5120,13,1857284028
8766,72838960,93541186,166380146,3,0,0,79872,7,9325265372
8767,72846559,118743337,191589896,6,0,1,2048,7,5634273738
8768,72876980,93603134,166480114,7,0,0,84480,2,2073523706
8769,72891250,93598270,166489520,4,0,0,27136,6,9698579037
8770,72903680,93246984,166150664,4,0,0,31232,6,3631348605
8771,72909270,93643215,166552485,6,0,0,45056,7,2871369710
8772,72917740,118677648,191595388,8,0,1,17920,3,7591601043
8773,72920169,118686838,191607007,1,0,1,20992,17,569987935
8774,72925231,118683748,191608979,2,0,1,3072,11,3241646107
8775,72937540,93557026,166494566,4,0,0,6656,6,1432216868
8776,72943559,93801755,166745314,5,0,0,62976,10,3007421052
8777,72947170,93675833,166623003,4,0,0,73728,6,6641911349
8778,72952450,93279753,166232203,4,0,0,11776,6,2442716186
8779,72957170,118653130,191610300,0,0,1,19456,13,8364183402
8780,72959129,93495222,166454351,5,0,0,16384,10,5808880617
8781,72961140,93179985,166141125,2,0,0,21504,11,1531547199
8782,72968360,93215982,166184342,4,0,0,4096,6,176372046
8783,72977809,93611270,166589079,5,0,0,12800,10,7137708053
8784,72979140,93468301,166447441,7,0,0,33792,2,3827052845
8785,73004599,93376194,166380793,5,0,0,2048,10,6635762835
8786,73008490,93872179,166880669,3,0,0,116736,7,9116463415
8787,73010770,93426352,166437122,2,0,0,127488,11,1629401863
8788,73012919,93759897,166772816,1,0,0,51712,17,7540517174
8789,73025529,93455700,166481229,5,0,0,3584,10,4929334345
8790,73030590,93418746,166449336,0,0,0,6144,13,262097230
8791,73031991,118591467,191623458,2,0,1,5120,11,8900220828
8792,73033030,93459485,166492515,6,0,0,9728,7,5573518703
8793,73034611,93656441,166691052,8,0,0,36864,3,97627804
8794,73045870,118646980,191692850,4,0,1,142848,6,10478248277
8795,73051330,93788325,166839655,7,0,0,23040,2,9686807026
8796,73055820,118671192,191727012,9,0,1,29696,16,449466642
8797,73077789,93810859,166888648,1,0,0,26112,17,7655677886
8798,73081239,93553666,166634905,1,0,0,7680,17,2110273014
8799,73085640,118648016,191733656,5,0,1,22016,10,5689525122
8800,73087020,93742100,166829120,3,0,0,34304,7,2625831233
8801,73117770,93535426,166653196,0,0,0,13824,13,10598402142
8802,73128559,93503983,166632542,1,0,0,31232,17,2081504460
8803,73129320,93800872,166930192,6,0,0,17920,7,1055326771
8804,73131270,93643605,166774875,2,0,0,6656,11,3814461197
8805,73176249,93480732,166656981,1,0,0,7680,17,2094550047
8806,73186050,93458282,166644332,4,0,0,1024,6,6925512795
8807,73213560,93778255,166991815,3,0,0,61440,7,5867845687
8808,73228000,93529037,166757037,2,0,0,38400,11,1820340424
8809,73233830,93584815,166818645,3,0,0,10752,7,3288078310
8810,73243260,118498833,191742093,5,0,1,21504,10,10290116375
8811,73243709,93550925,166794634,5,0,0,19456,10,1694593441
8812,73272580,93695888,166968468,7,0,0,10240,2,4480028829
8813,73273740,118468609,191742349,0,0,1,9216,13,10275731589
8814,73289841,93767996,167057837,8,0,0,72192,3,1338055712
8815,73300181,93813713,167113894,8,0,0,89088,3,2108342107
8816,73303919,94217551,167521470,5,0,0,18944,10,6137000083
8817,73309519,93610839,166920358,5,0,0,34816,10,6550257684
8818,73312099,94058610,167370709,5,0,0,1024,10,3530891924
8819,73316940,93838507,167155447,0,0,0,8704,13,10623022214
8820,73317149,93974022,167291171,5,0,0,79360,10,6009085409
8821,73324290,118435090,191759380,7,0,1,52736,2,8776086697
8822,73333840,94541587,167875427,6,0,0,41472,7,44842546
8823,73344440,93580269,166924709,6,0,0,9216,7,6692704
8824,73346460,93878219,167224679,4,0,0,17408,6,10450943815
8825,73348350,94176731,167525081,3,0,0,11776,7,5050003366
8826,73351769,118452340,191804109,1,0,1,41472,17,8380031758
8827,73359010,93727545,167086555,2,0,0,24576,11,8915676809
8828,73369251,93997096,167366347,8,0,0,224768,3,10312348647
8829,73370680,94144995,167515675,0,0,0,116736,13,700601908
8830,73374200,118431215,191805415,8,0,1,2048,3,7070160191
8831,73374600,118482809,191857409,4,0,1,97792,6,8663844308
8832,73413021,93732436,167145457,8,0,0,30208,3,2110513665
8833,73420370,94934172,168354542,7,0,0,22528,2,5935014640
8834,73421460,94049573,167471033,2,0,0,38400,11,152200048
8835,73423430,94295747,167719177,2,0,0,139264,11,1236744501
8836,73426000,93801978,167227978,4,0,0,10752,6,4231516810
8837,73427780,118728164,192155944,4,0,1,454656,6,10175221069
8838,73430350,118730011,192160361,0,0,1,17920,13,6990502770
8839,73435369,94154182,167589551,1,0,0,17920,17,10620998519
8840,73439660,94222599,167662259,6,0,0,95232,7,623384293
8841,73442480,94469185,167911665,4,0,0,39936,6,8480669189
8842,73450460,118710656,192161116,8,0,1,512,3,2229270562
8843,73458261,93657103,167115364,8,0,0,2048,3,3658810088
8844,73492639,118674396,192167035,6,0,1,22016,7,8707159293
8845,73504991,94799695,168304686,8,0,0,732160,3,7396275060
8846,73505611,118665956,192171567,3,0,1,7168,7,4116858426
8847,73505940,94841357,168347297,6,0,0,139776,7,6426092488
8848,73512020,94519900,168031920,7,0,0,41984,2,3901239241
8849,73518679,94843599,168362278,5,0,0,19968,10,3656615778
8850,73523729,94326745,167850474,5,0,0,7168,10,1815921432
8851,73533930,94927598,168461528,4,0,0,4608,6,10295053086
8852,73536070,118640003,192176073,0,0,1,7168,13,8312949794
8853,73536099,118661190,192197289,6,0,1,33280,7,2204082668
8854,73560520,94875551,168436071,6,0,0,92160,7,8907340567
8855,73570239,94329235,167899474,5,0,0,78848,10,6872772370
8856,73580100,118628179,192208279,5,0,1,9216,10,10594874698
8857,73586279,94358833,167945112,1,0,0,59904,17,3103682708
8858,73593680,118616865,192210545,8,0,1,3584,3,8457166180
8859,73596350,94773462,168369812,7,0,0,6656,2,10707678673
8860,73599240,94756908,168356148,2,0,0,5120,11,7492161162
8861,73602249,94458057,168060306,5,0,0,18432,10,7426603657
8862,73604961,118649331,192254292,3,0,1,90624,7,4971902642
8863,73617260,94103968,167721228,7,0,0,6656,2,4470556871
8864,73621200,95374134,168995334,3,0,0,111616,7,82955166
8865,73621720,94838381,168460101,6,0,0,10752,7,6059662871
8866,73622900,94817117,168440017,0,0,0,12800,13,318094482
8867,73636490,118618468,192254958,0,0,1,1024,13,771527830
8868,73648540,94335732,167984272,3,0,0,10240,7,9839584702
8869,73659390,94741645,168401035,6,0,0,102400,7,9709272348
8870,73666740,94328042,167994782,0,0,0,22016,13,10610838016
8871,73673941,94880829,168554770,8,0,0,193536,3,10567488018
8872,73678561,94788535,168467096,8,0,0,4096,3,10541788561
8873,73683140,95630432,169313572,3,0,0,41472,7,6589098619
8874,73697270,94710675,168407945,3,0,0,22528,7,4155129602
8875,73700171,94647484,168347655,8,0,0,1024,3,3320793381
8876,73718790,118539074,192257864,7,0,1,4608,2,9445230104
8877,73722779,94756992,168479771,1,0,0,41472,17,3181082016
8878,73726740,94720047,168446787,0,0,0,22016,13,4740637815
8879,73737229,94887216,168624445,5,0,0,77824,10,7580189739
8880,73740970,94715832,168456802,4,0,0,32768,6,8341035237
8881,73745880,94812969,168558849,6,0,0,13312,7,10156321812
8882,73802360,94897661,168700021,6,0,0,91136,7,2702095096
8883,73802910,94777779,168580689,3,0,0,15872,7,3364680492
8884,73803670,118454962,192258632,5,0,1,11776,10,2267490589
8885,73812390,94653435,168465825,7,0,0,13824,2,7607239020
8886,73821510,94546251,168367761,4,0,0,17920,6,4488261091
8887,73823690,118436888,192260578,5,0,1,3072,10,3610004967
8888,73825290,118439154,192264444,5,0,1,6144,10,1562605098
8889,73828400,95344513,169172913,4,0,0,98816,6,5946554557
8890,73831070,94818429,168649499,2,0,0,13824,11,5129836676
8891,73832649,95279226,169111875,5,0,0,33792,10,5945899291
8892,73854130,94732198,168586328,6,0,0,18432,7,5047298771
8893,73854720,118414039,192268759,0,0,1,4608,13,5179883286
8894,73866679,94978688,168845367,1,0,0,16896,17,3961732514
8895,73871780,118397338,192269118,5,0,1,9728,10,605628551
8896,73879620,94851895,168731515,2,0,0,39936,11,8967297324
8897,73886000,118387556,192273556,9,0,1,2048,16,846276658
8898,73889539,94819584,168709123,1,0,0,12800,17,156970140
8899,73894980,95595134,169490114,2,0,0,92160,11,8161520488
8900,73926510,118347968,192274478,7,0,1,20480,2,7796888172
8901,73932229,94696919,168629148,1,0,0,15360,17,8553663132
8902,73942800,118336824,192279624,7,0,1,8192,2,7623067425
8903,73974899,94697331,168672230,1,0,0,36864,17,6977629343
8904,73985590,95157192,169142782,9,0,0,34304,16,8772553959
8905,74007720,118277076,192284796,8,0,1,8192,3,7777829656
8906,74016420,118297030,192313450,8,0,1,42496,3,8644755520
8907,74022169,95002232,169024401,1,0,0,25088,17,9980559400
8908,74022880,95055485,169078365,4,0,0,19456,6,9396540130
8909,74055569,94779632,168835201,5,0,0,58368,10,1068999724
8910,74059580,94645612,168705192,3,0,0,16896,7,9431511301
8911,74061530,94755864,168817394,3,0,0,19456,7,4573081347
8912,74066180,118254042,192320222,7,0,1,10752,2,6043704783
8913,74074020,94671897,168745917,6,0,0,9216,7,9252702379
8914,74074279,94886689,168960968,1,0,0,11264,17,1192983952
8915,74086059,95209454,169295513,1,0,0,12288,17,634036473
8916,74093750,95511856,169605606,6,0,0,23552,7,8938191064
8917,74105650,118225243,192330893,9,0,1,28160,16,6535202668
8918,74112450,94930382,169042832,2,0,0,60416,11,6811463740
8919,74116090,94738336,168854426,7,0,0,24064,2,2991681845
8920,74120650,94836863,168957513,2,0,0,46080,11,8859748494
8921,74130690,95095785,169226475,3,0,0,53760,7,10624029612
8922,74134570,118205015,192339585,4,0,1,13824,6,980735985
8923,74134900,94862961,168997861,2,0,0,8192,11,7903209350
8924,74141139,94820164,168961303,5,0,0,1024,10,2091156361
8925,74150780,118217488,192368268,9,0,1,49152,16,8901246478
8926,74152781,95546851,169699632,8,0,0,45568,3,5580993158
8927,74162019,95048053,169210072,5,0,0,121856,10,8286588866
8928,74179360,118193414,192372774,0,0,1,7168,13,5245487708
8929,74189960,94891080,169081040,4,0,0,8704,6,5317337230
8930,74199440,95137381,169336821,7,0,0,58880,2,6031024307
8931,74204640,95595930,169800570,2,0,0,43008,11,8597712094
8932,74209021,95727886,169936907,8,0,0,40448,3,671581143
8933,74224780,95312437,169537217,3,0,0,15872,7,6374741656
8934,74227241,95175915,169403156,8,0,0,41984,3,3039092989
8935,74231930,95230081,169462011,7,0,0,19968,2,3187450848
8936,74233019,118146193,192379212,6,0,1,15360,7,3717891146
8937,74236670,95153671,169390341,0,0,0,73216,13,7507777955
8938,74238129,95905604,170143733,1,0,0,74752,17,1999928508
8939,74241680,95785482,170027162,7,0,0,32256,2,6353217471
8940,74246860,118138612,192385472,4,0,1,37888,6,7818108684
8941,74257950,95319784,169577734,2,0,0,43520,11,6069159968
8942,74258910,118175896,192434806,9,0,1,57344,16,6860164648
8943,74273290,95781357,170054647,3,0,0,21504,7,10092767736
8944,74275020,95219797,169494817,4,0,0,15360,6,1110081635
8945,74280410,95302495,169582905,3,0,0,16896,7,4655185301
8946,74284380,118157087,192441467,4,0,1,512,6,7801107093
8947,74303300,95113010,169416310,6,0,0,29696,7,7219777660
8948,74305890,118157016,192462906,9,0,1,46080,16,6369006843
8949,74308050,95448468,169756518,4,0,0,46592,6,9323921304
8950,74310710,118166496,192477206,4,0,1,1536,6,2490550107
8951,74311461,96039613,170351074,8,0,0,123392,3,5689337278
8952,74314791,95838949,170153740,8,0,0,32768,3,365461743
8953,74317891,95919653,170237544,8,0,0,16896,3,8353148173
8954,74320670,95179820,169500490,6,0,0,4608,7,9825935206
8955,74321150,96110629,170431779,9,0,0,52736,16,5928460891
8956,74323410,96147499,170470909,2,0,0,29696,11,5342813683
8957,74339400,118152752,192492152,4,0,1,7168,6,10483519470
8958,74340429,95485143,169825572,1,0,0,5120,17,8794036833
8959,74352479,96387459,170739938,1,0,0,125440,17,2666917019
8960,74358149,95405256,169763405,1,0,0,22528,17,5173631557
8961,74376171,96142771,170518942,8,0,0,20992,3,3776413992
8962,74377999,118121350,192499349,6,0,1,13824,7,5745307955
8963,74378260,96117137,170495397,2,0,0,18432,11,7925000058
8964,74382990,95507446,169890436,0,0,0,1024,13,2971614670
8965,74388480,95285273,169673753,6,0,0,12800,7,6639779751
8966,74463239,95915168,170378407,1,0,0,33280,17,8042520816
8967,74463569,95553742,170017311,1,0,0,203776,17,445523333
8968,74475350,95289178,169764528,4,0,0,3584,6,3736260209
8969,74477470,118073842,192551312,9,0,1,67072,16,7805445725
8970,74479420,95826088,170305508,0,0,0,41984,13,10126362705
8971,74502449,95573809,170076258,1,0,0,31232,17,5050589184
8972,74508630,96418155,170926785,7,0,0,62464,2,8306979836
8973,74523500,118037627,192561127,0,0,1,20480,13,2954770851
8974,74523920,95927911,170451831,3,0,0,13824,7,7740432357
8975,74534199,118247476,192781675,1,0,1,355328,17,8044528655
8976,74540600,118274881,192815481,5,0,1,62464,10,4720443686
8977,74561909,96564298,171126207,5,0,0,27136,10,1829053462
8978,74562480,96499757,171062237,3,0,0,37376,7,2703649126
8979,74565170,95648760,170213930,4,0,0,36352,6,6364997718
8980,74582640,96710413,171293053,6,0,0,133632,7,4376720671
8981,74584770,96433049,171017819,4,0,0,38400,6,5757948448
8982,74587480,118250746,192838226,7,0,1,30720,2,6530430000
8983,74591360,95622905,170214265,0,0,0,1024,13,6966593616
8984,74595619,95607212,170202831,5,0,0,30720,10,7422002310
8985,74601000,118245598,192846598,0,0,1,24576,13,7111720084
8986,74621200,118228304,192849504,8,0,1,4608,3,7145849864
8987,74634260,118236532,192870792,8,0,1,24576,3,95677434
8988,74634740,95771094,170405834,3,0,0,4608,7,1101266362
8989,74636879,95824959,170461838,5,0,0,32768,10,9057160957
8990,74641430,95792088,170433518,0,0,0,5632,13,5578032786
8991,74675399,118269901,192945300,1,0,1,128000,17,1080639153
8992,74684020,96451258,171135278,3,0,0,29696,7,7577771886
8993,74691070,118282983,192974053,9,0,1,47104,16,430622477
8994,74703710,96046391,170750101,7,0,0,33280,2,5241366358
8995,74707030,118271941,192978971,7,0,1,9728,2,4077557517
8996,74707050,96194565,170901615,4,0,0,200192,6,3314184610
8997,74715801,95935296,170651097,8,0,0,7680,3,8748825833
8998,74725779,96634500,171360279,1,0,0,17408,17,4088622643
8999,74726750,96293120,171019870,0,0,0,6656,13,6152459865
9000,74728810,96081648,170810458,2,0,0,45568,11,6514798782
9001,74745690,96033842,170779532,3,0,0,1536,7,8467710958
9002,74776770,96160513,170937283,4,0,0,2048,6,6125925284
9003,74778970,96560594,171339564,4,0,0,152576,6,10345302364
9004,74794920,118196862,192991782,9,0,1,31232,16,2567350491
9005,74799200,95955300,170754500,6,0,0,14336,7,7349139542
9006,74805099,96102631,170907730,1,0,0,19968,17,4613100548
9007,74805791,96130845,170936636,8,0,0,32256,3,900494783
9008,74806729,96033867,170840596,5,0,0,12288,10,2020221363
9009,74814410,118182518,192996928,0,0,1,8192,13,2809379139
9010,74816581,96189515,171006096,8,0,0,24064,3,1441490446
9011,74819450,96280317,171099767,4,0,0,8192,6,147358576
9012,74838960,96106325,170945285,4,0,0,16384,6,3420809892
9013,74843671,96408643,171252314,8,0,0,51200,3,9867407834
9014,74845600,118161461,193007061,7,0,1,34304,2,3144601971
9015,74848450,96503952,171352402,3,0,0,10752,7,10381280872
9016,74855290,96229457,171084747,0,0,0,35328,13,4838799328
9017,74856359,118153277,193009636,6,0,1,14848,7,5175750726
9018,74878160,96476792,171354952,2,0,0,6656,11,9126681722
9019,74879360,118139396,193018756,5,0,1,8704,10,7274957517
9020,74891570,96048700,170940270,0,0,0,9728,13,2853087441
9021,74933370,96184538,171117908,6,0,0,43008,7,1732014736
9022,74934060,96139900,171073960,6,0,0,38400,7,8588507011
9023,74948090,118204533,193152623,9,0,1,171008,16,458869305
9024,74962391,96209868,171172259,8,0,0,39424,3,2416414252
9025,74979160,118175089,193154249,7,0,1,2560,2,8403916880
9026,74985230,118172069,193157299,5,0,1,1024,10,4326332577
9027,74990199,96445394,171435593,1,0,0,33792,17,8189322655
9028,75029460,96055466,171084926,7,0,0,512,2,2274398055
9029,75033891,96385253,171419144,8,0,0,39936,3,1816921563
9030,75038979,118129099,193168078,6,0,1,34816,7,1671826332
9031,75047750,96486689,171534439,3,0,0,57856,7,4236013109
9032,75050899,118118485,193169384,6,0,1,2048,7,6364417743
9033,75082970,118088054,193171024,8,0,1,24064,3,5218323972
9034,75099740,96293712,171393452,2,0,0,14336,11,7375251334
9035,75107729,118064832,193172561,1,0,1,23552,17,4476702893
9036,75145570,96767217,171912787,6,0,0,157696,7,6942897720
9037,75149739,96988448,172138187,1,0,0,87552,17,6480269107
9038,75152350,96200551,171352901,6,0,0,1536,7,1091377786
9039,75165400,96183703,171349103,7,0,0,31232,2,2946003360
9040,75165410,118051347,193216757,4,0,1,68608,6,7131850534
9041,75182160,118041062,193223222,0,0,1,28672,13,8741018438
9042,75186180,96964868,172151048,6,0,0,1024,7,2370344289
9043,75202530,96236815,171439345,0,0,0,9728,13,9013288417
9044,75216420,118039288,193255708,4,0,1,45056,6,3030132489
9045,75234439,96396607,171631046,1,0,0,28160,17,6321602045
9046,75236280,96319844,171556124,7,0,0,10240,2,4839154173
9047,75246409,96291953,171538362,1,0,0,12800,17,8758054192
9048,75276380,117981594,193257974,7,0,1,3584,2,3106922683
9049,75288280,117976621,193264901,7,0,1,30720,2,2658393341
9050,75296820,96531704,171828524,6,0,0,75264,7,2334570381
9051,75311670,96724256,172035926,6,0,0,109568,7,2736417748
9052,75312710,96411997,171724707,7,0,0,51712,2,3070192731
9053,75315820,117953267,193269087,5,0,1,6656,10,3940762694
9054,75316670,96426948,171743618,2,0,0,5632,11,2601223445
9055,75327820,96935095,172262915,0,0,0,172032,13,9292352634
9056,75330790,117967595,193298385,7,0,1,48128,2,9692260537
9057,75333820,96710888,172044708,0,0,0,28672,13,1851431290
9058,75361859,96623492,171985351,1,0,0,73216,17,10152763131
9059,75378439,96578994,171957433,5,0,0,64512,10,9639914070
9060,75385810,96764903,172150713,7,0,0,1024,2,8051505776
9061,75385849,117917957,193303806,1,0,1,5632,17,9214408821
9062,75392770,97222260,172615030,7,0,0,278016,2,4813047307
9063,75397630,96665620,172063250,3,0,0,9216,7,9421687196
9064,75435139,117897643,193332782,6,0,1,68608,7,6633120224
9065,75436750,96958184,172394934,3,0,0,38400,7,10370705747
9066,75442310,96847583,172289893,0,0,0,48128,13,5859974049
9067,75445960,117904306,193350266,9,0,1,18432,16,3977194822
9068,75459649,96690729,172150378,1,0,0,39936,17,4168870356
9069,75472749,117878900,193351649,6,0,1,14848,7,4566341497
9070,75479990,118113798,193593788,9,0,1,413696,16,6944160392
9071,75511530,118082412,193593942,7,0,1,8704,2,5530601800
9072,75513060,97143759,172656819,3,0,0,15360,7,1731620952
9073,75519540,96860424,172379964,4,0,0,64000,6,1149895512
9074,75533180,96942058,172475238,0,0,0,26624,13,7150587918
9075,75551739,96745353,172297092,1,0,0,23552,17,3855799092
9076,75557080,118052574,193609654,0,0,1,34816,13,8372376933
9077,75558530,96746385,172304915,2,0,0,25600,11,8335342926
9078,75568529,118046297,193614826,1,0,1,8192,17,3365842483
9079,75572310,96957966,172530276,2,0,0,75264,11,9709728158
9080,75578230,97048234,172626464,3,0,0,37376,7,5435505059
9081,75599010,97044793,172643803,3,0,0,56832,7,630479115
9082,75606130,96721900,172328030,7,0,0,512,2,3764349232
9083,75616680,96796185,172412865,6,0,0,4608,7,3678846889
9084,75623129,117991953,193615082,1,0,1,9216,17,5105735170
9085,75630810,97135240,172766050,2,0,0,39936,11,6139179140
9086,75643300,97110559,172753859,0,0,0,104448,13,9519838380
9087,75643510,97129591,172773101,2,0,0,23040,11,10625033527
9088,75646010,117971658,193617668,0,0,1,4096,13,9565931384
9089,75671010,97033695,172704705,2,0,0,6144,11,1271243497
9090,75682280,97092092,172774372,7,0,0,4096,2,3733716497
9091,75683099,97170940,172854039,1,0,0,57344,17,3534539060
9092,75687240,97195817,172883057,3,0,0,23040,7,4783613942
9093,75688190,97240311,172928501,7,0,0,15872,2,9342898572
9094,75715030,97173666,172888696,2,0,0,18432,11,7512335972
9095,75715430,118011541,193726971,9,0,1,202240,16,2068653955
9096,75732079,97292648,173024727,1,0,0,8192,17,1820246613
9097,75737109,97464092,173201201,1,0,0,38400,17,4813234775
9098,75742180,97237964,172980144,2,0,0,72192,11,6288679110
9099,75752410,117977467,193729877,4,0,1,4608,6,9434075192
9100,75769480,117962343,193731823,9,0,1,3072,16,7327495708
9101,75771709,117965913,193737622,6,0,1,512,7,3225553395
9102,75773830,97134705,172908535,4,0,0,6144,6,7485551789
9103,75811000,97293355,173104355,4,0,0,19456,6,10732307028
9104,75866640,117872570,193739210,9,0,1,15872,16,6042742498
9105,75870290,97520254,173390544,4,0,0,45056,6,7139003287
9106,75905700,97379021,173284721,0,0,0,30208,13,9846056537
9107,75906689,117833085,193739774,1,0,1,10752,17,3828761401
9108,75908649,97278903,173187552,1,0,0,26624,17,4031335902
9109,75919650,117824265,193743915,4,0,1,23552,6,6430641320
9110,75925030,97321902,173246932,0,0,0,150016,13,8995032897
9111,75927589,97149645,173077234,1,0,0,22016,17,2636616322
9112,75931060,97605776,173536836,0,0,0,29696,13,2623085269
9113,75940019,117819113,193759132,1,0,1,28160,17,1475136819
9114,75945340,97431445,173376785,4,0,0,66048,6,10630303305
9115,76003320,97962291,173965611,4,0,0,82432,6,8294129682
9116,76018170,117742588,193760758,5,0,1,2560,10,9001905871
9117,76018669,97141233,173159902,1,0,0,7680,17,599588897
9118,76021160,97335478,173356638,3,0,0,46080,7,5700518387
9119,76034400,97442943,173477343,0,0,0,103424,13,4511485005
9120,76039670,117723354,193763024,0,0,1,3584,13,7367133812
9121,76044930,97782651,173827581,0,0,0,134656,13,2056401223
9122,76056270,117708342,193764612,9,0,1,15872,16,5416325563
9123,76058990,97542913,173601903,7,0,0,43520,2,1813953698
9124,76071160,97418493,173489653,3,0,0,26624,7,3387039917
9125,76071870,97817265,173889135,9,0,0,69632,16,3478962425
9126,76084940,97932489,174017429,4,0,0,11264,6,10715109938
9127,76090200,97997981,174088181,6,0,0,57344,7,275880067
9128,76103140,98057783,174160923,0,0,0,36864,13,8051370109
9129,76106000,117658958,193764958,0,0,1,512,13,1171558241
9130,76108850,97664652,173773502,2,0,0,3584,11,5327745995
9131,76109880,98390651,174500531,4,0,0,546816,6,298348343
9132,76111630,117655914,193767544,9,0,1,4096,16,6671267786
9133,76116420,97887897,174004317,3,0,0,58368,7,2712940636
9134,76128329,98415217,174543546,1,0,0,9216,17,2513820052
9135,76149609,97766045,173915654,1,0,0,32768,17,5163333069
9136,76152359,97936469,174088828,1,0,0,2048,17,5559440829
9137,76158299,117609706,193768005,1,0,1,10240,17,2113042835
9138,76175539,97660980,173836519,1,0,0,10240,17,7904864517
9139,76181280,97652096,173833376,3,0,0,18944,7,1633979904
9140,76184090,97826490,174010580,6,0,0,20480,7,7569182240
9141,76184739,97844321,174029060,1,0,0,17408,17,5292609564
9142,76199080,97869087,174068167,6,0,0,117248,7,5270617142
9143,76206510,97864176,174070686,2,0,0,8192,11,3442774338
9144,76207660,117569037,193776697,5,0,1,13824,10,10549098539
9145,76221040,98332669,174553709,6,0,0,33280,7,6481332849
9146,76226840,98478117,174704957,4,0,0,29696,6,9755659428
9147,76227469,98086242,174313711,1,0,0,28160,17,463645159
9148,76254499,98387143,174641642,1,0,0,149504,17,2546764210
9149,76267999,98306504,174574503,1,0,0,18432,17,2120633040
9150,76281390,117497778,193779168,4,0,1,16896,6,3168257249
9151,76303680,98278068,174581748,6,0,0,11264,7,1057594665
9152,76312960,98255904,174568864,7,0,0,49664,2,8696996132
9153,76319159,98212439,174531598,1,0,0,101888,17,9064726148
9154,76340480,98200212,174540692,2,0,0,12288,11,3462049960
9155,76341689,117439425,193781114,1,0,1,3072,17,2729315738
9156,76342249,98236021,174578270,1,0,0,12288,17,9484375150
9157,76348970,98187955,174536925,0,0,0,17408,13,10036575736
9158,76350950,98534270,174885220,2,0,0,32256,11,3528107719
9159,76382800,98279785,174662585,7,0,0,68608,2,8028273505
9160,76395340,98200727,174596067,0,0,0,46592,13,955465046
9161,76415629,98394886,174810515,1,0,0,94720,17,100651467
9162,76434730,98236637,174671367,3,0,0,28672,7,5028232644
9163,76438751,117358530,193797281,2,0,1,9216,11,5736099931
9164,76446860,98334772,174781632,7,0,0,34816,2,4247964500
9165,76454430,117343197,193797627,5,0,1,512,10,190391481
9166,76462850,98374395,174837245,0,0,0,81408,13,7389173014
9167,76473060,98297849,174770909,4,0,0,94720,6,3574722728
9168,76477340,98586207,175063547,7,0,0,130048,2,5033733016
9169,76483450,117314945,193798395,8,0,1,11776,3,8897178400
9170,76491740,98678862,175170602,9,0,0,70144,16,1865509315
9171,76501700,98477712,174979412,2,0,0,34816,11,9157252191
9172,76506960,98305450,174812410,4,0,0,6144,6,7371384583
9173,76515410,98508490,175023900,2,0,0,65536,11,9338287872
9174,76515950,99037631,175553581,2,0,0,60928,11,208892533
9175,76543430,98815111,175358541,7,0,0,22528,2,5240437051
9176,76552340,98382751,174935091,7,0,0,46592,2,10043573536
9177,76554569,98675226,175229795,1,0,0,16384,17,10615376822
9178,76558740,117245866,193804606,4,0,1,7680,6,523948170
9179,76568740,98629965,175198705,7,0,0,92160,2,1787566446
9180,76580270,98340602,174920872,0,0,0,3072,13,7040080890
9181,76582250,98398433,174980683,6,0,0,4096,7,5373204022
9182,76582449,117234754,193817203,6,0,1,28160,7,9668199372
9183,76596099,98706894,175302993,1,0,0,1536,17,4337197124
9184,76598850,98805225,175404075,3,0,0,25088,7,4628417724
9185,76605449,98832371,175437820,1,0,0,73728,17,9924483515
9186,76608490,98780438,175388928,3,0,0,18944,7,5352691443
9187,76610290,98847677,175457967,3,0,0,66048,7,8750866265
9188,76641760,98969824,175611584,7,0,0,65024,2,8564973301
9189,76641930,98588208,175230138,3,0,0,1024,7,1417366438
9190,76659079,117173414,193832493,1,0,1,32256,17,5354940357
9191,76681109,117156210,193837319,6,0,1,7680,7,7797159172
9192,76719340,98505440,175224780,3,0,0,85504,7,1275624423
9193,76761830,99022143,175783973,0,0,0,124416,13,343542069
9194,76765360,98470261,175235621,6,0,0,17920,7,10437476671
9195,76771430,98370387,175141817,6,0,0,16384,7,8209933722
9196,76796570,98864923,175661493,2,0,0,86528,11,430156079
9197,76801910,98782831,175584741,0,0,0,53760,13,3221019403
9198,76815250,98875543,175690793,7,0,0,36864,2,3640488869
9199,76821980,117025657,193847637,7,0,1,25600,2,9410891097
9200,76837150,98681813,175518963,3,0,0,4096,7,2917282970
9201,76858409,116991494,193849903,1,0,1,3584,17,5521207856
9202,76868360,98933888,175802248,6,0,0,59904,7,1205898968
9203,76883359,116969911,193853270,6,0,1,14848,7,5315511125
9204,76908120,98442254,175350374,0,0,0,10752,13,109760271
9205,76942340,98454068,175396408,7,0,0,7680,2,465189410
9206,76942870,98720050,175662920,3,0,0,4608,7,4353521437
9207,76944570,98402505,175347075,3,0,0,12800,7,5225786515
9208,76956200,116899976,193856176,0,0,1,4608,13,3537213720
9209,76956440,98529467,175485907,7,0,0,34816,2,7050839726
9210,76986550,98531142,175517692,2,0,0,41984,11,10292546937
9211,76993740,98986466,175980206,0,0,0,77824,13,9976989255
9212,76994969,116862833,193857802,1,0,1,2560,17,9686738656
9213,77027830,98854698,175882528,9,0,0,1536,16,4910486760
9214,77048400,98357414,175405814,9,0,0,5632,16,8622018048
9215,77048899,98586207,175635106,1,0,0,48128,17,4667422268
9216,77059420,98897051,175956471,4,0,0,69120,6,8988764543
9217,77067590,99131426,176199016,6,0,0,68608,7,6086873415
9218,77079471,98512278,175591749,8,0,0,20992,3,2385363360
9219,77085189,98651938,175737127,5,0,0,37376,10,5802934374
9220,77091610,99075533,176167143,7,0,0,7168,2,5202549627
9221,77101310,98979836,176081146,2,0,0,30720,11,7619848460
9222,77110410,116749658,193860068,0,0,1,3584,13,2126526338
9223,77113949,99255976,176369925,1,0,0,52224,17,640879953
9224,77114580,98767353,175881933,4,0,0,13312,6,4359103137
9225,77125000,98621042,175746042,7,0,0,29184,2,3209683099
9226,77133111,98863832,175996943,8,0,0,9216,3,487355178
9227,77133560,98904777,176038337,7,0,0,20480,2,3522683900
9228,77139809,98551163,175690972,1,0,0,512,17,7613857892
9229,77149720,116711833,193861553,4,0,1,15360,6,6491225657
9230,77152460,98969805,176122265,6,0,0,31232,7,10368268520
9231,77155501,99147431,176302932,8,0,0,156160,3,10499402559
9232,77162890,99147709,176310599,9,0,0,25088,16,2649871250
9233,77168041,99087288,176255329,8,0,0,48640,3,1949757894
9234,77175220,99178770,176353990,9,0,0,142336,16,676326076
9235,77178030,99251785,176429815,6,0,0,15360,7,4401419547
9236,77195780,99186679,176382459,9,0,0,29184,16,78826235
9237,77200210,99977954,177178164,4,0,0,35840,6,1286580922
9238,77201410,98947902,176149312,9,0,0,16384,16,9977948489
9239,77208030,100014191,177222221,0,0,0,18944,13,2320449425
9240,77213230,98962577,176175807,6,0,0,13824,7,6941174416
9241,77219620,98794854,176014474,3,0,0,28672,7,5738953276
9242,77231631,99256450,176488081,8,0,0,158720,3,144186512
9243,77239410,99328197,176567607,0,0,0,47104,13,6994095245
9244,77255239,98949728,176204967,1,0,0,19456,17,1498636476
9245,77283650,99136825,176420475,3,0,0,55296,7,1791532174
9246,77308969,99064567,176373536,1,0,0,11776,17,365860457
9247,77309080,116557658,193866738,4,0,1,16384,6,4574519550
9248,77369639,98863065,176232704,1,0,0,19968,17,8766594126
9249,77373980,99129591,176503571,6,0,0,47616,7,6557205366
9250,77389171,99268367,176657538,8,0,0,39424,3,1752084899
9251,77396609,99006340,176402949,1,0,0,63488,17,5224964630
9252,77409870,99235022,176644892,3,0,0,15360,7,2207696520
9253,77416160,98967422,176383582,4,0,0,3584,6,9320074554
9254,77442700,98960904,176403604,0,0,0,2048,13,8040964590
9255,77452010,98987333,176439343,2,0,0,16384,11,7327911703
9256,77452850,116423349,193876199,4,0,1,512,6,6018033380
9257,77458270,99227481,176685751,4,0,0,2048,6,3010609123
9258,77461040,99266428,176727468,3,0,0,40960,7,3536466076
9259,77465349,116416239,193881588,6,0,1,17408,7,3800088112
9260,77515329,116371405,193886734,6,0,1,8192,7,3853782718
9261,77524861,98995906,176520767,8,0,0,13312,3,8403762656
9262,77532241,98956799,176489040,8,0,0,3072,3,5386384066
9263,77555090,99146219,176701309,7,0,0,5632,2,8440388923
9264,77570210,99026779,176596989,3,0,0,8704,7,6463533819
9265,77571680,99022626,176594306,3,0,0,87552,7,6537449928
9266,77581250,99147489,176728739,9,0,0,4096,16,3503563397
9267,77588479,99449862,177038341,1,0,0,44544,17,3081277622
9268,77591840,98924848,176516688,3,0,0,15872,7,6138798921
9269,77607719,116282241,193889960,6,0,1,5120,7,5729078945
9270,77610391,99300814,176911205,8,0,0,16384,3,399578970
9271,77616960,99061145,176678105,3,0,0,45056,7,7647768126
9272,77642510,98869319,176511829,2,0,0,6144,11,9701570803
9273,77662440,99040537,176702977,6,0,0,1024,7,6261840193
9274,77673350,99264916,176938266,0,0,0,46080,13,996851102
9275,77675739,116215706,193891445,1,0,1,15360,17,2492395728
9276,77686299,116206781,193893080,1,0,1,9216,17,8975293961
9277,77695489,99150401,176845890,1,0,0,65536,17,4785046969
9278,77697139,116202388,193899527,6,0,1,20480,7,3806833611
9279,77719020,99448201,177167221,9,0,0,144896,16,5995281496
9280,77727350,99263492,176990842,9,0,0,1024,16,1919605600
9281,77730870,99001712,176732582,4,0,0,4608,6,2272500604
9282,77740339,99002813,176743152,5,0,0,11776,10,5749676751
9283,77748630,99190447,176939077,7,0,0,2560,2,9924948700
9284,77751350,116163907,193915257,5,0,1,2560,10,7283547042
9285,77758100,99121853,176879953,9,0,0,57856,16,9460057146
9286,77772320,98991819,176764139,6,0,0,8704,7,2524652390
9287,77777761,99312147,177089908,8,0,0,143360,3,7187019511
9288,77787589,116128974,193916563,1,0,1,2048,17,715849384
9289,77797090,99320994,177118084,9,0,0,59392,16,8753578705
9290,77820180,99385939,177206119,2,0,0,23552,11,2328032735
9291,77821500,116100209,193921709,5,0,1,8192,10,8170207551
9292,77835050,99155457,176990507,7,0,0,18432,2,2156929914
9293,77844620,99036292,176880912,0,0,0,3072,13,6160205860
9294,77848200,99395996,177244196,4,0,0,32256,6,8887442369
9295,77850270,99331007,177181277,0,0,0,512,13,4719671203
9296,77875280,99097435,176972715,6,0,0,23040,7,9540079487
9297,77875310,99668701,177544011,9,0,0,24576,16,7248194953
9298,77883110,99626576,177509686,0,0,0,9216,13,9875588688
9299,77917350,99388541,177305891,0,0,0,35328,13,10078264151
9300,77924689,99611811,177536500,1,0,0,5632,17,4896992213
9301,77929051,99577290,177506341,8,0,0,447488,3,5971367177
9302,77953240,98952296,176905536,3,0,0,13312,7,448428964
9303,77957110,99549722,177506832,6,0,0,1536,7,1877686958
9304,77970470,99296934,177267404,3,0,0,26624,7,6579457914
9305,77974859,115950844,193925703,1,0,1,16896,17,476855734
9306,77983560,115960569,193944129,4,0,1,37376,6,10233304388
9307,77992029,99218013,177210042,5,0,0,12800,10,5456008223
9308,78011089,115970330,193981419,1,0,1,81408,17,361216044
9309,78011510,99317112,177328622,6,0,0,4608,7,5664514674
9310,78015859,115969426,193985285,1,0,1,6144,17,5456396548
9311,78016390,115970636,193987026,0,0,1,24576,13,4238729728
9312,78024070,99619822,177643892,9,0,0,10240,16,587828369
9313,78032360,100008532,178040892,3,0,0,63488,7,5133192914
9314,78035871,99799114,177834985,8,0,0,10240,3,3202713873
9315,78039699,115961227,194000926,6,0,1,20480,7,6017800398
9316,78052039,100006816,178058855,5,0,0,58880,10,6661526060
9317,78058039,100566777,178624816,1,0,0,5632,17,4497347498
9318,78087480,99447281,177534761,3,0,0,5632,7,602299215
9319,78094100,99460783,177554883,6,0,0,31232,7,450269905
9320,78096549,99448733,177545282,1,0,0,4096,17,8114579063
9321,78097080,99924445,178021525,0,0,0,35840,13,4347744139
9322,78100800,99838905,177939705,6,0,0,45056,7,3362720021
9323,78105650,99588170,177693820,4,0,0,512,6,6361536317
9324,78107280,99425719,177532999,4,0,0,76288,6,6547654278
9325,78111150,99487466,177598616,0,0,0,16384,13,10284086691
9326,78111810,115903610,194015420,0,0,1,15360,13,1186069382
9327,78115339,99810615,177925954,5,0,0,66048,10,7428342935
9328,78116650,99954795,178071445,0,0,0,3072,13,3892677031
9329,78123370,100299618,178422988,3,0,0,20992,7,1480868220
9330,78131580,100374325,178505905,2,0,0,70144,11,8139280523
9331,78143800,99523599,177667399,7,0,0,41472,2,3423824036
9332,78154879,99529107,177683986,5,0,0,8704,10,8775251306
9333,78155459,99567813,177723272,1,0,0,11264,17,835878884
9334,78162700,99672620,177835320,9,0,0,1024,16,3141772814
9335,78165839,100009858,178175697,1,0,0,59392,17,3942712330
9336,78185000,100115190,178300190,4,0,0,367616,6,2732121402
9337,78186840,99701707,177888547,9,0,0,18944,16,10551262862
9338,78197929,99701706,177899635,1,0,0,25088,17,10650467254
9339,78208379,115809307,194017686,6,0,1,3584,7,4291548617
9340,78222800,99959408,178182208,4,0,0,18432,6,4637475453
9341,78235300,99872602,178107902,0,0,0,10240,13,8351524369
9342,78237639,99758128,177995767,5,0,0,27648,10,10600448746
9343,78258320,115764858,194023178,5,0,1,17920,10,6828295770
9344,78260290,100058180,178318470,9,0,0,59392,16,5561952036
9345,78264670,115772476,194037146,9,0,1,3072,16,9575059657
9346,78265659,100496818,178762477,5,0,0,120832,10,362302248
9347,78267069,99814126,178081195,1,0,0,7680,17,10132335552
9348,78286600,100395697,178682297,2,0,0,61952,11,7412226960
9349,78296100,100466712,178762812,4,0,0,1024,6,5606851308
9350,78305980,100014096,178320076,4,0,0,3584,6,797704226
9351,78326290,100492406,178818696,6,0,0,53248,7,9617199485
9352,78332559,115710591,194043150,1,0,1,20480,17,1752984084
9353,78336800,100991453,179328253,4,0,0,7168,6,9016063831
9354,78348159,100654835,179002994,1,0,0,84480,17,9945387319
9355,78368160,100845910,179214070,7,0,0,91136,2,4598801241
9356,78370340,100712453,179082793,7,0,0,86016,2,2638526434
9357,78383750,100301394,178685144,6,0,0,9216,7,4205124549
9358,78384230,100531409,178915639,9,0,0,58880,16,2623761472
9359,78387350,100466603,178853953,3,0,0,20480,7,4119112638
9360,78394460,100846621,179241081,3,0,0,88576,7,5894917467
9361,78402869,99754709,178157578,1,0,0,44032,17,7331600395
9362,78404450,99918324,178322774,9,0,0,1536,16,7385847605
9363,78404580,115641171,194045751,9,0,1,15872,16,5214580217
9364,78420210,101092480,179512690,6,0,0,80896,7,6284206099
9365,78424040,99764119,178188159,4,0,0,19456,6,8143128206
9366,78426820,115619357,194046177,9,0,1,9728,16,2918723954
9367,78429070,99747430,178176500,9,0,0,2560,16,7331010419
9368,78466740,101226267,179693007,6,0,0,44544,7,9148334435
9369,78466859,99893271,178360130,5,0,0,4608,10,3805227907
9370,78469801,99852482,178322283,8,0,0,7168,3,3673898501
9371,78472359,99846602,178318961,5,0,0,1536,10,8708872806
9372,78472419,99914408,178386827,1,0,0,13312,17,9679921186
9373,78477549,100185849,178663398,5,0,0,4608,10,5766875296
9374,78481860,101346018,179827878,3,0,0,36864,7,9436528032
9375,78489290,101024983,179514273,6,0,0,5120,7,4779772257
9376,78499030,100440390,178939420,9,0,0,4096,16,8936222729
9377,78504060,100462361,178966421,6,0,0,64512,7,4914087595
9378,78510900,100385349,178896249,2,0,0,120832,11,8449018432
9379,78511700,100347710,178859410,9,0,0,14848,16,8738232292
9380,78527710,99988139,178515849,3,0,0,7680,7,2635147689
9381,78529620,101121814,179651434,3,0,0,91648,7,1850600261
9382,78529910,100272539,178802449,9,0,0,68096,16,6061362853
9383,78531930,100611026,179142956,3,0,0,77824,7,5880335002
9384,78539079,100027357,178566436,5,0,0,35840,10,797115057
9385,78547950,100372252,178920202,0,0,0,14848,13,5159939710
9386,78552479,100026023,178578502,1,0,0,15872,17,2916876283
9387,78554989,100418787,178973776,1,0,0,24064,17,9644678495
9388,78562009,100981186,179543195,5,0,0,31744,10,3359990097
9389,78574960,100322716,178897676,3,0,0,4608,7,4982718897
9390,78581761,100885195,179466956,8,0,0,80384,3,1049998412
9391,78587879,115459066,194046945,6,0,1,11776,7,2965938211
9392,78605720,100513501,179119221,6,0,0,55296,7,2710331720
9393,78639960,101126764,179766724,3,0,0,70656,7,4346279251
9394,78644451,101374606,180019057,8,0,0,32256,3,5923756979
9395,78663770,100438580,179102350,6,0,0,47104,7,7167528592
9396,78669380,100698374,179367754,4,0,0,28672,6,200295058
9397,78691690,115356540,194048230,0,0,1,1024,13,573267402
9398,78696990,100600496,179297486,0,0,0,44544,13,4475292305
9399,78706500,100346230,179052730,7,0,0,45568,2,7545936274
9400,78706510,115346866,194053376,7,0,1,8192,2,5750786348
9401,78722540,100254691,178977231,9,0,0,11264,16,10391625735
9402,78723010,101273268,179996278,7,0,0,112128,2,1879644878
9403,78724830,115352677,194077507,8,0,1,31232,3,5846218284
9404,78735640,99777846,178513486,6,0,0,21504,7,9291302442
9405,78744130,101561168,180305298,6,0,0,145920,7,4975490170
9406,78748751,100784741,179533492,8,0,0,62976,3,10269432236
9407,78758550,99903421,178661971,4,0,0,18944,6,7115784518
9408,78769330,100250692,179020022,3,0,0,3584,7,6583790411
9409,78775119,100237882,179013001,5,0,0,32768,10,5458725938
9410,78789440,100466552,179255992,7,0,0,15872,2,19603102
9411,78793560,101419540,180213100,3,0,0,82944,7,9361826617
9412,78813870,100892108,179705978,6,0,0,42496,7,7121893235
9413,78815220,100968398,179783618,3,0,0,12288,7,1042302080
9414,78835389,100844015,179679404,5,0,0,74752,10,7380078555
9415,78849580,100302603,179152183,9,0,0,30208,16,9707670802
9416,78874410,101576732,180451142,9,0,0,66560,16,9939281664
9417,78886520,101026165,179912685,3,0,0,35328,7,8029169818
9418,78915040,115163543,194078583,7,0,1,13312,2,10445478944
9419,78922900,100797522,179720422,4,0,0,14336,6,10125741989
9420,78933020,115157747,194090767,5,0,1,4608,10,9963998759
9421,78941120,115166756,194107876,0,0,1,16896,13,890902959
9422,78947841,115160394,194108235,3,0,1,9728,7,1233780832
9423,78961980,101215030,180177010,0,0,0,97280,13,6656780293
9424,78962070,101441789,180403859,0,0,0,114688,13,3737563410
9425,78983239,101160029,180143268,5,0,0,189440,10,961057795
9426,78988700,115130359,194119059,4,0,1,13312,6,2852310886
9427,78995869,115124470,194120339,6,0,1,14336,7,3594767230
9428,79021770,101342419,180364189,4,0,0,114176,6,3970084421
9429,79025851,115095973,194121824,2,0,1,15360,11,8656401894
9430,79027690,101627594,180655284,7,0,0,38912,2,1520381076
9431,79036970,115090376,194127346,7,0,1,4608,2,10011437312
9432,79047990,115085462,194133452,9,0,1,20992,16,9894157619
9433,79048890,100544835,179593725,3,0,0,24064,7,7263552271
9434,79048940,100951573,180000513,6,0,0,13824,7,2791175737
9435,79063130,100866785,179929915,0,0,0,28160,13,4919174258
9436,79096870,100287977,179384847,4,0,0,16896,6,4474115039
9437,79098720,100487650,179586370,3,0,0,39424,7,6174528828
9438,79109590,100330913,179440503,6,0,0,18944,7,2650957812
9439,79111290,101532115,180643405,0,0,0,60416,13,10278210142
9440,79114351,101370648,180484999,8,0,0,91136,3,2198062747
9441,79151350,114999372,194150722,4,0,1,6144,6,5428972216
9442,79153230,100503375,179656605,6,0,0,16896,7,1540602567
9443,79159460,100408196,179567656,9,0,0,3072,16,2919956660
9444,79177880,100378429,179556309,7,0,0,9728,2,7933966845
9445,79187429,100629194,179816623,5,0,0,46592,10,8822421976
9446,79190090,100538383,179728473,4,0,0,7680,6,4922588223
9447,79192580,114968513,194161093,0,0,1,33280,13,5826085308
9448,79199219,100366101,179565320,5,0,0,8704,10,9069787177
9449,79204480,114969102,194173582,7,0,1,8192,2,7660293775
9450,79215870,100621322,179837192,9,0,0,18432,16,6962350372
9451,79217460,101695710,180913170,2,0,0,119808,11,7752201208
9452,79217780,101287332,180505112,3,0,0,5632,7,8754845522
9453,79223290,100626093,179849383,3,0,0,39936,7,872083016
9454,79226820,101228434,180455254,0,0,0,4608,13,5018676892
9455,79238240,100557564,179795804,6,0,0,3584,7,564905471
9456,79240820,101357493,180598313,3,0,0,63488,7,1155762212
9457,79261360,114923219,194184579,0,0,1,25600,13,6734150478
9458,79269890,114917275,194187165,4,0,1,4096,6,9077096192
9459,79275190,114917928,194193118,8,0,1,36352,3,9342937768
9460,79276751,114921552,194198303,2,0,1,16384,11,2060086134
9461,79280350,114920219,194200569,9,0,1,3584,16,7850719522
9462,79281090,100804435,180085525,6,0,0,89088,7,8305899094
9463,79291440,114915261,194206701,5,0,1,9728,10,3896045752
9464,79292820,114925531,194218351,4,0,1,47104,6,4625234072
9465,79296530,114954327,194250857,7,0,1,27648,2,3001201063
9466,79300181,101420582,180720763,8,0,0,97792,3,8200281584
9467,79301550,114961904,194263454,7,0,1,28160,2,8274474481
9468,79320670,100538711,179859381,9,0,0,1536,16,2728396108
9469,79328480,114936152,194264632,7,0,1,13824,2,5202624942
9470,79347490,101674078,181021568,7,0,0,12800,2,1309491630
9471,79347740,114922896,194270636,4,0,1,20480,6,9673248587
9472,79354409,100833388,180187797,5,0,0,35328,10,4458295790
9473,79366740,101291531,180658271,4,0,0,9728,6,4783901658
9474,79385970,100836989,180222959,2,0,0,32256,11,8559716256
9475,79386820,100632884,180019704,4,0,0,2048,6,9360607191
9476,79387691,101488952,180876643,8,0,0,190976,3,2582661280
9477,79390520,100663277,180053797,0,0,0,11776,13,10432413995
9478,79393600,101132898,180526498,0,0,0,30208,13,733157376
9479,79405980,100741367,180147347,0,0,0,13312,13,8269518654
9480,79411899,101669861,181081760,5,0,0,29184,10,4730351502
9481,79415541,101785799,181201340,8,0,0,138752,3,7316993273
9482,79416610,101001156,180417766,4,0,0,45568,6,7593440753
9483,79417320,100951572,180368892,0,0,0,15360,13,3120691074
9484,79429540,101728361,181157901,0,0,0,26112,13,7143779451
9485,79447500,101819930,181267430,7,0,0,41984,2,10479818535
9486,79449990,101086899,180536889,7,0,0,23040,2,9344248561
9487,79481110,100826863,180307973,6,0,0,8704,7,10664445151
9488,79492250,101232124,180724374,0,0,0,11776,13,207164924
9489,79494069,101964653,181458722,5,0,0,72704,10,1399841393
9490,79504920,101862572,181367492,9,0,0,81920,16,6363074759
9491,79514940,101777266,181292206,4,0,0,45056,6,1354858922
9492,79520220,101211821,180732041,6,0,0,25088,7,2998698133
9493,79529331,100889254,180418585,8,0,0,2560,3,1199577255
9494,79546330,101964118,181510448,4,0,0,24576,6,4122540082
9495,79554390,114734302,194288692,0,0,1,4096,13,3542324773
9496,79558910,114737514,194296424,4,0,1,12288,6,8616617072
9497,79583190,101161765,180744955,6,0,0,6144,7,710050879
9498,79587560,101387264,180974824,2,0,0,182272,11,4654675426
9499,79591390,101892234,181483624,0,0,0,11776,13,4143073192
9500,79614100,114698686,194312786,0,0,1,59904,13,4115751594
9501,79619700,101295365,180915065,9,0,0,6144,16,7298425635
9502,79619980,114702279,194322259,4,0,1,23552,6,4968911645
9503,79623520,114699725,194323245,4,0,1,1536,6,5148908273
9504,79625690,114698221,194323911,9,0,1,1024,16,9995285547
9505,79626870,114697400,194324270,0,0,1,9728,13,7169232959
9506,79633661,101345866,180979527,8,0,0,15360,3,9225008488
9507,79645259,114685783,194331042,6,0,1,10752,7,9985418128
9508,79681260,114655699,194336959,8,0,1,10752,3,4213899642
9509,79702929,101314685,181017614,5,0,0,124928,10,3075359664
9510,79706721,101095498,180802219,8,0,0,32768,3,4638673662
9511,79724860,101384834,181109694,4,0,0,52736,6,6540420310
9512,79726360,101413746,181140106,4,0,0,3072,6,2181382179
9513,79772710,101300104,181072814,3,0,0,67072,7,3595879762
9514,79795351,101297227,181092578,8,0,0,35328,3,728543560
9515,79797819,101254536,181052355,5,0,0,46080,10,8397094915
9516,79798421,101939373,181737794,8,0,0,248832,3,6206553964
9517,79801230,101519120,181320350,9,0,0,40960,16,9937879759
9518,79803030,114537475,194340505,5,0,1,5632,10,9983932539
9519,79813989,114534649,194348638,6,0,1,11264,7,4133390230
9520,79825959,114530731,194356690,6,0,1,12800,7,5547212913
9521,79831930,101790324,181622254,9,0,0,87552,16,5665504782
9522,79839451,101572343,181411794,8,0,0,28160,3,4574928881
9523,79857060,101660100,181517160,4,0,0,19968,6,4308474
9524,79869200,101335508,181204708,0,0,0,10752,13,9342319809
9525,79911320,114446676,194357996,8,0,1,2048,3,881911038
9526,79911510,114448752,194360262,4,0,1,3584,6,2851002549
9527,79914060,101581243,181495303,4,0,0,8192,6,2234498559
9528,79953300,102117731,182071031,0,0,0,126464,13,8058440308
9529,79953860,101886992,181840852,3,0,0,61952,7,2648320373
9530,79954470,101707485,181661955,9,0,0,34816,16,4339755785
9531,79964850,114399176,194364026,8,0,1,17920,3,7322265922
9532,79978820,114386512,194365332,0,0,1,2048,13,2857144386
9533,79986830,101566937,181553767,3,0,0,27136,7,9641219887
9534,79986899,101549615,181536514,5,0,0,39424,10,2711725648
9535,80020060,114362889,194382949,5,0,1,34816,10,2904011388
9536,80035590,101611803,181647393,0,0,0,82432,13,5795867982
9537,80038101,101750587,181788688,8,0,0,126976,3,5183789389
9538,80065240,102092785,182158025,4,0,0,32768,6,5007997025
9539,80070220,101933878,182004098,4,0,0,27648,6,4722613147
9540,80073980,101827169,181901149,0,0,0,26112,13,9832115450
9541,80090321,101701720,181792041,8,0,0,3072,3,6855793178
9542,80118971,101871821,181990792,8,0,0,132608,3,10314322003
9543,80119959,102015259,182135218,5,0,0,12288,10,8007661480
9544,80125530,101870121,181995651,6,0,0,15872,7,5353851527
9545,80126490,101719533,181846023,3,0,0,16896,7,2218267286
9546,80130140,102281356,182411496,6,0,0,104448,7,651924220
9547,80133100,101657951,181791051,9,0,0,7680,16,6191141900
9548,80157060,101494264,181651324,4,0,0,12800,6,10275433184
9549,80173610,114227206,194400816,0,0,1,44544,13,3807083294
9550,80175830,101566074,181741904,3,0,0,13312,7,3484040085
9551,80183829,114222133,194405962,6,0,1,8192,7,7756223385
9552,80196050,114213666,194409716,4,0,1,12800,6,9410031680
9553,80212060,101956223,182168283,0,0,0,24576,13,6743024426
9554,80225710,114211821,194437531,5,0,1,1024,10,9784764851
9555,80227980,114210537,194438517,9,0,1,1536,16,1017410781
9556,80234590,102610166,182844756,4,0,0,9728,6,3107743596
9557,80234779,102132001,182366780,5,0,0,57856,10,10348149503
9558,80241460,114198363,194439823,8,0,1,2048,3,4664276293
9559,80253950,102268841,182522791,6,0,0,57344,7,4994172947
9560,80277130,101963880,182241010,4,0,0,36864,6,10707516047
9561,80288860,114156762,194445622,9,0,1,19456,16,6287699699
9562,80302160,102455854,182758014,4,0,0,58880,6,4389307501
9563,80323071,101549622,181872693,8,0,0,11776,3,10487335666
9564,80327450,101528052,181855502,0,0,0,5120,13,220960222
9565,80328251,101746102,182074353,8,0,0,10752,3,2369998044
9566,80333820,102400122,182733942,4,0,0,77824,6,3212065798
9567,80339069,102275091,182614160,5,0,0,147456,10,5189352581
9568,80367490,114080014,194447504,0,0,1,11776,13,1062758702
9569,80391160,101831898,182223058,3,0,0,139264,7,5193857605
9570,80393730,102523986,182917716,3,0,0,42496,7,4206792980
9571,80400960,114048490,194449450,8,0,1,3072,3,7537807408
9572,80418680,102340761,182759441,4,0,0,4608,6,1637906225
9573,80431140,102615254,183046394,3,0,0,22016,7,7136974421
9574,80431279,114019311,194450590,6,0,1,10240,7,9826170059
9575,80434450,102558485,182992935,9,0,0,9728,16,1213004366
9576,80441880,101564269,182006149,9,0,0,6656,16,8991202770
9577,80452659,114000559,194453218,6,0,1,1024,7,3045880916
9578,80461610,113996678,194458288,4,0,1,17920,6,2705783665
9579,80467930,102730913,183198843,0,0,0,94720,13,2752673606
9580,80482110,113983763,194465873,5,0,1,4608,10,8093606850
9581,80483060,101866069,182349129,3,0,0,62464,7,6614195990
9582,80496280,102938931,183435211,3,0,0,93184,7,8200856123
9583,80510210,113988777,194498987,9,0,1,42496,16,7475355667
9584,80514870,113995339,194510209,9,0,1,27648,16,2648316073
9585,80517920,102873230,183391150,0,0,0,378368,13,9912743134
9586,80520311,103076444,183596755,8,0,0,124416,3,1913016209
9587,80530321,102403017,182933338,8,0,0,13824,3,1844759463
9588,80530770,102745073,183275843,3,0,0,138240,7,4444252573
9589,80540820,101886767,182427587,0,0,0,52736,13,1554342113
9590,80550440,102018746,182569186,3,0,0,73216,7,8384342409
9591,80570530,113971761,194542291,9,0,1,51712,16,7199231897
9592,80576490,101957751,182534241,6,0,0,7168,7,4072770301
9593,80586660,101906151,182492811,3,0,0,5120,7,5329841145
9594,80589440,101953508,182542948,4,0,0,7168,6,6755243966
9595,80602870,102871924,183474794,4,0,0,50688,6,3406025472
9596,80607710,102613252,183220962,4,0,0,55296,6,9047160330
9597,80638180,113909398,194547578,9,0,1,16896,16,7938506300
9598,80652360,103118994,183771354,9,0,0,177664,16,913748723
9599,80656320,102901725,183558045,3,0,0,24064,7,6706626888
9600,80660459,102378245,183038704,5,0,0,6144,10,2515576052
9601,80678191,102004521,182682712,8,0,0,6656,3,8504089878
9602,80682989,102353820,183036809,5,0,0,44032,10,564546850
9603,80711470,102269563,182981033,0,0,0,25088,13,4359095943
9604,80729030,103067775,183796805,4,0,0,83456,6,706972152
9605,80734310,102435627,183169937,4,0,0,116224,6,1208269902
9606,80739170,102250778,182989948,4,0,0,29184,6,6427350104
9607,80768250,102050442,182818692,9,0,0,19968,16,8882733434
9608,80780990,102173540,182954530,0,0,0,12800,13,3968340116
9609,80788840,102221600,183010440,6,0,0,13312,7,6609997281
9610,80793030,113762372,194555402,9,0,1,7680,16,9522344961
9611,80802150,102806484,183608634,6,0,0,38912,7,2448397373
9612,80804940,102264868,183069808,9,0,0,13824,16,5771825072
9613,80813630,113743398,194557028,9,0,1,2560,16,8753387214
9614,80817870,113740029,194557899,8,0,1,12288,3,5949113309
9615,80830059,102217606,183047665,5,0,0,4096,10,660878604
9616,80848200,102125166,182973366,9,0,0,18432,16,2791372493
9617,80863840,102595487,183459327,0,0,0,78848,13,1868287148
9618,80888069,102518727,183406796,5,0,0,42496,10,5049988832
9619,80890040,113679017,194569057,5,0,1,18432,10,6835491713
9620,80897210,113685724,194582934,0,0,1,30208,13,1184605777
9621,80901800,102580894,183482694,0,0,0,24576,13,3507269119
9622,80902759,102301255,183204014,5,0,0,16896,10,514438876
9623,80916069,102107301,183023370,5,0,0,36352,10,2955645845
9624,80917310,113688829,194606139,4,0,1,13824,6,7830703571
9625,80926940,102757141,183684081,4,0,0,126976,6,5233978447
9626,80965660,102140528,183106188,6,0,0,28672,7,3669575250
9627,80971520,102068143,183039663,6,0,0,3072,7,9108970121
9628,80985250,113628541,194613791,4,0,1,3584,6,5469690669
9629,80995200,113621552,194616752,4,0,1,20480,6,831837903
9630,81009340,102707836,183717176,4,0,0,108544,6,6041269141
9631,81049851,102174628,183224479,8,0,0,11264,3,3475520481
9632,81051710,102342115,183393825,4,0,0,8704,6,7883568078
9633,81075960,102899361,183975321,3,0,0,30208,7,8383543904
9634,81096250,102715122,183811372,4,0,0,33280,6,7109474874
9635,81106320,102761148,183867468,9,0,0,22016,16,2568896844
9636,81135530,102508094,183643624,9,0,0,89088,16,10690924738
9637,81135950,113486805,194622755,5,0,1,5632,10,3515348917
9638,81154370,113468949,194623319,8,0,1,10752,3,6111103195
9639,81163581,102688553,183852134,8,0,0,89088,3,4423261177
9640,81163870,102367032,183530902,4,0,0,21504,6,8146229945
9641,81187221,113439324,194626545,2,0,1,5120,11,7710660206
9642,81221020,113425235,194646255,5,0,1,39424,10,9238405327
9643,81225229,113433448,194658677,6,0,1,7680,7,3982951869
9644,81234520,102240617,183475137,4,0,0,1024,6,6536141296
9645,81243490,102675982,183919472,4,0,0,66048,6,8393323404
9646,81247210,103031172,184278382,3,0,0,16384,7,5070296134
9647,81258620,103513746,184772366,6,0,0,48128,7,1587780184
9648,81259949,113417574,194677523,6,0,1,5632,7,1995017868
9649,81273330,102343127,183616457,9,0,0,25600,16,9106603709
9650,81290040,113391055,194681095,4,0,1,5632,6,10070133267
9651,81314250,102841583,184155833,9,0,0,33280,16,6236372746
9652,81322900,102751931,184074831,4,0,0,20992,6,44088968
9653,81324579,113362981,194687560,6,0,1,20480,7,2694399033
9654,81324950,102690480,184015430,3,0,0,82432,7,1947072320
9655,81328560,103237965,184566525,4,0,0,65536,6,300938764
9656,81328800,113359426,194688226,8,0,1,11264,3,3633400257
9657,81338250,102690619,184028869,6,0,0,44032,7,8783545395
9658,81364920,102780750,184145670,9,0,0,20992,16,9277999938
9659,81365540,102907827,184273367,3,0,0,123392,7,2144915794
9660,81386610,102647430,184034040,9,0,0,16896,16,6214294111
9661,81410619,102414348,183824967,5,0,0,44544,10,340772045
9662,81435550,103180751,184616301,4,0,0,67584,6,8526238485
9663,81444170,103137065,184581235,6,0,0,42496,7,9412997783
9664,81464200,103349567,184813767,6,0,0,79360,7,6833584710
9665,81468350,102920425,184388775,4,0,0,32768,6,8080777002
9666,81472859,102387878,183860737,5,0,0,28160,10,7165396108
9667,81474051,103683702,185157753,8,0,0,40448,3,6627649902
9668,81498970,113192834,194691804,8,0,1,9728,3,2217741613
9669,81517600,102646407,184164007,9,0,0,26624,16,7885297295
9670,81524521,102614730,184139251,8,0,0,102400,3,10529149347
9671,81534140,103401381,184935521,6,0,0,26112,7,1306691194
9672,81536040,102689209,184225249,4,0,0,16384,6,7624673993
9673,81540321,103454862,184995183,8,0,0,133120,3,4548371660
9674,81576660,102304444,183881104,4,0,0,8192,6,5437801989
9675,81581501,102341894,183923395,8,0,0,12800,3,7362968018
9676,81614460,113078010,194692470,9,0,1,1024,16,9169575556
9677,81616850,102668887,184285737,4,0,0,24064,6,389333525
9678,81635341,102840262,184475603,8,0,0,64000,3,5818108912
9679,81636810,103203702,184840512,9,0,0,55296,16,10318471506
9680,81642200,103181441,184823641,6,0,0,32256,7,2446904214
9681,81675160,113028329,194703489,9,0,1,27648,16,9439579888
9682,81681270,113024678,194705948,4,0,1,28160,6,8478818244
9683,81711440,102213070,183924510,4,0,0,3584,6,7001359376
9684,81731630,112989870,194721500,5,0,1,17408,10,10355047544
9685,81744010,103270392,185014402,6,0,0,62976,7,4683704437
9686,81745520,112983563,194729083,9,0,1,2048,16,1248976753
9687,81785280,103447937,185233217,3,0,0,6144,7,5761623174
9688,81797880,102542573,184340453,9,0,0,9728,16,2779713853
9689,81806370,102301658,184108028,9,0,0,37376,16,5460939673
9690,81808830,103689701,185498531,9,0,0,36864,16,4420383846
9691,81812899,112916645,194729544,6,0,1,10240,7,9274287965
9692,81815660,102471371,184287031,9,0,0,4096,16,9275059926
9693,81833040,102387194,184220234,6,0,0,46592,7,7669080246
9694,81845810,102635276,184481086,9,0,0,17920,16,3083747756
9695,81858391,102878170,184736561,8,0,0,87552,3,7620981508
9696,81861040,103000690,184861730,3,0,0,30208,7,8159031976
9697,81872471,102532239,184404710,8,0,0,52224,3,8137435413
9698,81884820,112941864,194826684,4,0,1,176640,6,5341086988
9699,81919400,102487993,184407393,6,0,0,8704,7,8518561011
9700,81924700,103729530,185654230,2,0,0,124928,11,2572933879
9701,81924780,102126699,184051479,6,0,0,3584,7,546055939
9702,81938930,102759841,184698771,6,0,0,24576,7,7533297772
9703,81989809,112845431,194835240,6,0,1,12288,7,3597645908
9704,82003240,103419854,185423094,4,0,0,37376,6,3019823198
9705,82019000,103212322,185231322,3,0,0,35328,7,7674661449
9706,82027280,102663158,184690438,4,0,0,130048,6,1794280650
9707,82040340,102882921,184923261,3,0,0,99840,7,9622914223
9708,82060480,103068617,185129097,9,0,0,22016,16,8144518459
9709,82083400,102433174,184516574,4,0,0,8704,6,3505532585
9710,82091291,103069449,185160740,8,0,0,9728,3,2422367649
9711,82107219,112731247,194838466,6,0,1,5120,7,9010281308
9712,82118800,112729131,194847931,4,0,1,16384,6,313542600
9713,82130270,103561958,185692228,4,0,0,31744,6,8395876902
9714,82131090,102905019,185036109,9,0,0,71168,16,1162260495
9715,82138360,103348916,185487276,4,0,0,25088,6,5160152353
9716,82155700,103811913,185967613,3,0,0,97280,7,5667554388
9717,82172180,102585499,184757679,4,0,0,62464,6,9411649967
9718,82179240,102938352,185117592,3,0,0,126976,7,3300327609
9719,82204189,102498661,184702850,5,0,0,13312,10,7240884715
9720,82219341,102348923,184568264,8,0,0,5632,3,9143084252
9721,82239550,103698400,185937950,6,0,0,124416,7,10403889822
9722,82242291,102685251,184927542,8,0,0,13824,3,10136988381
9723,82244151,102819322,185063473,8,0,0,32768,3,570376607
9724,82245070,103569207,185814277,4,0,0,79872,6,1970474788
9725,82359960,112492833,194852793,8,0,1,1536,3,2032623223
9726,82375581,102838030,185213611,8,0,0,40448,3,7125269644
9727,82408300,112448039,194856339,9,0,1,5632,16,7811617881
9728,82443689,112417156,194860845,6,0,1,7168,7,5630301809
9729,82446889,112426459,194873348,6,0,1,40448,7,1250909863
9730,82464060,112424082,194888142,8,0,1,7168,3,1991952086
9731,82485530,103703087,186188617,9,0,0,64512,16,4376273985
9732,82525270,103008134,185533404,9,0,0,35328,16,8527500352
9733,82549950,102752650,185302600,9,0,0,7680,16,7052594298
9734,82564920,112326768,194891688,8,0,1,5632,3,4982922399
9735,82579050,103730701,186309751,4,0,0,77824,6,10179012359
9736,82582471,104139980,186722451,8,0,0,109568,3,10134318936
9737,82583360,112385800,194969160,4,0,1,123392,6,9035416515
9738,82591879,103111292,185703171,5,0,0,35840,10,1058964484
9739,82593680,102360920,184954600,2,0,0,13824,11,1762960165
9740,82616760,103404201,186020961,4,0,0,21504,6,5926145573
9741,82629240,102909988,185539228,9,0,0,10752,16,6083677818
9742,82645960,102806880,185452840,4,0,0,29696,6,6861854787
9743,82662520,112325471,194987991,9,0,1,37376,16,2270736197
9744,82667250,103232746,185899996,9,0,0,123904,16,4326854204
9745,82669739,103444721,186114460,5,0,0,103424,10,10623159629
9746,82671371,104194046,186865417,8,0,0,126464,3,2387427960
9747,82705320,103338057,186043377,4,0,0,4608,6,1094382266
9748,82711039,103295001,186006040,5,0,0,57856,10,463450626
9749,82714539,102519325,185233864,5,0,0,2048,10,7968496073
9750,82719380,103142841,185862221,9,0,0,102912,16,9858649324
9751,82729800,112347444,195077244,4,0,1,167424,6,6385638782
9752,82771421,103494080,186265501,8,0,0,38912,3,4792243478
9753,82775800,112302110,195077910,9,0,1,1024,16,4778625312
9754,82776441,102968248,185744689,8,0,0,12800,3,1219175996
9755,82792900,112286956,195079856,8,0,1,25600,3,8908219169
9756,82795500,112293954,195089454,9,0,1,29696,16,8197534397
9757,82802749,112315639,195118388,6,0,1,20480,7,4923833017
9758,82805970,103521120,186327090,2,0,0,56832,11,7663747503
9759,82809059,112318905,195127964,6,0,1,26624,7,7043777131
9760,82819090,103520355,186339445,9,0,0,40448,16,9308801723
9761,82863750,102606712,185470462,6,0,0,41472,7,923735004
9762,82864051,104210318,187074369,8,0,0,17920,3,2521591885
9763,82879560,104129322,187008882,6,0,0,14336,7,4959143021
9764,82897760,112234710,195132470,8,0,1,7168,3,6627930195
9765,82921809,112231365,195153174,6,0,1,33792,7,8722906152
9766,82939280,103091867,186031147,9,0,0,33280,16,6301177941
9767,82961710,102756654,185718364,9,0,0,28672,16,7547725004
9768,82968061,103253963,186222024,8,0,0,109568,3,6691992178
9769,82979290,103062652,186041942,9,0,0,35328,16,8922527125
9770,82983111,102847731,185830842,8,0,0,22016,3,2923768836
9771,82983340,102605793,185589133,6,0,0,9728,7,890295764
9772,82987380,112166140,195153520,9,0,1,512,16,5631360939
9773,82993699,103543566,186537265,5,0,0,39936,10,3387810729
9774,83004720,103353959,186358679,9,0,0,35840,16,6743009885
9775,83004840,112163983,195168823,9,0,1,48640,16,7057875656
9776,83050360,102655798,185706158,6,0,0,9728,7,1389438755
9777,83068239,112108145,195176384,6,0,1,4608,7,3116270749
9778,83076880,103326801,186403681,6,0,0,84480,7,8667266353
9779,83110290,103128781,186239071,9,0,0,7168,16,6455950445
9780,83125110,102889221,186014331,6,0,0,27136,7,1932870849
9781,83136070,102465737,185601807,6,0,0,2048,7,10479081759
9782,83142589,103329030,186471619,5,0,0,57344,10,7250191345
9783,83148070,102508748,185656818,9,0,0,8192,16,2823001444
9784,83155980,103114536,186270516,6,0,0,16384,7,907444315
9785,83216559,102767815,185984374,5,0,0,54784,10,407315923
9786,83235510,103265341,186500851,6,0,0,64512,7,9592576395
9787,83286000,103375447,186661447,9,0,0,48128,16,921372305
9788,83323970,111861053,195185023,5,0,1,17920,10,6512927888
9789,83325910,102957421,186283331,6,0,0,41984,7,9269226961
9790,83338120,102744805,186082925,9,0,0,16896,16,1320197842
9791,83349090,111836701,195185791,8,0,1,11776,3,5537880619
9792,83360300,103045432,186405732,9,0,0,6656,16,9273201078
9793,83389480,103870413,187259893,9,0,0,183808,16,5666846343
9794,83391680,111807950,195199630,9,0,1,33280,16,5132154870
9795,83403600,103600891,187004491,9,0,0,198656,16,2280295756
9796,83421930,103840326,187262256,6,0,0,7680,7,242038399
9797,83438519,103630336,187068855,5,0,0,138752,10,789553522
9798,83440190,102708165,186148355,9,0,0,11264,16,10708955357
9799,83454980,111750106,195205086,8,0,1,512,3,7851992770
9800,83467651,102520738,185988389,8,0,0,12800,3,5021336088
9801,83477390,111728682,195206072,9,0,1,1536,16,9791726821
9802,83491220,103449533,186940753,9,0,0,52736,16,9227211192
9803,83507469,103641321,187148790,5,0,0,28160,10,8507174273
9804,83509249,102656370,186165619,5,0,0,30208,10,2479806622
9805,83512970,104090585,187603555,9,0,0,43008,16,8654973523
9806,83523580,103248927,186772507,9,0,0,101888,16,1465004028
9807,83584230,103885423,187469653,9,0,0,58368,16,5551429755
9808,83630330,102878032,186508362,2,0,0,24576,11,6168481378
9809,83652950,111555388,195208338,9,0,1,3584,16,7093058049
9810,83658119,104091186,187749305,5,0,0,259584,10,8186632312
9811,83675791,104134788,187810579,8,0,0,33792,3,10038641272
9812,83685210,111531060,195216270,9,0,1,28160,16,7202054599
9813,83688589,103789511,187478100,5,0,0,27648,10,10505509522
9814,83698929,102648807,186347736,5,0,0,27136,10,8225193078
9815,83748139,111478796,195226935,6,0,1,18432,7,5089300936
9816,83782649,111474708,195257357,6,0,1,34304,7,6966789821
9817,83790919,102898125,186689044,5,0,0,34304,10,4811771667
9818,83828840,111432703,195261543,5,0,1,6656,10,10353406763
9819,83830600,111434797,195265397,5,0,1,19456,10,3858196672
9820,83834200,102763302,186597502,6,0,0,42496,7,5626741196
9821,83840570,103345112,187185682,9,0,0,4096,16,9640504138
9822,83869330,111396221,195265551,8,0,1,8704,3,2946965799
9823,83891990,102583396,186475386,6,0,0,12288,7,4267618804
9824,83909780,102966736,186876516,6,0,0,36352,7,7851717247
9825,83980480,111288310,195268790,9,0,1,16384,16,9881425877
9826,83995829,102437576,186433405,5,0,0,38912,10,10466361458
9827,83996989,102785667,186782656,5,0,0,30720,10,5816187457
9828,84003099,103586985,187590084,5,0,0,31232,10,8102480324
9829,84009200,111279088,195288288,5,0,1,1536,10,3285295986
9830,84033089,103265871,187298960,5,0,0,12800,10,5274260775
9831,84068149,111222405,195290554,6,0,1,3584,7,2012594254
9832,84126149,111164559,195290708,6,0,1,8704,7,6882940415
9833,84157590,102951985,187109575,9,0,0,36352,16,2724022620
9834,84183530,111113263,195296793,8,0,1,8192,3,9295807176
9835,84191069,102539228,186730297,5,0,0,9216,10,1047511562
9836,84299790,102724559,187024349,6,0,0,50688,7,4300857713
9837,84341439,102930737,187272176,5,0,0,32256,10,4851701087
9838,84370661,103299529,187670190,8,0,0,40960,3,3521621687
9839,84373309,103061314,187434623,5,0,0,66560,10,8358453026
9840,84379170,103249891,187629061,9,0,0,4608,16,6612234336
9841,84397610,110899849,195297459,5,0,1,1024,10,761313286
9842,84405700,103411610,187817310,6,0,0,22016,7,2586059586
9843,84413750,102726437,187140187,6,0,0,11776,7,533149586
9844,84417030,110881735,195298765,8,0,1,2048,3,1419662407
9845,84418340,102309126,186727466,6,0,0,16384,7,4006081018
9846,84474140,110826379,195300519,8,0,1,13312,3,6726888442
9847,84485780,110826065,195311845,8,0,1,7680,3,6243652653
9848,84523440,110791631,195315071,9,0,1,5120,16,6879726619
9849,84546520,102994524,187541044,6,0,0,24576,7,8922345290
9850,84622050,103157923,187779973,9,0,0,29184,16,7896012656
9851,84626010,102998956,187624966,6,0,0,61952,7,4303503634
9852,84633080,103608181,188241261,9,0,0,485376,16,7107886257
9853,84655379,103273586,187928965,5,0,0,104448,10,10550910688
9854,84659019,110685251,195344270,6,0,1,70144,7,5494603117
9855,84663910,103407398,188071308,2,0,0,146944,11,4981250630
9856,84696960,102598038,187294998,9,0,0,62976,16,1000913088
9857,84741601,102862289,187603890,8,0,0,1024,3,9062233960
9858,84764350,102997481,187761831,6,0,0,24064,7,2903626870
9859,84777740,102332794,187110534,9,0,0,3072,16,3210653249
9860,84786001,103592755,188378756,8,0,0,88064,3,2914393912
9861,84823330,110546830,195370160,8,0,1,9728,3,3249173162
9862,84845030,103005101,187850131,9,0,0,17408,16,7657662848
9863,84850980,103458062,188309042,9,0,0,11776,16,9286853420
9864,84882150,103106640,187988790,6,0,0,73728,7,5777360123
9865,84921250,110450136,195371386,9,0,1,512,16,9655613537
9866,84922040,110466104,195388144,9,0,1,37888,16,10133019677
9867,84946700,110445310,195392010,9,0,1,6144,16,6644643971
9868,84947529,102079027,187026556,5,0,0,7168,10,7421390633
9869,84948589,103546968,188495557,5,0,0,94720,10,91124281
9870,85003360,110389828,195393188,5,0,1,13824,10,2493449887
9871,85035230,110366613,195401843,9,0,1,31744,16,3672161258
9872,85053351,110349158,195402509,2,0,1,1024,11,5226777971
9873,85088520,102187267,187275787,6,0,0,11776,7,10358024676
9874,85095280,102403861,187499141,6,0,0,14848,7,9100161799
9875,85109709,103279366,188389075,5,0,0,33792,10,10053707839
9876,85128979,110273876,195402855,6,0,1,512,7,1038905379
9877,85198109,102751471,187949580,5,0,0,67584,10,3420475669
9878,85223470,103128431,188351901,9,0,0,67584,16,7344661583
9879,85241160,103302724,188543884,9,0,0,52224,16,7558649220
9880,85256949,102257816,187514765,5,0,0,5632,10,3717156133
9881,85260130,110177735,195437865,8,0,1,52736,3,1236354033
9882,85305240,102991424,188296664,9,0,0,181760,16,9171296249
9883,85325580,110125217,195450797,8,0,1,2048,3,1937169449
9884,85343780,110107683,195451463,5,0,1,1024,10,6276324844
9885,85366600,103048471,188415071,9,0,0,51200,16,10395288923
9886,85376520,102954587,188331107,9,0,0,32256,16,2214458745
9887,85384980,110066739,195451719,9,0,1,9216,16,3713909787
9888,85414979,102367045,187782024,5,0,0,6656,10,10097619446
9889,85445151,102993686,188438837,8,0,0,45056,3,3943914019
9890,85455950,103230993,188686943,6,0,0,252416,7,9698435405
9891,85473710,103028266,188501976,9,0,0,20992,16,7689732699
9892,85503909,102250567,187754476,5,0,0,16896,10,10562993097
9893,85504960,102266098,187771058,9,0,0,30208,16,8150178306
9894,85513160,109948883,195462043,5,0,1,32256,10,3919661438
9895,85526100,109959051,195485151,9,0,1,52736,16,86065912
9896,85566610,102754646,188321256,9,0,0,29184,16,7135087258
9897,85643820,109857046,195500866,8,0,1,1536,3,8972937060
9898,85646160,109869441,195515601,5,0,1,28672,10,3709500338
9899,85649640,103065046,188714686,9,0,0,7168,16,8631570576
9900,85680129,102625302,188305431,5,0,0,28672,10,5190217636
9901,85682230,103204109,188886339,6,0,0,91648,7,1737816124
9902,85689369,102276926,187966295,5,0,0,54784,10,7507621104
9903,85756180,102337170,188093350,6,0,0,49664,7,114377413
9904,85781789,103181418,188963207,5,0,0,27648,10,5860262015
9905,85824120,102570126,188394246,9,0,0,16896,16,9105769321
9906,85834899,102187528,188022427,5,0,0,57344,10,6832878247
9907,85860601,102217594,188078195,8,0,0,22528,3,2946567598
9908,85863640,102836632,188700272,6,0,0,37888,7,9623849498
9909,85881370,102851591,188732961,6,0,0,59904,7,3878211844
9910,85910399,109606049,195516448,6,0,1,19456,7,6180011368
9911,85920859,109609053,195529912,6,0,1,16384,7,861904548
9912,85962599,109573458,195536057,6,0,1,19968,7,8362864694
9913,85973400,103151696,189125096,6,0,0,97280,7,341414980
9914,86009180,103274992,189284172,9,0,0,11264,16,9992718223
9915,86009521,102820908,188830429,8,0,0,56832,3,10206775041
9916,86015949,109538270,195554219,6,0,1,20992,7,4702364132
9917,86016220,102448247,188464467,9,0,0,41472,16,10615527129
9918,86019360,102495454,188514814,9,0,0,21504,16,3615650924
9919,86060881,102251460,188312341,8,0,0,10752,3,7484696006
9920,86078480,103350482,189428962,6,0,0,92160,7,516550180
9921,86103020,101923493,188026513,6,0,0,512,7,8559127275
9922,86104909,102459245,188564154,5,0,0,39936,10,4307618055
9923,86110201,102398038,188508239,8,0,0,20480,3,6783892746
9924,86134930,103128449,189263379,6,0,0,49664,7,10607956263
9925,86135500,102767554,188903054,9,0,0,54784,16,884409626
9926,86156389,102371560,188527949,5,0,0,43008,10,10242366150
9927,86189720,102262088,188451808,9,0,0,42496,16,9368557779
9928,86210559,109345926,195556485,6,0,1,3584,7,4997653981
9929,86222230,103116749,189338979,6,0,0,19968,7,6782697898
9930,86227349,102321893,188549242,5,0,0,12288,10,8923232155
9931,86250290,109311084,195561374,9,0,1,24576,16,5065856198
9932,86305910,102025376,188331286,6,0,0,512,7,9940525334
9933,86314240,102257269,188571509,6,0,0,24064,7,10603421124
9934,86320421,102104665,188425086,8,0,0,32768,3,8412983206
9935,86417981,101977232,188395213,8,0,0,3072,3,3744690228
9936,86456490,102232215,188688705,6,0,0,5632,7,8021175091
9937,86457230,101942218,188399448,9,0,0,13824,16,6275659572
9938,86461540,109113844,195575384,9,0,1,7168,16,5511152580
9939,86516100,102029367,188545467,2,0,0,5120,11,2678149063
9940,86536110,101930564,188466674,2,0,0,7168,11,8633575342
9941,86543080,102819126,189362206,2,0,0,39424,11,9013401716
9942,86551250,102356515,188907765,2,0,0,15360,11,5985311610
9943,86608911,102469472,189078383,8,0,0,86016,3,1167868194
9944,86649751,102208641,188858392,8,0,0,43008,3,5918277354
9945,86652561,102059902,188712463,8,0,0,39936,3,3500312288
9946,86677690,108911892,195589582,9,0,1,30720,16,3996100206
9947,86690980,102297028,188988008,2,0,0,27136,11,3883916979
9948,86703920,102685855,189389775,9,0,0,82432,16,5288946520
9949,86706450,102385840,189092290,2,0,0,45568,11,3249450767
9950,86714630,108876898,195591528,8,0,1,3072,3,4197029857
9951,86735590,102997642,189733232,9,0,0,97792,16,3650002325
9952,86763910,102832724,189596634,2,0,0,12800,11,5032310896
9953,86799000,102449224,189248224,6,0,0,71680,7,2990312526
9954,86802350,101749590,188551940,9,0,0,8704,16,4827326882
9955,86811480,102283953,189095433,6,0,0,10240,7,4772993355
9956,86814360,102889061,189703421,6,0,0,52224,7,3701107482
9957,86821330,102771389,189592719,6,0,0,139776,7,449903641
9958,86821490,101786891,188608381,9,0,0,10752,16,2980773059
9959,86860361,108731833,195592194,2,0,1,1024,11,2993262567
9960,86861490,102938006,189799496,6,0,0,17408,7,877961484
9961,86863090,108745009,195608099,8,0,1,16384,3,7428582761
9962,86880590,102718726,189599316,9,0,0,8704,16,6806105103
9963,86883600,103188290,190071890,6,0,0,168960,7,618066989
9964,86905420,103096246,190001666,6,0,0,486912,7,2750087421
9965,86913570,102550760,189464330,6,0,0,4608,7,3136294434
9966,86961880,103173688,190135568,2,0,0,141824,11,1999063726
9967,87010491,101755834,188766325,8,0,0,14336,3,1653992194
9968,87130791,102874790,190005581,8,0,0,12800,3,6907630414
9969,87203780,102346336,189550116,6,0,0,82944,7,4567520140
9970,87234491,102278124,189512615,8,0,0,31744,3,3852943417
9971,87250440,108365391,195615831,8,0,1,12288,3,7923836109
9972,87256250,102518196,189774446,2,0,0,135168,11,8195328727
9973,87264480,102529637,189794117,6,0,0,64512,7,10026178194
9974,87333271,102354223,189687494,8,0,0,28160,3,5155020505
9975,87379669,108241308,195620977,6,0,1,8192,7,9995519525
9976,87452790,108174191,195626981,8,0,1,21504,3,1829669509
9977,87453010,101773351,189226361,6,0,0,14848,7,6545749214
9978,87553350,102680471,190233821,6,0,0,105984,7,7912851778
9979,87570400,108061087,195631487,8,0,1,7168,3,1463261783
9980,87573660,102672635,190246295,6,0,0,11264,7,4094589077
9981,87578760,108052881,195631641,8,0,1,8704,3,6011828504
9982,87611331,101819065,189430396,8,0,0,4608,3,113709423
9983,87733401,101781257,189514658,8,0,0,6656,3,8684600381
9984,87785881,102456847,190242728,8,0,0,29184,3,6594739515
9985,87813569,107821938,195635507,6,0,1,6144,7,3481989543
9986,87817130,102203160,190020290,6,0,0,43520,7,7317440392
9987,88053250,107606539,195659789,8,0,1,46080,3,6520168478
9988,88069061,102306720,190375781,8,0,0,1024,3,2454283160
9989,88241971,101850370,190092341,8,0,0,67072,3,2188494844
9990,88286281,102197650,190483931,8,0,0,128000,3,5590730842
9991,88455090,107205653,195660743,8,0,1,9216,3,6378600569
9992,88512271,100943524,189455795,8,0,0,3072,3,2530503424
9993,88558991,101955235,190514226,8,0,0,18432,3,7257372013
9994,88683311,101867005,190550316,8,0,0,9728,3,981721749
9995,88748471,101258544,190007015,8,0,0,4608,3,5258392914
9996,88840941,100963874,189804815,8,0,0,17408,3,1420561866
9997,89096851,101076247,190173098,8,0,0,122880,3,409064487
9998,89122971,101526446,190649417,8,0,0,83456,3,6419830161
9999,89289661,100911808,190201469,8,0,0,92672,3,7714280514
