RequestID,ArrivalTime,DelayTime,FinishTime,InitiatorID,TargetID,IOType,Size,VolumeID,Offset
0,0,59196,59196,0,0,0,5120,19,8715392519
1,1,105504,105505,2,0,0,15872,3,7631795378
2,2,3666,3668,7,0,1,9728,1,6926694240
3,3,8568,8571,8,0,1,5632,14,658780258
4,4,10513,10517,9,0,1,3072,1,5051284052
5,5,10858,10863,3,0,1,512,5,241131914
6,6,64416,64422,4,0,0,6656,9,6650190060
7,7,119675,119682,5,0,0,31744,9,692326625
8,8,317128,317136,6,0,0,32768,2,1197720533
9,9,57364,57373,1,0,0,4096,13,1283284678
10,8200,293196,301396,4,0,0,95232,9,6476390510
11,8890,350312,359202,3,0,0,29184,5,6806137812
12,27910,591509,619419,5,0,0,78336,9,10444336414
13,57170,594945,652115,5,0,0,6656,9,1487349232
14,69010,2946,71956,2,0,1,3072,3,7830897501
15,72020,249904,321924,7,0,0,6656,1,5672443683
16,74800,575272,650072,6,0,0,62976,2,6412493078
17,75941,421772,497713,8,0,0,98816,14,4805111748
18,83980,360456,444436,5,0,0,23040,9,9955463527
19,89150,648184,737334,4,0,0,30208,9,9115991046
20,96950,498586,595536,1,0,0,191488,13,8691848670
21,102170,153308,255478,3,0,0,8704,5,5522765634
22,102340,641717,744057,3,0,0,22016,5,4813703709
23,103170,527691,630861,7,0,0,30720,1,3496626357
24,103320,645448,748768,6,0,0,15360,2,9272330691
25,104150,623926,728076,0,0,0,74752,19,6799051353
26,116050,412581,528631,1,0,0,2560,13,8770409934
27,117900,145717,263617,2,0,0,13312,3,4490035636
28,118630,94919,213549,5,0,1,152576,9,5538682778
29,146240,353360,499600,7,0,0,6144,1,7489614824
30,160930,630479,791409,3,0,0,109568,5,4475173116
31,168830,1029092,1197922,9,0,0,81920,1,8228327819
32,169010,45205,214215,2,0,1,1024,3,575597898
33,181010,440452,621462,6,0,0,6656,2,5973167722
34,185900,30901,216801,8,0,1,4096,14,9192971136
35,187320,33027,220347,7,0,1,5632,1,10106486036
36,190090,662080,852170,4,0,0,33792,9,770615366
37,192741,470894,663635,8,0,0,19456,14,7395296594
38,201850,18843,220693,8,0,1,512,14,8632843657
39,202250,613893,816143,9,0,0,26112,1,2534906098
40,208580,549430,758010,1,0,0,3072,13,4723920736
41,209630,11217,220847,4,0,1,8704,9,1600440076
42,211830,1357302,1569132,4,0,0,28160,9,7043009048
43,222980,1692869,1915849,1,0,0,75264,13,3440041147
44,238610,416556,655166,7,0,0,9728,1,6846245498
45,239570,125829,365399,1,0,0,3072,13,800971602
46,241369,2470,243839,1,0,1,2560,13,10304540783
47,242570,1011791,1254361,7,0,0,49664,1,2585989311
48,247500,408461,655961,5,0,0,2560,9,8575092856
49,249850,6229,256079,1,0,1,15360,13,1151021204
50,258170,549497,807667,0,0,0,8704,19,186624453
51,268460,731274,999734,2,0,0,14336,3,3476066322
52,279200,25950,305150,3,0,1,10240,5,9403136498
53,288580,30162,318742,1,0,1,24064,13,2586747212
54,290610,749251,1039861,9,0,0,41472,1,366951828
55,297180,360512,657692,3,0,0,5632,5,6159068292
56,297881,607119,905000,8,0,0,22016,14,7963565279
57,298010,367044,665054,3,0,0,4608,5,5681145980
58,303011,869616,1172627,8,0,0,46592,14,6606660656
59,311930,927260,1239190,4,0,0,77824,9,5557551684
60,321440,5326,326766,6,0,1,5120,2,6142475489
61,333900,881547,1215447,2,0,0,7168,3,5347814834
62,347530,319099,666629,5,0,0,5120,9,1999998394
63,348390,1284512,1632902,7,0,0,46592,1,9005610979
64,363100,335907,699007,4,0,0,3584,9,1344733528
65,363180,493922,857102,5,0,0,4608,9,7547117664
66,371830,539893,911723,6,0,0,22016,2,5058851856
67,384310,450303,834613,0,0,0,24064,19,6028771645
68,392210,766206,1158416,1,0,0,9728,13,3653189402
69,396529,7706,404235,1,0,1,8192,13,5580488800
70,399221,715063,1114284,8,0,0,13312,14,2500457084
71,410990,485067,896057,4,0,0,60416,9,5005432530
72,411230,256552,667782,4,0,0,3584,9,1680230060
73,414090,342969,757059,4,0,0,27136,9,4519654177
74,482560,370257,852817,7,0,0,2048,1,4438941849
75,519919,4679,524598,1,0,1,12288,13,10227433377
76,526570,449527,976097,5,0,0,96256,9,605924957
77,574620,92032,666652,0,0,1,11776,19,2737622536
78,579300,788625,1367925,1,0,0,42496,13,2072907513
79,583380,83295,666675,4,0,1,6144,9,9537897720
80,591230,762305,1353535,0,0,0,50176,19,9373526525
81,606880,648276,1255156,0,0,0,2560,19,7107281046
82,608710,696488,1305198,6,0,0,67072,2,7557387183
83,613000,778845,1391845,2,0,0,23552,3,8813650389
84,613110,1150045,1763155,2,0,0,13824,3,7082601753
85,614340,511810,1126150,5,0,0,7680,9,2110547148
86,621010,49482,670492,2,0,1,10752,3,5836151540
87,624490,310876,935366,7,0,0,7168,1,1117674095
88,655790,937923,1593713,3,0,0,10752,5,3965955781
89,668450,2708,671158,4,0,1,1024,9,8863045336
90,670560,1663434,2333994,5,0,0,28160,9,9074636806
91,675951,694368,1370319,8,0,0,3584,14,3744570683
92,681200,630768,1311968,0,0,0,12288,19,2999770625
93,685130,714338,1399468,1,0,0,24064,13,3816302333
94,693010,35081,728091,2,0,1,32256,3,1624134342
95,697440,902292,1599732,6,0,0,2560,2,10082525743
96,701110,512130,1213240,9,0,0,50176,1,7937547686
97,710780,80700,791480,7,0,1,32256,1,1609706283
98,718490,73013,791503,9,0,1,14336,1,36163623
99,722980,255512,978492,2,0,0,7680,3,3646632337
100,732960,1132007,1864967,6,0,0,20480,2,9886031780
101,747520,48588,796108,9,0,1,4608,1,4691847523
102,748891,748276,1497167,8,0,0,32768,14,59567554
103,749860,240360,990220,0,0,0,1024,19,8737562081
104,750980,693526,1444506,0,0,0,45568,19,6696860503
105,753610,1686467,2440077,7,0,0,14336,1,10096686349
106,759060,242249,1001309,3,0,0,5120,5,3910470578
107,759980,37434,797414,0,0,1,2048,19,7014598687
108,761110,567062,1328172,4,0,0,7680,9,3616572772
109,766950,900001,1666951,5,0,0,17920,9,1703824388
110,771210,29040,800250,3,0,1,15872,5,6492639109
111,776630,25246,801876,0,0,1,2560,19,9139749011
112,782370,25312,807682,4,0,1,6144,9,8936279237
113,785790,498957,1284747,4,0,0,48640,9,3127566828
114,789140,1730310,2519450,3,0,0,10240,5,3718553884
115,796160,605366,1401526,7,0,0,6656,1,7744104654
116,796500,212030,1008530,1,0,0,14848,13,452334727
117,799330,873817,1673147,2,0,0,8192,3,5491937217
118,799850,7847,807697,3,0,1,2048,5,4841494034
119,811350,708786,1520136,1,0,0,28672,13,311107130
120,825440,680649,1506089,2,0,0,14848,3,5656398837
121,842840,10502,853342,3,0,1,512,5,8821457559
122,873440,394679,1268119,0,0,0,42496,19,4570302836
123,877090,431087,1308177,7,0,0,9728,1,8392474986
124,878741,389861,1268602,8,0,0,1536,14,4844107249
125,891670,591719,1483389,4,0,0,12800,9,8391531754
126,908081,360692,1268773,8,0,0,512,14,3855458916
127,912181,692686,1604867,8,0,0,7168,14,5323852350
128,914560,891528,1806088,7,0,0,19456,1,8557864721
129,919820,350060,1269880,3,0,0,3584,5,5930704013
130,926050,808291,1734341,1,0,0,62976,13,3595350315
131,927980,1994,929974,6,0,1,2048,2,10696559486
132,947581,368973,1316554,8,0,0,7168,14,7717234331
133,951910,403052,1354962,7,0,0,4608,1,8617362545
134,953650,687231,1640881,7,0,0,26112,1,2440326714
135,955840,821031,1776871,3,0,0,23552,5,6723196182
136,956730,357593,1314323,1,0,0,7680,13,6405382541
137,968640,400572,1369212,4,0,0,4096,9,9495031972
138,969591,845272,1814863,8,0,0,28672,14,1260709317
139,972110,868176,1840286,1,0,0,16384,13,10030590504
140,973031,1073823,2046854,8,0,0,61952,14,8059422976
141,975970,8416,984386,2,0,1,6144,3,7823725567
142,980960,477808,1458768,3,0,0,512,5,6238933873
143,996870,930073,1926943,4,0,0,9728,9,3935286042
144,1008939,5802,1014741,1,0,1,6144,13,2687478770
145,1027571,1998685,3026256,8,0,0,43008,14,8461515499
146,1030560,14297,1044857,3,0,1,12800,5,5170865535
147,1036270,465280,1501550,0,0,0,14336,19,188327073
148,1038970,1171202,2210172,9,0,0,19968,1,7255435075
149,1042280,1075249,2117529,2,0,0,39424,3,2459844363
150,1060330,758152,1818482,7,0,0,11776,1,5015035141
151,1061710,310094,1371804,0,0,0,2048,19,7048199310
152,1070620,847912,1918532,2,0,0,8704,3,3654949527
153,1077480,447301,1524781,2,0,0,6656,3,647610496
154,1081690,1297808,2379498,7,0,0,25088,1,8710477911
155,1133600,818751,1952351,9,0,0,2560,1,9420040122
156,1141000,1004611,2145611,4,0,0,10752,9,8521371689
157,1161330,762506,1923836,5,0,0,7168,9,4814718738
158,1162510,718390,1880900,0,0,0,22528,19,10655222523
159,1163300,636845,1800145,1,0,0,76288,13,2832765508
160,1164210,33727,1197937,8,0,1,3584,14,9627232340
161,1171660,1650637,2822297,1,0,0,23040,13,1828147321
162,1193151,1496705,2689856,8,0,0,62464,14,4860947850
163,1209300,1307015,2516315,7,0,0,11776,1,10342945961
164,1211580,545280,1756860,3,0,0,8704,5,4652705873
165,1215640,650902,1866542,5,0,0,5120,9,1142839889
166,1225501,1016755,2242256,8,0,0,44032,14,9396108621
167,1232300,1065186,2297486,5,0,0,22528,9,7477736535
168,1246170,776766,2022936,1,0,0,2560,13,8221059697
169,1257850,575960,1833810,3,0,0,33280,5,9285936977
170,1261030,1977450,3238480,6,0,0,30208,2,2639869984
171,1269470,477241,1746711,4,0,0,40448,9,1740555418
172,1274001,431870,1705871,8,0,0,9728,14,212695757
173,1274070,344613,1618683,6,0,0,20992,2,1407954828
174,1275450,875237,2150687,3,0,0,12288,5,3920888362
175,1282290,267441,1549731,3,0,0,2560,5,10302052836
176,1299970,587741,1887711,6,0,0,512,2,6752442615
177,1304060,1742138,3046198,3,0,0,4096,5,10194219663
178,1304090,1356333,2660423,6,0,0,3584,2,815968206
179,1309570,1121530,2431100,3,0,0,142336,5,10014445178
180,1312590,10234,1322824,9,0,1,6656,1,305635868
181,1325150,1428687,2753837,5,0,0,67072,9,10085198948
182,1326500,4610,1331110,3,0,1,3072,5,1715576972
183,1339461,1489247,2828708,8,0,0,20992,14,288659768
184,1342269,32383,1374652,1,0,1,4608,13,5819812307
185,1346660,2077841,3424501,9,0,0,18432,1,8106898194
186,1350370,49113,1399483,4,0,1,37376,9,8736661941
187,1383861,867032,2250893,8,0,0,17408,14,2695431497
188,1391890,1419697,2811587,6,0,0,128512,2,7911650495
189,1401090,1452125,2853215,6,0,0,6656,2,3239252164
190,1405660,1525877,2931537,4,0,0,49664,9,8722255984
191,1406780,1504666,2911446,9,0,0,78848,1,10432902626
192,1438760,11064,1449824,0,0,1,5632,19,16172643
193,1452960,1042,1454002,6,0,1,1024,2,10573017840
194,1458260,1755827,3214087,7,0,0,34816,1,152980843
195,1459880,7706,1467586,9,0,1,8192,1,3765019984
196,1463241,1379545,2842786,8,0,0,2560,14,390158362
197,1485840,34311,1520151,7,0,1,51200,1,1513230912
198,1486370,788838,2275208,2,0,0,34816,3,2923262820
199,1495310,512405,2007715,0,0,0,37888,19,9151532737
200,1495360,1657304,3152664,5,0,0,39936,9,720761209
201,1531670,1310313,2841983,7,0,0,43520,1,8888022487
202,1536660,1720170,3256830,6,0,0,17408,2,4531868559
203,1540120,3422,1543542,1,0,1,3584,13,110408643
204,1546690,3056,1549746,2,0,1,3072,3,7420538663
205,1550760,789957,2340717,5,0,0,22016,9,7737890754
206,1564300,2027010,3591310,7,0,0,10240,1,6025441827
207,1568330,500606,2068936,2,0,0,2048,3,1226725611
208,1580760,13512,1594272,5,0,1,26112,9,7366282956
209,1581490,894991,2476481,3,0,0,24576,5,2583964963
210,1593660,2515,1596175,5,0,1,2560,9,6526186444
211,1600410,1315925,2916335,9,0,0,15872,1,5841599968
212,1608080,579964,2188044,0,0,0,17920,19,6564333169
213,1611770,1401335,3013105,4,0,0,22528,9,1696811117
214,1614090,1519668,3133758,2,0,0,64000,3,3219818773
215,1625750,479752,2105502,2,0,0,45568,3,3592552519
216,1634110,717574,2351684,3,0,0,25600,5,1833604370
217,1636300,566056,2202356,0,0,0,1536,19,4455323433
218,1646550,2659442,4305992,3,0,0,13312,5,10480701078
219,1660980,793207,2454187,0,0,0,22528,19,2294509671
220,1671520,3137,1674657,5,0,1,1536,9,5839159399
221,1676930,305563,1982493,5,0,0,16896,9,2891525540
222,1690031,395386,2085417,8,0,0,4608,14,9324939946
223,1704510,428854,2133364,7,0,0,16896,1,1551450822
224,1712590,1969876,3682466,5,0,0,28160,9,426147217
225,1713900,20456,1734356,7,0,1,10240,1,4735182188
226,1719100,1325827,3044927,9,0,0,2048,1,8157351346
227,1720360,2212048,3932408,4,0,0,13312,9,2402962055
228,1731220,2129584,3860804,9,0,0,49152,1,6895599741
229,1768270,8616,1776886,3,0,1,1536,5,3251427728
230,1778390,1084239,2862629,2,0,0,30720,3,9737270268
231,1781510,762386,2543896,2,0,0,8704,3,5414970883
232,1790950,1542185,3333135,3,0,0,1024,5,10039729838
233,1794640,640859,2435499,2,0,0,14336,3,8460774972
234,1800920,396674,2197594,3,0,0,14848,5,4460784097
235,1816820,6028,1822848,8,0,1,4608,14,2366192444
236,1844400,1198602,3043002,2,0,0,30208,3,6749985543
237,1846590,3422,1850012,5,0,1,3584,9,9523950075
238,1851121,1112395,2963516,8,0,0,57856,14,5611726789
239,1855160,421935,2277095,6,0,0,6144,2,3005889921
240,1856740,432466,2289206,2,0,0,25600,3,9435802773
241,1863530,1337664,3201194,9,0,0,34816,1,661414930
242,1868110,2749302,4617412,0,0,0,8192,19,747138451
243,1896490,27361,1923851,8,0,1,4096,14,9817604376
244,1898000,241575,2139575,1,0,0,1024,13,1826161494
245,1913670,429566,2343236,4,0,0,8192,9,2302205322
246,1926770,14023,1940793,9,0,1,23552,1,1659992126
247,1939700,772249,2711949,1,0,0,2048,13,8413030649
248,1948871,1084912,3033783,8,0,0,24576,14,5037844918
249,1953620,4850,1958470,6,0,1,5120,2,9052577457
250,1962830,13341,1976171,3,0,1,22528,5,7121137789
251,1972150,527299,2499449,9,0,0,9216,1,4162875199
252,1972951,1991704,3964655,8,0,0,38400,14,874390289
253,2015240,3422,2018662,5,0,1,3584,9,186878621
254,2018670,868722,2887392,4,0,0,21504,9,777596028
255,2020240,860585,2880825,3,0,0,59392,5,4079913682
256,2022960,466163,2489123,1,0,0,3584,13,9445302017
257,2026170,238415,2264585,3,0,0,5632,5,9808239816
258,2034970,2858292,4893262,0,0,0,6144,19,7284538505
259,2035720,736696,2772416,0,0,0,60928,19,5398640737
260,2043610,516541,2560151,1,0,0,40960,13,8771775048
261,2049440,3898,2053338,7,0,1,4096,1,1654497129
262,2049689,6244,2055933,1,0,1,13312,13,9751236111
263,2051219,9335,2060554,1,0,1,14336,13,2194936300
264,2062620,1270165,3332785,5,0,0,75264,9,120277949
265,2063910,924901,2988811,0,0,0,82944,19,1642529341
266,2088860,2642807,4731667,3,0,0,11264,5,9379102068
267,2089781,3137322,5227103,8,0,0,11264,14,9499820391
268,2104720,834358,2939078,6,0,0,2560,2,5067336235
269,2104760,342548,2447308,4,0,0,23552,9,4505765539
270,2107980,1358637,3466617,7,0,0,3584,1,226402733
271,2112120,6518,2118638,4,0,1,1024,9,249078174
272,2119640,605065,2724705,1,0,0,3584,13,1164655844
273,2120500,825309,2945809,9,0,0,22016,1,278268183
274,2125630,1608177,3733807,5,0,0,34816,9,2793615694
275,2129120,1093172,3222292,7,0,0,4608,1,9948706015
276,2132450,1973,2134423,8,0,1,1024,14,3273899372
277,2138450,1956419,4094869,7,0,0,32768,1,960547647
278,2144210,857001,3001211,7,0,0,16896,1,7889961956
279,2148700,1099208,3247908,7,0,0,13312,1,4496702218
280,2156810,2252396,4409206,0,0,0,26112,19,770147086
281,2163040,1057802,3220842,3,0,0,22016,5,3897279188
282,2164810,505999,2670809,9,0,0,14848,1,135830337
283,2166740,767152,2933892,0,0,0,7680,19,1318022162
284,2192040,18147,2210187,8,0,1,27136,14,4878743541
285,2195960,1683603,3879563,4,0,0,61440,9,1134364638
286,2208800,1034999,3243799,5,0,0,17408,9,4734264742
287,2212250,928231,3140481,9,0,0,22016,1,7317602205
288,2215581,970075,3185656,8,0,0,9216,14,1844558798
289,2216331,3123123,5339454,8,0,0,2048,14,6961344636
290,2220459,3904,2224363,1,0,1,10752,13,1917345034
291,2223300,212378,2435678,5,0,0,512,9,8704759728
292,2231640,958923,3190563,7,0,0,15872,1,4710395607
293,2232000,472986,2704986,4,0,0,12288,9,1319212641
294,2233890,3536306,5770196,9,0,0,512,1,10251699854
295,2236210,578988,2815198,9,0,0,11776,1,4457543667
296,2243540,1211768,3455308,9,0,0,69120,1,2232525874
297,2256410,566,2256976,5,0,1,512,9,121553041
298,2261980,1171007,3432987,0,0,0,16384,19,2255265484
299,2271080,9922,2281002,0,0,1,4096,19,9412143828
300,2271250,1083084,3354334,7,0,0,29696,1,1315815690
301,2285110,12391,2297501,6,0,1,2560,2,3367211442
302,2289910,2376302,4666212,6,0,0,52736,2,7938502411
303,2291690,3210316,5502006,4,0,0,1536,9,663832982
304,2294940,2249463,4544403,9,0,0,64512,1,10472758533
305,2295300,710918,3006218,9,0,0,16384,1,446277117
306,2306600,742265,3048865,3,0,0,8704,5,6275175834
307,2310481,999349,3309830,8,0,0,72192,14,8754383422
308,2320880,861953,3182833,1,0,0,46080,13,3412612031
309,2325160,613115,2938275,1,0,0,14336,13,5801086087
310,2331490,20209,2351699,6,0,1,3072,2,4936738640
311,2342330,2412392,4754722,7,0,0,11264,1,5293193514
312,2346670,503823,2850493,5,0,0,25088,9,2515532886
313,2351720,692560,3044280,2,0,0,512,3,9570153644
314,2355080,896431,3251511,9,0,0,11776,1,5698271032
315,2355560,988712,3344272,1,0,0,18432,13,3631107232
316,2356810,1259832,3616642,7,0,0,28160,1,9061355217
317,2358940,1224916,3583856,7,0,0,65024,1,7655533523
318,2360619,5971,2366590,1,0,1,14848,13,1750171964
319,2368620,1476998,3845618,6,0,0,48128,2,5307333566
320,2370230,1002282,3372512,5,0,0,34816,9,10629994362
321,2386710,2095480,4482190,6,0,0,16384,2,1805849350
322,2387870,1674294,4062164,1,0,0,19456,13,9736645048
323,2388900,607110,2996010,1,0,0,23552,13,4493902956
324,2393220,2546347,4939567,3,0,0,11264,5,669678667
325,2401280,1856196,4257476,4,0,0,23040,9,9117812162
326,2406290,1351008,3757298,6,0,0,19456,2,5523164778
327,2423480,987680,3411160,4,0,0,10240,9,1295832070
328,2425710,425438,2851148,4,0,0,2048,9,1281689280
329,2426640,918631,3345271,0,0,0,3072,19,6533330933
330,2430500,730603,3161103,5,0,0,27648,9,899240485
331,2437360,3429660,5867020,4,0,0,16384,9,5341210473
332,2443050,2719576,5162626,6,0,0,17408,2,10311216459
333,2445480,2347639,4793119,4,0,0,11776,9,4944521780
334,2450590,718172,3168762,2,0,0,25088,3,7244295544
335,2455140,748284,3203424,9,0,0,5632,1,5288598343
336,2488000,2124,2490124,8,0,1,1024,14,498018986
337,2493040,1994,2495034,4,0,1,2048,9,5675645760
338,2504740,1804387,4309127,3,0,0,10240,5,2083639987
339,2511500,827133,3338633,3,0,0,9728,5,825785911
340,2527680,4374,2532054,9,0,1,4608,1,8220880426
341,2528140,1114911,3643051,2,0,0,5632,3,3796387440
342,2531110,528403,3059513,4,0,0,5632,9,5595101002
343,2534200,922527,3456727,4,0,0,4608,9,5976977848
344,2535990,2449336,4985326,6,0,0,39936,2,6692477468
345,2543550,1856,2545406,0,0,1,1536,19,882664121
346,2559430,1424094,3983524,0,0,0,40960,19,9883546805
347,2560660,483449,3044109,7,0,0,3584,1,8137595551
348,2569650,632027,3201677,5,0,0,1536,9,2300843192
349,2571080,5454,2576534,4,0,1,13824,9,5497575276
350,2577140,1042,2578182,0,0,1,1024,19,4424646713
351,2578169,16101,2594270,1,0,1,31232,13,2847564114
352,2582060,1383866,3965926,6,0,0,4096,2,7485600301
353,2602299,15062,2617361,1,0,1,29184,13,2148752440
354,2605661,450654,3056315,8,0,0,4608,14,7533899162
355,2632880,1694997,4327877,1,0,0,17920,13,69757662
356,2639330,1749890,4389220,4,0,0,2560,9,4127675027
357,2640770,923212,3563982,0,0,0,92160,19,2998067270
358,2649150,5802,2654952,4,0,1,6144,9,2924201203
359,2671310,19597,2690907,5,0,1,1024,9,1549299138
360,2679640,656006,3335646,6,0,0,8192,2,9472409566
361,2704970,713892,3418862,5,0,0,19456,9,1281991311
362,2722990,386760,3109750,4,0,0,2048,9,4921070622
363,2735750,1602298,4338048,9,0,0,33280,1,6542562000
364,2745051,1595048,4340099,8,0,0,6656,14,7637162988
365,2745990,1778726,4524716,6,0,0,35840,2,6175622823
366,2757450,842044,3599494,6,0,0,6144,2,716054513
367,2760710,92520,2853230,8,0,1,4608,14,7209738080
368,2762220,523348,3285568,0,0,0,2560,19,50179813
369,2773900,88768,2862668,6,0,1,8192,2,1251629837
370,2774450,88241,2862691,3,0,1,4096,5,4037747086
371,2779210,2377614,5156824,9,0,0,82432,1,1831314140
372,2793350,597058,3390408,9,0,0,5632,1,9895577461
373,2798029,64677,2862706,1,0,1,3072,13,8416604885
374,2799550,578694,3378244,1,0,0,12800,13,3843854101
375,2800960,1283910,4084870,5,0,0,22528,9,4579748923
376,2819340,68067,2887407,0,0,1,4096,19,6936219447
377,2821730,876722,3698452,5,0,0,7168,9,2824386803
378,2835450,76011,2911461,8,0,1,2560,14,5510195099
379,2840690,70794,2911484,7,0,1,4096,1,515617809
380,2843320,73030,2916350,5,0,1,2560,9,7973607763
381,2844150,436858,3281008,7,0,0,12800,1,6582873555
382,2845420,967353,3812773,9,0,0,30720,1,1055184450
383,2859130,2038671,4897801,0,0,0,14848,19,4430199254
384,2869800,126225,2996025,5,0,1,9216,9,8330076244
385,2875370,1810612,4685982,6,0,0,20992,2,639722399
386,2879380,1367896,4247276,3,0,0,1536,5,6858584327
387,2880890,115150,2996040,5,0,1,11776,9,10666128170
388,2880940,1219560,4100500,3,0,0,18432,5,7717611593
389,2881180,1795187,4676367,4,0,0,33280,9,2198819781
390,2902550,2531282,5433832,2,0,0,25600,3,9165592335
391,2906760,734560,3641320,1,0,0,41472,13,1984431611
392,2910640,1003827,3914467,7,0,0,25600,1,6147452493
393,2912080,1040860,3952940,6,0,0,23552,2,401483635
394,2917950,1404452,4322402,3,0,0,30208,5,4862729221
395,2918120,3397486,6315606,1,0,0,73728,13,6172874215
396,2926100,721172,3647272,5,0,0,1536,9,8382220551
397,2928250,1546309,4474559,7,0,0,12800,1,4397672175
398,2936161,2427006,5363167,8,0,0,40960,14,3041346840
399,2942190,3227365,6169555,6,0,0,88576,2,10423338040
400,2960260,1145582,4105842,4,0,0,16896,9,9808904172
401,2975580,452400,3427980,2,0,0,11264,3,4341843770
402,2980901,494754,3475655,8,0,0,9728,14,6202069310
403,2983620,2568841,5552461,7,0,0,46080,1,8426203146
404,2986310,677882,3664192,5,0,0,6656,9,4471473940
405,2986681,2205927,5192608,8,0,0,52224,14,3148776352
406,2991990,1242191,4234181,9,0,0,17920,1,3538887816
407,2997099,62429,3059528,1,0,1,27136,13,4223173275
408,3000680,2861333,5862013,5,0,0,53248,9,1434796840
409,3023550,747243,3770793,4,0,0,2048,9,2397902500
410,3034250,1177034,4211284,0,0,0,4608,19,2552355962
411,3036330,1909195,4945525,4,0,0,18944,9,9636740857
412,3040290,3475640,6515930,7,0,0,30720,1,7436547643
413,3040800,1869215,4910015,4,0,0,24576,9,5736097775
414,3046340,13203,3059543,5,0,1,512,9,10041917506
415,3095050,1379875,4474925,9,0,0,512,1,3598156564
416,3109850,355636,3465486,9,0,0,28672,1,4614718602
417,3111030,2913696,6024726,1,0,0,36352,13,8862371190
418,3124240,2457096,5581336,3,0,0,94720,5,2260901307
419,3127620,1840574,4968194,6,0,0,38912,2,7443647146
420,3136990,83883,3220873,9,0,1,1024,1,6371989428
421,3139791,2097372,5237163,8,0,0,29696,14,1788262096
422,3146441,2811512,5957953,8,0,0,46592,14,9783630875
423,3148040,745531,3893571,0,0,0,13312,19,923028055
424,3149510,2658305,5807815,6,0,0,38912,2,9240741964
425,3151700,1750796,4902496,1,0,0,15360,13,9043882230
426,3163630,1921822,5085452,3,0,0,44544,5,6079455872
427,3171449,50890,3222339,1,0,1,18432,13,1942805315
428,3178590,3590185,6768775,4,0,0,37888,9,5533460048
429,3179390,46090,3225480,7,0,1,12288,1,3410816961
430,3180490,1394030,4574520,5,0,0,16896,9,9933100278
431,3187580,2954956,6142536,3,0,0,28672,5,7660553339
432,3188430,55392,3243822,2,0,1,6656,3,5721084556
433,3191470,973584,4165054,9,0,0,23552,1,2225477891
434,3191620,697857,3889477,5,0,0,16384,9,6713167783
435,3192300,51537,3243837,5,0,1,6144,9,1067588830
436,3197000,2147326,5344326,4,0,0,11264,9,3134047236
437,3207301,1263343,4470644,8,0,0,7680,14,9668080478
438,3208251,1387945,4596196,8,0,0,4096,14,1917025426
439,3208820,1440818,4649638,2,0,0,43520,3,692424526
440,3230500,37563,3268063,7,0,1,18432,1,7718307321
441,3245690,22834,3268524,7,0,1,10240,1,6869111138
442,3254000,3072564,6326564,4,0,0,35840,9,5880933225
443,3284990,47818,3332808,2,0,1,21504,3,9718611889
444,3285230,2373829,5659059,9,0,0,21504,1,735679516
445,3287000,3401950,6688950,3,0,0,64512,5,3606147071
446,3297540,56809,3354349,9,0,1,5120,1,5725938056
447,3311530,735526,4047056,5,0,0,14336,9,2609052184
448,3322230,32134,3354364,7,0,1,2048,1,8642720545
449,3329011,1117149,4446160,8,0,0,5120,14,2789840171
450,3330450,3085581,6416031,5,0,0,51200,9,5528100333
451,3333340,551130,3884470,5,0,0,15872,9,2837583397
452,3336200,609541,3945741,9,0,0,19456,1,6005992890
453,3391610,677688,4069298,0,0,0,512,19,8000965885
454,3395650,1990910,5386560,3,0,0,2560,5,10020154371
455,3402080,1627369,5029449,3,0,0,20992,5,10110485273
456,3403380,629024,4032404,1,0,0,1536,13,7514157821
457,3407070,642029,4049099,5,0,0,6656,9,5624047773
458,3413460,19550,3433010,5,0,1,2560,9,1934297149
459,3418820,1055926,4474746,7,0,0,512,1,5401339497
460,3419571,593621,4013192,8,0,0,25088,14,7561109414
461,3423130,1305074,4728204,7,0,0,101376,1,401980557
462,3426580,1819370,5245950,9,0,0,2560,1,2069680928
463,3435850,1475287,4911137,4,0,0,1536,9,8820400988
464,3444540,2207952,5652492,7,0,0,31232,1,6141198804
465,3455400,1599960,5055360,7,0,0,84992,1,7146644335
466,3455560,645119,4100679,2,0,0,512,3,6048493496
467,3477950,1042,3478992,6,0,1,1024,2,7516897137
468,3484040,1449950,4933990,6,0,0,32768,2,5739060282
469,3498910,13341,3512251,2,0,1,22528,3,2883573317
470,3500570,345219,3845789,7,0,0,512,1,8700996061
471,3501550,800371,4301921,2,0,0,1536,3,6585461165
472,3507991,793447,4301438,8,0,0,9216,14,1302494395
473,3510240,1381135,4891375,3,0,0,60416,5,240208482
474,3511600,12737,3524337,9,0,1,24576,1,10153138370
475,3518100,912444,4430544,0,0,0,20480,19,2650432446
476,3519780,382582,3902362,9,0,0,2560,1,2603135725
477,3520060,7183,3527243,8,0,1,4608,14,4096207303
478,3520120,1637187,5157307,4,0,0,1536,9,9472302608
479,3532369,31628,3563997,1,0,1,5120,13,5946671287
480,3537211,1308545,4845756,8,0,0,20480,14,8079863891
481,3537850,61659,3599509,9,0,1,23552,1,1697763331
482,3540370,1399368,4939738,6,0,0,512,2,4791504357
483,3543870,55654,3599524,3,0,1,2048,5,9503473227
484,3563280,904985,4468265,1,0,0,68096,13,8017102448
485,3564260,1716458,5280718,3,0,0,3584,5,7750644696
486,3576990,22549,3599539,7,0,1,512,1,4334323883
487,3580140,21796,3601936,8,0,1,4096,14,10333446150
488,3582130,23032,3605162,5,0,1,5120,9,470601502
489,3583320,1717248,5300568,6,0,0,14336,2,4429127740
490,3584340,3064269,6648609,5,0,0,78848,9,7883605091
491,3585670,2917734,6503404,4,0,0,62464,9,4941498117
492,3588320,2670688,6259008,7,0,0,74240,1,3759465173
493,3590271,601397,4191668,8,0,0,512,14,1092372492
494,3595070,1244431,4839501,4,0,0,28672,9,9644390494
495,3610350,3227660,6838010,0,0,0,31232,19,10381434899
496,3617000,1994,3618994,0,0,1,2048,19,10257442399
497,3630730,1428287,5059017,1,0,0,10240,13,8389682859
498,3633440,12498,3645938,8,0,1,8704,14,10200728361
499,3652580,646035,4298615,3,0,0,26624,5,2930392484
500,3663370,3053638,6717008,5,0,0,3584,9,7458169986
501,3677100,1345938,5023038,3,0,0,31744,5,3265479017
502,3682560,1229692,4912252,1,0,0,3584,13,7086082639
503,3689310,1526987,5216297,4,0,0,8704,9,2336173844
504,3694460,1361383,5055843,7,0,0,1536,1,152875874
505,3696890,1547192,5244082,6,0,0,1536,2,5565309300
506,3704390,1498849,5203239,5,0,0,34816,9,2227791937
507,3721880,1624021,5345901,9,0,0,5120,1,1995885473
508,3727180,1496476,5223656,6,0,0,22016,2,8156694170
509,3733320,1139632,4872952,9,0,0,2560,1,1598156450
510,3737980,2836485,6574465,9,0,0,66560,1,8368947641
511,3739300,3397260,7136560,2,0,0,512,3,3186532401
512,3743980,3269110,7013090,7,0,0,99840,1,7701760083
513,3747130,1163524,4910654,0,0,0,2048,19,3548365647
514,3753770,1107466,4861236,3,0,0,23040,5,10137316600
515,3753780,4118,3757898,1,0,1,512,13,3532672901
516,3756030,1305654,5061684,7,0,0,8704,1,4991529793
517,3758390,921127,4679517,1,0,0,10240,13,5448526362
518,3764060,5712,3769772,2,0,1,14336,3,8460304408
519,3777710,913094,4690804,3,0,0,7680,5,1966131206
520,3779810,1495504,5275314,7,0,0,8192,1,8195228705
521,3784430,3129253,6913683,4,0,0,75264,9,2017181892
522,3784690,3042344,6827034,4,0,0,7168,9,7904214293
523,3789750,4679,3794429,2,0,1,12288,3,3957239774
524,3800710,1873474,5674184,6,0,0,29184,2,8640794528
525,3806120,1407438,5213558,5,0,0,33792,9,2564699051
526,3809230,3149287,6958517,3,0,0,44544,5,10706647760
527,3810060,1418017,5228077,3,0,0,3072,5,2568652874
528,3810370,3080342,6890712,7,0,0,82944,1,5818336978
529,3817280,1600750,5418030,9,0,0,52736,1,2188904843
530,3838050,1635106,5473156,5,0,0,24064,9,294037351
531,3838671,1033486,4872157,8,0,0,23040,14,552512298
532,3840950,48542,3889492,6,0,1,23040,2,9185786281
533,3845400,48202,3893602,8,0,1,5632,14,7478258485
534,3846070,1477245,5323315,4,0,0,2560,9,7405923784
535,3852080,3280199,7132279,4,0,0,68096,9,2140528126
536,3852989,42174,3895163,1,0,1,14336,13,976722206
537,3856560,4535377,8391937,7,0,0,45568,1,8127203061
538,3859040,1750119,5609159,0,0,0,16384,19,3454965837
539,3867510,1902468,5769978,6,0,0,81408,2,6428485528
540,3870141,904509,4774650,8,0,0,7168,14,10137608156
541,3881541,1492475,5374016,8,0,0,4096,14,7345408461
542,3884560,12229,3896789,2,0,1,2560,3,3856451227
543,3885020,1604234,5489254,9,0,0,52736,1,5734849084
544,3901200,3295468,7196668,5,0,0,17408,9,4185958242
545,3907310,3150592,7057902,5,0,0,26624,9,147712468
546,3908790,1155585,5064375,2,0,0,8704,3,7882628073
547,3916910,6278,3923188,7,0,1,6656,1,525885179
548,3918900,1257781,5176681,2,0,0,46080,3,9108690509
549,3919450,4404,3923854,1,0,1,1024,13,5754115809
550,3920770,3385556,7306326,1,0,0,20992,13,10025794117
551,3921260,1446602,5367862,7,0,0,15360,1,4433322481
552,3923430,2470,3925900,1,0,1,2560,13,5413344886
553,3940030,25927,3965957,8,0,1,1024,14,4994382357
554,3956520,892691,4849211,5,0,0,11264,9,5066445320
555,3963380,1484718,5448098,9,0,0,39424,1,1794041485
556,3970930,3062943,7033873,1,0,0,12288,13,2216714581
557,3984410,1705178,5689588,0,0,0,11264,19,9391130480
558,3991980,1312058,5304038,1,0,0,6144,13,4637663544
559,3998270,2287030,6285300,7,0,0,22528,1,442499014
560,4001770,11437,4013207,7,0,1,6144,1,607657901
561,4023290,4679,4027969,6,0,1,12288,2,4578112957
562,4026300,1563039,5589339,4,0,0,26112,9,7401482086
563,4028261,1469300,5497561,8,0,0,27136,14,6905754005
564,4030480,3387,4033867,0,0,1,9728,19,1959396674
565,4044600,1268726,5313326,5,0,0,7680,9,2083674832
566,4048450,2184,4050634,1,0,1,1536,13,3872603651
567,4054291,1917280,5971571,8,0,0,36352,14,5712595586
568,4054450,595671,4650121,0,0,0,1536,19,489701271
569,4060800,1438204,5499004,4,0,0,4608,9,824456009
570,4070690,876964,4947654,1,0,0,3072,13,4671600105
571,4084800,22068,4106868,1,0,1,1024,13,3417475189
572,4097130,1328879,5426009,5,0,0,26112,9,8362836236
573,4107990,7706,4115696,8,0,1,8192,14,1237351248
574,4110570,7392,4117962,3,0,1,3584,5,6921898112
575,4126600,973851,5100451,6,0,0,43008,2,9720254023
576,4135810,1387739,5523549,7,0,0,70656,1,1158359982
577,4139210,3396133,7535343,9,0,0,29696,1,5937983293
578,4142880,1702894,5845774,1,0,0,16384,13,6755516015
579,4160570,6487,4167057,5,0,1,2048,9,9641336451
580,4162630,1871758,6034388,3,0,0,7168,5,873458
581,4174860,1812888,5987748,2,0,0,24576,3,3892952396
582,4186130,3045383,7231513,2,0,0,2048,3,2231066368
583,4186400,2470,4188870,7,0,1,2560,1,4806903189
584,4187170,1811597,5998767,4,0,0,6656,9,677907794
585,4197850,1426018,5623868,0,0,0,10240,19,6601186764
586,4215551,1902380,6117931,8,0,0,56320,14,8275354905
587,4223230,1756967,5980197,1,0,0,28160,13,8882131585
588,4225180,515106,4740286,9,0,0,1024,1,6102586733
589,4236690,2929261,7165951,5,0,0,66560,9,10025467123
590,4254400,3064654,7319054,6,0,0,33792,2,8748434922
591,4264120,2111522,6375642,5,0,0,20480,9,10506724511
592,4269490,3216602,7486092,4,0,0,45056,9,64846352
593,4272390,1029753,5302143,2,0,0,5120,3,3805897193
594,4275710,1249446,5525156,7,0,0,5120,1,3623423615
595,4282891,1455307,5738198,8,0,0,46592,14,1381518462
596,4286831,2656454,6943285,8,0,0,50176,14,6337375521
597,4323410,1673283,5996693,6,0,0,1024,2,9461619380
598,4324460,1491802,5816262,1,0,0,27648,13,10681007479
599,4330500,10600,4341100,5,0,1,1024,9,8568118900
600,4338480,8152,4346632,2,0,1,15360,3,6573218366
601,4343970,1272856,5616826,0,0,0,25088,19,8998493991
602,4350940,3265778,7616718,5,0,0,17920,9,9210615144
603,4352670,1518,4354188,8,0,1,1536,14,3911068600
604,4354990,15837,4370827,5,0,1,30720,9,4270122003
605,4365850,1836658,6202508,0,0,0,4096,19,3743664936
606,4368720,870330,5239050,1,0,0,6144,13,8299512545
607,4377360,916342,5293702,5,0,0,3072,9,2092110190
608,4377511,1417362,5794873,8,0,0,9216,14,4281572697
609,4380800,3392762,7773562,5,0,0,13824,9,6917567754
610,4383260,5983,4389243,7,0,1,6144,1,7717772827
611,4384140,9108,4393248,7,0,1,6656,1,7778283804
612,4388710,2955849,7344559,9,0,0,45568,1,1551745034
613,4390890,364627,4755517,3,0,0,2560,5,367405232
614,4393610,2152425,6546035,9,0,0,81408,1,3771998509
615,4403000,2151170,6554170,9,0,0,26624,1,5225149109
616,4429790,1071733,5501523,7,0,0,8192,1,2011919743
617,4438260,2470,4440730,0,0,1,2560,19,7499665612
618,4438960,3716,4442676,7,0,1,3072,1,4489242172
619,4440790,2670710,7111500,4,0,0,44032,9,5265651742
620,4447650,28862,4476512,7,0,1,2048,1,7263127611
621,4448650,49612,4498262,9,0,1,41472,1,1624271753
622,4463700,3087043,7550743,4,0,0,29696,9,9561913397
623,4472730,2542302,7015032,4,0,0,6144,9,218346031
624,4479600,23168,4502768,0,0,1,7168,19,7003985754
625,4487510,1949560,6437070,9,0,0,3584,1,9490628445
626,4489440,13584,4503024,8,0,1,9216,14,4163424539
627,4501820,1861708,6363528,3,0,0,27136,5,2913982536
628,4506500,1673250,6179750,5,0,0,33280,9,2784779675
629,4507690,3898,4511588,8,0,1,4096,14,5524641261
630,4513240,1563370,6076610,7,0,0,6656,1,7474136103
631,4516820,1100185,5617005,1,0,0,512,13,3509629455
632,4522680,3176853,7699533,5,0,0,17920,9,8298144114
633,4534160,706169,5240329,7,0,0,4096,1,689114728
634,4544180,5090,4549270,4,0,1,5120,9,7660651169
635,4552880,1794767,6347647,0,0,0,69120,19,6332709846
636,4571930,2704290,7276220,0,0,0,22528,19,8219015248
637,4572860,1456576,6029436,7,0,0,15360,1,2794811480
638,4577371,1808738,6386109,8,0,0,34304,14,6693347862
639,4582361,1694984,6277345,8,0,0,35840,14,1969998755
640,4587120,13083,4600203,9,0,1,22016,1,3669669233
641,4594690,3292898,7887588,0,0,0,12288,19,6619306249
642,4602890,2572615,7175505,4,0,0,31232,9,1300955377
643,4614530,1281156,5895686,3,0,0,25088,5,2830334218
644,4615480,1846122,6461602,3,0,0,21504,5,2385044678
645,4621000,55382,4676382,4,0,1,40448,9,9369302276
646,4621990,1575925,6197915,6,0,0,53760,2,3871409507
647,4623070,1119839,5742909,7,0,0,15360,1,3871845032
648,4627670,51862,4679532,5,0,1,2048,9,513959248
649,4635320,44243,4679563,1,0,1,17920,13,2234267417
650,4639230,1792610,6431840,5,0,0,14336,9,3499286757
651,4648761,955391,5604152,8,0,0,31232,14,8040128958
652,4650220,672300,5322520,0,0,0,15872,19,2699747196
653,4655640,2146060,6801700,4,0,0,512,9,2337773027
654,4689001,1182246,5871247,8,0,0,13824,14,1458063337
655,4696520,3168687,7865207,2,0,0,13312,3,9149878619
656,4700390,1922581,6622971,0,0,0,10752,19,4456871641
657,4710470,1914092,6624562,4,0,0,5120,9,10311336400
658,4724140,1747027,6471167,4,0,0,2048,9,5672732748
659,4730180,3974,4734154,5,0,1,2560,9,6508987377
660,4736241,1055801,5792042,8,0,0,31744,14,1488569026
661,4755900,1954888,6710788,3,0,0,13824,5,3733778631
662,4758100,353177,5111277,2,0,0,2560,3,6164656298
663,4774190,4872,4779062,7,0,1,11776,1,820643113
664,4812320,4029896,8842216,2,0,0,50688,3,7357489278
665,4815821,1584295,6400116,8,0,0,7168,14,1416392751
666,4824350,1838063,6662413,7,0,0,17920,1,353298620
667,4838060,1514446,6352506,1,0,0,15872,13,3196596151
668,4850900,1143727,5994627,2,0,0,22528,3,2271240911
669,4885770,1245820,6131590,7,0,0,12288,1,2190882676
670,4887140,1567895,6455035,2,0,0,3072,3,1366785208
671,4895600,1529075,6424675,1,0,0,14336,13,2152196025
672,4908520,1485123,6393643,6,0,0,24576,2,6761206423
673,4914640,1092716,6007356,4,0,0,11776,9,7897981446
674,4921230,12775,4934005,6,0,1,10752,2,10029884380
675,4927840,1273397,6201237,0,0,0,10752,19,7429159806
676,4928200,4218096,9146296,0,0,0,147968,19,3408573833
677,4950540,17669,4968209,7,0,1,6144,1,8902969460
678,4956230,1663442,6619672,9,0,0,44544,1,5716500753
679,4965191,2304142,7269333,8,0,0,46080,14,8933170599
680,4966670,5930,4972600,8,0,1,4608,14,7608771005
681,4968840,16501,4985341,5,0,1,1536,9,2060933164
682,4969080,1612147,6581227,6,0,0,7168,2,9855758327
683,4971620,1885342,6856962,5,0,0,43520,9,4523201882
684,5008620,1960208,6968828,3,0,0,33792,5,3956313263
685,5012400,43474,5055874,2,0,1,30720,3,5888557844
686,5022490,1243249,6265739,7,0,0,22016,1,2226039501
687,5022920,45134,5068054,2,0,1,10240,3,8676428995
688,5031160,314912,5346072,2,0,0,512,3,3052360566
689,5039620,1617287,6656907,0,0,0,27136,19,786547895
690,5042480,1706960,6749440,3,0,0,34816,5,4212262287
691,5043990,1560496,6604486,3,0,0,76288,5,9344616065
692,5044970,4268071,9313041,3,0,0,75776,5,6567529568
693,5052070,33429,5085499,6,0,1,24576,2,4117099687
694,5052890,1923837,6976727,1,0,0,1536,13,4243481304
695,5062720,1719942,6782662,0,0,0,9728,19,6522222312
696,5064500,270190,5334690,7,0,0,1536,1,8205280136
697,5066790,4440010,9506800,0,0,0,95232,19,1389328623
698,5076120,920246,5996366,9,0,0,5632,1,1136679535
699,5077240,2703731,7780971,5,0,0,5632,9,4914903777
700,5082690,1496338,6579028,5,0,0,14848,9,4500962510
701,5085960,2543898,7629858,7,0,0,38400,1,2117736864
702,5086430,14036,5100466,3,0,1,2560,5,10366009448
703,5096460,7385,5103845,5,0,1,9728,9,1413392257
704,5154910,2287656,7442566,3,0,0,18944,5,61297202
705,5161260,1863186,7024446,0,0,0,3584,19,6855105090
706,5164330,2605005,7769335,6,0,0,58880,2,10482266318
707,5168100,1525747,6693847,6,0,0,7168,2,4878326030
708,5174300,3409637,8583937,4,0,0,66048,9,1585714907
709,5175490,2407746,7583236,4,0,0,5632,9,4879553577
710,5176771,4099001,9275772,8,0,0,40960,14,6812297372
711,5180670,46448,5227118,5,0,1,3072,9,6829926484
712,5200470,2985940,8186410,6,0,0,26112,2,2719638289
713,5204550,23550,5228100,3,0,1,4608,5,5474353429
714,5211940,3448892,8660832,6,0,0,34304,2,8605113060
715,5220680,2179780,7400460,1,0,0,36352,13,8415472781
716,5221590,1622097,6843687,5,0,0,3072,9,9685539614
717,5229640,13518,5243158,5,0,1,8704,9,1901843693
718,5233570,3132262,8365832,0,0,0,27136,19,5887014940
719,5246040,1994,5248034,5,0,1,2048,9,10419961089
720,5246660,7759,5254419,9,0,1,8192,1,10386589654
721,5258910,1982290,7241200,9,0,0,31744,1,2313531804
722,5267950,1468220,6736170,4,0,0,12800,9,3213397519
723,5273110,1865197,7138307,3,0,0,5632,5,724867103
724,5281890,1497474,6779364,1,0,0,3072,13,4991413508
725,5291980,2342744,7634724,9,0,0,8192,1,4315743284
726,5292140,1684074,6976214,5,0,0,24064,9,175042698
727,5301250,1390367,6691617,1,0,0,8704,13,9390858962
728,5304070,1904804,7208874,5,0,0,32768,9,3611021131
729,5316710,643754,5960464,2,0,0,8192,3,189451346
730,5323510,942884,6266394,5,0,0,2048,9,2782576611
731,5329400,1598518,6927918,5,0,0,46592,9,7536252327
732,5330790,850707,6181497,1,0,0,5632,13,3885411318
733,5336450,3019,5339469,8,0,1,2560,14,7520755865
734,5351930,4014829,9366759,9,0,0,4096,1,4829265197
735,5358710,1927977,7286687,7,0,0,34304,1,9012510724
736,5366640,2542989,7909629,3,0,0,17408,5,6640529718
737,5378370,2543790,7922160,9,0,0,14848,1,9868733941
738,5389160,2577397,7966557,7,0,0,80384,1,10276574464
739,5401790,1621533,7023323,0,0,0,27136,19,3869891505
740,5402270,45843,5448113,9,0,1,8704,1,1441581768
741,5406200,41928,5448128,1,0,1,5120,13,1454623618
742,5409790,38361,5448151,2,0,1,12800,3,7938539437
743,5436090,23846,5459936,6,0,1,19456,2,10321444928
744,5447530,1851107,7298637,6,0,0,15360,2,4197688483
745,5448680,24491,5473171,4,0,1,24576,9,8090015006
746,5450980,1336549,6787529,6,0,0,15872,2,7263606140
747,5451620,2129242,7580862,7,0,0,12288,1,5006225577
748,5458590,1520968,6979558,3,0,0,9216,5,9735349212
749,5467070,1763789,7230859,4,0,0,22016,9,5605655169
750,5468090,1840599,7308689,5,0,0,7680,9,1142083925
751,5472900,3029205,8502105,2,0,0,21504,3,659740188
752,5476660,4272846,9749506,7,0,0,11264,1,10079759985
753,5485430,2324343,7809773,1,0,0,4608,13,7135792103
754,5487070,1377424,6864494,1,0,0,12288,13,5641020207
755,5489280,2077078,7566358,0,0,0,51200,19,1579791574
756,5503800,2438250,7942050,3,0,0,16896,5,5669126896
757,5506971,1952646,7459617,8,0,0,25600,14,6767581501
758,5508390,1742497,7250887,7,0,0,31744,1,4556725577
759,5508470,22472,5530942,9,0,1,6144,1,5820257555
760,5516640,1428275,6944915,5,0,0,5120,9,2759860631
761,5526500,828689,6355189,7,0,0,8704,1,6609689063
762,5528490,3118,5531608,6,0,1,1024,2,4766973804
763,5535880,1526584,7062464,1,0,0,2048,13,5588908517
764,5537740,1597370,7135110,3,0,0,9216,5,4016593383
765,5554611,1793277,7347888,8,0,0,10752,14,2008246024
766,5574870,1919067,7493937,1,0,0,7168,13,10434577489
767,5576380,1613648,7190028,2,0,0,47616,3,7136888424
768,5578540,1921302,7499842,9,0,0,15360,1,404598075
769,5587290,4035,5591325,5,0,1,2048,9,547384490
770,5604240,831723,6435963,9,0,0,10752,1,6233678662
771,5611520,475624,6087144,5,0,0,8192,9,7909363338
772,5616480,3546531,9163011,2,0,0,54784,3,8641615093
773,5635390,1722357,7357747,1,0,0,8192,13,8906460223
774,5638810,2969001,8607811,7,0,0,12800,1,8919676412
775,5642220,282966,5925186,6,0,0,2048,2,1270507417
776,5659651,1634275,7293926,8,0,0,23552,14,8101188750
777,5673700,3911189,9584889,3,0,0,5120,5,6062517391
778,5675710,830829,6506539,2,0,0,10240,3,5854404513
779,5684100,1377725,7061825,2,0,0,12800,3,10083966858
780,5685580,1033724,6719304,9,0,0,2560,1,9440332813
781,5691170,1907583,7598753,9,0,0,5120,1,9445026356
782,5694110,4162,5698272,8,0,1,11264,14,9139778495
783,5695170,1401823,7096993,7,0,0,12288,1,8839377825
784,5699010,1141831,6840841,1,0,0,9216,13,7968074984
785,5708761,2408436,8117197,8,0,0,100864,14,3837684522
786,5709440,5326,5714766,1,0,1,5632,13,7751246620
787,5710020,2190375,7900395,7,0,0,41984,1,10114091826
788,5716780,1582808,7299588,5,0,0,3072,9,9815816027
789,5727940,15494,5743434,7,0,1,512,1,8475077018
790,5733170,36839,5770009,2,0,1,7168,3,782789998
791,5740110,3878445,9618555,6,0,0,32256,2,6529637456
792,5740500,2960822,8701322,3,0,0,6144,5,4850965505
793,5745100,26122,5771222,5,0,1,1024,9,3131136700
794,5749570,23874,5773444,5,0,1,3072,9,3749942298
795,5750239,1825235,7575474,1,0,0,9728,13,8959199694
796,5752300,1384081,7136381,6,0,0,4096,2,251987494
797,5769460,1654839,7424299,5,0,0,19456,9,1220398222
798,5773380,6278,5779658,6,0,1,6656,2,9429282978
799,5777990,3975990,9753980,0,0,0,2560,19,4096978234
800,5786281,1992959,7779240,8,0,0,5120,14,1655995094
801,5792820,2179992,7972812,3,0,0,20480,5,7091650584
802,5796040,1503875,7299915,3,0,0,1024,5,7733320391
803,5804890,17659,5822549,8,0,1,6656,14,9128258190
804,5808230,2383515,8191745,0,0,0,17408,19,5027493569
805,5819780,5355,5825135,4,0,1,4096,9,9139829483
806,5826980,7230,5834210,4,0,1,7680,9,1424726387
807,5857910,3771852,9629762,3,0,0,19456,5,8308853523
808,5859420,911734,6771154,2,0,0,7680,3,9415905702
809,5867860,2415470,8283330,3,0,0,15872,5,2273079846
810,5876860,11016,5887876,3,0,1,17920,5,8741636453
811,5881870,1523145,7405015,5,0,0,14848,9,7547871001
812,5885560,3288416,9173976,2,0,0,4608,3,9382232572
813,5889160,1487870,7377030,0,0,0,50176,19,2513577780
814,5904911,1727302,7632213,8,0,0,7680,14,7898543040
815,5905520,10757,5916277,9,0,1,17408,1,6746525710
816,5906250,3935801,9842051,9,0,0,512,1,7667283079
817,5907590,14090,5921680,2,0,1,17408,3,3003513278
818,5910860,11588,5922448,2,0,1,11776,3,3686093709
819,5918980,1726868,7645848,7,0,0,7680,1,10609176268
820,5919140,1607140,7526280,4,0,0,40960,9,1097840536
821,5923220,2591290,8514510,3,0,0,36352,5,9088038449
822,5940970,30632,5971602,4,0,1,17408,9,1616110272
823,5946700,1622028,7568728,9,0,0,7680,1,2557083042
824,5948331,2099066,8047397,8,0,0,101888,14,5617490441
825,5950910,4020359,9971269,0,0,0,56832,19,5040043295
826,5951680,45044,5996724,2,0,1,16384,3,8832343201
827,5960470,1817163,7777633,3,0,0,13312,5,4348807114
828,5960860,3355799,9316659,6,0,0,3584,2,4096763924
829,5964960,33822,5998782,2,0,1,9216,3,3870775030
830,5968780,2096876,8065656,2,0,0,14848,3,3914690230
831,5972139,3589734,9561873,1,0,0,30720,13,2900069981
832,5982170,2303983,8286153,3,0,0,9216,5,1223128138
833,5989001,2818747,8807748,8,0,0,31744,14,5116644262
834,6000370,1042,6001412,7,0,1,1024,1,5453212603
835,6001480,2323379,8324859,3,0,0,11776,5,4231288922
836,6001859,2491152,8493011,1,0,0,19456,13,9736608044
837,6001860,1253418,7255278,9,0,0,14336,1,2514557160
838,6004740,1464432,7469172,0,0,0,14848,19,5727605681
839,6011200,13541,6024741,2,0,1,6144,3,8028117257
840,6019250,3515060,9534310,7,0,0,24064,1,8999200244
841,6021840,1966254,7988094,6,0,0,14848,2,7683584871
842,6026920,1724437,7751357,6,0,0,39936,2,9288269657
843,6038670,1677302,7715972,7,0,0,1536,1,2376536943
844,6050580,3618199,9668779,4,0,0,15360,9,476606974
845,6053660,3920596,9974256,0,0,0,9728,19,10051759728
846,6064160,541901,6606061,3,0,0,5120,5,3700901835
847,6068719,1070383,7139102,1,0,0,2560,13,3241549718
848,6095130,2049731,8144861,4,0,0,29184,9,8941573136
849,6097620,566,6098186,9,0,1,512,1,9617738775
850,6100870,1877261,7978131,5,0,0,17408,9,9999720401
851,6102330,3066936,9169266,9,0,0,20480,1,1633903146
852,6107740,2141468,8249208,5,0,0,61440,9,1286868838
853,6120510,3898,6124408,1,0,1,4096,13,3715503070
854,6126991,4215180,10342171,8,0,0,5632,14,5750414340
855,6128789,945025,7073814,1,0,0,13312,13,770311923
856,6131590,711138,6842728,7,0,0,6144,1,4898376287
857,6136510,45010,6181520,2,0,1,12800,3,3435093680
858,6138919,3813912,9952831,1,0,0,43008,13,1107025394
859,6146570,1688845,7835415,0,0,0,37376,19,3798767839
860,6147541,1201766,7349307,8,0,0,4608,14,4732778414
861,6151120,46826,6197946,4,0,1,13824,9,10594249556
862,6151290,2335762,8487052,5,0,0,58368,9,9305323767
863,6158320,2756422,8914742,6,0,0,28672,2,8770911497
864,6160231,3824547,9984778,8,0,0,18432,14,7270335830
865,6185060,1950894,8135954,9,0,0,20480,1,6592029291
866,6185360,2172189,8357549,4,0,0,46592,9,7810214834
867,6192590,1349075,7541665,9,0,0,15360,1,3065916576
868,6213010,1042,6214052,7,0,1,1024,1,4818949485
869,6218260,1686050,7904310,5,0,0,12800,9,6827265709
870,6218680,1042,6219722,4,0,1,1024,9,1316182727
871,6221220,1830404,8051624,2,0,0,13824,3,10554494830
872,6237800,4742110,10979910,9,0,0,8192,1,3585102618
873,6238530,39390,6277920,0,0,1,512,19,3553445749
874,6240220,1620908,7861128,0,0,0,11264,19,10702555094
875,6253660,1537749,7791409,0,0,0,31232,19,986904457
876,6254510,1681018,7935528,9,0,0,27136,1,8987712559
877,6262429,1119795,7382224,1,0,0,14848,13,10630672510
878,6263780,4332503,10596283,6,0,0,35840,2,1446801932
879,6278170,2372195,8650365,6,0,0,4096,2,349099340
880,6281901,2140905,8422806,8,0,0,44032,14,8420231181
881,6284640,2602494,8887134,0,0,0,18944,19,10050625188
882,6292990,22639,6315629,5,0,1,2048,9,1649251663
883,6293590,4476807,10770397,4,0,0,46592,9,1465709049
884,6305020,2136536,8441556,7,0,0,43008,1,8306696375
885,6307850,2391585,8699435,6,0,0,17920,2,1936006464
886,6313100,2694185,9007285,9,0,0,10240,1,2054188600
887,6313330,53544,6366874,2,0,1,9728,3,1393775181
888,6317340,1861091,8178431,6,0,0,94720,2,10267315340
889,6326540,2712376,9038916,7,0,0,16896,1,10023290552
890,6329850,56290,6386140,0,0,1,23040,19,5465563133
891,6333290,60368,6393658,7,0,1,7680,1,9920329933
892,6336709,2072658,8409367,1,0,0,21504,13,4752744428
893,6337399,2397222,8734621,1,0,0,24576,13,9844923911
894,6347010,46679,6393689,3,0,1,4608,5,1018055832
895,6365420,34711,6400131,8,0,1,12800,14,9972786246
896,6365991,4949056,11315047,8,0,0,104448,14,1004323243
897,6384990,31064,6416054,0,0,1,9216,19,8984764658
898,6388590,989087,7377677,6,0,0,2048,2,8125598392
899,6393230,2845039,9238269,3,0,0,75264,5,9847645355
900,6393800,1684513,8078313,9,0,0,1536,1,10525919587
901,6407840,11203,6419043,4,0,1,8704,9,9152641727
902,6408989,1571513,7980502,1,0,0,7680,13,2806426835
903,6409509,1820964,8230473,1,0,0,1024,13,5031256036
904,6410160,3734829,10144989,9,0,0,22528,1,6148915322
905,6411070,5072397,11483467,2,0,0,39936,3,7851542707
906,6414200,10490,6424690,6,0,1,1536,2,2469885250
907,6456420,1237638,7694058,5,0,0,19968,9,6105729400
908,6457709,4691060,11148769,1,0,0,28672,13,1235861992
909,6463350,1798680,8262030,4,0,0,27648,9,6114644721
910,6468590,2176737,8645327,7,0,0,41984,1,4673893937
911,6469950,2722354,9192304,2,0,0,5632,3,6113902182
912,6494750,650451,7145201,3,0,0,19968,5,10526492639
913,6500080,1354280,7854360,3,0,0,512,5,5352178070
914,6524790,1853248,8378038,0,0,0,24064,19,4458861194
915,6533930,1696216,8230146,9,0,0,22528,1,4384235231
916,6543850,2839062,9382912,6,0,0,11264,2,3188637809
917,6546370,102254,6648624,1,0,1,8192,13,1858541612
918,6572120,84810,6656930,0,0,1,7680,19,3723406926
919,6575380,2200981,8776361,0,0,0,37376,19,7321144083
920,6585510,5010691,11596201,7,0,0,30720,1,9434391067
921,6599900,2927063,9526963,0,0,0,66048,19,8568535453
922,6604250,3218341,9822591,0,0,0,13312,19,10100895395
923,6624480,1844773,8469253,3,0,0,20992,5,8722495384
924,6646370,3992288,10638658,6,0,0,13312,2,9969163638
925,6657660,11040,6668700,3,0,1,6656,5,7840007492
926,6661820,29812,6691632,5,0,1,26112,9,6762335786
927,6684730,1717088,8401818,5,0,0,30720,9,8610925134
928,6684791,1763176,8447967,8,0,0,20992,14,9141696607
929,6690619,3101507,9792126,1,0,0,50176,13,2177651838
930,6726060,760999,7487059,7,0,0,3072,1,8979446535
931,6728760,1859327,8588087,9,0,0,6656,1,7153071691
932,6748420,22749,6771169,7,0,1,31744,1,4675707857
933,6750650,25674,6776324,8,0,1,13312,14,7762693966
934,6754130,3781112,10535242,4,0,0,12288,9,7471754369
935,6764300,23252,6787552,5,0,1,16384,9,2372021033
936,6773310,3121778,9895088,0,0,0,57344,19,5209050892
937,6773740,2219116,8992856,4,0,0,44544,9,7464899476
938,6784109,3268863,10052972,1,0,0,38912,13,2520597511
939,6796430,3898,6800328,5,0,1,4096,9,9815362065
940,6806590,1017422,7824012,4,0,0,15360,9,1332948224
941,6806800,4025879,10832679,9,0,0,38400,1,5758272379
942,6819980,1518,6821498,7,0,1,1536,1,642396653
943,6821741,1995694,8817435,8,0,0,31744,14,10330287356
944,6829409,3420370,10249779,9,0,0,8192,1,3150666440
945,6837670,2343668,9181338,4,0,0,2048,9,3991145138
946,6864280,334595,7198875,0,0,0,7168,19,3453601761
947,6866739,1912913,8779652,1,0,0,10752,13,6341031812
948,6867821,1797745,8665566,8,0,0,4608,14,1231778992
949,6875070,68270,6943340,4,0,1,4608,9,1791203500
950,6883700,61230,6944930,8,0,1,3584,14,8042377411
951,6884570,4841804,11726374,6,0,0,12800,2,7910656243
952,6886250,1367341,8253591,3,0,0,14336,5,9776647036
953,6890160,2113475,9003635,9,0,0,35328,1,6671565607
954,6896120,72747,6968867,1,0,1,8192,13,4750955416
955,6899979,2194331,9094310,1,0,0,53760,13,1476596851
956,6903850,72379,6976229,7,0,1,6144,1,7952834493
957,6915260,1477160,8392420,4,0,0,1536,9,9467385796
958,6919850,56394,6976244,4,0,1,6144,9,6728079542
959,6924120,2003761,8927881,7,0,0,19456,1,2419304871
960,6924210,55387,6979597,2,0,1,16896,3,728774239
961,6939750,3321744,10261494,3,0,0,38400,5,4087297329
962,6950440,2732998,9683438,9,0,0,34304,1,8963830530
963,6966210,46895,7013105,7,0,1,7680,1,5910097459
964,6972419,1559593,8532012,1,0,0,33280,13,3773737149
965,6978160,3553299,10531459,6,0,0,43008,2,7518484544
966,6979620,2220851,9200471,3,0,0,26624,5,7692303181
967,6987590,46298,7033888,3,0,1,16896,5,8417941883
968,6990660,2393515,9384175,0,0,0,4096,19,1656208809
969,6997780,4022015,11019795,2,0,0,30208,3,9461521750
970,6998860,3393882,10392742,6,0,0,50688,2,6717327911
971,7001130,33637,7034767,2,0,1,1536,3,5664319310
972,7010410,2090779,9101189,6,0,0,22528,2,1745215491
973,7025380,9848,7035228,5,0,1,10240,9,4629362931
974,7035930,566,7036496,0,0,1,512,19,10704705471
975,7053330,22863,7076193,2,0,1,26624,3,9212190754
976,7077870,2137444,9215314,2,0,0,48640,3,8684419251
977,7078609,1485189,8563798,9,0,0,37888,1,5424096335
978,7086390,1499630,8586020,6,0,0,6656,2,2804156551
979,7094380,2449952,9544332,7,0,0,32768,1,5186936591
980,7101230,3801283,10902513,4,0,0,19456,9,7334288524
981,7103210,42014,7145224,1,0,1,2560,13,10565267814
982,7107640,2871499,9979139,6,0,0,15872,2,8428285188
983,7112010,53964,7165974,8,0,1,5632,14,531153914
984,7118790,3033858,10152648,6,0,0,25088,2,8355372300
985,7125810,4153435,11279245,5,0,0,12800,9,7749268599
986,7142870,47197,7190067,9,0,1,13312,1,5686145224
987,7164720,2278729,9443449,5,0,0,26112,9,5361051209
988,7167830,4016210,11184040,0,0,0,115712,19,2815074813
989,7168470,1675041,8843511,5,0,0,4096,9,1826832779
990,7184260,3310440,10494700,3,0,0,57856,5,4131810375
991,7193089,488723,7681812,1,0,0,4608,13,2762677250
992,7198810,4644435,11843245,0,0,0,27648,19,10509909726
993,7211301,1437793,8649094,8,0,0,12288,14,4876403085
994,7213960,16914,7230874,1,0,1,16384,13,17345312
995,7218589,1124749,8343338,1,0,0,10752,13,4729020551
996,7231170,77542,7308712,2,0,1,8192,3,7784493892
997,7244560,64175,7308735,6,0,1,3072,2,5580530486
998,7250770,1244752,8495522,7,0,0,8192,1,4866879230
999,7259620,59481,7319101,0,0,1,5632,19,6842351074
1000,7262900,3714475,10977375,9,0,0,10752,1,3879946847
1001,7264610,2873492,10138102,9,0,0,77312,1,1563024233
1002,7275960,1479958,8755918,2,0,0,15872,3,8729812586
1003,7277790,2001485,9279275,3,0,0,11264,5,8572160186
1004,7293950,36337,7330287,3,0,1,18432,5,6605550009
1005,7294680,49902,7344582,2,0,1,1536,3,5101908723
1006,7306070,38527,7344597,7,0,1,4608,1,2377233190
1007,7310750,838806,8149556,6,0,0,15360,2,4509362304
1008,7331059,1910893,9241952,1,0,0,11776,13,1721421897
1009,7362430,1965812,9328242,3,0,0,37888,5,3142682860
1010,7369550,2441935,9811485,1,0,0,63488,13,5136868977
1011,7379501,2216550,9596051,8,0,0,2560,14,2513884630
1012,7379940,1564975,8944915,2,0,0,5632,3,1981782010
1013,7389050,15980,7405030,3,0,1,8192,5,996120624
1014,7389180,4561987,11951167,4,0,0,7680,9,8802203151
1015,7389610,3221196,10610806,9,0,0,47616,1,8149042976
1016,7397460,1783239,9180699,6,0,0,22016,2,6372808322
1017,7403120,4915,7408035,4,0,1,3072,9,704824027
1018,7403340,2829998,10233338,4,0,0,105472,9,2651579128
1019,7404060,2926138,10330198,7,0,0,11776,1,501540404
1020,7410999,2591914,10002913,1,0,0,59392,13,7507317612
1021,7419590,3092487,10512077,2,0,0,12800,3,3965315783
1022,7427040,2037138,9464178,2,0,0,48128,3,1843069115
1023,7441060,2036427,9477487,6,0,0,5632,2,5279556170
1024,7447860,3976974,11424834,0,0,0,24576,19,6917403762
1025,7452970,11506,7464476,4,0,1,5120,9,1286803629
1026,7453080,1944302,9397382,7,0,0,5120,1,2407439650
1027,7472790,17123,7489913,0,0,1,8704,19,3987964516
1028,7480320,3061075,10541395,1,0,0,4096,13,6131661110
1029,7482100,2101206,9583306,1,0,0,19968,13,6014548765
1030,7488890,1801016,9289906,4,0,0,34816,9,7107177202
1031,7510649,4091624,11602273,1,0,0,15360,13,7547157782
1032,7529800,11880,7541680,0,0,1,9216,19,1373496728
1033,7531780,3957181,11488961,3,0,0,8192,5,4256849798
1034,7534100,32273,7566373,1,0,1,21504,13,3633649750
1035,7566990,3159429,10726419,5,0,0,20992,9,2850166851
1036,7570570,4927,7575497,9,0,1,4608,1,3318528008
1037,7573650,3398055,10971705,9,0,0,24576,1,5662138666
1038,7599240,2946,7602186,3,0,1,3072,5,8482571419
1039,7612370,5382,7617752,8,0,1,1024,14,9327622118
1040,7636810,2035907,9672717,5,0,0,1024,9,8741549137
1041,7643520,2886,7646406,8,0,1,512,14,8530154737
1042,7648350,1684537,9332887,3,0,0,7168,5,7390577729
1043,7679290,1583987,9263277,0,0,0,8704,19,882018455
1044,7686200,3446932,11133132,7,0,0,54272,1,778094375
1045,7705870,2192369,9898239,7,0,0,10240,1,9920063677
1046,7708890,1352038,9060928,7,0,0,50688,1,7156302171
1047,7716740,1455817,9172557,7,0,0,10752,1,7866708861
1048,7723730,1466835,9190565,6,0,0,30208,2,197887612
1049,7727140,3112293,10839433,9,0,0,5632,1,10690069625
1050,7734340,343490,8077830,5,0,0,8192,9,4121936120
1051,7736510,2288583,10025093,5,0,0,23552,9,9573652511
1052,7736640,14740,7751380,9,0,1,5632,1,3670020542
1053,7740670,1613760,9354430,2,0,0,8192,3,8670811146
1054,7754980,36444,7791424,3,0,1,8704,5,298597024
1055,7758351,1493944,9252295,8,0,0,33792,14,745502638
1056,7759450,643319,8402769,5,0,0,3072,9,7113065011
1057,7761120,3695038,11456158,4,0,0,20992,9,1747148591
1058,7778080,2757957,10536037,4,0,0,2560,9,2383999676
1059,7790120,2406322,10196442,7,0,0,14848,1,10506541503
1060,7806871,1745619,9552490,8,0,0,24064,14,9259889670
1061,7808560,562131,8370691,5,0,0,15872,9,7009099194
1062,7828300,3513173,11341473,6,0,0,43008,2,5845684275
1063,7828400,693457,8521857,6,0,0,24064,2,1601187520
1064,7831080,2593666,10424746,6,0,0,29696,2,9122026808
1065,7832700,7632,7840332,4,0,1,5120,9,942171022
1066,7837760,2819650,10657410,3,0,0,20992,5,294367695
1067,7846070,1518,7847588,2,0,1,1536,3,8291505289
1068,7851460,3335715,11187175,0,0,0,10240,19,6665090138
1069,7856350,1971880,9828230,9,0,0,18432,1,3640416605
1070,7858319,805828,8664147,1,0,0,10752,13,5075033258
1071,7869380,3999784,11869164,3,0,0,11264,5,2092407383
1072,7876060,2470,7878530,9,0,1,2560,1,7097932233
1073,7876660,6983,7883643,1,0,1,7168,13,8164337583
1074,7905880,1959473,9865353,4,0,0,6656,9,217018439
1075,7911830,10345,7922175,4,0,1,8192,9,4351941899
1076,7916580,3680728,11597308,5,0,0,3584,9,8958652769
1077,7919640,5672,7925312,4,0,1,9216,9,411838760
1078,7919860,2426709,10346569,5,0,0,5120,9,7762171187
1079,7924170,1797428,9721598,0,0,0,48640,19,6926316244
1080,7944700,2775300,10720000,5,0,0,29696,9,3941580315
1081,7946340,3271236,11217576,5,0,0,13824,9,7108126766
1082,7971050,17067,7988117,1,0,1,10752,13,1351547884
1083,7981521,1858916,9840437,8,0,0,39936,14,4629395031
1084,7985690,2631862,10617552,2,0,0,8192,3,1489808419
1085,7985870,1379618,9365488,4,0,0,29696,9,4192932946
1086,7991160,4060345,12051505,6,0,0,73728,2,3100134170
1087,7999320,1842536,9841856,5,0,0,4608,9,7976518395
1088,8005611,1589629,9595240,8,0,0,33792,14,7777331564
1089,8009860,2466074,10475934,1,0,0,118272,13,5119676908
1090,8015269,1561938,9577207,1,0,0,23552,13,5369902736
1091,8022710,29990,8052700,7,0,1,1024,1,2904083723
1092,8023910,2218179,10242089,3,0,0,28672,5,5531933263
1093,8046920,775241,8822161,2,0,0,6144,3,10221456322
1094,8052890,6229,8059119,3,0,1,15360,5,4640963896
1095,8055700,336743,8392443,4,0,1,3072,9,770024591
1096,8065330,337462,8402792,8,0,1,23552,14,2066257003
1097,8067819,2547222,10615041,1,0,0,13824,13,201587508
1098,8084081,2190306,10274387,8,0,0,13312,14,10385625472
1099,8086980,882889,8969869,0,0,1,8704,19,1092232157
1100,8092160,1640381,9732541,2,0,0,11776,3,21701880
1101,8097960,3230370,11328330,7,0,0,43520,1,9619056499
1102,8109620,710638,8820258,0,0,0,9216,19,5767474732
1103,8111380,858835,8970215,6,0,1,512,2,7073045920
1104,8114450,2174328,10288778,3,0,0,5120,5,3968891435
1105,8125071,2277136,10402207,8,0,0,6656,14,2667766067
1106,8126450,2268491,10394941,5,0,0,7168,9,5764626966
1107,8128570,1555351,9683921,7,0,0,1536,1,2488730958
1108,8154400,3256340,11410740,0,0,0,50688,19,8884880478
1109,8157460,2806742,10964202,3,0,0,148480,5,202324967
1110,8162270,808291,8970561,8,0,1,512,14,3461212937
1111,8207400,765107,8972507,6,0,1,3072,2,274128327
1112,8216870,2869440,11086310,5,0,0,19456,9,7891212228
1113,8220070,1314263,9534333,9,0,1,1536,1,5518753903
1114,8220210,3430322,11650532,9,0,0,25600,1,1002497800
1115,8231790,2778123,11009913,3,0,0,1024,5,5531953479
1116,8232990,3138130,11371120,9,0,1,8704,1,8329399728
1117,8243990,2559682,10803672,2,0,0,20992,3,8150843822
1118,8244540,2750704,10995244,1,0,0,40960,13,10443884790
1119,8250580,1434136,9684716,6,0,0,2560,2,8796975725
1120,8261000,3528702,11789702,7,0,0,52736,1,5374221532
1121,8264551,2237036,10501587,8,0,0,22528,14,4023026280
1122,8271620,3247127,11518747,8,0,1,1024,14,5824840471
1123,8285390,3239011,11524401,0,0,1,3584,19,5598738662
1124,8293820,3446491,11740311,1,0,0,21504,13,9201572047
1125,8294380,2897560,11191940,0,0,0,5120,19,62827551
1126,8311230,1959038,10270268,0,0,0,20992,19,3831040212
1127,8316030,3228975,11545005,9,0,0,4096,1,6251431042
1128,8317920,942690,9260610,6,0,0,27136,2,1282157208
1129,8332170,3385430,11717600,7,0,0,79360,1,9789825980
1130,8334210,2941120,11275330,0,0,0,7680,19,7174228950
1131,8353010,3165714,11518724,2,0,0,69120,3,9092046826
1132,8362260,3055047,11417307,0,0,0,21504,19,6724350973
1133,8375490,1443030,9818520,2,0,0,23040,3,2689275907
1134,8387030,3689933,12076963,3,0,0,75776,5,4961984655
1135,8390040,2952276,11342316,4,0,0,2560,9,6675761980
1136,8409430,1135705,9545135,2,0,0,2560,3,3394106312
1137,8410370,3127009,11537379,7,0,1,1024,1,4544082425
1138,8416920,1255462,9672382,9,0,0,11776,1,174693311
1139,8419221,584913,9004134,8,0,0,1536,14,8339258666
1140,8429620,3108725,11538345,7,0,1,5632,1,8395404617
1141,8430670,3019077,11449747,2,0,0,5120,3,6648467215
1142,8431340,2963238,11394578,9,0,0,35840,1,406545683
1143,8455520,1240969,9696489,6,0,0,4608,2,6746572429
1144,8466750,3335212,11801962,2,0,1,14848,3,5510940052
1145,8476020,2308599,10784619,0,0,0,41984,19,2521943393
1146,8488220,3245524,11733744,2,0,0,9216,3,6584348946
1147,8495340,3042024,11537364,2,0,0,42496,3,4050058863
1148,8532390,3627501,12159891,7,0,0,11264,1,9712534035
1149,8544190,3303009,11847199,1,0,1,1024,13,1425846809
1150,8547290,804621,9351911,3,0,0,45568,5,8973729474
1151,8558920,3676237,12235157,5,0,0,12800,9,2833537829
1152,8561360,1978748,10540108,9,0,0,13312,1,6259604374
1153,8565040,1525410,10090450,3,0,0,36864,5,8265162362
1154,8566070,749482,9315552,5,0,0,8192,9,2187459520
1155,8570460,3758980,12329440,7,0,0,12800,1,9189408288
1156,8575160,1332150,9907310,3,0,0,29696,5,9571799934
1157,8576300,3055186,11631486,9,0,0,23552,1,6002541723
1158,8579830,1374108,9953938,6,0,0,3584,2,6521196214
1159,8592490,4195189,12787679,1,0,1,512,13,8043612230
1160,8593890,1162601,9756491,3,0,0,8192,5,7420441599
1161,8599770,3622963,12222733,9,0,0,50688,1,2077284968
1162,8623690,4164004,12787694,4,0,1,9216,9,5376739143
1163,8626850,1891490,10518340,6,0,0,20480,2,3451302063
1164,8629740,6837018,15466758,7,0,1,15872,1,2840334378
1165,8638510,1712097,10350607,4,0,0,3072,9,863541786
1166,8643991,926009,9570000,8,0,0,26624,14,4457695465
1167,8649330,6817443,15466773,8,0,1,7168,14,1647333513
1168,8651920,994268,9646188,4,0,0,39424,9,4293189788
1169,8654260,7297518,15951778,1,0,1,13312,13,8437823450
1170,8661090,1343266,10004356,5,0,0,4608,9,1647927913
1171,8661500,3879482,12540982,2,0,0,48128,3,284813016
1172,8662930,3698960,12361890,7,0,0,5632,1,9209511321
1173,8683151,1171441,9854592,8,0,0,10752,14,7619638948
1174,8690280,3644182,12334462,6,0,0,1536,2,7910921786
1175,8696780,3658364,12355144,5,0,0,9216,9,6496585966
1176,8698480,1231842,9930322,6,0,0,2560,2,8305239136
1177,8703110,2983180,11686290,5,0,0,59392,9,2551428538
1178,8703510,1073313,9776823,5,0,0,30208,9,7334771355
1179,8705190,3497381,12202571,2,0,0,33280,3,6425552027
1180,8722920,7298726,16021646,3,0,1,6144,5,6174127641
1181,8724680,2917117,11641797,5,0,0,33792,9,6604570390
1182,8732690,230166,8962856,2,0,0,1536,3,8386391687
1183,8739680,2519225,11258905,0,0,0,6656,19,7908571198
1184,8741120,1735929,10477049,3,0,0,3584,5,3642390874
1185,8743071,3724391,12467462,8,0,0,15872,14,9507767774
1186,8746771,2777607,11524378,8,0,0,18432,14,8926174228
1187,8759280,1918268,10677548,5,0,0,21504,9,643893331
1188,8761930,2807143,11569073,0,0,0,15872,19,7297562693
1189,8763730,1085824,9849554,7,0,0,24576,1,1038262966
1190,8764450,3742369,12506819,2,0,0,29184,3,1447720266
1191,8769530,3728382,12497912,5,0,0,35328,9,10590330599
1192,8803120,1570099,10373219,7,0,0,8704,1,2412199129
1193,8816130,2157930,10974060,2,0,0,7680,3,6380516418
1194,8824200,1479883,10304083,6,0,0,6656,2,8290474225
1195,8826780,3886289,12713069,7,0,0,5120,1,9684424468
1196,8828900,3994912,12823812,5,0,0,67072,9,5411499324
1197,8832790,2608307,11441097,5,0,0,53248,9,5439804713
1198,8838390,7249456,16087846,8,0,1,9216,14,10204095767
1199,8847240,2948101,11795341,4,0,0,18432,9,6311070469
1200,8856490,7337805,16194295,2,0,1,9728,3,4767314723
1201,8858830,4079913,12938743,9,0,0,16896,1,1549338401
1202,8862970,1890943,10753913,5,0,0,43008,9,10138151057
1203,8872500,3928452,12800952,0,0,0,7168,19,9259234835
1204,8893240,958053,9851293,3,0,0,5632,5,2472973797
1205,8897270,3781551,12678821,2,0,0,127488,3,8353537264
1206,8899080,7438986,16338066,4,0,1,12800,9,8557088941
1207,8908540,7429541,16338081,0,0,1,3072,19,3951331518
1208,8924120,1140443,10064563,0,0,0,37888,19,2476517325
1209,8930700,7543415,16474115,0,0,1,25088,19,6277086978
1210,8943420,3768066,12711486,9,0,0,32256,1,8050357779
1211,8965290,1281978,10247268,0,0,0,16896,19,4517499980
1212,8986700,3744177,12730877,2,0,0,12288,3,3915611769
1213,8989360,1366651,10356011,9,0,0,7680,1,4400960726
1214,8999030,4792306,13791336,2,0,0,7168,3,6087340317
1215,9000070,2806987,11807057,3,0,0,13312,5,3084117555
1216,9002150,327675,9329825,3,0,0,5120,5,6364212005
1217,9035740,2515582,11551322,3,0,0,3584,5,8691082529
1218,9041960,2804417,11846377,2,0,0,7680,3,3058971382
1219,9062320,4205276,13267596,9,0,0,11776,1,8052426253
1220,9092530,7481070,16573600,3,0,1,9216,5,6241749014
1221,9130120,3015677,12145797,9,0,0,67072,1,8913277923
1222,9140070,2511257,11651327,6,0,0,2560,2,10599369808
1223,9147860,1948693,11096553,7,0,0,13824,1,1090732185
1224,9154580,2592930,11747510,2,0,0,23552,3,2809062509
1225,9154760,3923200,13077960,5,0,0,72192,9,8874845890
1226,9154980,7488652,16643632,2,0,1,14336,3,122202562
1227,9160250,7819662,16979912,2,0,1,23552,3,171569972
1228,9163350,1344804,10508154,6,0,0,21504,2,7186853343
1229,9167050,7813288,16980338,1,0,1,6144,13,7505873950
1230,9180970,1453617,10634587,2,0,0,15360,3,6476710140
1231,9186540,1584512,10771052,1,0,0,2048,13,4028576785
1232,9187300,2085675,11272975,7,0,0,30720,1,3126651054
1233,9192370,7833894,17026264,4,0,1,4096,9,4026423530
1234,9199780,959212,10158992,7,0,0,11264,1,4394179748
1235,9200430,3790142,12990572,6,0,0,67072,2,9594057978
1236,9205000,3185963,12390963,3,0,0,74752,5,3821014052
1237,9208900,1462081,10670981,9,0,0,4608,1,661748464
1238,9214270,7978049,17192319,0,0,1,1024,19,3042125596
1239,9217950,1522844,10740794,1,0,0,47104,13,2184371368
1240,9221330,3240298,12461628,4,0,0,98304,9,5400841672
1241,9226070,712323,9938393,9,0,0,1536,1,3606713062
1242,9232040,8149857,17381897,1,0,1,26624,13,8433362197
1243,9232470,2566950,11799420,1,0,0,13312,13,4969312594
1244,9236570,2249880,11486450,6,0,0,5120,2,9517697448
1245,9247580,2870091,12117671,3,0,0,16384,5,707359613
1246,9248140,2213657,11461797,1,0,0,18432,13,10233544007
1247,9255770,8242971,17498741,1,0,1,8704,13,1774128550
1248,9266771,1813596,11080367,8,0,0,24064,14,752669420
1249,9270839,2810991,12081830,1,0,0,15872,13,5676207954
1250,9281430,1570361,10851791,6,0,0,2048,2,683120378
1251,9282509,2892270,12174779,1,0,0,6144,13,4522086169
1252,9284580,4638428,13923008,0,0,0,32768,19,5277277170
1253,9299410,2939685,12239095,3,0,0,5120,5,10719508246
1254,9303790,2861428,12165218,9,0,0,17408,1,5607941929
1255,9305860,3054291,12360151,0,0,0,16384,19,8042848129
1256,9325990,3086859,12412849,3,0,0,35328,5,1986563315
1257,9332670,8180492,17513162,3,0,1,8192,5,5861277466
1258,9333780,8205695,17539475,9,0,1,9216,1,9730027895
1259,9342081,2889153,12231234,8,0,0,12288,14,9179367399
1260,9345750,3287481,12633231,6,0,0,35840,2,2361346058
1261,9355630,1536603,10892233,0,0,0,5632,19,447177475
1262,9356600,1301449,10658049,9,0,0,2048,1,1674644236
1263,9361280,2811441,12172721,9,0,0,24576,1,5660882520
1264,9398740,8180318,17579058,7,0,1,3584,1,5633295525
1265,9407629,2944684,12352313,1,0,0,22528,13,8148916241
1266,9407970,1965900,11373870,5,0,0,2560,9,8565663710
1267,9415120,8299865,17714985,8,0,1,24064,14,6392093483
1268,9420980,3259635,12680615,9,0,0,3584,1,6863510642
1269,9428160,1121682,10549842,2,0,0,27648,3,1765296752
1270,9434980,4644862,14079842,6,0,0,27136,2,4049951792
1271,9446520,8288844,17735364,1,0,1,7168,13,561073062
1272,9447500,897494,10344994,4,0,0,9216,9,7715101925
1273,9452060,3187902,12639962,2,0,0,22016,3,8263582970
1274,9453820,3915705,13369525,3,0,0,28672,5,9449142645
1275,9455310,3056204,12511514,4,0,0,15360,9,8269714225
1276,9457800,2376755,11834555,0,0,0,6656,19,4777139802
1277,9460820,2968922,12429742,0,0,0,8704,19,10269177364
1278,9463620,2338319,11801939,3,0,0,8192,5,1071310031
1279,9468280,708721,10177001,7,0,0,1024,1,7556727022
1280,9468980,1794620,11263600,0,0,0,15360,19,5629325940
1281,9475760,1717467,11193227,7,0,0,4096,1,10404054313
1282,9482250,1769901,11252151,7,0,0,39424,1,10388799836
1283,9487629,1960511,11448140,1,0,0,23040,13,2853421227
1284,9495230,8312812,17808042,8,0,1,9216,14,4699972380
1285,9501300,4944836,14446136,2,0,0,71680,3,651894305
1286,9505600,1751262,11256862,6,0,0,15360,2,2769638935
1287,9522570,8286855,17809425,7,0,1,14848,1,1475709821
1288,9537920,8324192,17862112,9,0,1,2560,1,8131706043
1289,9539590,5018031,14557621,0,0,0,11776,19,5868696608
1290,9557680,706169,10263849,5,0,0,7680,9,3540683650
1291,9561000,8367357,17928357,6,0,1,16384,2,6030756353
1292,9569070,8390769,17959839,9,0,1,10240,1,5725166064
1293,9569370,728038,10297408,2,0,0,9216,3,8741846878
1294,9578590,2979762,12558352,7,0,0,41984,1,1033836476
1295,9580130,5117308,14697438,9,0,0,74240,1,10412671721
1296,9599129,1238565,10837694,1,0,0,16384,13,4938866782
1297,9605930,684258,10290188,6,0,0,1024,2,5769541820
1298,9606670,685367,10292037,4,0,0,1536,9,7473134984
1299,9652840,2873236,12526076,0,0,0,35328,19,8111700518
1300,9660280,4170369,13830649,0,0,0,35328,19,9801838947
1301,9669670,8413632,18083302,4,0,1,25088,9,1196767385
1302,9677910,8408386,18086296,1,0,1,6144,13,9452619566
1303,9685400,2578504,12263904,4,0,0,11776,9,1721669460
1304,9705460,3057086,12762546,0,0,0,13312,19,3128765991
1305,9705550,1954699,11660249,7,0,0,28672,1,2625572491
1306,9708210,2283860,11992070,2,0,0,19456,3,9661629356
1307,9708229,3261892,12970121,1,0,0,23040,13,2141072416
1308,9727500,2864361,12591861,0,0,0,10752,19,4818144616
1309,9752290,2137550,11889840,7,0,0,43520,1,8049134779
1310,9758260,4736129,14494389,4,0,0,86016,9,10339489526
1311,9758751,1963700,11722451,8,0,0,15872,14,4471345938
1312,9761700,8355575,18117275,9,0,1,5120,1,8132053852
1313,9767120,3818768,13585888,7,0,0,54272,1,7811094090
1314,9784870,8397864,18182734,0,0,1,23552,19,10393287913
1315,9809660,5210247,15019907,2,0,0,18944,3,783211032
1316,9810000,2442195,12252195,2,0,0,16896,3,1694167111
1317,9815700,8750231,18565931,0,0,1,13824,19,9332176073
1318,9826600,8751076,18577676,3,0,1,7680,5,8492944823
1319,9839870,5297148,15137018,5,0,0,39424,9,20464087
1320,9846190,2580885,12427075,4,0,0,3584,9,6388699772
1321,9850370,8739410,18589780,4,0,1,19968,9,4890132372
1322,9868390,2288030,12156420,5,0,0,34816,9,4906052002
1323,9877000,3406335,13283335,5,0,0,38400,9,2060103676
1324,9879109,3252576,13131685,1,0,0,35840,13,2461092933
1325,9883160,1657704,11540864,4,0,0,8192,9,317788151
1326,9896350,2067008,11963358,0,0,0,11776,19,1208524914
1327,9918620,3201778,13120398,2,0,0,5120,3,4197777759
1328,9919040,746509,10665549,5,0,0,10240,9,5282012037
1329,9920761,2386788,12307549,8,0,0,24576,14,4910866407
1330,9921010,8701006,18622016,6,0,1,18944,2,5557861545
1331,9926300,2171965,12098265,2,0,0,53760,3,3993336228
1332,9929740,8727270,18657010,0,0,1,1024,19,1802814518
1333,9953590,2608749,12562339,7,0,0,12800,1,2044225859
1334,9958750,8705085,18663835,9,0,1,1536,1,6177338363
1335,9959220,1910739,11869959,9,0,0,2560,1,7928035833
1336,9961780,2727594,12689374,4,0,0,28672,9,790010870
1337,9962000,8734260,18696260,7,0,1,1536,1,6836603826
1338,9969959,4001624,13971583,1,0,0,12800,13,6916771958
1339,9979550,3191264,13170814,4,0,0,17408,9,7072571468
1340,9982590,5334563,15317153,2,0,0,22528,3,8008577586
1341,9990061,2135277,12125338,8,0,0,25088,14,7771876311
1342,10000970,1810314,11811284,0,0,0,13824,19,1771105413
1343,10007810,2239222,12247032,4,0,0,16896,9,5837841517
1344,10040310,2013550,12053860,7,0,0,7680,1,6629862749
1345,10041710,1689203,11730913,5,0,0,14848,9,580161936
1346,10042320,2576028,12618348,2,0,0,48640,3,2257000819
1347,10049400,1317417,11366817,0,0,0,16384,19,7762262937
1348,10050380,3747076,13797456,5,0,0,2048,9,9133434667
1349,10054190,3844830,13899020,6,0,0,3584,2,6677113425
1350,10078880,2854684,12933564,6,0,0,72704,2,5690780176
1351,10079140,2254839,12333979,7,0,0,14848,1,3330563099
1352,10086661,5281246,15367907,8,0,0,161280,14,1642415663
1353,10096910,2015722,12112632,6,0,0,47104,2,5950324907
1354,10096929,1554569,11651498,1,0,0,512,13,6498494004
1355,10114230,4178461,14292691,7,0,0,15872,1,982985070
1356,10115990,4264959,14380949,5,0,0,28672,9,5246443411
1357,10134180,2869543,13003723,6,0,0,43008,2,5508787961
1358,10158800,8550888,18709688,9,0,1,2560,1,3701489154
1359,10162650,8547941,18710591,8,0,1,5632,14,5732444457
1360,10172650,8574597,18747247,9,0,1,8192,1,6131047191
1361,10179511,2137076,12316587,8,0,0,5120,14,2343877607
1362,10179940,1631515,11811455,7,0,0,512,1,1501333442
1363,10191910,672803,10864713,5,0,0,5632,9,5050970703
1364,10195400,2030008,12225408,4,0,0,8704,9,6191514068
1365,10196650,8604652,18801302,9,0,1,11264,1,8908948973
1366,10209440,8591885,18801325,0,0,1,1536,19,5329111305
1367,10210160,2215808,12425968,0,0,0,43008,19,786849958
1368,10223830,8577510,18801340,3,0,1,14336,5,1027970420
1369,10226900,8698442,18925342,9,0,1,6144,1,974387068
1370,10242130,3780001,14022131,5,0,0,72704,9,10384813078
1371,10252429,5273770,15526199,9,0,0,52224,1,6317212902
1372,10255049,2885023,13140072,1,0,0,7168,13,7594785637
1373,10268690,3439654,13708344,7,0,0,98304,1,6630587972
1374,10268821,4307848,14576669,8,0,0,11776,14,4099686268
1375,10275731,2250548,12526279,8,0,0,512,14,1058350872
1376,10298440,2103622,12402062,7,0,0,36352,1,635213376
1377,10307940,8652102,18960042,0,0,1,9216,19,28838752
1378,10317290,5127528,15444818,0,0,0,44544,19,6968641848
1379,10344031,790208,11134239,8,0,0,3584,14,4267818975
1380,10354950,735005,11089955,5,0,0,5120,9,8907338987
1381,10362730,8643367,19006097,3,0,1,6656,5,8337399940
1382,10367890,2220672,12588562,5,0,0,86016,9,10664623941
1383,10391879,590862,10982741,1,0,0,9216,13,7312141406
1384,10414940,2100357,12515297,4,0,0,12288,9,6288464857
1385,10419890,2042721,12462611,4,0,0,3072,9,4212702992
1386,10426420,569495,10995915,3,0,0,2048,5,8460935398
1387,10440180,8584777,19024957,7,0,1,1536,1,7965991633
1388,10455580,2326757,12782337,6,0,0,23040,2,1736293092
1389,10458340,2653292,13111632,9,0,0,34816,1,563743356
1390,10485150,5657491,16142641,7,0,0,24064,1,7162134822
1391,10492400,3061073,13553473,9,0,0,38400,1,1111907186
1392,10493340,8531632,19024972,1,0,1,4096,13,3641574298
1393,10495130,8565252,19060382,4,0,1,19456,9,4235346892
1394,10525370,5171999,15697369,0,0,0,35840,19,2835159860
1395,10536380,3582097,14118477,6,0,0,42496,2,364932947
1396,10558431,2340522,12898953,8,0,0,15360,14,8165475012
1397,10563340,8594280,19157620,7,0,1,5632,1,4442946015
1398,10566730,8594756,19161486,4,0,1,6144,9,9219008112
1399,10602710,535047,11137757,7,0,0,4608,1,10098629086
1400,10619530,8554589,19174119,2,0,1,3072,3,10362123125
1401,10643150,2395141,13038291,5,0,0,12800,9,3300640756
1402,10645140,2706059,13351199,0,0,0,22016,19,3736563044
1403,10650660,8523474,19174134,3,0,1,4608,5,3772921033
1404,10661750,8512399,19174149,6,0,1,512,2,4901929873
1405,10673851,2532222,13206073,8,0,0,16384,14,10158996004
1406,10675040,2421115,13096155,4,0,0,10752,9,8552269071
1407,10684911,2516155,13201066,8,0,0,3072,14,8130201319
1408,10687599,2318011,13005610,1,0,0,6144,13,7522554937
1409,10693150,2635715,13328865,0,0,0,1536,19,6832772600
1410,10693669,1533782,12227451,1,0,0,6656,13,7847230167
1411,10704490,2597678,13302168,4,0,0,2560,9,7097278821
1412,10708620,8465544,19174164,7,0,1,512,1,5893149905
1413,10713021,1774112,12487133,8,0,0,64512,14,972838954
1414,10718440,3004769,13723209,0,0,0,15360,19,6078143308
1415,10725220,2745878,13471098,7,0,0,21504,1,4528986213
1416,10727900,462457,11190357,4,0,0,5120,9,6856648938
1417,10729340,1950120,12679460,0,0,0,2048,19,5025891111
1418,10757440,8416739,19174179,2,0,1,9216,3,229210889
1419,10760460,8413734,19174194,2,0,1,4608,3,3366700979
1420,10763170,3230906,13994076,0,0,0,25600,19,6339427902
1421,10764850,2608754,13373604,5,0,0,13312,9,7041923918
1422,10769530,3895227,14664757,0,0,0,69120,19,3792598608
1423,10770680,8404018,19174698,2,0,1,7168,3,10136573124
1424,10771509,3297982,14069491,1,0,0,43520,13,4829902767
1425,10782290,2053728,12836018,5,0,0,14336,9,5032591981
1426,10788170,2297613,13085783,0,0,0,25600,19,1276994553
1427,10789060,8450312,19239372,4,0,1,1536,9,10372509114
1428,10794330,744000,11538330,6,0,0,3072,2,1977793388
1429,10799570,8439817,19239387,1,0,1,2048,13,1664266826
1430,10804670,3055727,13860397,7,0,0,8704,1,9984398845
1431,10815600,2910198,13725798,6,0,0,512,2,4312913318
1432,10825300,8414102,19239402,3,0,1,3072,5,3724966435
1433,10838319,2878308,13716627,1,0,0,27136,13,3208941716
1434,10849830,920924,11770754,2,0,0,6144,3,5383620271
1435,10855250,3405569,14260819,6,0,0,8704,2,9455103794
1436,10856329,2471726,13328055,1,0,0,30208,13,6298727444
1437,10865540,2579211,13444751,5,0,0,40448,9,6232592878
1438,10869081,319685,11188766,8,0,0,5120,14,9906088287
1439,10869750,2671992,13541742,0,0,0,51712,19,9787426910
1440,10896120,1696084,12592204,6,0,0,1024,2,1577043165
1441,10901290,2617271,13518561,0,0,0,29696,19,323293474
1442,10901880,2992110,13893990,6,0,0,46080,2,1778420821
1443,10904720,2906222,13810942,2,0,0,41984,3,5327456407
1444,10928670,1938740,12867410,5,0,0,2048,9,10272850336
1445,10929770,2968135,13897905,0,0,0,12800,19,4487036103
1446,10930030,8392827,19322857,2,0,1,6144,3,6564189215
1447,10935980,644862,11580842,9,0,0,5632,1,3705922275
1448,10939060,8385077,19324137,3,0,1,14336,5,5220609659
1449,10944350,8412660,19357010,2,0,1,6144,3,5904822548
1450,10954830,3187716,14142546,9,0,0,10240,1,2047905834
1451,10962419,3538077,14500496,1,0,0,19968,13,3539538939
1452,10978470,645825,11624295,0,0,0,36352,19,999833202
1453,10989450,8399835,19389285,8,0,1,2048,14,4444299497
1454,10990749,1440888,12431637,1,0,0,6144,13,2720250099
1455,10992670,3112844,14105514,9,0,0,67584,1,7725882175
1456,10994470,3800647,14795117,6,0,0,27648,2,7950177403
1457,10996840,2728747,13725587,6,0,0,1024,2,6311782445
1458,11019800,2636299,13656099,0,0,0,36352,19,1553200394
1459,11021399,1880080,12901479,1,0,0,6656,13,7088700422
1460,11022080,8367220,19389300,1,0,1,13824,13,8283066189
1461,11044730,8348247,19392977,9,0,1,3584,1,8083104109
1462,11057540,2878134,13935674,7,0,0,31744,1,4037804419
1463,11060940,2771448,13832388,0,0,0,5632,19,2195203250
1464,11067070,5217662,16284732,7,0,0,12800,1,2143459113
1465,11073480,2358924,13432404,4,0,0,26112,9,7926466469
1466,11082390,8364956,19447346,4,0,1,512,9,5142412287
1467,11082890,1262520,12345410,3,0,0,17408,5,7517060279
1468,11083080,2552390,13635470,5,0,0,13824,9,862041707
1469,11087440,8377277,19464717,4,0,1,7168,9,8148395614
1470,11097960,1848130,12946090,4,0,0,24064,9,8026174449
1471,11107480,3048988,14156468,9,0,0,7680,1,5630852501
1472,11110770,1975192,13085962,9,0,0,512,1,4872418055
1473,11112880,3971825,15084705,6,0,0,40448,2,3519383095
1474,11123110,2258510,13381620,4,0,0,11264,9,6187274085
1475,11128460,4099753,15228213,6,0,0,12800,2,2162589876
1476,11130730,8429961,19560691,8,0,1,13312,14,4283721510
1477,11135880,1409649,12545529,5,0,0,14848,9,8914755035
1478,11137729,3176243,14313972,1,0,0,65024,13,6076487503
1479,11153730,8522945,19676675,4,0,1,16896,9,2040784101
1480,11159090,4253041,15412131,0,0,0,93696,19,4017987416
1481,11167990,3256275,14424265,5,0,0,70144,9,5287736658
1482,11169760,4115819,15285579,4,0,0,58368,9,4385404724
1483,11172350,1946473,13118823,7,0,0,23552,1,6300720993
1484,11180799,1970824,13151623,1,0,0,32256,13,8642367455
1485,11187900,8537689,19725589,7,0,1,11264,1,8034733651
1486,11218400,8507855,19726255,6,0,1,1024,2,589634596
1487,11223470,8504411,19727881,8,0,1,2560,14,1062342373
1488,11236170,1551494,12787664,2,0,0,17408,3,4782821515
1489,11240440,3664879,14905319,0,0,0,35328,19,5874071109
1490,11246810,3307192,14554002,7,0,0,80384,1,9375888435
1491,11270960,901932,12172892,6,0,0,512,2,774145900
1492,11271610,2465744,13737354,0,0,0,20992,19,2358927223
1493,11274000,2773609,14047609,5,0,0,4096,9,7518758521
1494,11285681,2129404,13415085,8,0,0,7680,14,977145419
1495,11296700,3846269,15142969,6,0,0,19456,2,5439784370
1496,11298350,1867145,13165495,5,0,0,25600,9,5328336013
1497,11303770,8426697,19730467,6,0,1,4096,2,6094773445
1498,11318949,3524025,14842974,1,0,0,26624,13,4026927492
1499,11319180,8466175,19785355,6,0,1,3072,2,7733298666
1500,11320671,3629805,14950476,8,0,0,80896,14,22544276
1501,11329380,3738417,15067797,7,0,0,25088,1,9295945517
1502,11332250,3590088,14922338,0,0,0,55808,19,6405236252
1503,11358700,8475114,19833814,4,0,1,5120,9,5388065155
1504,11383850,8479820,19863670,9,0,1,6144,1,8917267723
1505,11389440,2764673,14154113,4,0,0,37888,9,3523641682
1506,11393410,8470283,19863693,3,0,1,23552,5,2231244713
1507,11398210,8485301,19883511,8,0,1,2560,14,1673732914
1508,11400360,203020,11603380,2,0,0,3584,3,1159856845
1509,11405200,2552540,13957740,2,0,0,7168,3,4578902100
1510,11416551,5300160,16716711,8,0,0,21504,14,3047995169
1511,11417959,3965609,15383568,1,0,0,14848,13,706971568
1512,11423571,3249789,14673360,8,0,0,28160,14,874385872
1513,11432350,2938677,14371027,0,0,0,40960,19,2495706441
1514,11434150,2330522,13764672,4,0,0,6144,9,9680465093
1515,11435161,2923363,14358524,8,0,0,30720,14,9924146452
1516,11438040,1461396,12899436,5,0,0,1536,9,6014142373
1517,11452750,3120308,14573058,9,0,0,16896,1,3445798246
1518,11455320,4993654,16448974,2,0,0,7680,3,1297158711
1519,11474390,2451597,13925987,2,0,0,9728,3,7535413051
1520,11477200,212069,11689269,7,0,0,9728,1,2797312896
1521,11486920,3882874,15369794,6,0,0,6144,2,2657669181
1522,11498961,2826102,14325063,8,0,0,36352,14,7778153437
1523,11505540,1445557,12951097,7,0,0,16384,1,6107449502
1524,11512100,3096610,14608710,0,0,0,53248,19,7941145605
1525,11526520,2040898,13567418,5,0,0,35840,9,8797999743
1526,11533540,8349986,19883526,9,0,1,1024,1,7839176076
1527,11552550,8330991,19883541,9,0,1,512,1,4050552269
1528,11570290,3227386,14797676,0,0,0,8192,19,2344798743
1529,11574160,2448298,14022458,7,0,0,1024,1,9782663797
1530,11574990,3968127,15543117,2,0,0,18944,3,4904874035
1531,11581380,2083322,13664702,2,0,0,28160,3,10403904410
1532,11593160,1976145,13569305,0,0,0,6144,19,2582494420
1533,11606790,8277404,19884194,0,0,1,3072,19,1799127697
1534,11637120,3911058,15548178,2,0,0,2560,3,1337225607
1535,11656650,8325412,19982062,9,0,1,16384,1,6169307616
1536,11658670,2300376,13959046,0,0,0,1536,19,6459991523
1537,11715090,8332637,20047727,9,0,1,18432,1,261390097
1538,11726870,1586015,13312885,2,0,0,4096,3,8697522323
1539,11761580,8568811,20330391,3,0,1,5120,5,3734084282
1540,11762720,2114540,13877260,0,0,0,55296,19,9734237327
1541,11765780,2939496,14705276,2,0,0,19456,3,6573629512
1542,11766310,3700433,15466743,9,0,0,66048,1,2034190998
1543,11775310,1246384,13021694,5,0,0,2048,9,6800648376
1544,11779720,533978,12313698,4,0,0,4608,9,5216959686
1545,11784900,3936376,15721276,4,0,0,62464,9,7392972001
1546,11792780,5316740,17109520,4,0,0,57856,9,10588459710
1547,11816910,1090899,12907809,7,0,0,4096,1,7817957107
1548,11820650,2382538,14203188,9,0,0,24064,1,656109132
1549,11821800,1271064,13092864,9,0,0,1536,1,7020449098
1550,11822700,8602744,20425444,2,0,1,12288,3,7277423175
1551,11829040,8596419,20425459,8,0,1,3072,14,5915956694
1552,11836320,8589162,20425482,4,0,1,4096,9,425907896
1553,11850290,2617876,14468166,4,0,0,20480,9,9887092314
1554,11855210,3169244,15024454,4,0,0,14848,9,9942817870
1555,11859600,3805595,15665195,9,0,0,5632,1,7410312782
1556,11861450,8578684,20440134,0,0,1,1536,19,8636114959
1557,11865671,371841,12237512,8,0,0,7680,14,7685004267
1558,11866620,1764615,13631235,6,0,0,40448,2,9736592366
1559,11883480,1843269,13726749,2,0,0,3072,3,328084635
1560,11887131,3799303,15686434,8,0,0,69632,14,4633877290
1561,11889290,8551612,20440902,1,0,1,11776,13,7655108263
1562,11891039,2339720,14230759,1,0,0,74752,13,4977279348
1563,11912760,4952455,16865215,6,0,0,6656,2,650322462
1564,11918290,3063572,14981862,4,0,0,100352,9,424948723
1565,11942160,1539873,13482033,2,0,0,35840,3,2738165427
1566,11944970,8507980,20452950,6,0,1,1024,2,3022023267
1567,11949310,257964,12207274,7,0,0,15360,1,1383710400
1568,11949600,3816482,15766082,7,0,0,12288,1,443058578
1569,11986300,4110341,16096641,9,0,0,15360,1,6315783307
1570,11991310,8464226,20455536,4,0,1,4096,9,5369911211
1571,12001190,8475711,20476901,3,0,1,6656,5,6303767999
1572,12002790,3443798,15446588,5,0,0,4608,9,4685966118
1573,12014340,8562286,20576626,1,0,1,5120,13,6423828084
1574,12014980,5278512,17293492,4,0,0,34304,9,2978291461
1575,12018060,3360969,15379029,9,0,0,30208,1,261434681
1576,12034530,1309938,13344468,7,0,0,12800,1,2920557249
1577,12034700,8542182,20576882,7,0,1,9216,1,9710493639
1578,12044420,1180514,13224934,7,0,0,15872,1,9328714735
1579,12052870,8629393,20682263,0,0,1,512,19,8758062225
1580,12055610,5364701,17420311,4,0,0,14848,9,4085679129
1581,12055890,3879946,15935836,6,0,0,78336,2,10445301233
1582,12060439,1174943,13235382,1,0,0,13824,13,8172394965
1583,12088540,8608323,20696863,8,0,1,30208,14,6959255585
1584,12089990,3894165,15984155,6,0,0,10752,2,46834498
1585,12093641,737986,12831627,8,0,0,25600,14,8861291147
1586,12124500,1828920,13953420,5,0,0,18432,9,1156528289
1587,12124700,2014711,14139411,2,0,0,53248,3,5623719551
1588,12130940,3406390,15537330,9,0,0,36352,1,3736892974
1589,12145920,2202566,14348486,6,0,0,76800,2,7240907525
1590,12166049,1998086,14164135,1,0,0,25088,13,6201773509
1591,12174179,2334311,14508490,1,0,0,6144,13,7212844640
1592,12175750,8654286,20830036,0,0,1,10752,19,6718177590
1593,12181780,1279298,13461078,6,0,0,11264,2,7939548356
1594,12183660,2830452,15014112,0,0,0,26112,19,5047616625
1595,12183810,1939362,14123172,7,0,0,15360,1,4920519298
1596,12194251,2047443,14241694,8,0,0,35840,14,3379152807
1597,12200620,3989697,16190317,5,0,0,5120,9,10126122035
1598,12204510,3617593,15822103,2,0,0,19968,3,4400533273
1599,12211410,880963,13092373,6,0,0,20992,2,2154959956
1600,12211441,3294892,15506333,8,0,0,81920,14,1185118096
1601,12214480,2176839,14391319,4,0,0,4608,9,2890706843
1602,12227920,2558750,14786670,2,0,0,90624,3,4730709086
1603,12233100,8596959,20830059,9,0,1,3584,1,449744713
1604,12256071,3328022,15584093,8,0,0,12800,14,9315846441
1605,12259369,3303667,15563036,1,0,0,36352,13,5933268335
1606,12269770,2288030,14557800,2,0,0,512,3,10312204629
1607,12280110,1746234,14026344,4,0,0,10752,9,5027593678
1608,12293020,3251204,15544224,6,0,0,3584,2,2384267885
1609,12300120,1875181,14175301,2,0,0,31744,3,5172385502
1610,12321520,8684940,21006460,6,0,1,5120,2,1854192466
1611,12342210,1082223,13424433,6,0,0,3072,2,5012389958
1612,12343061,1382199,13725260,8,0,0,6656,14,142529955
1613,12344100,8665633,21009733,3,0,1,5120,5,4539023957
1614,12354820,5143906,17498726,5,0,0,13312,9,4161954830
1615,12372180,4033509,16405689,0,0,0,4096,19,4966626185
1616,12380750,2513782,14894532,0,0,0,104960,19,3915068352
1617,12396261,2706633,15102894,8,0,0,2048,14,5363817822
1618,12416090,1833014,14249104,7,0,0,13824,1,4041944720
1619,12416781,3856480,16273261,8,0,0,17920,14,5244085593
1620,12420190,3622533,16042723,6,0,0,15872,2,8726325069
1621,12433050,8582014,21015064,0,0,1,5120,19,10216230705
1622,12433700,1122284,13555984,0,0,0,8192,19,6130005209
1623,12435730,8579676,21015406,1,0,1,3072,13,8850537476
1624,12435881,1120586,13556467,8,0,0,1536,14,8369099458
1625,12473250,1771579,14244829,0,0,0,10240,19,6753072446
1626,12481980,8561122,21043102,0,0,1,12800,19,4295727783
1627,12486040,8557175,21043215,9,0,1,10752,1,2895150878
1628,12500861,1569269,14070130,8,0,0,2048,14,2693326659
1629,12502680,8574736,21077416,1,0,1,512,13,5986772396
1630,12505120,8605871,21110991,4,0,1,7680,9,10247458002
1631,12507450,4066127,16573577,2,0,0,52224,3,7840866369
1632,12508200,8614452,21122652,3,0,1,1536,5,3914887674
1633,12513370,8609846,21123216,6,0,1,10752,2,7489907525
1634,12517670,5646671,18164341,4,0,0,59392,9,9946166761
1635,12523150,1195364,13718514,7,0,0,6144,1,3998701102
1636,12527630,1254719,13782349,7,0,0,4608,1,7191298566
1637,12528980,2268867,14797847,2,0,0,512,3,3683664415
1638,12535550,2619290,15154840,5,0,0,38912,9,3861432618
1639,12580420,3623121,16203541,7,0,0,13312,1,9596773720
1640,12582160,2454063,15036223,5,0,0,12800,9,3467321300
1641,12584290,1926267,14510557,4,0,0,6656,9,3012713755
1642,12604970,2094363,14699333,9,0,0,6144,1,6932497881
1643,12620740,2383179,15003919,2,0,0,16896,3,1446242025
1644,12625340,8727324,21352664,2,0,1,18432,3,5305453567
1645,12644020,2936158,15580178,7,0,0,32256,1,3393285604
1646,12648240,5081736,17729976,2,0,0,49152,3,7839496430
1647,12652980,8728950,21381930,9,0,1,11264,1,1751596626
1648,12655260,8779879,21435139,2,0,1,6144,3,7827789087
1649,12658780,2651478,15310258,0,0,0,80896,19,1234577352
1650,12670560,4927397,17597957,5,0,0,61952,9,3282499248
1651,12680520,2314773,14995293,4,0,0,44032,9,3220475144
1652,12681959,1589288,14271247,1,0,0,12800,13,6497694465
1653,12682920,8805238,21488158,0,0,1,30208,19,1131045250
1654,12689040,4193103,16882143,0,0,0,2048,19,8288372109
1655,12704130,4017136,16721266,6,0,0,14848,2,8102632850
1656,12720730,5317685,18038415,9,0,0,11776,1,1485755950
1657,12720820,8782508,21503328,4,0,1,3584,9,4608812127
1658,12741030,8762313,21503343,3,0,1,9728,5,2579054824
1659,12754730,8770405,21525135,8,0,1,32256,14,3188954000
1660,12757280,2302858,15060138,5,0,0,37376,9,3856517348
1661,12766960,2849479,15616439,9,0,0,69632,1,1074362299
1662,12776410,3003103,15779513,2,0,0,44032,3,5172163950
1663,12796240,522588,13318828,4,0,0,19456,9,4161977522
1664,12798411,2438301,15236712,8,0,0,22528,14,8826565339
1665,12813670,8711480,21525150,0,0,1,1536,19,286137963
1666,12833240,8784534,21617774,0,0,1,2560,19,2622547808
1667,12834790,5426709,18261499,5,0,0,69632,9,6647220429
1668,12838140,3060351,15898491,0,0,0,58368,19,8077489063
1669,12848280,8784988,21633268,6,0,1,14848,2,2725861215
1670,12861360,2560496,15421856,2,0,0,23552,3,8760242891
1671,12870061,3478799,16348860,8,0,0,35328,14,2345196549
1672,12882820,8809866,21692686,3,0,1,2560,5,5936768900
1673,12887460,8806852,21694312,8,0,1,2560,14,2062063119
1674,12911210,2636157,15547367,9,0,0,10240,1,3734663200
1675,12911230,966365,13877595,6,0,0,1024,2,5094663369
1676,12920880,2554355,15475235,4,0,0,23040,9,6724234732
1677,12921690,4160227,17081917,6,0,0,25600,2,2712537729
1678,12947730,3073893,16021623,4,0,0,33280,9,6082827963
1679,12965760,2040381,15006141,9,0,0,6656,1,2399120575
1680,12967140,2065160,15032300,7,0,0,10752,1,618121077
1681,12971630,4228067,17199697,5,0,0,20992,9,9103316375
1682,12977430,8780731,21758161,9,0,1,16384,1,10101698105
1683,12999790,3540186,16539976,5,0,0,72192,9,1210458810
1684,13006149,1365985,14372134,9,0,0,3584,1,4089713283
1685,13019080,2462254,15481334,6,0,0,19968,2,8421637195
1686,13048020,2520350,15568370,6,0,0,13824,2,3146354648
1687,13048710,2614730,15663440,7,0,0,122368,1,4307419724
1688,13050740,3122597,16173337,4,0,0,21504,9,2680253591
1689,13059101,1447502,14506603,8,0,0,19968,14,790548237
1690,13069059,1929697,14998756,9,0,0,11264,1,9067262608
1691,13075290,8693858,21769148,3,0,1,4608,5,3989102593
1692,13087510,8684944,21772454,9,0,1,5120,1,3890499144
1693,13088520,239862,13328382,2,0,0,1024,3,6613352863
1694,13089989,5281252,18371241,9,0,0,27136,1,6968473911
1695,13091809,397991,13489800,9,0,0,1024,1,8400681633
1696,13094870,264302,13359172,9,0,0,6656,1,325866735
1697,13117181,3799446,16916627,8,0,0,29696,14,3144001232
1698,13118370,8656990,21775360,4,0,1,4608,9,10438963889
1699,13151339,681376,13832715,9,0,0,1024,1,503129258
1700,13157481,2394464,15551945,8,0,0,12288,14,5661161568
1701,13173621,4339526,17513147,8,0,0,46080,14,7751229577
1702,13173990,8954809,22128799,7,0,1,25088,1,1019339306
1703,13184360,3262259,16446619,7,0,0,36352,1,9401668902
1704,13195530,2007853,15203383,5,0,0,38400,9,7509943013
1705,13196430,9005537,22201967,8,0,1,2048,14,10679327476
1706,13202600,9018320,22220920,2,0,1,6144,3,31286425
1707,13205030,9015905,22220935,6,0,1,1536,2,162131181
1708,13205820,3490113,16695933,7,0,0,17920,1,3011460164
1709,13233910,3079596,16313506,2,0,0,68608,3,10039706758
1710,13236550,8984400,22220950,4,0,1,3584,9,61164778
1711,13243451,2492119,15735570,8,0,0,37376,14,447848822
1712,13251179,2722454,15973633,9,0,0,71680,1,5644410020
1713,13252270,3028547,16280817,5,0,0,13824,9,4546272049
1714,13254360,1927314,15181674,4,0,0,31744,9,1402739649
1715,13256341,3102492,16358833,8,0,0,26624,14,10626095646
1716,13274250,8946715,22220965,6,0,1,512,2,3992752808
1717,13274640,3464612,16739252,7,0,0,53248,1,1257899950
1718,13284409,1967435,15251844,9,0,0,6656,1,9201869790
1719,13286340,1717750,15004090,6,0,0,512,2,2307492088
1720,13314140,2566544,15880684,4,0,0,56320,9,1117040829
1721,13334420,3309197,16643617,4,0,0,136704,9,1280700319
1722,13341640,8879340,22220980,7,0,1,13824,1,10417474335
1723,13349300,8962428,22311728,1,0,1,8192,13,7333080889
1724,13352750,9114900,22467650,1,0,1,2560,13,6202981379
1725,13356750,3018373,16375123,7,0,0,23040,1,8243240889
1726,13361040,5248107,18609147,7,0,0,63488,1,10563078841
1727,13371810,3898594,17270404,9,0,0,32256,1,7270777054
1728,13378050,3454735,16832785,5,0,0,20992,9,4484474264
1729,13387780,2419992,15807772,2,0,0,33792,3,495832060
1730,13427840,3661308,17089148,2,0,0,23552,3,1657554846
1731,13449580,9020448,22470028,8,0,1,2048,14,3514249814
1732,13451530,4229600,17681130,2,0,0,62976,3,10714353173
1733,13460230,9083757,22543987,2,0,1,24576,3,1798480259
1734,13467049,2732421,16199470,9,0,0,15360,1,1078534424
1735,13467450,9195097,22662547,9,0,1,512,1,3385071742
1736,13472770,3507119,16979889,2,0,0,20992,3,8123978620
1737,13474520,2314816,15789336,6,0,0,31232,2,3186988397
1738,13482760,9246124,22728884,4,0,1,6144,9,9160302520
1739,13494420,2131721,15626141,2,0,0,7168,3,1434006737
1740,13497680,9231219,22728899,0,0,1,8192,19,9978252268
1741,13501180,4107111,17608291,2,0,0,22016,3,8038034831
1742,13505140,1963052,15468192,7,0,0,4608,1,4299392596
1743,13509870,1921361,15431231,2,0,0,30720,3,4891713085
1744,13513551,2242806,15756357,8,0,0,40960,14,1633452146
1745,13518610,9297101,22815711,9,0,1,3584,1,4259036931
1746,13518710,9375280,22893990,1,0,1,4096,13,8365681532
1747,13530010,1498991,15029001,7,0,0,14848,1,8815287857
1748,13530260,9411487,22941747,8,0,1,10752,14,2147576175
1749,13543560,3300675,16844235,7,0,0,17920,1,4482264402
1750,13559840,3330031,16889871,4,0,0,6144,9,8656267096
1751,13561331,1169569,14730900,8,0,0,12800,14,477488548
1752,13564940,3771192,17336132,4,0,0,4096,9,4024696231
1753,13567899,781250,14349149,9,0,0,2048,1,10136691388
1754,13569300,2193023,15762323,6,0,0,4096,2,8371699958
1755,13587030,2174030,15761060,7,0,0,15360,1,8120665720
1756,13593190,2387650,15980840,4,0,0,23552,9,309840949
1757,13599781,2987148,16586929,8,0,0,11776,14,3776037459
1758,13600599,2449159,16049758,9,0,0,23040,1,7984845571
1759,13627131,2930511,16557642,8,0,0,46080,14,3211042077
1760,13630080,9335989,22966069,8,0,1,13824,14,10301218244
1761,13632350,4450937,18083287,2,0,0,76800,3,8897720735
1762,13632800,2276158,15908958,7,0,0,34304,1,3827488133
1763,13634690,2626989,16261679,5,0,0,137728,9,6247889694
1764,13648100,9322795,22970895,3,0,1,7680,5,2564621375
1765,13655060,5538987,19194047,2,0,0,36864,3,1522651638
1766,13698410,9298367,22996777,4,0,1,512,9,7233856397
1767,13703210,2618579,16321789,9,0,0,27136,1,8986174672
1768,13710530,5182553,18893083,6,0,0,110592,2,1124613532
1769,13715430,9281362,22996792,2,0,1,6656,3,9970775597
1770,13720610,9457820,23178430,7,0,1,15360,1,156293107
1771,13734670,2867280,16601950,2,0,0,17920,3,1049931037
1772,13735659,2275809,16011468,9,0,0,22016,1,8729057913
1773,13757960,2377334,16135294,7,0,0,39424,1,3817723835
1774,13764140,2288285,16052425,5,0,0,8704,9,8028449888
1775,13772860,2502132,16274992,2,0,0,5632,3,5220934494
1776,13776140,3718515,17494655,6,0,0,19456,2,762635157
1777,13778820,2216942,15995762,7,0,0,37888,1,7566564092
1778,13793560,9384885,23178445,7,0,1,11264,1,9775140414
1779,13801130,5441719,19242849,2,0,0,11264,3,9241322034
1780,13805210,9471089,23276299,8,0,1,9216,14,4210816411
1781,13815700,5613673,19429373,7,0,0,34816,1,4697566203
1782,13818230,9557008,23375238,0,0,1,3072,19,1983435086
1783,13823681,1740462,15564143,8,0,0,3584,14,739696063
1784,13832740,9543804,23376544,9,0,1,2048,1,10324853518
1785,13865560,2929832,16795392,4,0,0,33792,9,5339077359
1786,13879450,2072313,15951763,2,0,0,52224,3,9674920639
1787,13882990,5776690,19659680,6,0,0,57856,2,2774165288
1788,13910100,2941950,16852050,2,0,0,25600,3,7895743095
1789,13929380,344534,14273914,2,0,0,8704,3,6337348483
1790,13932790,2460697,16393487,2,0,0,5632,3,8387590323
1791,13941100,2642202,16583302,4,0,0,2560,9,10694810071
1792,13941840,9435063,23376903,0,0,1,9728,19,744636808
1793,13959500,292919,14252419,7,0,0,10752,1,1960470082
1794,13969190,9533046,23502236,3,0,1,1024,5,6570269083
1795,13984480,5535805,19520285,5,0,0,45568,9,5555296274
1796,13988760,3586484,17575244,5,0,0,88064,9,6357183041
1797,14035300,9601783,23637083,9,0,1,13824,1,4548185832
1798,14044940,9596329,23641269,1,0,1,6656,13,2738207842
1799,14050330,9979487,24029817,8,0,1,14336,14,2010187063
1800,14051221,659885,14711106,8,0,0,9216,14,9486398154
1801,14053600,3947580,18001180,5,0,0,43008,9,8131649008
1802,14070960,2511547,16582507,2,0,0,29184,3,7248815811
1803,14104610,3786881,17891491,7,0,0,50176,1,3226550890
1804,14114570,2858617,16973187,7,0,0,20992,1,6030913152
1805,14123190,1673353,15796543,6,0,0,17408,2,9975683092
1806,14173580,9998836,24172416,3,0,1,5632,5,5913345690
1807,14186360,10042155,24228515,6,0,1,11776,2,4698408232
1808,14188760,10039770,24228530,0,0,1,1536,19,6449573019
1809,14197701,2828548,17026249,8,0,0,6656,14,7699111958
1810,14200861,2522136,16722997,8,0,0,5632,14,3855655533
1811,14202980,5608286,19811266,2,0,0,84992,3,1464365503
1812,14215870,10012675,24228545,7,0,1,512,1,3801569787
1813,14217620,2778767,16996387,5,0,0,46592,9,4534677249
1814,14227440,3760621,17988061,2,0,0,33280,3,5314760529
1815,14233900,10123098,24356998,9,0,1,13312,1,10028717866
1816,14239910,10117111,24357021,4,0,1,2560,9,3487113919
1817,14240480,1947572,16188052,5,0,0,14848,9,1420400359
1818,14252481,1839465,16091946,8,0,0,12800,14,5468477000
1819,14258759,2945192,17203951,9,0,0,9728,1,1892686650
1820,14260890,10113813,24374703,6,0,1,7168,2,9085755838
1821,14262980,3919739,18182719,6,0,0,35840,2,1362055563
1822,14263120,688151,14951271,6,0,0,2560,2,638142399
1823,14287960,3054384,17342344,9,0,0,3072,1,8178811183
1824,14301280,1865490,16166770,5,0,0,18944,9,1135643437
1825,14308890,10065828,24374718,0,0,1,2048,19,4139836484
1826,14318270,10056463,24374733,6,0,1,512,2,9892810910
1827,14318470,10211816,24530286,8,0,1,18432,14,9079137483
1828,14341730,10189222,24530952,7,0,1,1024,1,5824434482
1829,14348510,10183428,24531938,2,0,1,1536,3,10023205207
1830,14352239,1940340,16292579,9,0,0,25600,1,1390183100
1831,14354470,10178134,24532604,3,0,1,1024,5,5125090727
1832,14362380,1905406,16267786,6,0,0,19968,2,6536379106
1833,14388580,1979508,16368088,4,0,0,8192,9,5980165883
1834,14402380,851351,15253731,4,0,0,6144,9,4596245775
1835,14409120,909624,15318744,7,0,0,5120,1,9523665379
1836,14410220,2280238,16690458,2,0,0,17920,3,1501164482
1837,14433500,3228419,17661919,5,0,0,88064,9,912473013
1838,14435890,2718398,17154288,7,0,0,65536,1,9353082779
1839,14441900,10092983,24534883,2,0,1,14848,3,2483893563
1840,14465060,2727228,17192288,6,0,0,16384,2,10027550238
1841,14472180,3970026,18442206,9,0,0,42496,1,7122151561
1842,14484241,3271872,17756113,8,0,0,23040,14,5104192890
1843,14486210,10371981,24858191,7,0,1,3584,1,1311274977
1844,14495420,4059202,18554622,7,0,0,31232,1,2048057939
1845,14517650,1807118,16324768,0,0,0,9728,19,1448360516
1846,14524280,10472714,24996994,4,0,1,9728,9,2434247929
1847,14526330,4128702,18655032,6,0,0,19456,2,6566771854
1848,14533471,1090471,15623942,8,0,0,24576,14,6423230344
1849,14539440,10759208,25298648,8,0,1,19456,14,7960584130
1850,14560740,2035735,16596475,5,0,0,2048,9,421155704
1851,14563280,2787572,17350852,5,0,0,15872,9,10133046783
1852,14565141,2751938,17317079,8,0,0,12800,14,2331046984
1853,14569070,2325634,16894704,7,0,0,3072,1,638853496
1854,14571740,2291424,16863164,5,0,0,512,9,3200734655
1855,14588010,10711099,25299109,4,0,1,10240,9,9996635027
1856,14594000,1502968,16096968,4,0,0,1024,9,10235405663
1857,14599080,846073,15445153,6,0,0,1024,2,5301298210
1858,14603470,10862424,25465894,1,0,1,10240,13,8572372707
1859,14618641,1767330,16385971,8,0,0,8704,14,4936676438
1860,14631009,1205922,15836931,9,0,0,31232,1,4432110718
1861,14636490,1781941,16418431,4,0,0,20480,9,6813614528
1862,14641130,2432964,17074094,5,0,0,48640,9,5951576716
1863,14651330,4248803,18900133,5,0,0,7168,9,882363792
1864,14667570,2848003,17515573,7,0,0,7680,1,10309179596
1865,14686110,1651933,16338043,7,0,0,43520,1,6223007586
1866,14714080,1505612,16219692,7,0,0,27648,1,505709679
1867,14716190,1739515,16455705,2,0,0,22016,3,9750615430
1868,14716939,793325,15510264,9,0,0,12800,1,5819553515
1869,14724580,2435050,17159630,6,0,0,11264,2,6629867615
1870,14730250,1865586,16595836,7,0,0,29184,1,8373276204
1871,14732080,2106672,16838752,7,0,0,19456,1,287853568
1872,14749200,2158364,16907564,2,0,0,17408,3,5450882780
1873,14763700,1946444,16710144,5,0,0,46592,9,2466292598
1874,14765610,10700299,25465909,7,0,1,6656,1,4067677610
1875,14765760,3061908,17827668,7,0,0,1024,1,1123458992
1876,14770770,2385413,17156183,2,0,0,6144,3,5677624013
1877,14774250,10794558,25568808,9,0,1,16896,1,2347987578
1878,14775620,11101992,25877612,8,0,1,19968,14,10061478915
1879,14779311,5067013,19846324,8,0,0,11776,14,8951849519
1880,14841070,1701105,16542175,6,0,0,7168,2,4318147050
1881,14842150,11139011,25981161,9,0,1,10240,1,2393487010
1882,14857180,2167018,17024198,7,0,0,64512,1,7136940801
1883,14859460,11238919,26098379,3,0,1,9728,5,7780776792
1884,14861630,11296634,26158264,1,0,1,35840,13,5373604532
1885,14862670,1413920,16276590,2,0,0,4096,3,77440661
1886,14887570,1938796,16826366,2,0,0,52224,3,4488770616
1887,14906640,11645258,26551898,7,0,1,5120,1,10519091189
1888,14909979,3233601,18143580,9,0,0,61952,1,2859980871
1889,14925380,2563324,17488704,9,0,0,58368,1,4038057261
1890,14932840,2340075,17272915,4,0,0,8192,9,2724904398
1891,14934980,976957,15911937,2,0,0,9728,3,5780555140
1892,14955189,1997785,16952974,1,0,0,12800,13,2637273534
1893,14970740,11581173,26551913,7,0,1,10752,1,4996425704
1894,14982740,4115448,19098188,4,0,0,512,9,3967046291
1895,14995740,11582318,26578058,8,0,1,6656,14,4982228709
1896,15008951,405714,15414665,8,0,0,5120,14,5549981899
1897,15018140,11728436,26746576,0,0,1,11776,19,7865907410
1898,15021880,1841105,16862985,7,0,0,35840,1,4316042837
1899,15024760,11725042,26749802,9,0,1,5120,1,4526277019
1900,15025019,1924040,16949059,9,0,0,42496,1,7586999057
1901,15026600,2552419,17579019,6,0,0,12288,2,2838098003
1902,15026910,3888542,18915452,7,0,0,50176,1,5642272802
1903,15030410,2658535,17688945,7,0,0,25600,1,4459790148
1904,15030970,11723939,26754909,9,0,1,7168,1,10472180423
1905,15033841,3949000,18982841,8,0,0,23040,14,4212813698
1906,15037870,2433035,17470905,3,0,0,83456,5,5472072270
1907,15041010,2862976,17903986,7,0,0,40960,1,8022664105
1908,15084900,11789669,26874569,2,0,1,9216,3,4850896086
1909,15096780,11898393,26995173,8,0,1,3072,14,9948130160
1910,15107040,2166046,17273086,4,0,0,512,9,5738309737
1911,15118370,1546078,16664448,7,0,0,15872,1,79430772
1912,15119410,11931195,27050605,9,0,1,4608,1,7742849042
1913,15128900,1272554,16401454,4,0,0,512,9,7259516451
1914,15162999,4833002,19996001,9,0,0,19456,1,2496687870
1915,15167060,3099142,18266202,2,0,0,15360,3,8735170451
1916,15200020,1317945,16517965,6,0,0,13312,2,9421280983
1917,15201960,211130,15413090,2,0,0,3072,3,5582222596
1918,15216970,3005381,18222351,4,0,0,112128,9,2138772485
1919,15228220,11822408,27050628,9,0,1,6144,1,43685232
1920,15235970,3126988,18362958,2,0,0,72192,3,1976749780
1921,15246320,2574587,17820907,4,0,0,33792,9,7244847152
1922,15260370,4831217,20091587,7,0,0,54784,1,10506318520
1923,15260680,12002824,27263504,3,0,1,24576,5,9567895182
1924,15270830,3963800,19234630,3,0,0,133120,5,2258948602
1925,15271050,11992469,27263519,3,0,1,1024,5,6792540631
1926,15275640,1471141,16746781,2,0,0,20992,3,1584206530
1927,15302910,3126333,18429243,2,0,0,11264,3,8583541690
1928,15305410,1576094,16881504,5,0,0,18944,9,5898609597
1929,15316260,11983463,27299723,6,0,1,15872,2,6910095630
1930,15318659,3071511,18390170,9,0,0,7168,1,3928270398
1931,15342200,656565,15998765,2,0,0,9728,3,9932440243
1932,15378119,1432280,16810399,9,0,0,49152,1,5266369672
1933,15387710,12013928,27401638,4,0,1,18944,9,825014822
1934,15388830,2219976,17608806,7,0,0,1536,1,8086981512
1935,15412740,1586445,16999185,2,0,0,8704,3,2886915571
1936,15416770,12063320,27480090,6,0,1,3072,2,8036370759
1937,15435640,12048316,27483956,8,0,1,6144,14,6915588895
1938,15443571,2418526,17862097,8,0,0,17408,14,2448024086
1939,15449790,2651037,18100827,5,0,0,47616,9,6945902287
1940,15456271,2088991,17545262,8,0,0,18944,14,7708298579
1941,15464631,3891311,19355942,8,0,0,31744,14,2428765808
1942,15472360,1714921,17187281,2,0,0,90624,3,2473681152
1943,15474560,12009742,27484302,0,0,1,512,19,8223706399
1944,15475690,1170765,16646455,6,0,0,9216,2,6711131026
1945,15476300,3104371,18580671,5,0,0,9728,9,1253804373
1946,15483550,2231404,17714954,6,0,0,32768,2,9908238226
1947,15537490,2089785,17627275,2,0,0,10240,3,6928670033
1948,15543170,272722,15815892,5,0,0,1024,9,6870774752
1949,15554640,2150315,17704955,2,0,0,2560,3,5011140715
1950,15582860,692467,16275327,7,0,0,1024,1,3420733401
1951,15607840,1526465,17134305,7,0,0,16384,1,4809622444
1952,15608760,2968901,18577661,7,0,0,13824,1,614501310
1953,15608920,11882014,27490934,7,0,1,2560,1,2292377404
1954,15640140,12036351,27676491,1,0,1,17408,13,9883282176
1955,15653710,1580088,17233798,6,0,0,5632,2,8560212030
1956,15660411,1941157,17601568,8,0,0,11776,14,924801888
1957,15669970,2151576,17821546,5,0,0,2048,9,6697724872
1958,15673201,1558866,17232067,8,0,0,31232,14,9756828649
1959,15692020,11984486,27676506,9,0,1,8192,1,2222857482
1960,15695340,11986524,27681864,6,0,1,3584,2,6354410981
1961,15696500,1179217,16875717,5,0,0,9728,9,2990166402
1962,15698730,2329172,18027902,7,0,0,1536,1,3494446636
1963,15710170,2409772,18119942,7,0,0,8704,1,7932903443
1964,15732060,11949819,27681879,2,0,1,1536,3,3441993317
1965,15748660,1210725,16959385,6,0,0,20992,2,3117751275
1966,15767380,11964961,27732341,9,0,1,14848,1,10091218007
1967,15771190,1852934,17624124,4,0,0,14336,9,3442686264
1968,15775280,1095642,16870922,5,0,0,1536,9,10463117283
1969,15776980,1762448,17539428,3,0,0,7168,5,4985601096
1970,15781710,12103381,27885091,6,0,1,17408,2,7143238122
1971,15791760,12237663,28029423,6,0,1,14848,2,4537649296
1972,15802480,229031,16031511,6,0,0,3584,2,10184434397
1973,15803440,12229773,28033213,2,0,1,5632,3,1409480879
1974,15807030,12284164,28091194,6,0,1,7168,2,5045457282
1975,15817470,2677001,18494471,7,0,0,118272,1,2509460671
1976,15819919,2510681,18330600,9,0,0,6656,1,137377133
1977,15834881,325809,16160690,8,0,0,8192,14,7589532682
1978,15837340,1938231,17775571,5,0,0,47104,9,9915370528
1979,15841191,2668739,18509930,8,0,0,50688,14,242341649
1980,15848130,3933747,19781877,4,0,0,144384,9,3916448189
1981,15860169,4322624,20182793,9,0,0,40448,1,4742896669
1982,15868919,778043,16646962,9,0,0,1536,1,1604074115
1983,15876241,1815527,17691768,8,0,0,9216,14,1037086013
1984,15897290,990694,16887984,2,0,0,11264,3,10680700282
1985,15920870,12233018,28153888,4,0,1,7168,9,3630334688
1986,15925380,2109432,18034812,2,0,0,14848,3,6322613188
1987,15940859,2648906,18589765,1,0,0,22528,13,8722630562
1988,15946180,2169482,18115662,7,0,0,48640,1,5992560963
1989,15966890,3898846,19865736,5,0,0,6656,9,10726897275
1990,15968880,12185023,28153903,3,0,1,1536,5,4533288120
1991,15970490,2574601,18545091,7,0,0,12800,1,9234061598
1992,15970530,395047,16365577,2,0,0,8704,3,5736050857
1993,15973290,12180628,28153918,1,0,1,11264,13,6400422750
1994,15978290,12194303,28172593,9,0,1,4096,1,10140960085
1995,16002739,1115971,17118710,1,0,0,26112,13,3955379142
1996,16006920,2267808,18274728,5,0,0,14848,9,7516977482
1997,16016440,12157459,28173899,9,0,1,2048,1,9116621124
1998,16017510,2604491,18622001,5,0,0,2048,9,4728436150
1999,16027290,3224879,19252169,5,0,0,9728,9,3886170909
2000,16027960,12149485,28177445,1,0,1,5632,13,397442372
2001,16030560,12169801,28200361,0,0,1,512,19,7752843783
2002,16042530,1494699,17537229,9,0,0,49152,1,1185027769
2003,16054350,1168178,17222528,2,0,0,48128,3,5107996815
2004,16060850,12139526,28200376,3,0,1,13824,5,6924950750
2005,16066280,12188057,28254337,9,0,1,18944,1,8869511514
2006,16106150,12297078,28403228,7,0,1,24064,1,6976553049
2007,16121240,1280070,17401310,6,0,0,38912,2,2598757316
2008,16138590,3785674,19924264,3,0,0,2048,5,7931496597
2009,16171039,2468316,18639355,9,0,0,56832,1,5583635460
2010,16176730,2204666,18381396,7,0,0,33280,1,2929331070
2011,16203890,12304742,28508632,8,0,1,2048,14,5275421876
2012,16211289,2431693,18642982,9,0,0,11776,1,3486742713
2013,16223371,737390,16960761,8,0,0,3584,14,10483980211
2014,16231990,2665944,18897934,4,0,0,15872,9,7411756119
2015,16250939,2449203,18700142,9,0,0,9216,1,3487984820
2016,16252750,4145139,20397889,3,0,0,59904,5,7853462749
2017,16260360,863506,17123866,7,0,0,6144,1,2182689044
2018,16270150,1089543,17359693,7,0,0,512,1,5508209239
2019,16277450,2542472,18819922,9,0,0,5632,1,5708265491
2020,16304190,2352285,18656475,7,0,0,4608,1,10207995429
2021,16329910,1289831,17619741,7,0,0,35840,1,1095475894
2022,16343600,2305481,18649081,2,0,0,19968,3,3642433602
2023,16362169,418674,16780843,9,0,0,5632,1,6449441001
2024,16381280,1949803,18331083,2,0,0,1536,3,3691051613
2025,16416160,12102809,28518969,3,0,1,4096,5,1066941786
2026,16421970,12097014,28518984,3,0,1,512,5,1035072210
2027,16442599,667732,17110331,9,0,0,2560,1,1013713444
2028,16450910,12184462,28635372,6,0,1,23040,2,1352972837
2029,16455180,1572223,18027403,2,0,0,86016,3,8564317173
2030,16459460,1657005,18116465,5,0,0,2560,9,332619998
2031,16470810,12173203,28644013,6,0,1,20480,2,1056015936
2032,16473500,12302489,28775989,7,0,1,5632,1,1582297801
2033,16479160,12391865,28871025,6,0,1,3584,2,5566081407
2034,16490451,804148,17294599,8,0,0,3584,14,879638659
2035,16499190,12396171,28895361,1,0,1,6144,13,9974512375
2036,16535660,2047210,18582870,0,0,0,7168,19,5967533911
2037,16545000,2149977,18694977,6,0,0,3584,2,5726060317
2038,16556140,2468794,19024934,4,0,0,18944,9,1780733224
2039,16635090,12270664,28905754,0,0,1,9216,19,8802406381
2040,16640060,12265848,28905908,1,0,1,8704,13,1313041255
2041,16640250,12463532,29103782,3,0,1,15872,5,4027587476
2042,16669300,2306506,18975806,4,0,0,49664,9,5370661213
2043,16672080,12480124,29152204,7,0,1,9728,1,1382946563
2044,16705740,12446479,29152219,9,0,1,4096,1,641612460
2045,16710400,1022898,17733298,2,0,0,512,3,7724840974
2046,16719629,2868392,19588021,9,0,0,89088,1,10049066691
2047,16731670,12420564,29152234,0,0,1,512,19,10218598265
2048,16737720,12497712,29235432,7,0,1,15360,1,736351180
2049,16737810,12506591,29244401,6,0,1,12800,2,6970311328
2050,16767190,12503509,29270699,1,0,1,3584,13,1799835561
2051,16779140,2209015,18988155,7,0,0,4608,1,4450500398
2052,16784380,2027903,18812283,4,0,0,35840,9,7742174894
2053,16785860,1437294,18223154,0,0,0,2560,19,3685170462
2054,16791620,12588584,29380204,6,0,1,16896,2,7252738187
2055,16797390,12593064,29390454,4,0,1,10240,9,6084155731
2056,16797770,437939,17235709,4,0,0,6144,9,2122278796
2057,16799060,2243868,19042928,0,0,0,41984,19,8514397045
2058,16802030,12628976,29431006,0,0,1,4608,19,2669119716
2059,16803960,3226412,20030372,5,0,0,23552,9,8793089374
2060,16811199,382079,17193278,9,0,0,3072,1,10516258545
2061,16821280,2305700,19126980,5,0,0,46592,9,7257156292
2062,16839150,2096386,18935536,0,0,0,9728,19,6397516359
2063,16850680,882447,17733127,5,0,0,10240,9,8702186502
2064,16892140,421024,17313164,6,0,0,19456,2,7747923124
2065,16892890,934451,17827341,6,0,0,18944,2,4411537128
2066,16893470,4268060,21161530,4,0,0,36864,9,8496796165
2067,16894940,12548845,29443785,2,0,1,1024,3,8535648775
2068,16899571,1217689,18117260,8,0,0,2560,14,6276620039
2069,16901660,12542471,29444131,3,0,1,512,5,2741384215
2070,16909150,589934,17499084,5,0,0,1024,9,299796246
2071,16916500,4050444,20966944,5,0,0,28160,9,5657447452
2072,16928630,12697044,29625674,8,0,1,15872,14,5704698546
2073,16958760,12705465,29664225,6,0,1,1536,2,9180048335
2074,16964250,1358302,18322552,2,0,0,95744,3,3659378008
2075,16968190,1553611,18521801,2,0,0,38912,3,9132875803
2076,16973760,720987,17694747,4,0,0,9728,9,5815244009
2077,16981760,3063361,20045121,5,0,0,10752,9,6446135402
2078,16986890,2304556,19291446,2,0,0,30720,3,3321674945
2079,17002150,12829122,29831272,4,0,1,1536,9,1053590962
2080,17012040,12819247,29831287,3,0,1,3072,5,1461991070
2081,17049130,2827245,19876375,0,0,0,34816,19,2505786144
2082,17061730,12775509,29837239,9,0,1,2048,1,3295255654
2083,17063770,2080096,19143866,9,0,0,16896,1,5130829087
2084,17066270,12782986,29849256,3,0,1,5120,5,1538690419
2085,17067400,13088878,30156278,8,0,1,26112,14,9405484442
2086,17075590,4211799,21287389,5,0,0,44032,9,7062861103
2087,17081840,3227524,20309364,2,0,0,6656,3,4258097020
2088,17091900,2531547,19623447,6,0,0,38912,2,3942037069
2089,17098550,691429,17789979,2,0,0,43520,3,10330314673
2090,17134780,2266574,19401354,2,0,0,1024,3,4208244177
2091,17140740,13446865,30587605,7,0,1,23040,1,7730806559
2092,17145600,558560,17704160,5,0,0,10240,9,9442813858
2093,17148160,1588403,18736563,9,0,0,15360,1,490561006
2094,17167130,1609165,18776295,0,0,0,42496,19,3977562347
2095,17178640,13463335,30641975,8,0,1,4096,14,7301170464
2096,17187380,3214892,20402272,0,0,0,14336,19,7789464834
2097,17208620,13441059,30649679,9,0,1,3072,1,8749152318
2098,17219330,478396,17697726,5,0,0,9728,9,137907864
2099,17224640,897197,18121837,4,0,0,6144,9,7477592688
2100,17252050,296347,17548397,0,0,0,10240,19,2633122740
2101,17254840,1085361,18340201,4,0,0,9216,9,3134056988
2102,17275180,2062792,19337972,6,0,0,29696,2,10462489638
2103,17304179,566626,17870805,9,0,0,2048,1,6092842458
2104,17306130,1839311,19145441,0,0,0,5120,19,8253122863
2105,17315890,13340371,30656261,8,0,1,512,14,7286470192
2106,17316390,13339886,30656276,2,0,1,2048,3,5004495203
2107,17318840,711433,18030273,2,0,0,7680,3,5637990168
2108,17358540,376809,17735349,5,0,0,6656,9,2716686039
2109,17360170,13348415,30708585,8,0,1,12800,14,5160859081
2110,17366510,3055620,20422130,2,0,0,9216,3,3270143612
2111,17371890,855335,18227225,3,0,0,13312,5,6675894264
2112,17373370,3369084,20742454,5,0,0,512,9,10216057492
2113,17391590,513355,17904945,4,0,0,3072,9,3635948521
2114,17404390,296627,17701017,6,0,0,10752,2,6847548827
2115,17409300,3164902,20574202,4,0,0,27648,9,6846867539
2116,17411440,3313621,20725061,4,0,0,46592,9,1757359496
2117,17417760,2464121,19881881,4,0,0,13312,9,390473024
2118,17432260,1133648,18565908,2,0,0,5120,3,2612939306
2119,17451780,13419277,30871057,3,0,1,9728,5,9555928560
2120,17459400,13411672,30871072,5,0,1,14336,9,1502418912
2121,17461380,13684284,31145664,3,0,1,9728,5,7097538917
2122,17481340,1140014,18621354,5,0,0,39936,9,8859175039
2123,17490600,14092932,31583532,2,0,1,3072,3,5476368876
2124,17491920,14316172,31808092,0,0,1,10752,19,3199337676
2125,17493970,14314583,31808553,6,0,1,10240,2,1440855623
2126,17503189,2057487,19560676,9,0,0,57344,1,314186557
2127,17515350,1903400,19418750,5,0,0,51712,9,2434685962
2128,17516760,1192913,18709673,4,0,0,30208,9,7160033214
2129,17526850,1819405,19346255,4,0,0,27136,9,4967864408
2130,17527530,14335425,31862955,2,0,1,33280,3,5896368807
2131,17539500,2324155,19863655,5,0,0,56832,9,8936160001
2132,17541800,14451505,31993305,3,0,1,7680,5,2771625957
2133,17547930,14588164,32136094,0,0,1,4096,19,9724976363
2134,17553060,988108,18541168,2,0,0,63488,3,1329329259
2135,17557340,14583900,32141240,3,0,1,8192,5,7020667602
2136,17567630,14632815,32200445,7,0,1,1536,1,1296792798
2137,17587010,2077085,19664095,5,0,0,14336,9,9233380145
2138,17598320,3318491,20916811,2,0,0,36352,3,1842996616
2139,17618710,569462,18188172,5,0,0,6656,9,1436931246
2140,17636060,14564731,32200791,5,0,1,512,9,2497067125
2141,17670920,14563653,32234573,3,0,1,13312,5,9617467558
2142,17684950,596953,18281903,0,0,0,3584,19,10065839621
2143,17698000,1805219,19503219,0,0,0,1536,19,5216122271
2144,17702040,1099247,18801287,6,0,0,37376,2,10495513983
2145,17743070,2140426,19883496,5,0,0,5120,9,398731097
2146,17749060,14485528,32234588,2,0,1,1024,3,8100474458
2147,17752380,14587629,32340009,3,0,1,3072,5,3563318526
2148,17786710,945158,18731868,0,0,0,23552,19,7221338724
2149,17813560,1666437,19479997,4,0,0,14848,9,10537739424
2150,17842470,583326,18425796,4,0,0,58368,9,3400006531
2151,17856300,587481,18443781,0,0,0,5120,19,611540773
2152,17858949,2081142,19940091,9,0,0,23040,1,3399053403
2153,17885760,14507124,32392884,9,0,1,14848,1,8218600448
2154,17902580,14490327,32392907,8,0,1,18944,14,10198908623
2155,17910710,14605283,32515993,9,0,1,4608,1,4339240062
2156,17913350,3611770,21525120,5,0,0,17408,9,2926044953
2157,17913760,825314,18739074,4,0,0,8192,9,2857708958
2158,17921280,3278935,21200215,6,0,0,66560,2,6477032624
2159,17921810,164471,18086281,2,0,0,9728,3,5952928483
2160,17922690,14597865,32520555,9,0,1,2560,1,3887026553
2161,17929770,634563,18564333,0,0,0,31744,19,2793557322
2162,17935750,14695417,32631167,9,0,1,5632,1,211534040
2163,17952140,3036929,20989069,5,0,0,10240,9,9308511624
2164,17961780,1101668,19063448,0,0,0,3072,19,547480130
2165,17964130,961197,18925327,4,0,0,32256,9,5621740177
2166,17990970,453294,18444264,2,0,0,1536,3,3805933057
2167,17992270,14638912,32631182,3,0,1,11776,5,9752009029
2168,18010710,15247287,33257997,8,0,1,1024,14,4874267982
2169,18018270,642261,18660531,0,0,0,2560,19,3607312951
2170,18032080,2029859,20061939,0,0,0,17408,19,9574143778
2171,18035400,803192,18838592,2,0,0,12800,3,49537165
2172,18044640,1597397,19642037,2,0,0,51200,3,4924970347
2173,18045230,528204,18573434,0,0,0,24576,19,2316935085
2174,18080640,1093464,19174104,2,0,0,39936,3,7270703000
2175,18086860,1302402,19389262,2,0,0,19456,3,6485323128
2176,18100320,905762,19006082,5,0,0,27648,9,4313226796
2177,18130110,257861,18387971,5,0,0,21504,9,1626642861
2178,18140740,919627,19060367,5,0,0,26624,9,4397742343
2179,18148960,788775,18937735,4,0,0,7168,9,10077393266
2180,18170640,3500657,21671297,2,0,0,34304,3,3181619951
2181,18187050,745499,18932549,0,0,0,23552,19,7438485306
2182,18259100,426174,18685274,0,0,0,15872,19,9886544525
2183,18280919,1443280,19724199,9,0,0,8704,1,9849547698
2184,18286530,14972154,33258684,4,0,1,2048,9,10070265739
2185,18327270,15263117,33590387,3,0,1,25600,5,6536526530
2186,18331950,2027181,20359131,4,0,0,62976,9,2802700322
2187,18373610,765085,19138695,0,0,0,38400,19,3634801889
2188,18387150,1324547,19711697,0,0,0,36352,19,1388432427
2189,18405080,1792704,20197784,2,0,0,49152,3,356001508
2190,18486250,897061,19383311,6,0,0,60928,2,6247828195
2191,18510130,15080272,33590402,0,0,1,1024,19,7877422795
2192,18525280,15079504,33604784,8,0,1,4608,14,3199779052
2193,18527389,331975,18859364,9,0,0,61440,1,9447595071
2194,18530450,3781263,22311713,0,0,0,133120,19,288364861
2195,18535800,1306921,19842721,0,0,0,29184,19,6217003628
2196,18542480,2633441,21175921,0,0,0,11264,19,6320842875
2197,18558300,15046507,33604807,6,0,1,6656,2,8226718111
2198,18568230,3580084,22148314,0,0,0,64000,19,5575714744
2199,18575580,15341418,33916998,6,0,1,13824,2,5012108439
2200,18589120,875582,19464702,5,0,0,47616,9,4362160785
2201,18591350,15325663,33917013,3,0,1,2048,5,3600710865
2202,18600570,1818729,20419299,9,0,0,55808,1,6079162961
2203,18617500,2854209,21471709,4,0,0,117760,9,7362622504
2204,18631060,15397725,34028785,2,0,1,17920,3,4450669155
2205,18638800,2713841,21352641,6,0,0,78848,2,9655380480
2206,18650571,1281367,19931938,8,0,0,15360,14,2346571315
2207,18660990,15534647,34195637,4,0,1,11264,9,5561415694
2208,18685960,15592741,34278701,6,0,1,15360,2,8416890752
2209,18717500,1798328,20515828,0,0,0,27648,19,8372193071
2210,18766180,415942,19182122,5,0,0,8704,9,1189642412
2211,18773000,896925,19669925,0,0,0,5120,19,817633062
2212,18790990,1478402,20269392,0,0,0,14336,19,7633593581
2213,18797800,15480916,34278716,1,0,1,1024,13,449292861
2214,18810370,15468369,34278739,7,0,1,3072,1,6576542990
2215,18811200,15503445,34314645,3,0,1,6656,5,6421145497
2216,18825360,801062,19626422,5,0,0,5120,9,9233760844
2217,18834801,258908,19093709,8,0,0,5120,14,7528253443
2218,18842500,396841,19239341,5,0,0,15360,9,8645642887
2219,18857610,15462332,34319942,0,0,1,3584,19,7059714665
2220,18892270,798676,19690946,6,0,0,33280,2,7282382974
2221,18895450,1484172,20379622,7,0,0,30720,1,1389710598
2222,18902010,245318,19147328,5,0,0,6144,9,4560174726
2223,18903340,15490115,34393455,0,0,1,2560,19,8597879233
2224,18907120,922904,19830024,4,0,0,25600,9,8240884795
2225,18925440,1632874,20558314,4,0,0,39936,9,3266654295
2226,18959300,284656,19243956,0,0,0,3584,19,2989055413
2227,18990880,15481294,34472174,1,0,1,5632,13,5429043807
2228,18994760,448512,19443272,4,0,0,45568,9,5604694152
2229,19012120,2580373,21592493,5,0,0,16384,9,1367032192
2230,19019930,1904555,20924485,5,0,0,15360,9,6877095473
2231,19025840,1441016,20466856,6,0,0,33280,2,2752315952
2232,19034270,1500911,20535181,5,0,0,1024,9,9138578008
2233,19038530,15475673,34514203,0,0,1,4608,19,1106933314
2234,19042410,3407255,22449665,5,0,0,24064,9,5868873728
2235,19050480,15463877,34514357,6,0,1,8704,2,3155722211
2236,19063450,15611047,34674497,7,0,1,7680,1,3241018471
2237,19073270,2616287,21689557,0,0,0,13824,19,2518243950
2238,19078790,464375,19543165,2,0,0,55808,3,3783187829
2239,19079390,516725,19596115,4,0,0,6656,9,4815189709
2240,19098160,15679933,34778093,8,0,1,9728,14,1072284376
2241,19101690,1514639,20616329,0,0,0,11264,19,2534480979
2242,19102140,15676299,34778439,3,0,1,512,5,9849974558
2243,19128000,316067,19444067,2,0,0,2560,3,6859078029
2244,19150740,2572049,21722789,2,0,0,41984,3,9490909678
2245,19155990,1674031,20830021,6,0,0,140800,2,5855451837
2246,19184730,2637728,21822458,6,0,0,17920,2,1969797517
2247,19190270,595070,19785340,6,0,0,11264,2,279452880
2248,19193130,205332,19398462,2,0,0,6656,3,3786456003
2249,19194740,2739149,21933889,6,0,0,87552,2,330300641
2250,19198300,894246,20092546,2,0,0,3072,3,4636894617
2251,19234109,1685681,20919790,9,0,0,9728,1,10292046375
2252,19249330,572871,19822201,4,0,0,35840,9,3072831855
2253,19272620,650997,19923617,5,0,0,44032,9,1804563493
2254,19275780,125037,19400817,7,0,0,7680,1,10667272192
2255,19312080,15467844,34779924,9,0,1,15360,1,7287131774
2256,19313040,379013,19692053,5,0,0,3584,9,9837168658
2257,19327050,1687999,21015049,0,0,0,14848,19,7753214093
2258,19355080,876093,20231173,2,0,0,24576,3,4519174391
2259,19356820,15506845,34863665,1,0,1,14848,13,10235431225
2260,19372430,343346,19715776,2,0,0,13312,3,5128924319
2261,19383540,15553651,34937191,8,0,1,2560,14,5061258420
2262,19428180,132682,19560862,2,0,0,512,3,6124564967
2263,19448770,1701505,21150275,2,0,0,13824,3,10512874050
2264,19467381,3096308,22563689,8,0,0,23040,14,10087541487
2265,19475820,15461386,34937206,6,0,1,9728,2,2759851187
2266,19508080,419163,19927243,4,0,0,9728,9,4297702068
2267,19530730,303069,19833799,5,0,0,12288,9,3633302524
2268,19535310,890119,20425429,5,0,0,10752,9,7139356766
2269,19538080,3161219,22699299,0,0,0,112640,19,7875903707
2270,19558430,2472450,22030880,6,0,0,23552,2,10035301971
2271,19583250,16007336,35590586,1,0,1,12288,13,10278126022
2272,19598900,424265,20023165,2,0,0,64000,3,8772101219
2273,19601230,656282,20257512,2,0,0,35840,3,4720644812
2274,19606510,1712990,21319500,0,0,0,13824,19,4985279318
2275,19632980,255498,19888478,5,0,0,2048,9,1406023624
2276,19638970,431639,20070609,0,0,0,8704,19,769842056
2277,19639650,238160,19877810,6,0,0,4608,2,3743737745
2278,19650799,1318656,20969455,9,0,0,8192,1,4423553358
2279,19652630,553763,20206393,4,0,0,12800,9,1424558012
2280,19659410,1817150,21476560,4,0,0,15872,9,6224812107
2281,19670550,2033386,21703936,2,0,0,16384,3,3552986700
2282,19676380,304752,19981132,6,0,0,50688,2,7621464788
2283,19701120,3058877,22759997,0,0,0,79872,19,4965022708
2284,19714270,234029,19948299,4,0,0,4608,9,1945579587
2285,19719230,378011,20097241,6,0,0,15360,2,5848892891
2286,19750520,15881379,35631899,4,0,1,4096,9,9104657597
2287,19750850,15965496,35716346,1,0,1,8192,13,7533397506
2288,19766620,540693,20307313,5,0,0,113152,9,9536023520
2289,19816020,15934925,35750945,3,0,1,2048,5,5392234397
2290,19833460,3163302,22996762,2,0,0,84480,3,9579550105
2291,19838140,16168665,36006805,0,0,1,15872,19,3441916803
2292,19856430,16150398,36006828,3,0,1,11264,5,1368184738
2293,19856790,620088,20476878,0,0,0,15872,19,7131597637
2294,19865210,2239839,22105049,5,0,0,13824,9,7324755044
2295,19876600,16231667,36108267,7,0,1,2560,1,584109000
2296,19893539,1214742,21108281,9,0,0,73728,1,2859943960
2297,19897560,732790,20630350,5,0,0,16384,9,1583880316
2298,19901070,16212586,36113656,8,0,1,17408,14,507466046
2299,19904560,366415,20270975,9,0,0,5120,1,1468688817
2300,19908660,310488,20219148,0,0,0,10752,19,7637206792
2301,19914370,1298504,21212874,4,0,0,41472,9,2921570303
2302,19927990,16553335,36481325,4,0,1,4608,9,4451845371
2303,19941910,740338,20682248,5,0,0,161280,9,7306910362
2304,19945519,424728,20370247,9,0,0,30208,1,1970435233
2305,19950330,534386,20484716,5,0,0,25600,9,4199138457
2306,19965750,1349499,21315249,0,0,0,24064,19,2870231783
2307,19973690,2015000,21988690,0,0,0,14848,19,6051472640
2308,19974850,767409,20742259,0,0,0,35840,19,3568215144
2309,19993150,1307210,21300360,2,0,0,42496,3,8725632785
2310,19997680,2237066,22234746,5,0,0,39424,9,1944174918
2311,20000740,471287,20472027,4,0,0,16896,9,1420982719
2312,20002919,621381,20624300,1,0,0,26112,13,5050632315
2313,20004560,233226,20237786,2,0,0,1536,3,1575442891
2314,20014169,834835,20849004,9,0,0,38912,1,10477769597
2315,20027260,805310,20832570,5,0,0,8192,9,9554916109
2316,20040989,642257,20683246,9,0,0,3072,1,7578273284
2317,20047770,1458092,21505862,2,0,0,8192,3,923578880
2318,20057460,957931,21015391,6,0,0,1024,2,3076321175
2319,20057820,2095345,22153165,4,0,0,15872,9,6495120639
2320,20065110,1548233,21613343,0,0,0,40448,19,307193272
2321,20065290,2146372,22211662,4,0,0,31744,9,5394570058
2322,20071210,2029612,22100822,5,0,0,65024,9,4818281205
2323,20077000,1907151,21984151,5,0,0,81408,9,4062240477
2324,20110730,421589,20532319,6,0,0,20480,2,8248377488
2325,20117550,16410192,36527742,9,0,1,2048,1,8013748041
2326,20135580,595736,20731316,0,0,0,20480,19,587721590
2327,20145870,16453917,36599787,1,0,1,10240,13,2891811538
2328,20172970,901011,21073981,5,0,0,36864,9,4463106424
2329,20192180,584064,20776244,0,0,0,13824,19,3584446614
2330,20193630,1703976,21897606,4,0,0,5120,9,7722118251
2331,20201520,1648282,21849802,9,0,0,27648,1,4801582842
2332,20216159,2049485,22265644,9,0,0,3072,1,4377179986
2333,20219570,482872,20702442,2,0,0,2048,3,1868768496
2334,20222630,817314,21039944,6,0,0,2560,2,4725352515
2335,20225730,1466220,21691950,9,0,0,512,1,8137049463
2336,20235450,16415983,36651433,6,0,1,3584,2,363839793
2337,20237040,328153,20565193,9,0,0,22528,1,7213646529
2338,20239460,16489786,36729246,0,0,1,2048,19,1474188663
2339,20243210,1121613,21364823,0,0,0,25088,19,4849205595
2340,20247900,442381,20690281,2,0,0,23040,3,2209592550
2341,20266690,268156,20534846,2,0,0,8192,3,5746468833
2342,20293430,16435839,36729269,6,0,1,2560,2,5020786126
2343,20303960,16495268,36799228,1,0,1,1536,13,3329177627
2344,20328890,1908234,22237124,9,0,0,3072,1,9637654870
2345,20341030,426192,20767222,6,0,0,4608,2,6963011945
2346,20346560,16452691,36799251,6,0,1,512,2,1847799513
2347,20385030,16414244,36799274,6,0,1,512,2,3174558161
2348,20388110,308738,20696848,4,0,0,21504,9,1587846564
2349,20397100,725031,21122131,0,0,0,12288,19,1129666172
2350,20405620,1082507,21488127,0,0,0,37888,19,4555079881
2351,20415840,584192,21000032,0,0,0,22016,19,8407579563
2352,20419209,1132640,21551849,9,0,0,36352,1,3826540544
2353,20420680,622399,21043079,0,0,0,10240,19,6676433591
2354,20423520,444854,20868374,2,0,0,32768,3,6902272418
2355,20424640,16374657,36799297,3,0,1,11776,5,9012419064
2356,20433920,1225611,21659531,2,0,0,30720,3,10395897848
2357,20440310,732037,21172347,9,0,0,20480,1,8843131476
2358,20452680,16411114,36863794,2,0,1,2560,3,7019368603
2359,20458570,378547,20837117,5,0,0,14848,9,7672567571
2360,20464310,16399507,36863817,0,0,1,1024,19,3001795476
2361,20471400,16392448,36863848,7,0,1,4096,1,3613570786
2362,20483800,16380071,36863871,3,0,1,512,5,1099673750
2363,20490130,16483683,36973813,4,0,1,20992,9,1130610541
2364,20502080,826506,21328586,5,0,0,21504,9,730494865
2365,20521830,353111,20874941,4,0,0,21504,9,2001410381
2366,20526400,16485321,37011721,7,0,1,1536,1,5992300020
2367,20527340,431009,20958349,9,0,0,10240,1,10207335830
2368,20541391,624366,21165757,8,0,0,13824,14,5499785645
2369,20568820,16611227,37180047,1,0,1,13312,13,10235118860
2370,20574169,2549680,23123849,1,0,0,20992,13,4906454052
2371,20575310,354197,20929507,2,0,0,15360,3,6905121513
2372,20581860,201888,20783748,5,0,0,5632,9,9713549807
2373,20585750,16603416,37189166,9,0,1,512,1,3261212587
2374,20590040,449109,21039149,0,0,0,38400,19,3628391741
2375,20607250,1859590,22466840,6,0,0,56320,2,7502730218
2376,20620860,354546,20975406,5,0,0,19456,9,5002821076
2377,20622940,301872,20924812,2,0,0,1024,3,984722117
2378,20625670,2581213,23206883,4,0,0,65536,9,6856642774
2379,20650059,869726,21519785,1,0,0,45568,13,8768145255
2380,20656680,16711496,37368176,0,0,1,19456,19,4459885624
2381,20657580,16848089,37505669,9,0,1,4096,1,4064577273
2382,20659900,1810105,22470005,0,0,0,7680,19,1603814775
2383,20693080,869088,21562168,5,0,0,33792,9,7599292209
2384,20698770,524602,21223372,6,0,0,16896,2,2773500795
2385,20716220,259357,20975577,2,0,0,512,3,9347579349
2386,20722779,1324527,22047306,1,0,0,15360,13,5731514128
2387,20724260,965936,21690196,4,0,0,2048,9,399175435
2388,20731630,1470322,22201952,5,0,0,61440,9,93866772
2389,20744650,265068,21009718,2,0,0,3072,3,2899795197
2390,20759670,2012105,22771775,2,0,0,34816,3,7242738749
2391,20762340,16743352,37505692,4,0,1,1024,9,5247624411
2392,20777700,795559,21573259,5,0,0,36352,9,2980879610
2393,20794330,830172,21624502,2,0,0,18944,3,3872723236
2394,20816930,1000053,21816983,2,0,0,108032,3,5775223
2395,20822960,945830,21768790,4,0,0,16384,9,4347558202
2396,20831960,1249035,22080995,4,0,0,7168,9,9103175979
2397,20842380,16687124,37529504,0,0,1,19968,19,4770670693
2398,20918219,247873,21166092,9,0,0,1024,1,4243198907
2399,20955130,16651280,37606410,4,0,1,16896,9,933479427
2400,20958120,277360,21235480,4,0,0,24576,9,3069593544
2401,20977390,551675,21529065,6,0,0,12800,2,891669658
2402,21005450,1037161,22042611,2,0,0,38400,3,8659824655
2403,21007640,1496396,22504036,5,0,0,6144,9,5463962487
2404,21009760,208433,21218193,6,0,0,17408,2,5485845992
2405,21010170,493135,21503305,4,0,0,49664,9,2749820259
2406,21026320,108421,21134741,5,0,0,2048,9,6857786584
2407,21040280,209714,21249994,4,0,0,512,9,6578816715
2408,21057650,529828,21587478,5,0,0,46592,9,3135217091
2409,21065190,242712,21307902,0,0,0,12800,19,10678622909
2410,21072290,249721,21322011,0,0,0,8192,19,7965428162
2411,21083830,595602,21679432,6,0,0,26624,2,6776413069
2412,21091680,16515703,37607383,8,0,1,12800,14,9541015824
2413,21110820,1689706,22800526,6,0,0,8704,2,1382389080
2414,21115900,653217,21769117,4,0,0,1024,9,5227765338
2415,21133060,1529472,22662532,5,0,0,11264,9,7076402313
2416,21137490,166481,21303971,6,0,0,11776,2,9037675997
2417,21139880,477152,21617032,9,0,0,6656,1,6218382018
2418,21146090,253442,21399532,5,0,0,3072,9,6583198933
2419,21153410,16614914,37768324,7,0,1,4096,1,346901972
2420,21169460,538859,21708319,0,0,0,14336,19,102055498
2421,21174340,16764182,37938522,8,0,1,26624,14,4976699030
2422,21181950,567486,21749436,6,0,0,14848,2,10048862442
2423,21212690,16751668,37964358,7,0,1,9216,1,3532728827
2424,21212850,1023323,22236173,5,0,0,4608,9,7295931982
2425,21229440,16813127,38042567,8,0,1,2560,14,6168134897
2426,21231020,16812997,38044017,4,0,1,8192,9,155945148
2427,21232620,1688918,22921538,4,0,0,22016,9,2200829480
2428,21243500,389753,21633253,2,0,0,28672,3,3688474467
2429,21255900,16812954,38068854,9,0,1,13312,1,6106922056
2430,21262000,16806877,38068877,8,0,1,10240,14,666911172
2431,21273240,16876681,38149921,3,0,1,9216,5,7367861946
2432,21273290,262125,21535415,2,0,0,12288,3,9750030266
2433,21281110,719310,22000420,4,0,0,20480,9,1292073147
2434,21286410,934487,22220897,2,0,0,30208,3,8939414993
2435,21286610,16964299,38250909,8,0,1,2560,14,7514216321
2436,21302570,717492,22020062,4,0,0,58880,9,9979374734
2437,21310250,17802493,39112743,8,0,1,128000,14,1021303280
2438,21314640,17838964,39153604,0,0,1,17920,19,6205568197
2439,21327570,513793,21841363,4,0,0,16896,9,6323537289
2440,21330770,628562,21959332,5,0,0,83456,9,8804638601
2441,21333180,17906533,39239713,1,0,1,14336,13,7779262088
2442,21352140,339639,21691779,4,0,0,5120,9,9144307353
2443,21363330,765446,22128776,0,0,0,77824,19,8161251993
2444,21390220,17895339,39285559,0,0,1,6656,19,538578578
2445,21399450,1945666,23345116,2,0,0,20992,3,8330942786
2446,21428990,447998,21876988,0,0,0,22528,19,6379070785
2447,21435070,1930029,23365099,5,0,0,65536,9,2203236057
2448,21444110,550055,21994165,5,0,0,17920,9,3385507813
2449,21457500,135632,21593132,6,0,0,2048,2,8833085540
2450,21460160,17825477,39285637,4,0,1,13312,9,134163428
2451,21470690,752021,22222711,5,0,0,5632,9,4834931804
2452,21495880,17963436,39459316,8,0,1,19968,14,6650000025
2453,21497080,1747782,23244862,0,0,0,5632,19,4043333449
2454,21498210,17961772,39459982,8,0,1,1024,14,6136005100
2455,21515160,665374,22180534,5,0,0,7680,9,5304610062
2456,21538650,485039,22023689,6,0,0,11776,2,5099379234
2457,21542680,829110,22371790,4,0,0,62976,9,6049547857
2458,21549300,838136,22387436,2,0,0,35840,3,3487308764
2459,21562920,866561,22429481,5,0,0,43520,9,1619475468
2460,21576700,1024206,22600906,9,0,0,36352,1,5752841513
2461,21583580,1471928,23055508,6,0,0,78336,2,7947204089
2462,21585020,17938087,39523107,0,0,1,5632,19,6215581245
2463,21595660,17953101,39548761,0,0,1,6656,19,9126420191
2464,21608510,253426,21861936,5,0,0,5120,9,9191490412
2465,21609690,1842786,23452476,6,0,0,36352,2,9949447645
2466,21615600,17939796,39555396,6,0,1,1024,2,4205739004
2467,21616890,561265,22178155,2,0,0,47616,3,1574621285
2468,21635870,17919549,39555419,0,0,1,3584,19,924488959
2469,21641740,1252227,22893967,5,0,0,86016,9,8718004032
2470,21642500,521132,22163632,5,0,0,34304,9,9450263464
2471,21644410,1374237,23018647,2,0,0,71680,3,3355134859
2472,21648300,895672,22543972,5,0,0,87552,9,672173109
2473,21668960,1466760,23135720,6,0,0,38912,2,8722856727
2474,21684570,1898473,23583043,0,0,0,18944,19,7325570310
2475,21689910,493299,22183209,0,0,0,8704,19,512950160
2476,21692200,1036637,22728837,2,0,0,66048,3,3432677392
2477,21743030,1690079,23433109,0,0,0,37888,19,820278621
2478,21756010,94127,21850137,6,0,0,1024,2,4294149058
2479,21767241,854737,22621978,8,0,0,9728,14,10456873282
2480,21768230,233869,22002099,9,0,0,5120,1,5396249356
2481,21777390,1996207,23773597,6,0,0,63488,2,7376024813
2482,21779770,1158319,22938089,2,0,0,54272,3,4249435021
2483,21790440,813289,22603729,5,0,0,9216,9,6474993322
2484,21799230,2011943,23811173,5,0,0,5120,9,9542839126
2485,21817240,1839564,23656804,6,0,0,31232,2,10043038727
2486,21838630,19183573,41022203,7,0,1,378368,1,6926615453
2487,21846720,2125759,23972479,2,0,0,30208,3,7961698585
2488,21860010,533821,22393831,6,0,0,14336,2,9449336788
2489,21893130,885719,22778849,7,0,0,3072,1,1941710780
2490,21895390,481095,22376485,0,0,0,15360,19,4716620732
2491,21897010,19150694,41047704,9,0,1,4608,1,9208306966
2492,21905400,1160278,23065678,4,0,0,27136,9,8785035990
2493,21914650,1257018,23171668,0,0,0,28672,19,3422329157
2494,21926260,809370,22735630,9,0,0,22016,1,4902469200
2495,21937610,19113640,41051250,0,0,1,5632,19,2493409447
2496,21940870,628238,22569108,9,0,0,7680,1,7340411368
2497,21985300,1389837,23375137,9,0,0,13312,1,9133148943
2498,21987130,958508,22945638,9,0,0,8704,1,9853888407
2499,21987670,2071721,24059391,4,0,0,34816,9,8491434830
2500,21990751,1098350,23089101,8,0,0,76800,14,242096185
2501,21997690,19054866,41052556,3,0,1,2048,5,8546484124
2502,22010081,1411469,23421550,8,0,0,33792,14,8837720101
2503,22017221,1922110,23939331,8,0,0,88576,14,5237982393
2504,22035290,521356,22556646,5,0,0,41472,9,4706661855
2505,22041240,19014862,41056102,1,0,1,5632,13,4170845338
2506,22048960,1256220,23305180,5,0,0,20992,9,5863073318
2507,22090500,306154,22396654,5,0,0,9216,9,3513548288
2508,22120450,18960757,41081207,5,0,1,17920,9,8251933308
2509,22122270,819438,22941708,4,0,0,11776,9,8333843865
2510,22124890,446866,22571756,0,0,0,1024,19,6006887059
2511,22129830,685866,22815696,7,0,0,22528,1,4192186552
2512,22143270,324365,22467635,7,0,0,2560,1,4864471976
2513,22182820,297506,22480326,7,0,0,12800,1,2181039621
2514,22183420,1390254,23573674,5,0,0,31744,9,8010923044
2515,22197710,297710,22495420,4,0,0,3072,9,790788226
2516,22205821,814557,23020378,8,0,0,5632,14,10066492775
2517,22217810,18865855,41083665,8,0,1,11264,14,9881347242
2518,22241200,250473,22491673,5,0,0,6656,9,6022501062
2519,22244000,1453940,23697940,9,0,0,25088,1,6828588115
2520,22248040,1042750,23290790,9,0,0,36352,1,9428347229
2521,22250100,1698458,23948558,0,0,0,30208,19,3369869295
2522,22251620,457078,22708698,6,0,0,30720,2,565606576
2523,22254441,566144,22820585,8,0,0,5632,14,7554179061
2524,22267600,1913941,24181541,5,0,0,14848,9,381772602
2525,22280850,18811819,41092669,8,0,1,6656,14,10177924999
2526,22287780,18804912,41092692,6,0,1,6656,2,635973053
2527,22290560,1806636,24097196,4,0,0,3072,9,4807586844
2528,22298770,360307,22659077,2,0,0,61952,3,7977953177
2529,22303141,564595,22867736,8,0,0,17408,14,9313066617
2530,22325770,18792225,41117995,8,0,1,10240,14,10035160203
2531,22363500,546885,22910385,6,0,0,53760,2,8339285634
2532,22363710,1017936,23381646,7,0,0,6656,1,5566988828
2533,22381320,427489,22808809,0,0,0,27136,19,8289777295
2534,22382260,18746475,41128735,0,0,1,9216,19,4784363456
2535,22393690,1805658,24199348,2,0,0,58368,3,2708798183
2536,22393810,18780143,41173953,3,0,1,10240,5,2304346864
2537,22401970,18775998,41177968,6,0,1,3072,2,2278373954
2538,22403260,357860,22761120,2,0,0,3584,3,7936783311
2539,22424260,1904363,24328623,7,0,0,68096,1,1538964305
2540,22428900,18749091,41177991,1,0,1,2048,13,2264766244
2541,22431890,1960057,24391947,5,0,0,16896,9,10488860732
2542,22438780,380066,22818846,7,0,0,10240,1,2585061793
2543,22441130,1061091,23502221,9,0,0,53248,1,6303496914
2544,22468650,309224,22777874,2,0,0,19968,3,2254899575
2545,22470860,18718112,41188972,8,0,1,2048,14,3010345249
2546,22473060,441747,22914807,9,0,0,7680,1,1672970496
2547,22475280,18748862,41224142,1,0,1,16384,13,3437982899
2548,22482300,973787,23456087,4,0,0,11776,9,1686661993
2549,22485850,426578,22912428,9,0,0,6656,1,10051854742
2550,22488460,988249,23476709,7,0,0,6144,1,4227326331
2551,22496210,18809283,41305493,1,0,1,1024,13,2278646482
2552,22521280,18815769,41337049,6,0,1,4608,2,5320732205
2553,22532980,2038607,24571587,0,0,0,84992,19,9688730433
2554,22578800,214648,22793448,9,0,0,8704,1,972225533
2555,22589300,514863,23104163,9,0,0,36352,1,7085005484
2556,22612050,1119821,23731871,4,0,0,3072,9,7562850115
2557,22621730,1058354,23680084,7,0,0,16896,1,27087950
2558,22622990,1725858,24348848,2,0,0,2560,3,10448895791
2559,22623020,2120533,24743553,0,0,0,15872,19,3528390694
2560,22631760,739298,23371058,7,0,0,19456,1,2451724465
2561,22644710,152390,22797100,3,0,0,2048,5,4796502009
2562,22661800,2299217,24961017,6,0,0,18432,2,2022236224
2563,22669210,388185,23057395,2,0,0,6144,3,9187299467
2564,22677270,18722668,41399938,4,0,1,19968,9,5358563815
2565,22688710,2145390,24834100,2,0,0,30720,3,1981782849
2566,22690090,402942,23093032,5,0,0,12800,9,5729242833
2567,22693590,1110188,23803778,6,0,0,2048,2,4137111930
2568,22696800,481591,23178391,5,0,0,22016,9,7171307526
2569,22710720,18739364,41450084,4,0,1,12288,9,2154753955
2570,22714390,18750315,41464705,3,0,1,7680,5,4635098763
2571,22727140,1355206,24082346,9,0,0,75264,1,6493868721
2572,22740360,1269290,24009650,2,0,0,13312,3,419944350
2573,22754550,18737461,41492011,4,0,1,1024,9,7761619084
2574,22758870,1469630,24228500,9,0,0,49664,1,6813326805
2575,22759180,1229101,23988281,5,0,0,45568,9,9957762045
2576,22760120,516164,23276284,5,0,0,16896,9,6163637592
2577,22767030,695164,23462194,3,0,0,19968,5,3810198909
2578,22787810,243815,23031625,5,0,0,36864,9,1690171025
2579,22799330,1473378,24272708,4,0,0,144896,9,5368631808
2580,22809540,1312007,24121547,9,0,0,79872,1,9653789289
2581,22822760,18669274,41492034,1,0,1,1536,13,8282519467
2582,22831020,2225622,25056642,9,0,0,30208,1,9952336721
2583,22843880,18651479,41495359,3,0,1,5632,5,991529248
2584,22849530,2312535,25162065,3,0,0,8704,5,8742391634
2585,22863560,846788,23710348,9,0,0,9728,1,3099145723
2586,22864700,18893077,41757777,7,0,1,91648,1,3990976815
2587,22879180,18937799,41816979,7,0,1,12288,1,9364518731
2588,22880830,1620122,24500952,2,0,0,55296,3,2892348220
2589,22891200,1072060,23963260,6,0,0,34816,2,7785115552
2590,22899511,1817894,24717405,8,0,0,62976,14,9383279029
2591,22902080,1298531,24200611,6,0,0,4096,2,10543213700
2592,22904080,1682342,24586422,7,0,0,48640,1,2863667934
2593,22914120,399152,23313272,6,0,0,8192,2,8899386005
2594,22928610,2340505,25269115,2,0,0,13312,3,3188347949
2595,22932180,18884822,41817002,4,0,1,3072,9,6948701190
2596,22938700,1408222,24346922,4,0,0,59904,9,4418167137
2597,22941040,544942,23485982,5,0,0,14336,9,6148851846
2598,22941510,18879180,41820690,4,0,1,10752,9,8823577607
2599,22945700,18955571,41901271,9,0,1,13824,1,9310952522
2600,22947870,1437034,24384904,9,0,0,33280,1,9734180591
2601,22957050,709597,23666647,3,0,0,32256,5,10151706208
2602,22962740,1345120,24307860,5,0,0,39936,9,704731831
2603,23034110,671653,23705763,7,0,0,25600,1,8643138964
2604,23051820,937903,23989723,6,0,0,512,2,865749608
2605,23051990,736750,23788740,3,0,0,38400,5,5212388998
2606,23053430,18847864,41901294,0,0,1,4608,19,158862786
2607,23053630,18887138,41940768,9,0,1,8704,1,5754790342
2608,23058050,1093377,24151427,5,0,0,33792,9,7569033948
2609,23067630,406098,23473728,4,0,0,20480,9,7953425616
2610,23075230,18884951,41960181,1,0,1,5632,13,7722107697
2611,23087890,1089104,24176994,5,0,0,6144,9,1308505958
2612,23110091,1062310,24172401,8,0,0,64000,14,5995183479
2613,23123320,1269126,24392446,5,0,0,1536,9,3785827668
2614,23129160,18849996,41979156,9,0,1,3584,1,1234358458
2615,23134500,990049,24124549,5,0,0,8704,9,8223827579
2616,23137730,18850271,41988001,7,0,1,512,1,706610151
2617,23140260,463312,23603572,4,0,0,15360,9,2093375456
2618,23152010,679672,23831682,4,0,0,12288,9,5408137658
2619,23154080,1835240,24989320,5,0,0,38400,9,8025542183
2620,23156450,1126789,24283239,6,0,0,34304,2,8530066423
2621,23162310,1852828,25015138,7,0,0,1024,1,6165311787
2622,23168090,880670,24048760,7,0,0,48128,1,8739243216
2623,23168150,1314341,24482491,3,0,0,6144,5,5428290927
2624,23173320,18820921,41994241,3,0,1,8192,5,7798146343
2625,23188550,18820627,42009177,4,0,1,6144,9,9569553134
2626,23189930,630698,23820628,7,0,0,4608,1,10009320685
2627,23191141,2123877,25315018,8,0,0,8192,14,7463006811
2628,23191290,18865396,42056686,0,0,1,18432,19,4866241698
2629,23199140,1407984,24607124,2,0,0,18944,3,3236196369
2630,23208830,497260,23706090,7,0,0,1024,1,4049340360
2631,23209700,614892,23824592,4,0,0,8192,9,342197641
2632,23219200,586480,23805680,9,0,0,3584,1,7643563905
2633,23243860,18830912,42074772,4,0,1,10240,9,434230578
2634,23243960,18831798,42075758,0,0,1,1536,19,4193687469
2635,23254220,610426,23864646,4,0,0,4096,9,1609325756
2636,23259180,746391,24005571,6,0,0,32256,2,7772289432
2637,23293440,18786184,42079624,1,0,1,6144,13,8175662666
2638,23296070,411291,23707361,5,0,0,4096,9,5249611960
2639,23296720,506403,23803123,7,0,0,47104,1,6140036124
2640,23303050,18777035,42080085,9,0,1,10240,1,3508775511
2641,23310180,550038,23860218,6,0,0,9728,2,1968430996
2642,23322970,706832,24029802,2,0,0,25088,3,5901055431
2643,23327030,668690,23995720,5,0,0,2560,9,7735520412
2644,23336330,18790068,42126398,3,0,1,2560,5,4055444839
2645,23337890,1125508,24463398,5,0,0,51712,9,1291748440
2646,23346430,749815,24096245,7,0,0,45568,1,7329130685
2647,23349980,771902,24121882,7,0,0,1024,1,10461617908
2648,23361219,591418,23952637,1,0,0,13312,13,3324604776
2649,23363170,18924203,42287373,6,0,1,53248,2,8908411852
2650,23369060,1852737,25221797,7,0,0,4608,1,9619794453
2651,23377530,1383933,24761463,3,0,0,50176,5,9243593414
2652,23397460,777647,24175107,5,0,0,8704,9,10129652479
2653,23407289,885541,24292830,1,0,0,28672,13,9184686249
2654,23423100,933883,24356983,3,0,0,26624,5,5972483483
2655,23440540,364033,23804573,5,0,0,2560,9,2090103751
2656,23441670,1393381,24835051,3,0,0,3072,5,1722649668
2657,23445600,1002027,24447627,9,0,0,27648,1,8094706384
2658,23469580,905100,24374680,3,0,0,57856,5,6911901562
2659,23496030,18832632,42328662,2,0,1,17920,3,219242958
2660,23511650,18984734,42496384,6,0,1,60416,2,3937482842
2661,23516921,473925,23990846,8,0,0,3584,14,3818430026
2662,23519120,18992371,42511491,0,0,1,1536,19,7615782562
2663,23544890,1217680,24762570,3,0,0,3584,5,481251402
2664,23556581,584519,24141100,8,0,0,54272,14,9288079641
2665,23567180,780865,24348045,7,0,0,3584,1,2866982667
2666,23570070,1031259,24601329,9,0,0,20992,1,6296025920
2667,23583330,18931067,42514397,9,0,1,4608,1,7390361924
2668,23646110,18982847,42628957,1,0,1,18944,13,7081522348
2669,23659860,335057,23994917,3,0,0,13312,5,5691327990
2670,23664070,775118,24439188,6,0,0,63488,2,2013179715
2671,23685140,289242,23974382,9,0,0,6144,1,2442630859
2672,23686090,1775390,25461480,9,0,0,47104,1,7846639188
2673,23694590,723336,24417926,0,0,0,34816,19,7241026480
2674,23699211,1158941,24858152,8,0,0,71680,14,2611197553
2675,23700409,1976264,25676673,1,0,0,7680,13,5806725454
2676,23725471,1641646,25367117,8,0,0,17408,14,6493725999
2677,23725720,918624,24644344,3,0,0,8192,5,5841594747
2678,23726790,757299,24484089,9,0,0,512,1,2381254250
2679,23732890,419988,24152878,4,0,0,4608,9,2414987078
2680,23740460,464082,24204542,9,0,0,12800,1,2952072551
2681,23741210,742708,24483918,5,0,0,4608,9,7093938027
2682,23746300,243244,23989544,9,0,0,4096,1,3189383155
2683,23748240,839297,24587537,3,0,0,3584,5,9249200830
2684,23752310,925918,24678228,3,0,0,23040,5,4500759751
2685,23756120,651175,24407295,5,0,0,47104,9,6708690012
2686,23756441,1247716,25004157,8,0,0,22016,14,709779514
2687,23765039,712110,24477149,1,0,0,45056,13,4059248474
2688,23778270,18851673,42629943,9,0,1,1536,1,806562788
2689,23780060,2115123,25895183,7,0,0,54272,1,4303607015
2690,23783130,18955402,42738532,2,0,1,11264,3,2983370960
2691,23810890,18927665,42738555,2,0,1,10240,3,7332502765
2692,23827479,1824098,25651577,1,0,0,41984,13,5975108615
2693,23827850,19171741,42999591,6,0,1,72704,2,977146854
2694,23859201,1214682,25073883,8,0,0,12800,14,4223238714
2695,23864810,19240785,43105595,6,0,1,53248,2,7759630973
2696,23865980,958745,24824725,3,0,0,21504,5,4357493947
2697,23885269,926591,24811860,1,0,0,3584,13,699721467
2698,23886390,19219871,43106261,4,0,1,1024,9,3229165495
2699,23889580,19217667,43107247,9,0,1,1536,1,1056503435
2700,23890499,997467,24887966,1,0,0,2048,13,5006630780
2701,23893180,492075,24385255,3,0,0,1024,5,4371197326
2702,23911390,19235647,43147037,2,0,1,13824,3,3705033622
2703,23916800,1080179,24996979,6,0,0,25088,2,9361638851
2704,23918529,500348,24418877,1,0,0,3072,13,9800510902
2705,23943831,1053490,24997321,8,0,0,1024,14,5009609930
2706,23946450,19200610,43147060,0,0,1,7680,19,6014768345
2707,23954261,526335,24480596,8,0,0,11264,14,7972648344
2708,23958270,19188813,43147083,4,0,1,3072,9,8580751130
2709,23962710,1851702,25814412,4,0,0,41472,9,7623578870
2710,23966640,1157975,25124615,5,0,0,49152,9,4300280025
2711,24007790,1921999,25929789,9,0,0,512,1,8152944168
2712,24018879,1337315,25356194,1,0,0,82432,13,3717304904
2713,24034390,603988,24638378,6,0,0,37376,2,4515115070
2714,24038290,1971440,26009730,4,0,0,12800,9,10106313765
2715,24076760,19070346,43147106,4,0,1,2048,9,5720325783
2716,24100530,1937951,26038481,3,0,0,15360,5,4447294502
2717,24103199,1995157,26098356,1,0,0,70656,13,8325172948
2718,24105491,1040479,25145970,8,0,0,8192,14,5089716179
2719,24109440,577695,24687135,7,0,0,29184,1,3499551133
2720,24114360,2322975,26437335,7,0,0,38912,1,2134584032
2721,24129760,1082791,25212551,3,0,0,29696,5,8994001374
2722,24146521,1358695,25505216,8,0,0,15872,14,10313350794
2723,24147060,19031353,43178413,6,0,1,10240,2,6219493967
2724,24156671,470304,24626975,8,0,0,65024,14,4564591293
2725,24161250,2264190,26425440,9,0,0,16384,1,10342172727
2726,24190980,19074734,43265714,0,0,1,4096,19,7602705950
2727,24193830,19071907,43265737,3,0,1,16384,5,9754116367
2728,24196889,2328739,26525628,1,0,0,70144,13,2431199264
2729,24206580,19209181,43415761,9,0,1,28672,1,8860936528
2730,24216790,2287443,26504233,3,0,0,28672,5,4758495223
2731,24221380,2519517,26740897,3,0,0,6656,5,440404515
2732,24224470,550829,24775299,3,0,0,19968,5,1435377672
2733,24229260,930138,25159398,3,0,0,22016,5,3196582810
2734,24233689,361229,24594918,1,0,0,22528,13,9240630388
2735,24238209,871407,25109616,1,0,0,47616,13,8664485793
2736,24245940,19169844,43415784,3,0,1,2560,5,9609737394
2737,24246450,1036461,25282911,4,0,0,7680,9,3871828679
2738,24295050,346783,24641833,5,0,0,11264,9,9479056404
2739,24305780,1138354,25444134,6,0,0,31744,2,5511069864
2740,24308360,820170,25128530,6,0,0,12800,2,2240380764
2741,24311760,735663,25047423,3,0,0,17408,5,7550588827
2742,24314220,641166,24955386,4,0,0,30208,9,8372044951
2743,24321780,881700,25203480,5,0,0,32256,9,9168086636
2744,24324020,472906,24796926,6,0,0,36352,2,7339360235
2745,24331380,2522503,26853883,3,0,0,18432,5,7697477928
2746,24339630,1598049,25937679,9,0,0,5632,1,7147950613
2747,24354590,372397,24726987,6,0,0,2560,2,8684105007
2748,24355260,19077062,43432322,6,0,1,512,2,9185051608
2749,24355320,2417557,26772877,4,0,0,28160,9,10500783118
2750,24362720,507856,24870576,9,0,0,21504,1,494680977
2751,24363480,19071428,43434908,7,0,1,4096,1,1503385733
2752,24364800,2957527,27322327,5,0,0,11776,9,8053609292
2753,24373090,2563455,26936545,9,0,0,129536,1,751775576
2754,24388550,19075865,43464415,0,0,1,9728,19,2494669428
2755,24390180,884410,25274590,4,0,0,17920,9,4250438147
2756,24398251,643853,25042104,8,0,0,41472,14,6760968145
2757,24432120,1190816,25622936,2,0,0,43008,3,3960531245
2758,24436560,19070732,43507292,2,0,1,6656,3,4902562356
2759,24441451,3276267,27717718,8,0,0,53248,14,4332755238
2760,24458100,1102266,25560366,9,0,0,25600,1,6602195557
2761,24468070,2795419,27263489,7,0,0,63488,1,8041307932
2762,24474220,244300,24718520,6,0,0,3584,2,5947863508
2763,24500260,19135917,43636177,7,0,1,16384,1,6733726467
2764,24507550,939563,25447113,9,0,0,9728,1,8292379281
2765,24509350,19126850,43636200,7,0,1,3072,1,10668175408
2766,24515580,1556139,26071719,3,0,0,26624,5,10076132346
2767,24525950,281284,24807234,7,0,0,16384,1,1879098784
2768,24530510,1077732,25608242,6,0,0,31232,2,7701564855
2769,24532230,1196724,25728954,5,0,0,26624,9,8081493693
2770,24556050,19091896,43647946,1,0,1,8192,13,9115319369
2771,24565690,1354008,25919698,9,0,0,80384,1,9192516691
2772,24573500,2897041,27470541,7,0,0,6656,1,3360624703
2773,24581350,1092968,25674318,5,0,0,3584,9,3626180539
2774,24590220,1008491,25598711,7,0,0,20992,1,3250777785
2775,24591650,1047096,25638746,0,0,0,48128,19,1032060255
2776,24597250,570826,25168076,9,0,0,512,1,9542211729
2777,24599021,681527,25280548,8,0,0,3584,14,2332533270
2778,24610440,3270634,27881074,3,0,0,22528,5,9849970512
2779,24625700,19076116,43701816,6,0,1,6656,2,4330110981
2780,24629240,864183,25493423,7,0,0,20480,1,10032435898
2781,24632910,501300,25134210,5,0,0,7680,9,1104410482
2782,24653170,653258,25306428,9,0,0,10752,1,221484960
2783,24657360,1098528,25755888,4,0,0,19456,9,7129612165
2784,24668321,2541132,27209453,8,0,0,43520,14,1131522572
2785,24669421,410211,25079632,8,0,0,5120,14,5936948962
2786,24670930,1185404,25856334,7,0,0,10240,1,8855091342
2787,24674171,845431,25519602,8,0,0,12800,14,98002508
2788,24675830,3376999,28052829,4,0,0,19968,9,4247176499
2789,24691800,2744562,27436362,5,0,0,58880,9,1800319539
2790,24691940,3461925,28153865,7,0,0,1024,1,5423462738
2791,24693440,19011922,43705362,2,0,1,5632,3,8369464397
2792,24698090,1489864,26187954,6,0,0,40960,2,3363093839
2793,24699090,1686930,26386020,6,0,0,74752,2,2096835471
2794,24715790,19077869,43793659,6,0,1,4608,2,433229686
2795,24719210,19075755,43794965,9,0,1,2048,1,8284704219
2796,24724600,994562,25719162,4,0,0,56320,9,6512329035
2797,24727900,2281563,27009463,3,0,0,23552,5,4048149561
2798,24745330,1081136,25826466,3,0,0,24576,5,2355052651
2799,24761100,3353627,28114727,7,0,0,34816,1,10647700479
2800,24767579,589730,25357309,1,0,0,3584,13,6614784786
2801,24780629,526602,25307231,1,0,0,2560,13,97864940
2802,24782421,906287,25688708,8,0,0,35840,14,1130670535
2803,24784640,19074640,43859280,2,0,1,2048,3,6900708133
2804,24789559,1324205,26113764,1,0,0,15360,13,3334549834
2805,24810500,713641,25524141,4,0,0,14848,9,4118744821
2806,24816391,793426,25609817,8,0,0,5120,14,1934573571
2807,24817731,1118217,25935948,8,0,0,9728,14,1139175021
2808,24833680,318774,25152454,4,0,0,1024,9,2095949292
2809,24839410,626461,25465871,5,0,0,14336,9,8427774224
2810,24841880,423164,25265044,9,0,0,26624,1,6296846018
2811,24845470,19024152,43869622,2,0,1,3072,3,10653600669
2812,24855740,19013905,43869645,0,0,1,1536,19,2570639916
2813,24857270,19012414,43869684,3,0,1,4096,5,6987392622
2814,24857990,19030687,43888677,9,0,1,5120,1,10609229856
2815,24859770,19061343,43921113,8,0,1,7680,14,4620654130
2816,24872070,1456796,26328866,1,0,0,101888,13,9937614802
2817,24877190,1121118,25998308,7,0,0,26624,1,3712183650
2818,24899360,1140236,26039596,3,0,0,3584,5,2698139481
2819,24907610,19041306,43948916,6,0,1,1536,2,259980059
2820,24909130,1035566,25944696,4,0,0,8192,9,2304566393
2821,24909670,19064282,43973952,8,0,1,23552,14,10392254528
2822,24917840,814561,25732401,6,0,0,11264,2,663661983
2823,24938189,341252,25279441,1,0,0,15872,13,6857448386
2824,24963730,660329,25624059,9,0,0,3584,1,812590358
2825,24971690,2854606,27826296,5,0,0,24576,9,4480285703
2826,24972960,3281346,28254306,1,0,0,72192,13,7894446541
2827,24976150,503401,25479551,7,0,0,10240,1,8379544794
2828,24993571,476380,25469951,8,0,0,4096,14,1840253526
2829,25008350,1197873,26206223,7,0,0,24064,1,2523490677
2830,25011740,863766,25875506,9,0,0,17920,1,1261954415
2831,25014750,1037185,26051935,5,0,0,40448,9,5019841695
2832,25038001,1410425,26448426,8,0,0,36352,14,2677370704
2833,25040450,2938222,27978672,9,0,0,18432,1,10308848424
2834,25049090,3509925,28559015,5,0,0,87040,9,3587653675
2835,25050830,18974545,44025375,7,0,1,3584,1,5263730577
2836,25069990,18955408,44025398,3,0,1,1024,5,4819591515
2837,25080850,735530,25816380,3,0,0,4608,5,6097492994
2838,25089260,131118,25220378,1,0,0,9728,13,8950471303
2839,25092310,18940819,44033129,2,0,1,9216,3,3741079728
2840,25093500,472320,25565820,7,0,0,9216,1,6413177638
2841,25112370,1475484,26587854,1,0,0,11264,13,8725732962
2842,25122370,909800,26032170,3,0,0,62464,5,7557443730
2843,25123460,18914495,44037955,0,0,1,7680,19,3384991127
2844,25123840,1434960,26558800,1,0,0,22528,13,5972919874
2845,25128901,1231817,26360718,8,0,0,37888,14,6302069654
2846,25131280,973822,26105102,4,0,0,22016,9,10627890051
2847,25137110,18902791,44039901,7,0,1,3072,1,844949803
2848,25165220,1815415,26980635,6,0,0,38400,2,1277299786
2849,25166200,1180995,26347195,6,0,0,15872,2,3960659937
2850,25171080,376682,25547762,4,0,0,8192,9,10471025544
2851,25186090,1234343,26420433,9,0,0,40960,1,9893235346
2852,25187961,970272,26158233,8,0,0,61440,14,4128725768
2853,25194810,1755634,26950444,3,0,0,45568,5,10620741987
2854,25201130,851764,26052894,4,0,0,3072,9,1583948497
2855,25206180,1844410,27050590,4,0,0,5120,9,10185508
2856,25218890,1069658,26288548,1,0,0,40960,13,4229330295
2857,25247330,18794197,44041527,6,0,1,2560,2,5630611012
2858,25275910,787682,26063592,1,0,0,8192,13,1283912174
2859,25290150,1978696,27268846,9,0,0,17408,1,6249796115
2860,25303931,972114,26276045,8,0,0,87040,14,7931336703
2861,25309380,830118,26139498,3,0,0,23552,5,3551064736
2862,25310851,1684307,26995158,8,0,0,47616,14,892381822
2863,25331730,525711,25857441,4,0,0,3584,9,5575347707
2864,25355730,1311493,26667223,3,0,0,19968,5,8665526454
2865,25360560,1112872,26473432,6,0,0,51200,2,7262484863
2866,25368060,1317427,26685487,5,0,0,5632,9,6305492318
2867,25372810,1105956,26478766,5,0,0,10752,9,455024572
2868,25375260,18695227,44070487,7,0,1,1536,1,2856312668
2869,25382590,748087,26130677,1,0,0,4096,13,9611482772
2870,25383581,734254,26117835,8,0,0,13312,14,105211076
2871,25390880,1017050,26407930,5,0,0,70144,9,7514055766
2872,25394910,568070,25962980,7,0,0,26624,1,8204882812
2873,25406130,18672047,44078177,7,0,1,3072,1,7424311924
2874,25416370,1712130,27128500,3,0,0,35328,5,4647686319
2875,25432220,1651031,27083251,7,0,0,60416,1,8222426110
2876,25442000,944527,26386527,4,0,0,1536,9,284960050
2877,25450950,18717087,44168037,0,0,1,1536,19,8638967850
2878,25473551,1815208,27288759,8,0,0,30720,14,7955275582
2879,25478570,1073305,26551875,1,0,0,86016,13,9658910983
2880,25486870,18682793,44169663,8,0,1,2560,14,3672308444
2881,25500181,346949,25847130,8,0,0,3584,14,10197264135
2882,25501261,2650390,28151651,8,0,0,55296,14,248153658
2883,25521880,1198664,26720544,3,0,0,15872,5,2833912469
2884,25536700,18635229,44171929,8,0,1,3584,14,7685298048
2885,25545840,1798208,27344048,9,0,0,13824,1,9918186162
2886,25563390,18618210,44181600,2,0,1,1024,3,4557553839
2887,25567200,1214346,26781546,4,0,0,13312,9,2513796734
2888,25568310,772614,26340924,1,0,0,22528,13,5135766246
2889,25571980,18680924,44252904,6,0,1,20480,2,3574083838
2890,25572030,1089094,26661124,4,0,0,36864,9,6721918630
2891,25609210,320408,25929618,4,0,0,8192,9,1710938090
2892,25611170,18642720,44253890,8,0,1,1536,14,2417398601
2893,25613750,870343,26484093,3,0,0,17408,5,2495505569
2894,25622649,3066908,28689557,1,0,0,10240,13,22941491
2895,25626330,18630146,44256476,7,0,1,4096,1,5121432277
2896,25646071,651712,26297783,8,0,0,30208,14,3784971510
2897,25647780,18623840,44271620,2,0,1,9728,3,5017408743
2898,25662900,3256229,28919129,6,0,0,15360,2,4511874394
2899,25669470,1197037,26866507,4,0,0,7680,9,2543414108
2900,25700180,1624639,27324819,3,0,0,5632,5,5226826330
2901,25701870,661359,26363229,5,0,0,8192,9,7845477697
2902,25704030,18740758,44444788,4,0,1,18944,9,6140947521
2903,25716000,18742771,44458771,6,0,1,6144,2,188702579
2904,25717800,2514487,28232287,7,0,0,61952,1,2287019729
2905,25742240,826106,26568346,5,0,0,20992,9,7180496643
2906,25743150,991979,26735129,5,0,0,3072,9,79195312
2907,25764310,1041615,26805925,4,0,0,1536,9,4774383969
2908,25784600,18675477,44460077,2,0,1,2048,3,5189252410
2909,25788529,795307,26583836,1,0,0,13312,13,8090439110
2910,25789840,2521713,28311553,5,0,0,23552,9,1479531017
2911,25818250,1230586,27048836,7,0,0,42496,1,5414716001
2912,25830100,1172108,27002208,1,0,0,23040,13,6017598591
2913,25833010,18660708,44493718,2,0,1,15360,3,7217823382
2914,25833290,1446094,27279384,6,0,0,26112,2,7706991022
2915,25835850,796376,26632226,4,0,0,4096,9,4017314554
2916,25876200,599275,26475475,6,0,0,6656,2,3547346442
2917,25886129,743697,26629826,1,0,0,16384,13,1935644642
2918,25893169,902276,26795445,1,0,0,45568,13,9005774815
2919,25893390,1155625,27049015,7,0,0,512,1,9942156668
2920,25909161,1581758,27490919,8,0,0,18944,14,10666846113
2921,25921520,18595813,44517333,0,0,1,3584,19,7365681191
2922,25932200,525601,26457801,6,0,0,30720,2,7712767455
2923,25944400,18654778,44599178,8,0,1,24576,14,6999898413
2924,25966430,730034,26696464,7,0,0,6656,1,4352767961
2925,25971070,18659415,44630485,2,0,1,1536,3,4457203962
2926,25971179,362858,26334037,1,0,0,16896,13,5685746072
2927,25976220,982998,26959218,5,0,0,26112,9,4513965746
2928,25981149,752358,26733507,1,0,0,42496,13,7559289846
2929,25981380,911247,26892627,4,0,0,11264,9,6000178196
2930,25983529,967710,26951239,1,0,0,2560,13,2155635258
2931,25994610,1405650,27400260,6,0,0,11776,2,3185298049
2932,25997170,1224637,27221807,6,0,0,512,2,7383399555
2933,26004740,18625768,44630508,8,0,1,4096,14,7778234303
2934,26035720,1282996,27318716,4,0,0,16384,9,1392397766
2935,26045610,516325,26561935,5,0,0,10240,9,4964423358
2936,26048160,1173476,27221636,7,0,0,39936,1,8317702292
2937,26075140,750123,26825263,5,0,0,40448,9,7108025371
2938,26080670,2995378,29076048,5,0,0,122368,9,9877838484
2939,26087070,18597491,44684561,6,0,1,12800,2,5450662450
2940,26101841,1375548,27477389,8,0,0,11776,14,6477688819
2941,26109509,994454,27103963,1,0,0,23552,13,1693344328
2942,26115451,627333,26742784,8,0,0,6144,14,1446213867
2943,26129440,212131,26341571,9,0,0,2048,1,2444746319
2944,26136601,1301344,27437945,8,0,0,5120,14,7869600582
2945,26143010,1465779,27608789,6,0,0,12288,2,9840975409
2946,26147430,3004743,29152173,4,0,0,24064,9,6321101339
2947,26154840,18573871,44728711,0,0,1,7680,19,316405909
2948,26184510,18544867,44729377,3,0,1,1024,5,3875257344
2949,26191490,18539833,44731323,0,0,1,3072,19,9763677988
2950,26215469,1457708,27673177,1,0,0,31232,13,1510111848
2951,26220890,2196104,28416994,3,0,0,28160,5,2451418914
2952,26235560,1556701,27792261,7,0,0,40448,1,5758050414
2953,26237751,1408845,27646596,8,0,0,41984,14,4426361055
2954,26248570,596925,26845495,5,0,0,13312,9,10012786494
2955,26261930,1113846,27375776,3,0,0,38400,5,8608247919
2956,26271500,18467594,44739094,2,0,1,20480,3,7057972821
2957,26272949,1332073,27605022,1,0,0,25088,13,706546023
2958,26275370,18477613,44752983,2,0,1,1024,3,8264150843
2959,26285951,404393,26690344,8,0,0,11776,14,293013450
2960,26302410,1061635,27364045,7,0,0,41984,1,7448719700
2961,26308490,2200127,28508617,7,0,0,7680,1,2239876894
2962,26342210,18412719,44754929,8,0,1,3072,14,3443298966
2963,26351971,452747,26804718,8,0,0,9728,14,1038426051
2964,26356730,1171075,27527805,7,0,0,33280,1,8993472540
2965,26369080,18393417,44762497,0,0,1,4608,19,4081971598
2966,26381860,1166641,27548501,3,0,0,37376,5,9504249100
2967,26382500,3096258,29478758,5,0,0,58880,9,157749999
2968,26393320,573401,26966721,3,0,0,24576,5,605366228
2969,26393870,723851,27117721,5,0,0,14336,9,40475516
2970,26394599,1366187,27760786,1,0,0,33280,13,6987033402
2971,26418740,18343911,44762651,9,0,1,8704,1,4272418450
2972,26426030,308140,26734170,5,0,0,2048,9,3532145906
2973,26440089,696554,27136643,1,0,0,26624,13,10287113769
2974,26447761,3177890,29625651,8,0,0,10752,14,8557790035
2975,26447860,18351675,44799535,3,0,1,18944,5,7643387573
2976,26449939,350651,26800590,1,0,0,12288,13,5000676320
2977,26456660,3217575,29674235,6,0,0,30720,2,406387540
2978,26487350,18355259,44842609,3,0,1,3072,5,9833376342
2979,26489890,1021178,27511068,6,0,0,10752,2,3623944576
2980,26495480,617858,27113338,4,0,0,30720,9,599158693
2981,26509000,516242,27025242,7,0,0,51712,1,3027851422
2982,26509270,245616,26754886,7,0,0,10752,1,6697241540
2983,26518870,939905,27458775,4,0,0,25088,9,1342347701
2984,26524900,3330002,29854902,3,0,0,6656,5,6018008668
2985,26527559,339275,26866834,1,0,0,1024,13,10184733248
2986,26557410,1251061,27808471,9,0,0,25088,1,2590861245
2987,26567740,3263509,29831249,3,0,0,96256,5,7550057959
2988,26573390,395530,26968920,5,0,0,7168,9,9600634195
2989,26586670,18264756,44851426,8,0,1,11264,14,706738964
2990,26591980,1437428,28029408,3,0,0,70656,5,7610783104
2991,26592891,1207921,27800812,8,0,0,12288,14,2736290101
2992,26603179,1060467,27663646,1,0,0,48128,13,4785242920
2993,26607140,1281729,27888869,3,0,0,512,5,2081078200
2994,26628660,941058,27569718,5,0,0,30208,9,3692439966
2995,26634761,636596,27271357,8,0,0,8192,14,8968930238
2996,26643201,392664,27035865,8,0,0,34816,14,1516026345
2997,26644140,505397,27149537,9,0,0,8192,1,10073247274
2998,26659190,973965,27633155,3,0,0,1536,5,5059585816
2999,26666171,1259119,27925290,8,0,0,41984,14,6048687873
3000,26680280,18172631,44852911,9,0,1,15360,1,1476659609
3001,26683230,405284,27088514,3,0,0,2048,5,8117066725
3002,26683980,849012,27532992,3,0,0,1536,5,8885648522
3003,26696990,18392005,45088995,3,0,1,1536,5,9287311713
3004,26703780,540350,27244130,6,0,0,73216,2,2236058797
3005,26715110,18378417,45093527,3,0,1,7168,5,9202450928
3006,26717150,755219,27472369,3,0,0,2048,5,8294462052
3007,26717260,931691,27648951,7,0,0,7680,1,3475744157
3008,26719339,569927,27289266,1,0,0,1536,13,2381526624
3009,26725140,2029639,28754779,7,0,0,5632,1,6870321460
3010,26753360,335481,27088841,4,0,0,1024,9,7646670931
3011,26766910,395386,27162296,9,0,0,6144,1,3002701018
3012,26768090,1574123,28342213,3,0,0,43520,5,7351022040
3013,26769160,3273325,30042485,4,0,0,61440,9,5708047653
3014,26772050,1007872,27779922,5,0,0,32256,9,4477640552
3015,26825581,352114,27177695,8,0,0,13824,14,15990758
3016,26831579,1427184,28258763,1,0,0,11264,13,7714915132
3017,26836540,1075943,27912483,4,0,0,20992,9,2161704926
3018,26843500,2176163,29019663,7,0,0,39936,1,6422543662
3019,26857550,315918,27173468,5,0,0,512,9,765864358
3020,26861929,311368,27173297,1,0,0,10240,13,2644971523
3021,26876450,683152,27559602,7,0,0,2048,1,7731410582
3022,26877620,18216893,45094513,6,0,1,1536,2,751015224
3023,26877940,414599,27292539,5,0,0,512,9,10729919317
3024,26893560,826201,27719761,3,0,0,6656,5,5411820917
3025,26894081,613696,27507777,8,0,0,18432,14,964134308
3026,26896230,18199461,45095691,4,0,1,13824,9,5421835224
3027,26907960,3261289,30169249,4,0,0,42496,9,7319066192
3028,26948680,3370717,30319397,3,0,0,100864,5,747334395
3029,26956300,1090430,28046730,4,0,0,20992,9,1160293379
3030,26962480,550681,27513161,3,0,0,2048,5,5522448905
3031,26968570,18195827,45164397,9,0,1,4096,1,10652509555
3032,26969330,712503,27681833,7,0,0,17408,1,4567034949
3033,26974609,1058589,28033198,1,0,0,12288,13,1117130637
3034,26984870,627842,27612712,5,0,0,12800,9,6986842041
3035,26988699,475239,27463938,1,0,0,16896,13,7945447155
3036,27015150,18158052,45173202,2,0,1,4608,3,7089475190
3037,27016480,18239849,45256329,4,0,1,14848,9,4701844136
3038,27050380,353159,27403539,3,0,0,5120,5,1850518751
3039,27050860,780911,27831771,4,0,0,17920,9,506967633
3040,27058380,1344833,28403213,9,0,0,18944,1,10185306422
3041,27065500,280911,27346411,4,0,0,7680,9,3211843319
3042,27066290,3284179,30350469,7,0,0,9728,1,450302804
3043,27070150,631291,27701441,3,0,0,12800,5,10267992549
3044,27073510,1056380,28129890,3,0,0,49664,5,3956239199
3045,27084860,18172295,45257155,2,0,1,2560,3,8370951063
3046,27116520,18141131,45257651,9,0,1,3584,1,5041515012
3047,27118320,18263694,45382014,6,0,1,6144,2,5514244780
3048,27129860,18252177,45382037,0,0,1,2560,19,3500030393
3049,27143090,249486,27392576,5,0,0,8192,9,6700294372
3050,27149060,18233983,45383043,4,0,1,4096,9,7118427946
3051,27224780,182991,27407771,7,0,0,5120,1,2283788053
3052,27251611,721414,27973025,8,0,0,34816,14,470466813
3053,27252800,469702,27722502,4,0,0,5120,9,3289521528
3054,27255200,513864,27769064,6,0,0,14336,2,7877553631
3055,27255420,1962915,29218335,9,0,0,30720,1,3009833743
3056,27256140,438353,27694493,4,0,0,5120,9,2886893837
3057,27256310,255865,27512175,3,0,0,3584,5,5006888965
3058,27257900,418576,27676476,4,0,0,10752,9,9350452806
3059,27273260,802291,28075551,7,0,0,3072,1,7563759995
3060,27274080,1448188,28722268,3,0,0,35328,5,5360360608
3061,27275190,3155963,30431153,9,0,0,6656,1,2609669181
3062,27313691,1280833,28594524,8,0,0,27136,14,10674578530
3063,27315430,18107726,45423156,6,0,1,6656,2,6112288958
3064,27328680,806108,28134788,6,0,0,13824,2,5516467418
3065,27330650,865001,28195651,7,0,0,25600,1,9413798571
3066,27331090,18200007,45531097,4,0,1,2048,9,1574508812
3067,27334000,398318,27732318,6,0,0,31232,2,3707684255
3068,27341640,816661,28158301,4,0,0,14336,9,6615616272
3069,27350850,18184817,45535667,3,0,1,1536,5,3292230756
3070,27352381,1274465,28626846,8,0,0,51712,14,9377978033
3071,27358801,500565,27859366,8,0,0,11776,14,83020336
3072,27363519,644346,28007865,1,0,0,45568,13,9282389933
3073,27364300,1029515,28393815,9,0,0,55808,1,3073246076
3074,27368679,2253681,29622360,1,0,0,80384,13,2922509056
3075,27381059,3185121,30566180,1,0,0,19968,13,4868739399
3076,27398800,1940885,29339685,5,0,0,33280,9,3169893136
3077,27416280,1074395,28490675,6,0,0,24064,2,8686868034
3078,27424931,502114,27927045,8,0,0,5632,14,2125071553
3079,27432649,3363298,30795947,1,0,0,14336,13,6487567954
3080,27462921,1623024,29085945,8,0,0,20480,14,2634426473
3081,27465410,18072799,45538209,7,0,1,3072,1,984244908
3082,27467310,1993485,29460795,6,0,0,41472,2,6702353629
3083,27468410,3173067,30641477,7,0,0,99840,1,3133299605
3084,27473770,1112471,28586241,6,0,0,28160,2,5098595710
3085,27477960,732586,28210546,6,0,0,10752,2,9015908723
3086,27495820,1115255,28611075,4,0,0,54272,9,8843216941
3087,27498480,2191877,29690357,7,0,0,20992,1,3020792588
3088,27501720,557094,28058814,9,0,0,7680,1,1870424457
3089,27502060,347334,27849394,3,0,0,14336,5,737880398
3090,27506390,18034049,45540439,7,0,1,5120,1,5665404542
3091,27523620,953799,28477419,3,0,0,16896,5,9239544442
3092,27576840,1803333,29380173,5,0,0,27648,9,7103485539
3093,27581280,215243,27796523,7,0,0,1024,1,9913083297
3094,27602470,17971720,45574190,3,0,1,11264,5,2521759003
3095,27619910,17990431,45610341,2,0,1,1024,3,9844208589
3096,27638030,17973387,45611417,0,0,1,13312,19,5652935901
3097,27646040,1031191,28677231,4,0,0,98816,9,4317913896
3098,27660520,1025509,28686029,5,0,0,16384,9,9850426956
3099,27660800,411088,28071888,5,0,0,22528,9,7474830064
3100,27677710,17975218,45652928,4,0,1,3072,9,1769676006
3101,27684759,468779,28153538,1,0,0,6144,13,4798709764
3102,27710270,17963442,45673712,4,0,1,3072,9,4085291393
3103,27723040,477306,28200346,9,0,0,15360,1,2143791461
3104,27729410,799847,28529257,9,0,0,19968,1,1426681604
3105,27733670,327520,28061190,5,0,0,3072,9,886994364
3106,27739559,467696,28207255,1,0,0,22528,13,9305302507
3107,27748020,18014164,45762184,2,0,1,12800,3,3027913199
3108,27750860,18021042,45771902,0,0,1,5120,19,9849488198
3109,27754720,18038734,45793454,0,0,1,22528,19,987257589
3110,27759050,649349,28408399,3,0,0,16896,5,8619613674
3111,27780240,350289,28130529,6,0,0,2048,2,955027928
3112,27801440,1155481,28956921,5,0,0,53248,9,8294219378
3113,27816050,448656,28264706,7,0,0,19456,1,2655124898
3114,27834590,353246,28187836,3,0,0,19968,5,1559757260
3115,27837880,582873,28420753,6,0,0,12288,2,6011919283
3116,27851670,17945010,45796680,6,0,1,5120,2,1867962825
3117,27880350,819623,28699973,5,0,0,4096,9,8954181710
3118,27886099,840864,28726963,1,0,0,15360,13,1589883243
3119,27899540,613939,28513479,0,0,0,9216,19,1331242084
3120,27901131,1068456,28969587,8,0,0,24064,14,4095136976
3121,27911620,17888606,45800226,7,0,1,5632,1,5939893113
3122,27920520,598434,28518954,7,0,0,17920,1,5469850017
3123,27920690,950312,28871002,7,0,0,49152,1,10226410831
3124,27965379,929967,28895346,1,0,0,49152,13,1174838148
3125,27968320,17899021,45867341,9,0,1,14848,1,7925079600
3126,27981580,17885792,45867372,5,0,1,21504,9,6744793841
3127,27981840,898515,28880355,4,0,0,29184,9,6862180653
3128,27999610,1425554,29425164,6,0,0,85504,2,2214746945
3129,28013990,383436,28397426,9,0,0,11776,1,7029387960
3130,28028030,2857485,30885515,4,0,0,5120,9,1736783678
3131,28031740,778923,28810663,3,0,0,2560,5,6579027427
3132,28032220,17917891,45950111,0,0,1,17920,19,1781695349
3133,28042130,17972627,46014757,8,0,1,6656,14,3911989674
3134,28072890,17942840,46015730,6,0,1,12800,2,1728532224
3135,28079740,561419,28641159,7,0,0,18944,1,6938532788
3136,28085929,992786,29078715,1,0,0,8704,13,6600191836
3137,28089530,1208160,29297690,9,0,0,15872,1,9440862792
3138,28089610,1435448,29525058,9,0,0,19968,1,5579621582
3139,28091550,2871596,30963146,6,0,0,3584,2,1522356028
3140,28099790,17929933,46029723,7,0,1,9728,1,8710021435
3141,28105800,750195,28855995,4,0,0,78336,9,6682213463
3142,28107830,880663,28988493,7,0,0,27648,1,10576898332
3143,28112470,18044915,46157385,0,0,1,9216,19,6044684336
3144,28113100,155349,28268449,5,0,0,3072,9,4847431480
3145,28113440,848800,28962240,4,0,0,17408,9,1959312763
3146,28115990,377040,28493030,4,0,0,7680,9,10481011222
3147,28155860,479481,28635341,4,0,0,27648,9,5553353632
3148,28156720,1274263,29430983,5,0,0,18944,9,7947117886
3149,28157350,1160735,29318085,4,0,0,18432,9,8354061933
3150,28181211,462787,28643998,8,0,0,9216,14,7978913567
3151,28207670,1546191,29753861,7,0,0,3584,1,5543779421
3152,28208300,871390,29079690,6,0,0,3072,2,4322308403
3153,28208380,592421,28800801,6,0,0,22016,2,8768492687
3154,28212860,1031047,29243907,6,0,0,22528,2,3052095494
3155,28215011,765043,28980054,8,0,0,34304,14,8892279058
3156,28230820,3313573,31544393,9,0,0,84992,1,7268027877
3157,28234560,586947,28821507,6,0,0,8192,2,5964152253
3158,28242060,3146515,31388575,5,0,0,27136,9,9039280937
3159,28275130,405868,28680998,6,0,0,12288,2,3813704381
3160,28280190,1259079,29539269,5,0,0,46592,9,2438349060
3161,28286979,857831,29144810,1,0,0,35840,13,4834666356
3162,28299340,1252522,29551862,3,0,0,2048,5,2623018876
3163,28339550,1031841,29371391,4,0,0,73728,9,2785687766
3164,28347970,592405,28940375,4,0,0,47616,9,8518488253
3165,28357380,846137,29203517,0,0,0,49152,19,974000170
3166,28372530,914038,29286568,4,0,0,51200,9,7301215261
3167,28384360,18170327,46554687,3,0,1,102912,5,4904233044
3168,28408361,884462,29292823,8,0,0,20480,14,236319035
3169,28410340,18145973,46556313,7,0,1,2560,1,6514517313
3170,28412160,18222070,46634230,7,0,1,42496,1,8690852231
3171,28416890,391640,28808530,4,0,0,14848,9,5759301592
3172,28433530,18230118,46663648,2,0,1,2560,3,4301540500
3173,28450630,807701,29258331,4,0,0,19456,9,2062626051
3174,28457940,534803,28992743,7,0,0,6144,1,2891593146
3175,28473490,18193064,46666554,6,0,1,4608,2,955719220
3176,28483230,18183670,46666900,9,0,1,512,1,3396341079
3177,28488340,1195582,29683922,9,0,0,31744,1,5332936880
3178,28499239,539510,29038749,1,0,0,19968,13,3358849718
3179,28504870,18171958,46676828,5,0,1,19456,9,4682286400
3180,28519970,704183,29224153,6,0,0,16896,2,8368525248
3181,28531960,500666,29032626,3,0,0,42496,5,2257058344
3182,28562920,18670546,47233466,3,0,1,142336,5,506813561
3183,28570181,778731,29348912,8,0,0,30208,14,3582221912
3184,28575330,18658159,47233489,9,0,1,3584,1,5165800663
3185,28586410,18647102,47233512,6,0,1,2048,2,6548503679
3186,28586950,3079770,31666720,3,0,0,12800,5,3553248331
3187,28587810,403046,28990856,5,0,0,7680,9,364600841
3188,28589330,911611,29500941,9,0,0,72704,1,9391588205
3189,28593030,1256187,29849217,7,0,0,35840,1,179038071
3190,28613200,18620335,47233535,0,0,1,1024,19,3887256269
3191,28621940,637186,29259126,7,0,0,2560,1,7418197678
3192,28635040,18629908,47264948,2,0,1,10752,3,1591018741
3193,28652110,974047,29626157,5,0,0,1536,9,8537991799
3194,28667750,507873,29175623,5,0,0,4096,9,2420521687
3195,28670580,18622213,47292793,8,0,1,512,14,64978759
3196,28675579,891148,29566727,1,0,0,48128,13,2790306141
3197,28692910,440965,29133875,3,0,0,5120,5,10297568014
3198,28710370,215482,28925852,4,0,0,22016,9,1349369061
3199,28733170,18559646,47292816,6,0,1,2560,2,414159727
3200,28750360,18542479,47292839,6,0,1,3584,2,317798269
3201,28755690,18616070,47371760,8,0,1,7680,14,8011697173
3202,28757700,330288,29087988,5,0,0,6656,9,9533335876
3203,28764670,232113,28996783,7,0,0,11264,1,3960152564
3204,28809820,709099,29518919,9,0,0,51200,1,3414696067
3205,28831360,260707,29092067,4,0,0,13312,9,2216245703
3206,28832980,764873,29597853,5,0,0,36864,9,282200378
3207,28834140,487392,29321532,5,0,0,11264,9,5072543689
3208,28843269,555828,29399097,1,0,0,26624,13,1304101876
3209,28849131,1003728,29852859,8,0,0,11776,14,5991029841
3210,28852430,366552,29218982,5,0,0,2048,9,1541212687
3211,28866240,18505543,47371783,5,0,1,4608,9,2470716370
3212,28868140,579708,29447848,7,0,0,3584,1,10480277117
3213,28871090,632214,29503304,6,0,0,7680,2,8053549494
3214,28882230,489488,29371718,2,0,0,1024,3,9154010572
3215,28899760,839348,29739108,7,0,0,10752,1,7332097389
3216,28903420,793370,29696790,3,0,0,11264,5,6519183054
3217,28912819,1412561,30325380,1,0,0,19456,13,320212684
3218,28961700,1467314,30429014,5,0,0,11776,9,2398504925
3219,28976890,1446946,30423836,9,0,0,22016,1,9297524412
3220,28987240,403199,29390439,7,0,0,12800,1,5029391991
3221,28988820,18393773,47382593,9,0,1,5632,1,9137704071
3222,28988840,18393776,47382616,0,0,1,4096,19,4156530498
3223,28996979,554244,29551223,1,0,0,17408,13,4091410216
3224,29002940,643527,29646467,3,0,0,5120,5,4486913865
3225,29005490,626625,29632115,5,0,0,6656,9,7452028749
3226,29015520,1140727,30156247,5,0,0,25600,9,8679167543
3227,29018051,982940,30000991,8,0,0,20480,14,6723195504
3228,29020280,188680,29208960,4,0,0,6144,9,5987887878
3229,29033079,676836,29709915,1,0,0,13312,13,626042990
3230,29034980,959756,29994736,3,0,0,61440,5,536242072
3231,29037230,1055323,30092553,6,0,0,60928,2,322446187
3232,29082850,638221,29721071,9,0,0,28160,1,5492177446
3233,29119060,2861012,31980072,7,0,0,30720,1,6141387288
3234,29127870,18254769,47382639,6,0,1,3584,2,7792565982
3235,29128800,1446911,30575711,9,0,0,31232,1,4999625879
3236,29134880,18247782,47382662,0,0,1,512,19,9947713029
3237,29137430,1518816,30656246,6,0,0,21504,2,3441712094
3238,29145271,398701,29543972,8,0,0,15360,14,2724264329
3239,29176390,453682,29630072,4,0,0,12800,9,7278393105
3240,29179321,572092,29751413,8,0,0,5632,14,1756879188
3241,29187780,18194905,47382685,4,0,1,5632,9,10150961513
3242,29197470,495398,29692868,4,0,0,8192,9,9758435725
3243,29202249,1067282,30269531,1,0,0,43520,13,10448497493
3244,29210400,992614,30203014,5,0,0,83456,9,9458087821
3245,29218510,432041,29650551,6,0,0,6656,2,5890806577
3246,29227709,2903325,32131034,1,0,0,12800,13,903918406
3247,29251951,1832587,31084538,8,0,0,50176,14,8366040760
3248,29281960,18100748,47382708,6,0,1,3584,2,9686049870
3249,29289560,18109191,47398751,4,0,1,3072,9,7520635534
3250,29306999,841433,30148432,1,0,0,183296,13,832133251
3251,29330120,312187,29642307,3,0,0,2560,5,7980308193
3252,29342981,551358,29894339,8,0,0,14848,14,3648959807
3253,29349800,673950,30023750,9,0,0,13824,1,6477913830
3254,29361520,878941,30240461,4,0,0,38400,9,5677590303
3255,29365240,1134220,30499460,6,0,0,98816,2,4885989730
3256,29368311,2802068,32170379,8,0,0,14336,14,8469118770
3257,29372000,363817,29735817,7,0,0,20992,1,2958145267
3258,29377360,596423,29973783,4,0,0,7168,9,9896024558
3259,29392960,3043079,32436039,4,0,0,7680,9,5685158216
3260,29402250,1300057,30702307,6,0,0,8192,2,2483903676
3261,29406309,816323,30222632,1,0,0,18944,13,573009263
3262,29408450,639853,30048303,4,0,0,16896,9,1990037594
3263,29408899,610624,30019523,1,0,0,47616,13,6179922139
3264,29424960,18010492,47435452,8,0,1,3072,14,4319814926
3265,29430789,504762,29935551,1,0,0,16896,13,3935728065
3266,29446939,1140651,30587590,1,0,0,38912,13,9016266611
3267,29457610,472778,29930388,7,0,0,6656,1,7987082510
3268,29461560,466785,29928345,3,0,0,20480,5,10391938779
3269,29461569,1769069,31230638,1,0,0,8192,13,5419183285
3270,29470989,745832,30216821,1,0,0,45056,13,1706834025
3271,29484860,975286,30460146,5,0,0,24064,9,7444502301
3272,29485670,918838,30404508,4,0,0,46080,9,4468491162
3273,29488099,689285,30177384,1,0,0,26624,13,4032785008
3274,29490290,918624,30408914,6,0,0,11264,2,2020123175
3275,29496380,17939095,47435475,8,0,1,2048,14,9171170406
3276,29510960,814903,30325863,9,0,0,1536,1,2884654939
3277,29533640,839889,30373529,7,0,0,34304,1,9032331518
3278,29540960,849493,30390453,3,0,0,46080,5,6128793371
3279,29558030,1083930,30641960,3,0,0,1536,5,9428670549
3280,29565770,302667,29868437,6,0,0,1536,2,4997242678
3281,29570730,2945606,32516336,5,0,0,1024,9,4204377405
3282,29571420,1299606,30871026,4,0,0,93184,9,6112951916
3283,29572579,683677,30256256,1,0,0,51712,13,152689115
3284,29573641,1387892,30961533,8,0,0,19968,14,10525208767
3285,29577580,17902170,47479750,4,0,1,512,9,3510388303
3286,29582729,689829,30272558,1,0,0,9728,13,4734156017
3287,29583850,821609,30405459,6,0,0,3072,2,9093217804
3288,29585761,938658,30524419,8,0,0,19456,14,1098302003
3289,29598540,1101256,30699796,2,0,0,136192,3,3127377504
3290,29613480,1033049,30646529,5,0,0,10752,9,334889382
3291,29615600,17864173,47479773,6,0,1,1024,2,5316543003
3292,29616339,1282737,30899076,1,0,0,7680,13,8945863574
3293,29625430,17854374,47479804,6,0,1,7680,2,6935897116
3294,29631230,721594,30352824,7,0,0,7680,1,3613361192
3295,29661529,1484112,31145641,1,0,0,58368,13,1965878608
3296,29673090,845386,30518476,3,0,0,8704,5,10310831969
3297,29673540,925727,30599267,4,0,0,37376,9,2688258263
3298,29682430,1549011,31231441,9,0,0,2560,1,7888811740
3299,29697140,17790362,47487502,7,0,1,5632,1,8024652837
3300,29705550,472013,30177563,9,0,0,512,1,1120022911
3301,29708900,334232,30043132,4,0,0,2048,9,8592387300
3302,29715840,1615958,31331798,4,0,0,51200,9,4493699957
3303,29721030,1406141,31127171,6,0,0,37888,2,6103112322
3304,29731490,993226,30724716,6,0,0,17408,2,10167721650
3305,29735760,17751765,47487525,2,0,1,7168,3,4214089578
3306,29748680,1652086,31400766,3,0,0,39936,5,842903193
3307,29750409,765376,30515785,1,0,0,18432,13,9262304650
3308,29753170,17739504,47492674,0,0,1,1024,19,6883163883
3309,29762290,17863601,47625891,3,0,1,58880,5,9807990387
3310,29763910,18092853,47856763,2,0,1,3584,3,542687869
3311,29769370,1409199,31178569,7,0,0,1024,1,2891291862
3312,29770170,577320,30347490,9,0,0,43008,1,10273478062
3313,29776730,18085179,47861909,4,0,1,8192,9,6045550695
3314,29778510,1380764,31159274,9,0,0,7680,1,3243731507
3315,29796950,18133532,47930482,5,0,1,9216,9,6986456797
3316,29801940,946394,30748334,9,0,0,39424,1,2767751466
3317,29805370,782478,30587848,7,0,0,512,1,8712486481
3318,29814540,745541,30560081,4,0,0,56320,9,7889759127
3319,29815460,1500723,31316183,4,0,0,68096,9,2005418487
3320,29823000,683503,30506503,3,0,0,23040,5,6213151742
3321,29828220,18122492,47950712,2,0,1,17920,3,3544441611
3322,29838540,1123328,30961868,6,0,0,1024,2,5275468817
3323,29839551,1276061,31115612,8,0,0,59392,14,3241965253
3324,29840140,612659,30452799,5,0,0,2560,9,4699566692
3325,29857630,878653,30736283,4,0,0,37888,9,5785620108
3326,29868370,486497,30354867,4,0,0,6656,9,5277214391
3327,29877800,18156689,48034489,7,0,1,1536,1,8807579269
3328,29885530,18152589,48038119,4,0,1,19456,9,249249065
3329,29892720,18178960,48071680,9,0,1,16384,1,5473601255
3330,29895520,18206934,48102454,8,0,1,7168,14,2739757953
3331,29906790,18212581,48119371,9,0,1,5632,1,5185602324
3332,29910470,739194,30649664,3,0,0,10240,5,2268392736
3333,29918590,1249614,31168204,4,0,0,18944,9,5940594101
3334,29919309,1657329,31576638,1,0,0,56320,13,2971058060
3335,29935010,18184384,48119394,6,0,1,2048,2,9632354170
3336,29935620,1412798,31348418,3,0,0,26112,5,7862881469
3337,29937490,705748,30643238,5,0,0,4096,9,284508798
3338,29949900,1221595,31171495,9,0,0,10752,1,5478574681
3339,29965260,990174,30955434,6,0,0,30208,2,2936540011
3340,29967430,18204389,48171819,3,0,1,20992,5,5191822148
3341,29969650,2648383,32618033,3,0,0,121856,5,160027466
3342,29984580,1274553,31259133,6,0,0,34816,2,8778048619
3343,30001280,1443445,31444725,9,0,0,46592,1,7645444732
3344,30003750,601922,30605672,6,0,0,1536,2,1817793754
3345,30013710,18158132,48171842,5,0,1,15360,9,5162665756
3346,30029081,905341,30934422,8,0,0,15360,14,1408817356
3347,30040261,1198722,31238983,8,0,0,7680,14,5297218564
3348,30054290,662884,30717174,9,0,0,2560,1,4306672269
3349,30064190,2122239,32186429,6,0,0,32256,2,2245928100
3350,30065730,1438436,31504166,3,0,0,9728,5,1218624958
3351,30076620,337159,30413779,5,0,0,10240,9,6812514829
3352,30077870,2314999,32392869,6,0,0,65024,2,2916551863
3353,30101220,690336,30791556,3,0,0,3584,5,4131074701
3354,30105261,2591042,32696303,8,0,0,34816,14,1665558359
3355,30108320,401794,30510114,4,0,0,11776,9,3025882723
3356,30112290,18059575,48171865,9,0,1,4608,1,5227793616
3357,30118240,979261,31097501,4,0,0,42496,9,7171062714
3358,30124399,837640,30962039,1,0,0,512,13,1628501617
3359,30127900,1050318,31178218,6,0,0,22016,2,61255287
3360,30130320,1210119,31340439,9,0,0,15872,1,1644836711
3361,30153620,1347551,31501171,4,0,0,24064,9,6676559081
3362,30170650,1209642,31380292,7,0,0,59904,1,5533827585
3363,30175280,877741,31053021,9,0,0,20992,1,836649538
3364,30178861,597568,30776429,8,0,0,6144,14,8489179722
3365,30186820,1261669,31448489,4,0,0,7168,9,4480633659
3366,30189279,236132,30425411,1,0,0,5120,13,2844197765
3367,30192060,970349,31162409,5,0,0,10240,9,5853563620
3368,30211960,1561079,31773039,3,0,0,8192,5,1289932239
3369,30229550,18477333,48706883,5,0,1,94208,9,3997394559
3370,30232480,18532059,48764539,6,0,1,2048,2,5711890203
3371,30236510,1460605,31697115,9,0,0,27136,1,10673415464
3372,30243770,1186744,31430514,5,0,0,28160,9,2022592132
3373,30244771,1340516,31585287,8,0,0,5632,14,1921465403
3374,30250440,1665846,31916286,4,0,0,43520,9,2069718710
3375,30254810,1880771,32135581,3,0,0,14848,5,1745924572
3376,30269630,1798856,32068486,5,0,0,55808,9,9882358142
3377,30276311,653400,30929711,8,0,0,21504,14,10585883636
3378,30278370,1280242,31558612,3,0,0,46592,5,3898433
3379,30280741,2391685,32672426,8,0,0,55808,14,161939894
3380,30286460,2712277,32998737,4,0,0,15872,9,467403615
3381,30319980,1239475,31559455,3,0,0,2560,5,4330892114
3382,30360249,1291713,31651962,1,0,0,36864,13,7239821370
3383,30367590,1120783,31488373,3,0,0,3072,5,1315994018
3384,30373810,18393315,48767125,4,0,1,4096,9,9517818984
3385,30374150,18465380,48839530,8,0,1,9216,14,8506183438
3386,30389969,1691994,32081963,1,0,0,27648,13,5486783276
3387,30406280,18437756,48844036,2,0,1,7168,3,2964429544
3388,30409790,406647,30816437,3,0,0,13824,5,248155399
3389,30416170,1882568,32298738,4,0,0,44544,9,5896421333
3390,30422681,1377696,31800377,8,0,0,8192,14,9419552076
3391,30425720,822407,31248127,4,0,0,13824,9,6690430970
3392,30436751,1690360,32127111,8,0,0,70144,14,3801540358
3393,30440930,1176942,31617872,7,0,0,8704,1,8441802260
3394,30450760,1982924,32433684,7,0,0,22528,1,3671457955
3395,30453560,908465,31362025,9,0,0,23552,1,456985811
3396,30457540,1754177,32211717,3,0,0,24064,5,7597892831
3397,30458310,18387032,48845342,0,0,1,2048,19,1261919874
3398,30475520,18948582,49424102,4,0,1,182272,9,8301251611
3399,30485210,671709,31156919,3,0,0,36864,5,8807085293
3400,30492620,1297543,31790163,5,0,0,24064,9,1277023960
3401,30496840,18966440,49463280,7,0,1,11264,1,6129721772
3402,30496960,18966343,49463303,9,0,1,10752,1,5626183784
3403,30497510,947854,31445364,9,0,0,2048,1,4764658161
3404,30501340,1770011,32271351,6,0,0,70656,2,3823401458
3405,30515020,18948306,49463326,0,0,1,2048,19,1176555783
3406,30516520,2844047,33360567,3,0,0,22528,5,2189424312
3407,30528940,19350522,49879462,4,0,1,250368,9,9624332258
3408,30529290,19351295,49880585,0,0,1,13824,19,8289300725
3409,30537080,1125725,31662805,3,0,0,15360,5,3283696091
3410,30545100,2417668,32962768,7,0,0,78336,1,10571149909
3411,30545330,1780921,32326251,5,0,0,71168,9,5196804085
3412,30545590,2225038,32770628,4,0,0,58880,9,9958119344
3413,30554690,899237,31453927,5,0,0,5120,9,10258459160
3414,30564560,563258,31127818,5,0,0,2048,9,5037426950
3415,30575961,2559635,33135596,8,0,0,32256,14,67605334
3416,30613550,1357147,31970697,7,0,0,60928,1,10546664360
3417,30633960,837569,31471529,7,0,0,7168,1,3255653197
3418,30639790,695782,31335572,5,0,0,5120,9,21916224
3419,30651640,1884651,32536291,2,0,0,4096,3,5795749312
3420,30659050,1766733,32425783,6,0,0,4096,2,4983632908
3421,30672140,381834,31053974,3,0,0,512,5,6486870316
3422,30686140,1176800,31862940,2,0,0,12288,3,7837306602
3423,30702030,571016,31273046,6,0,0,26624,2,7776072999
3424,30705959,1131742,31837701,1,0,0,28672,13,8917214319
3425,30707830,19182084,49889914,7,0,1,9728,1,6742500063
3426,30723630,1552112,32275742,4,0,0,14336,9,1078881352
3427,30724900,1524908,32249808,5,0,0,25088,9,8725812092
3428,30726450,1729797,32456247,5,0,0,17408,9,8564621222
3429,30730830,19165954,49896784,0,0,1,12800,19,1332867648
3430,30734811,1441051,32175862,8,0,0,17920,14,7446267768
3431,30735160,1795441,32530601,3,0,0,16384,5,7749561434
3432,30742020,1908068,32650088,6,0,0,53760,2,4225047377
3433,30743980,1706948,32450928,4,0,0,22528,9,3556787297
3434,30749680,1109501,31859181,7,0,0,23552,1,2257360690
3435,30752360,19187694,49940054,0,0,1,16384,19,2897083458
3436,30758820,1747931,32506751,3,0,0,68096,5,9388410941
3437,30762140,1284043,32046183,6,0,0,31232,2,5478308977
3438,30763539,1032466,31796005,1,0,0,6656,13,7762318327
3439,30766530,19174510,49941040,1,0,1,1536,13,10706215350
3440,30772690,19191857,49964547,8,0,1,5120,14,9299853371
3441,30777980,1588284,32366264,2,0,0,86016,3,2904197264
3442,30785470,19179100,49964570,0,0,1,5632,19,3076261921
3443,30791100,19263249,50054349,3,0,1,36352,5,2089723345
3444,30796230,19270707,50066937,0,0,1,4608,19,10680340243
3445,30807570,1265954,32073524,2,0,0,10752,3,1645095602
3446,30807890,1115322,31923212,7,0,0,20992,1,1260535179
3447,30829320,19237640,50066960,7,0,1,2560,1,3004989843
3448,30837930,1144402,31982332,5,0,0,1024,9,3053454297
3449,30844970,1907703,32752673,4,0,0,27136,9,9068048707
3450,30850290,608245,31458535,6,0,0,2048,2,3821254060
3451,30858610,401630,31260240,3,0,0,3584,5,9844494466
3452,30865480,2392315,33257795,2,0,0,48640,3,7230343735
3453,30906701,1609269,32515970,8,0,0,30208,14,4919377886
3454,30912230,1460804,32373034,5,0,0,6656,9,8902653025
3455,30916560,1229577,32146137,4,0,0,15360,9,7214845257
3456,30923190,2015687,32938877,4,0,0,20992,9,3642324548
3457,30924700,19170553,50095253,2,0,1,1536,3,8754762632
3458,30937940,1296618,32234558,4,0,0,8192,9,3091306341
3459,30944280,661772,31606052,2,0,0,10240,3,4284461838
3460,30947520,1727729,32675249,1,0,0,9216,13,8088947809
3461,30963590,2421343,33384933,3,0,0,78336,5,604781339
3462,30969709,248641,31218350,1,0,0,8192,13,624923848
3463,30994110,339887,31333997,5,0,0,7168,9,1695103794
3464,31006480,19475911,50482391,3,0,1,168448,5,6121850192
3465,31011450,19474240,50485690,7,0,1,1024,1,2877875538
3466,31021150,381675,31402825,7,0,0,6656,1,10400789541
3467,31042870,990543,32033413,2,0,0,12288,3,4408241379
3468,31046700,305321,31352021,6,0,0,11776,2,2085771522
3469,31092490,1885300,32977790,5,0,0,24064,9,3611519579
3470,31095050,2346141,33441191,2,0,0,25600,3,353842006
3471,31096371,2445309,33541680,8,0,0,51200,14,2636159628
3472,31097550,485967,31583517,3,0,0,22528,5,4035141290
3473,31106510,796493,31903003,2,0,0,18944,3,4184924897
3474,31115660,2733598,33849258,6,0,0,44032,2,8579454424
3475,31134140,1764755,32898895,7,0,0,38912,1,3697458484
3476,31154370,19331986,50486356,3,0,1,11264,5,7868800892
3477,31167230,1878647,33045877,6,0,0,19968,2,10025066263
3478,31170640,1460512,32631152,5,0,0,43008,9,3869075649
3479,31172140,898085,32070225,7,0,0,5632,1,9130623857
3480,31181060,1689554,32870614,1,0,0,21504,13,9515728383
3481,31183940,2420829,33604769,2,0,0,47104,3,6152931910
3482,31188040,2840722,34028762,4,0,0,181248,9,6053736488
3483,31199560,1206638,32406198,3,0,0,43520,5,4861499490
3484,31209430,19333122,50542552,0,0,1,1536,19,1225333132
3485,31229370,2876993,34106363,2,0,0,16384,3,3681306332
3486,31234970,19308146,50543116,8,0,1,10752,14,2028328414
3487,31235140,1993726,33228866,5,0,0,47104,9,2640692372
3488,31242700,458475,31701175,6,0,0,9728,2,2692222371
3489,31260120,19825276,51085396,3,0,1,179712,5,2795830115
3490,31291890,19793529,51085419,7,0,1,6144,1,3855445825
3491,31324760,2085067,33409827,6,0,0,12800,2,6998222530
3492,31344870,19740572,51085442,2,0,1,10752,3,10115440407
3493,31346110,19965350,51311460,5,0,1,94720,9,8320162126
3494,31371300,19949791,51321091,6,0,1,12288,2,3285994744
3495,31386950,1635419,33022369,3,0,0,59904,5,9223602297
3496,31399700,1865081,33264781,2,0,0,10240,3,1733534218
3497,31441490,482049,31923539,1,0,0,1024,13,721380608
3498,31443590,1257408,32700998,2,0,0,15360,3,1319153751
3499,31444451,1299272,32743723,8,0,0,54272,14,1377439930
3500,31452210,19921678,51373888,2,0,1,8192,3,9620451571
3501,31455639,303473,31759112,1,0,0,11264,13,4861643528
3502,31456830,1971343,33428173,2,0,0,19968,3,6727356639
3503,31457390,2132974,33590364,2,0,0,49664,3,9835500485
3504,31466710,1742454,33209164,5,0,0,50688,9,7075787412
3505,31470000,869994,32339994,2,0,0,45056,3,6626060037
3506,31475230,19898681,51373911,3,0,1,5632,5,6162757870
3507,31475950,2082267,33558217,4,0,0,26112,9,5466938335
3508,31487150,429651,31916801,2,0,0,1536,3,3475379758
3509,31487240,2667227,34154467,4,0,0,29184,9,2988984060
3510,31487870,19894355,51382225,6,0,1,20480,2,229908742
3511,31491440,2057097,33548537,5,0,0,13824,9,5187490625
3512,31500570,2189621,33690191,3,0,0,13824,5,4853928276
3513,31506170,198764,31704934,1,0,0,12288,13,8087265405
3514,31518660,1292240,32810900,0,0,0,63488,19,8621954625
3515,31528081,2707972,34236053,8,0,0,52736,14,3418026675
3516,31528440,20256419,51784859,5,0,1,89088,9,9822862097
3517,31534411,1555694,33090105,8,0,0,11776,14,4923380338
3518,31535840,20249042,51784882,7,0,1,4608,1,9272472657
3519,31541219,1700010,33241229,1,0,0,25600,13,9763907687
3520,31542730,20253847,51796577,2,0,1,29696,3,10623813408
3521,31547450,2772477,34319927,3,0,0,14336,5,1565454766
3522,31557280,1860775,33418055,2,0,0,5120,3,4266572623
3523,31585430,20213614,51799044,6,0,1,1536,2,4440797889
3524,31589700,2702634,34292334,3,0,0,44544,5,1698354433
3525,31590171,1092232,32682403,8,0,0,14336,14,6771769075
3526,31630150,2771971,34402121,3,0,0,10752,5,4110370737
3527,31638300,20162050,51800350,8,0,1,2048,14,1414351533
3528,31644630,2516801,34161431,2,0,0,1024,3,8221369667
3529,31648130,1339181,32987311,4,0,0,26624,9,535791181
3530,31650240,2100289,33750529,4,0,0,30208,9,10530538575
3531,31660470,20141506,51801976,0,0,1,2560,19,5185781988
3532,31663100,2402341,34065441,3,0,0,2560,5,9251160393
3533,31685970,2678837,34364807,7,0,0,20992,1,10723913265
3534,31687360,20118752,51806112,3,0,1,3584,5,2914788390
3535,31689200,1359485,33048685,5,0,0,5120,9,1480042338
3536,31732130,1895733,33627863,5,0,0,20992,9,8942590288
3537,31734420,834270,32568690,9,0,0,4608,1,6785712273
3538,31735900,724262,32460162,6,0,0,12800,2,3586344242
3539,31743240,488807,32232047,4,0,0,24576,9,9775763148
3540,31747200,1289245,33036445,7,0,0,15360,1,8123246159
3541,31754520,20082736,51837256,8,0,1,3584,14,79249128
3542,31759980,1454503,33214483,1,0,0,17408,13,5555289184
3543,31775670,3253408,35029078,2,0,0,32768,3,4656820124
3544,31824030,20013249,51837279,2,0,1,5120,3,7852226684
3545,31827480,1298265,33125745,5,0,0,12800,9,4929469019
3546,31831500,1426482,33257982,5,0,0,512,9,5203426287
3547,31833551,2445135,34278686,8,0,0,84992,14,9269803484
3548,31834540,2099388,33933928,3,0,0,1024,5,8275086147
3549,31840750,2660728,34501478,3,0,0,1024,5,459493709
3550,31845450,20031441,51876891,6,0,1,8704,2,1757977520
3551,31850100,1258056,33108156,1,0,0,5120,13,8089313673
3552,31850770,1248413,33099183,1,0,0,7680,13,515198956
3553,31871430,499529,32370959,1,0,0,15360,13,5802897619
3554,31872740,1825366,33698106,7,0,0,24064,1,4807332294
3555,31884700,3321410,35206110,5,0,0,62464,9,10207991503
3556,31891560,19986060,51877620,3,0,1,15360,5,6538251059
3557,31895820,1500687,33396507,1,0,0,28160,13,3770262868
3558,31898570,20166741,52065311,5,0,1,87552,9,9012138575
3559,31907400,20191560,52098960,3,0,1,3584,5,4642195216
3560,31907780,1910500,33818280,4,0,0,29184,9,9448397740
3561,31909130,373438,32282568,7,0,0,1536,1,5829538961
3562,31917060,2201018,34118078,1,0,0,38400,13,3603368976
3563,31926200,20173426,52099626,0,0,1,11264,19,8785161502
3564,31936079,1787690,33723769,1,0,0,46080,13,5576959500
3565,31937390,2094461,34031851,7,0,0,6656,1,8155261778
3566,31943740,20156450,52100190,2,0,1,10752,3,3979034046
3567,31944989,710418,32655407,1,0,0,17408,13,5794501888
3568,31956400,1014027,32970427,6,0,0,25088,2,3190155613
3569,31956560,20214161,52170721,2,0,1,1024,3,6532767447
3570,31958670,1536943,33495613,0,0,0,15360,19,1401220682
3571,31964620,1348341,33312961,3,0,0,23552,5,10217834087
3572,31976210,1543728,33519938,6,0,0,6656,2,183034869
3573,31983520,593220,32576740,6,0,0,8704,2,1821564700
3574,31993430,1644284,33637714,4,0,0,32256,9,2218578543
3575,31994460,20176284,52170744,5,0,1,4608,9,7283815713
3576,31998941,2554458,34553399,8,0,0,32768,14,8304989453
3577,32010840,2287047,34297887,2,0,0,10240,3,7178021429
3578,32013190,860247,32873437,4,0,0,9216,9,7683747818
3579,32022040,218502,32240542,3,0,0,6656,5,1684671143
3580,32025070,2734632,34759702,2,0,0,14336,3,6823599335
3581,32034701,756824,32791525,8,0,0,46080,14,3018562511
3582,32052960,811087,32864047,5,0,0,10752,9,3516411921
3583,32055951,3183377,35239328,8,0,0,12800,14,1565385157
3584,32106049,424723,32530772,1,0,0,512,13,10411188781
3585,32124400,2746480,34870880,3,0,0,23552,5,7172666644
3586,32141739,3272193,35413932,1,0,0,92672,13,5669601059
3587,32149001,1762936,33911937,8,0,0,65536,14,10284177726
3588,32164090,20035141,52199231,5,0,1,2560,9,1083148932
3589,32168710,1343487,33512197,2,0,0,14336,3,2618865780
3590,32183620,20018837,52202457,9,0,1,5120,1,9380499132
3591,32199800,20084539,52284339,6,0,1,512,2,1566111723
3592,32209390,1033570,33242960,3,0,0,5632,5,10107817338
3593,32214960,20130851,52345811,6,0,1,18432,2,1224754317
3594,32217191,930714,33147905,8,0,0,4096,14,9545792415
3595,32223110,2249049,34472159,7,0,0,50688,1,1606142782
3596,32239900,753978,32993878,2,0,0,21504,3,5687958152
3597,32249821,2937234,35187055,8,0,0,111616,14,8391770864
3598,32256230,20368252,52624482,5,0,1,117248,9,297484718
3599,32258390,20367717,52626107,0,0,1,9216,19,5192417222
3600,32265669,1617309,33882978,1,0,0,28672,13,3780719761
3601,32274910,20447907,52722817,2,0,1,21504,3,2281271380
3602,32282620,291453,32574073,5,0,0,12800,9,4033665237
3603,32293390,3206117,35499507,7,0,0,26112,1,4297669556
3604,32310900,1577865,33888765,0,0,0,18944,19,599931281
3605,32324600,20411087,52735687,7,0,1,3072,1,8923618965
3606,32329690,1284960,33614650,0,0,0,32256,19,1361691644
3607,32330431,1962706,34293137,8,0,0,2560,14,4913832403
3608,32341540,741591,33083131,3,0,0,6656,5,6694166305
3609,32350351,2320013,34670364,8,0,0,43008,14,9365955396
3610,32352339,783740,33136079,1,0,0,1536,13,126219327
3611,32365479,2450335,34815814,1,0,0,3584,13,8803166522
3612,32371300,2602956,34974256,7,0,0,11264,1,8645344789
3613,32411910,1233471,33645381,0,0,0,25088,19,3860436846
3614,32421681,212012,32633693,8,0,0,8192,14,7774924197
3615,32430000,252730,32682730,7,0,0,1024,1,1865049365
3616,32449669,2854392,35304061,1,0,0,30720,13,7407605262
3617,32463500,1831252,34294752,5,0,0,5120,9,5204896630
3618,32472860,1327328,33800188,4,0,0,80384,9,9023658564
3619,32476870,20335909,52812779,2,0,1,13824,3,8952746440
3620,32485700,1904573,34390273,6,0,0,60928,2,3931381864
3621,32494540,20322745,52817285,2,0,1,7168,3,2968641198
3622,32495130,1438455,33933585,7,0,0,30720,1,7920897331
3623,32498020,2724687,35222707,5,0,0,47616,9,6142920973
3624,32502220,1239082,33741302,0,0,0,42496,19,1413658605
3625,32504230,1748218,34252448,2,0,0,53760,3,1218410545
3626,32509800,1142484,33652284,6,0,0,22528,2,10570741757
3627,32519250,3112626,35631876,6,0,0,109568,2,8601106785
3628,32536820,1519699,34056519,6,0,0,34816,2,6111852886
3629,32542770,1850646,34393416,4,0,0,10240,9,9267929453
3630,32554080,20939526,53493606,5,0,1,369664,9,7649021948
3631,32557490,1108598,33666088,5,0,0,44032,9,704327735
3632,32558450,2440131,34998581,0,0,0,53760,19,10540253713
3633,32560249,2318781,34879030,1,0,0,10752,13,10473292415
3634,32597190,21131877,53729067,4,0,1,211456,9,5010250490
3635,32600620,3088802,35689422,0,0,0,62464,19,9714648873
3636,32602170,537200,33139370,7,0,0,10752,1,8803940022
3637,32604060,3143407,35747467,7,0,0,57856,1,10508632703
3638,32609929,2028729,34638658,1,0,0,55808,13,9331730384
3639,32611410,2839626,35451036,6,0,0,22016,2,8038901254
3640,32620230,1215069,33835299,0,0,0,55808,19,5471897776
3641,32626330,2858109,35484439,0,0,0,67072,19,2363896284
3642,32631510,21099760,53731270,9,0,1,1024,1,1630433913
3643,32634880,649096,33283976,4,0,0,2048,9,1933055659
3644,32646490,1725196,34371686,5,0,0,22528,9,6573130358
3645,32654770,1835523,34490293,2,0,0,59392,3,1924441023
3646,32658880,2346596,35005476,2,0,0,22528,3,10652611186
3647,32666350,694700,33361050,5,0,0,1536,9,4396471015
3648,32667050,213734,32880784,7,0,0,24064,1,1388618413
3649,32671310,2204429,34875739,6,0,0,15872,2,8165082584
3650,32693410,589911,33283321,0,0,0,57344,19,2393772428
3651,32701950,21092931,53794881,0,0,1,30208,19,9086761081
3652,32706560,487145,33193705,2,0,0,50688,3,9985139883
3653,32707311,3510662,36217973,8,0,0,34304,14,3019774674
3654,32708971,3139772,35848743,8,0,0,54784,14,8293414271
3655,32721000,375828,33096828,7,0,0,22016,1,10215442172
3656,32722450,782940,33505390,2,0,0,11776,3,8356188212
3657,32731480,3310391,36041871,6,0,0,51200,2,4459510665
3658,32731830,2851284,35583114,0,0,0,10752,19,4875544596
3659,32731910,1776091,34508001,5,0,0,8704,9,1231152732
3660,32733520,3636491,36370011,9,0,0,37888,1,10438788766
3661,32772130,2069782,34841912,6,0,0,37888,2,10070491264
3662,32775850,21019062,53794912,2,0,1,17920,3,9732784247
3663,32780510,1940642,34721152,0,0,0,17920,19,1221632970
3664,32786360,1870877,34657237,2,0,0,60928,3,9092079193
3665,32793230,21128059,53921289,6,0,1,3072,2,10186757815
3666,32798170,763653,33561823,7,0,0,9728,1,7329529962
3667,32799880,1411496,34211376,3,0,0,7680,5,5283107259
3668,32803330,21117982,53921312,6,0,1,7680,2,7995019517
3669,32809181,420184,33229365,8,0,0,1536,14,4293333296
3670,32825970,3655332,36481302,2,0,0,23552,3,6939041978
3671,32826140,1086444,33912584,3,0,0,2048,5,9123562585
3672,32836210,21135676,53971886,5,0,1,67072,9,3329886668
3673,32880260,2971626,35851886,7,0,0,10240,1,198718291
3674,32885010,3121772,36006782,4,0,0,105984,9,3536962588
3675,32892260,2860892,35753152,6,0,0,7168,2,1399746038
3676,32902600,2329966,35232566,2,0,0,32256,3,5388918751
3677,32904220,483692,33387912,6,0,0,9728,2,3561568218
3678,32929510,21046890,53976400,0,0,1,9216,19,2050024088
3679,32934350,513125,33447475,1,0,0,1536,13,3290853650
3680,32939650,348093,33287743,7,0,0,12288,1,2782267346
3681,32942070,1794697,34736767,7,0,0,51200,1,5591644209
3682,32983570,873372,33856942,5,0,0,6656,9,233889817
3683,33004150,1575478,34579628,5,0,0,6144,9,8584629236
3684,33005561,2137025,35142586,8,0,0,18432,14,3126228627
3685,33022150,520949,33543099,6,0,0,4608,2,322037461
3686,33023780,404572,33428352,7,0,0,512,1,6365731791
3687,33031640,446277,33477917,6,0,0,6144,2,8256556201
3688,33031690,743991,33775681,0,0,0,36864,19,7724045290
3689,33032690,2000771,35033461,1,0,0,14336,13,1220489183
3690,33037291,3594197,36631488,8,0,0,17408,14,4484769720
3691,33038360,1898816,34937176,2,0,0,95232,3,883581916
3692,33071610,20975148,54046758,8,0,1,13824,14,7884251557
3693,33081350,769951,33851301,6,0,0,6656,2,8282927385
3694,33094350,868031,33962381,5,0,0,2560,9,8141232174
3695,33111710,1661267,34772977,3,0,0,22016,5,1191732110
3696,33122530,1893265,35015795,2,0,0,33792,3,2809145183
3697,33141250,1720505,34861755,1,0,0,22016,13,4700530747
3698,33145770,929046,34074816,7,0,0,30720,1,9923900389
3699,33157530,20895678,54053208,0,0,1,8704,19,8315271002
3700,33174750,20878481,54053231,2,0,1,19456,3,5242170608
3701,33178850,2101195,35280045,2,0,0,63488,3,7386654817
3702,33186200,2617728,35803928,6,0,0,26112,2,1180617041
3703,33199960,466923,33666883,3,0,0,2560,5,6892246473
3704,33210540,1471780,34682320,1,0,0,25600,13,8820121650
3705,33213920,850726,34064646,0,0,0,26624,19,1689424621
3706,33231130,1209845,34440975,6,0,0,36864,2,6910974785
3707,33243370,20849683,54093053,4,0,1,34816,9,6181367108
3708,33243780,20851596,54095376,6,0,1,1024,2,7507205698
3709,33263710,20851192,54114902,2,0,1,5632,3,8593713945
3710,33270790,1937386,35208176,6,0,0,4096,2,4198922690
3711,33277440,2059003,35336443,0,0,0,45056,19,7236696244
3712,33292520,20825548,54118068,4,0,1,5120,9,4325461276
3713,33294101,1377214,34671315,8,0,0,3072,14,7684368992
3714,33298980,1768763,35067743,5,0,0,17408,9,6594220747
3715,33301760,20826898,54128658,8,0,1,1536,14,6523612564
3716,33302221,403560,33705781,8,0,0,25088,14,2597793162
3717,33306170,20824754,54130924,4,0,1,3584,9,9610932315
3718,33315340,2553530,35868870,3,0,0,8704,5,7560970496
3719,33317630,2922528,36240158,4,0,0,37888,9,1179146042
3720,33320830,2613712,35934542,5,0,0,30208,9,4908716848
3721,33336510,3193439,36529949,2,0,0,7168,3,7917516992
3722,33341620,1979138,35320758,1,0,0,14848,13,2734861502
3723,33345750,1450301,34796051,0,0,0,5120,19,7721623258
3724,33347960,380379,33728339,2,0,0,14336,3,5069258421
3725,33386770,1950944,35337714,0,0,0,4096,19,4710452093
3726,33394850,20739940,54134790,0,0,1,6144,19,9743725266
3727,33397690,702443,34100133,6,0,0,7168,2,5923253775
3728,33422440,718261,34140701,3,0,0,9728,5,730008645
3729,33430710,540943,33971653,4,0,0,17408,9,2739935735
3730,33433980,234790,33668770,6,0,0,6144,2,8350507660
3731,33447110,20689306,54136416,9,0,1,2560,1,4280984130
3732,33474660,20663275,54137935,1,0,1,2048,13,3388181721
3733,33484030,2936572,36420602,5,0,0,37376,9,10620013651
3734,33498031,2821790,36319821,8,0,0,62464,14,4804438357
3735,33543130,180818,33723948,6,0,0,512,2,6637403566
3736,33545220,673427,34218647,4,0,0,17408,9,3597831485
3737,33547380,952484,34499864,6,0,0,31232,2,10393659344
3738,33552490,2538345,36090835,4,0,0,17920,9,4115819518
3739,33554600,475152,34029752,7,0,0,3072,1,6925808662
3740,33561050,20578511,54139561,2,0,1,2560,3,5180812980
3741,33563430,353545,33916975,7,0,0,14336,1,1982608567
3742,33573990,997372,34571362,2,0,0,58880,3,1198106321
3743,33575300,1099150,34674450,0,0,0,10240,19,1057044274
3744,33583910,2145898,35729808,3,0,0,36864,5,5367083315
3745,33604190,1211795,34815985,2,0,0,512,3,2244470808
3746,33613100,2586731,36199831,5,0,0,91136,9,10504878068
3747,33621710,20522037,54143747,4,0,1,6656,9,9266700329
3748,33640160,2958590,36598750,7,0,0,67072,1,1745493779
3749,33642190,1328619,34970809,2,0,0,9728,3,5190095264
3750,33643120,1296441,34939561,5,0,0,7680,9,3081249817
3751,33646290,1490657,35136947,4,0,0,25600,9,5176692791
3752,33664370,20482283,54146653,2,0,1,4608,3,6350948158
3753,33680450,3145078,36825528,3,0,0,86016,5,1998077649
3754,33687190,20502783,54189973,2,0,1,2560,3,10324348171
3755,33694181,1969923,35664104,8,0,0,90624,14,2583361406
3756,33695540,2464233,36159773,1,0,0,34816,13,3665796679
3757,33699140,2774963,36474103,4,0,0,61440,9,3765782272
3758,33713110,384816,34097926,6,0,0,27136,2,6241728400
3759,33715380,3148391,36863771,3,0,0,29184,5,5432603579
3760,33724600,20934307,54658907,5,0,1,324608,9,3696938543
3761,33732780,412772,34145552,1,0,0,15872,13,5415918221
3762,33758810,20939009,54697819,8,0,1,36352,14,6226219623
3763,33761740,20951109,54712849,7,0,1,5632,1,7343545673
3764,33787090,1763706,35550796,4,0,0,6144,9,4095180693
3765,33790920,1978604,35769524,6,0,0,4608,2,321114543
3766,33798850,20940550,54739400,9,0,1,13824,1,6343679109
3767,33803380,1506632,35310012,2,0,0,19456,3,8927668744
3768,33807170,20935456,54742626,9,0,1,5120,1,9627732018
3769,33807980,1999559,35807539,6,0,0,11776,2,2873147422
3770,33853730,2371956,36225686,1,0,0,24064,13,6213585527
3771,33892730,1923576,35816306,7,0,0,28672,1,5919541097
3772,33901520,1619770,35521290,4,0,0,13312,9,674021327
3773,33908600,20880413,54789013,6,0,1,3584,2,5673870319
3774,33929730,3079770,37009500,3,0,0,34816,5,5694505913
3775,33930620,2414987,36345607,0,0,0,12800,19,7314198116
3776,33943990,2583713,36527703,2,0,0,147968,3,2574017086
3777,33946640,20844639,54791279,6,0,1,3584,2,10546285435
3778,33955631,924802,34880433,8,0,0,1536,14,1898768488
3779,33956950,351856,34308806,0,0,0,23040,19,2136653033
3780,33970770,922653,34893423,1,0,0,2048,13,6697505319
3781,33989090,337295,34326385,4,0,0,2560,9,123484181
3782,33995230,744836,34740066,1,0,0,10752,13,9782187235
3783,33998350,2786753,36785103,1,0,0,161280,13,7708179941
3784,34007990,834889,34842879,1,0,0,3072,13,7606928270
3785,34011620,3044493,37056113,1,0,0,86528,13,1509128933
3786,34013391,322366,34335757,8,0,0,3072,14,7968749576
3787,34014690,238085,34252775,2,0,0,1024,3,8988466863
3788,34016700,2882855,36899555,0,0,0,52736,19,7712021036
3789,34019900,2079226,36099126,3,0,0,27136,5,1237217670
3790,34022920,2712373,36735293,7,0,0,13824,1,8444464977
3791,34029230,471913,34501143,7,0,0,4096,1,4913592900
3792,34031850,20761695,54793545,6,0,1,3584,2,7649395047
3793,34033380,417463,34450843,4,0,0,7680,9,4886379702
3794,34037240,20756971,54794211,4,0,1,1024,9,1540486052
3795,34063580,20733537,54797117,9,0,1,4608,1,9204058859
3796,34086270,2168465,36254735,2,0,0,13824,3,7546690075
3797,34088760,3001019,37089779,4,0,0,19456,9,6455820892
3798,34089730,2059412,36149142,1,0,0,24576,13,383260396
3799,34112960,1378568,35491528,6,0,0,19968,2,1756824096
3800,34123120,20675623,54798743,7,0,1,2560,1,8561892082
3801,34139140,20663469,54802609,7,0,1,6144,1,2542839626
3802,34152730,2389947,36542677,3,0,0,2560,5,5242746854
3803,34159020,1400067,35559087,6,0,0,27136,2,9999666973
3804,34159330,3043076,37202406,4,0,0,8704,9,5102114109
3805,34173260,3123220,37296480,7,0,0,49152,1,10096295988
3806,34174200,2979954,37154154,0,0,0,19456,19,9240119746
3807,34183330,20619625,54802955,8,0,1,512,14,2628232578
3808,34201170,1316041,35517211,0,0,0,26112,19,7734674428
3809,34206131,740166,34946297,8,0,0,3072,14,9685541107
3810,34207190,3067016,37274206,2,0,0,117760,3,4440516556
3811,34216170,2737730,36953900,3,0,0,45056,5,3700045390
3812,34259590,20553185,54812775,6,0,1,9728,2,8477340261
3813,34263380,20553185,54816565,2,0,1,4608,3,8146849088
3814,34270620,1445703,35716323,4,0,0,3584,9,5163532578
3815,34277040,1151267,35428307,7,0,0,47104,1,7705179070
3816,34279369,2105220,36384589,1,0,0,10752,13,8541411081
3817,34281660,546071,34827731,3,0,0,13312,5,10271117545
3818,34292490,1343979,35636469,2,0,0,10752,3,10704784879
3819,34303431,1128339,35431770,8,0,0,11264,14,4645513868
3820,34311380,2396121,36707501,2,0,0,48640,3,6577000507
3821,34360861,387956,34748817,8,0,0,28672,14,2850303879
3822,34366080,1705333,36071413,4,0,0,24576,9,1205465301
3823,34371411,1953760,36325171,8,0,0,1536,14,3671449728
3824,34386640,20429956,54816596,4,0,1,2560,9,8876607313
3825,34391410,2778078,37169488,6,0,0,32256,2,7676472383
3826,34397890,1820441,36218331,2,0,0,512,3,10653611881
3827,34414370,3150363,37564733,4,0,0,1024,9,10405987433
3828,34422990,1513291,35936281,1,0,0,5632,13,967017059
3829,34435531,654620,35090151,8,0,0,38400,14,3226855707
3830,34458180,1951011,36409191,6,0,0,21504,2,9589343606
3831,34470310,1854370,36324680,3,0,0,15872,5,642500166
3832,34470400,344307,34814707,6,0,0,7680,2,9004701881
3833,34472560,20344059,54816619,9,0,1,512,1,10642110863
3834,34473900,1667731,36141631,6,0,0,61440,2,4816562258
3835,34474691,2758753,37233444,8,0,0,3584,14,9847045466
3836,34481470,2206223,36687693,6,0,0,4608,2,8671847806
3837,34486571,2961467,37448038,8,0,0,39424,14,1457778523
3838,34500620,265337,34765957,1,0,0,20480,13,546365479
3839,34503100,2962121,37465221,3,0,0,56320,5,4215456607
3840,34508190,1353019,35861209,3,0,0,22528,5,3489606109
3841,34511510,2842456,37353966,7,0,0,65536,1,9020317082
3842,34519020,20297622,54816642,6,0,1,512,2,6085153349
3843,34526390,680515,35206905,1,0,0,2560,13,6618361221
3844,34546530,317112,34863642,7,0,0,6144,1,7338862506
3845,34555760,20260905,54816665,8,0,1,18432,14,3331979904
3846,34601980,20214716,54816696,6,0,1,4608,2,1188144291
3847,34604460,2959938,37564398,4,0,0,68096,9,6401393654
3848,34607790,20232526,54840316,2,0,1,4096,3,6607821283
3849,34627530,1931647,36559177,3,0,0,16896,5,3104773133
3850,34646760,1560738,36207498,1,0,0,25088,13,2488745771
3851,34646910,20213499,54860409,8,0,1,6656,14,4892814661
3852,34655280,2772744,37428024,1,0,0,7680,13,6291517491
3853,34662240,20198192,54860432,0,0,1,2048,19,1313251484
3854,34664520,1770422,36434942,2,0,0,3584,3,3694363495
3855,34669990,2059233,36729223,7,0,0,44544,1,4175834330
3856,34670580,2952882,37623462,3,0,0,19968,5,8209933097
3857,34685350,550055,35235405,2,0,0,9216,3,5478840833
3858,34690480,597232,35287712,4,0,0,25088,9,2470794153
3859,34690900,2269598,36960498,0,0,0,20992,19,10375519846
3860,34697070,2709193,37406263,0,0,0,124928,19,7181027394
3861,34706170,2148686,36854856,1,0,0,22016,13,8805855818
3862,34736220,1889941,36626161,6,0,0,14336,2,1993647933
3863,34744170,971038,35715208,1,0,0,82432,13,1992333371
3864,34762800,1455352,36218152,7,0,0,512,1,6671084528
3865,34772380,1586064,36358444,6,0,0,31232,2,6771023786
3866,34786700,931853,35718553,4,0,0,7168,9,2430483828
3867,34795730,753171,35548901,3,0,0,68608,5,6931075822
3868,34806510,20074494,54881004,4,0,1,8192,9,2484156243
3869,34809590,20090199,54899789,0,0,1,19456,19,10580653396
3870,34831480,20068332,54899812,8,0,1,1536,14,5422097297
3871,34831850,652768,35484618,6,0,0,512,2,8754379403
3872,34845610,20067040,54912650,8,0,1,8192,14,4828008655
3873,34858270,1046067,35904337,1,0,0,30208,13,4250498696
3874,34860481,1692481,36552962,8,0,0,512,14,1253955937
3875,34862281,1431259,36293540,8,0,0,28160,14,5206415072
3876,34863200,589509,35452709,7,0,0,2048,1,6966955043
3877,34863960,1929910,36793870,6,0,0,28672,2,2380976257
3878,34885790,882307,35768097,0,0,0,28160,19,5509940398
3879,34896730,20083955,54980685,5,0,1,90112,9,2524447424
3880,34903560,694909,35598469,4,0,0,19456,9,10419250415
3881,34905110,1118924,36024034,7,0,0,3072,1,3901509679
3882,34911280,20071671,54982951,4,0,1,3584,9,1477870686
3883,34911801,845100,35756901,8,0,0,3584,14,7488286590
3884,34914330,1653606,36567936,7,0,0,28672,1,6662686712
3885,34923070,20111610,55034680,5,0,1,15360,9,5004046130
3886,34923560,20112570,55036130,5,0,1,29184,9,2451426562
3887,34926790,926858,35853648,2,0,0,1536,3,828701966
3888,34936560,696610,35633170,6,0,0,4096,2,1293957820
3889,34944191,2788842,37733033,8,0,0,5120,14,7354211401
3890,34947130,1900995,36848125,3,0,0,40448,5,2965498860
3891,34972640,3122519,38095159,0,0,0,9728,19,1420333385
3892,34979870,3036373,38016243,2,0,0,6144,3,9785384773
3893,34986480,2229832,37216312,7,0,0,39936,1,7688596714
3894,34991940,20067159,55059099,1,0,1,1024,13,8078449508
3895,34994970,675397,35670367,7,0,0,20480,1,1200438221
3896,35016160,1379159,36395319,3,0,0,6656,5,6038312253
3897,35027809,2847017,37874826,1,0,0,20992,13,7776616471
3898,35029461,2832730,37862191,8,0,0,18944,14,10329321121
3899,35040210,1442386,36482596,6,0,0,4096,2,7029305331
3900,35052251,1198249,36250500,8,0,0,15360,14,9352304738
3901,35061650,994819,36056469,3,0,0,31744,5,4634564182
3902,35072140,1599611,36671751,6,0,0,5632,2,8607879403
3903,35083350,2738364,37821714,2,0,0,5632,3,980492107
3904,35087910,805149,35893059,6,0,0,38912,2,86655643
3905,35094230,2218832,37313062,7,0,0,35840,1,2314261507
3906,35097730,2944814,38042544,6,0,0,28160,2,8602328477
3907,35099720,385701,35485421,2,0,0,2560,3,6703608246
3908,35151620,599302,35750922,7,0,0,11264,1,8950608862
3909,35170300,2197853,37368153,0,0,0,25600,19,6544615580
3910,35179760,19957001,55136761,4,0,1,10752,9,8071717480
3911,35193110,660047,35853157,6,0,0,4096,2,4398693502
3912,35195750,1184112,36379862,6,0,0,32256,2,3779456382
3913,35203180,356250,35559430,7,0,0,1024,1,8670175900
3914,35216800,1717554,36934354,0,0,0,21504,19,3569053496
3915,35217740,19925018,55142758,8,0,1,19968,14,8786667634
3916,35228130,19981425,55209555,4,0,1,3584,9,3732949389
3917,35243410,331480,35574890,4,0,0,1536,9,10329574180
3918,35244770,3197055,38441825,2,0,0,56320,3,9094172974
3919,35253440,3316185,38569625,1,0,0,11264,13,4954093401
3920,35260960,19970723,55231683,7,0,1,3072,1,7918949218
3921,35263071,1701649,36964720,8,0,0,4096,14,2063074145
3922,35280270,19951436,55231706,3,0,1,6144,5,755752141
3923,35280640,541929,35822569,3,0,0,20480,5,7435875059
3924,35282991,2862337,38145328,8,0,0,54272,14,5309548456
3925,35286270,2287721,37573991,7,0,0,26624,1,4890498031
3926,35287951,2907607,38195558,8,0,0,95744,14,425357993
3927,35295320,651131,35946451,4,0,0,13824,9,1018491885
3928,35320381,726193,36046574,8,0,0,15360,14,3140880695
3929,35321059,369010,35690069,1,0,0,2048,13,1322391862
3930,35343360,1990615,37333975,3,0,0,6144,5,3729757200
3931,35357770,19951784,55309554,0,0,1,9728,19,3872346682
3932,35371959,523151,35895110,1,0,0,6656,13,8185583631
3933,35372440,2133198,37505638,7,0,0,13824,1,5788966119
3934,35386970,19922615,55309585,9,0,1,11776,1,6742270881
3935,35401861,1746177,37148038,8,0,0,45056,14,8555571790
3936,35405980,617095,36023075,3,0,0,53248,5,5509164552
3937,35432230,1111250,36543480,0,0,0,2560,19,3691093385
3938,35437589,2790951,38228540,1,0,0,5120,13,7794330180
3939,35444250,2048854,37493104,7,0,0,7680,1,7075409482
3940,35452220,1867573,37319793,7,0,0,22016,1,8240127598
3941,35456150,1627667,37083817,7,0,0,25088,1,4228832651
3942,35458330,2268261,37726591,6,0,0,45056,2,5759359169
3943,35474160,2776726,38250886,7,0,0,21504,1,4684066769
3944,35479500,1132731,36612231,7,0,0,35328,1,3132751186
3945,35487170,2354680,37841850,3,0,0,30208,5,4977561935
3946,35490580,1811539,37302119,6,0,0,18432,2,9274939259
3947,35496310,616821,36113131,6,0,0,4096,2,3795050739
3948,35511530,19842234,55353764,2,0,1,8192,3,3389747538
3949,35514090,348299,35862389,6,0,0,2560,2,107946683
3950,35516470,2010796,37527266,3,0,0,42496,5,10009203498
3951,35521900,2166050,37687950,0,0,0,9216,19,1425656433
3952,35528501,1003343,36531844,8,0,0,6144,14,6669581751
3953,35533420,1789524,37322944,3,0,0,10240,5,1420167554
3954,35542801,1135280,36678081,8,0,0,18432,14,3961346436
3955,35559920,3110994,38670914,7,0,0,7168,1,9842415938
3956,35592920,19787453,55380373,7,0,1,7168,1,6672501375
3957,35593550,652247,36245797,4,0,0,18432,9,9537947329
3958,35604740,937134,36541874,7,0,0,31232,1,2521865677
3959,35616749,2726847,38343596,1,0,0,30208,13,4738512185
3960,35634459,1866936,37501395,1,0,0,27136,13,7246542993
3961,35636339,696343,36332682,1,0,0,24576,13,6474707631
3962,35671100,19709296,55380396,1,0,1,12800,13,4587445171
3963,35690071,2173703,37863774,8,0,0,5120,14,2071048061
3964,35701910,1734093,37436003,2,0,0,26112,3,7870337291
3965,35704450,2299228,38003678,0,0,0,17920,19,4827953233
3966,35712680,2102428,37815108,7,0,0,83456,1,9070641703
3967,35714529,2183710,37898239,1,0,0,46592,13,7095622071
3968,35727090,2767986,38495076,6,0,0,33792,2,7257785937
3969,35731550,2693092,38424642,0,0,0,43520,19,986099139
3970,35733411,653858,36387269,8,0,0,4608,14,5502168633
3971,35742010,2286448,38028458,4,0,0,28672,9,5114055024
3972,35742590,2423765,38166355,3,0,0,44544,5,2084181094
3973,35746000,2365230,38111230,6,0,0,9728,2,1206200945
3974,35766430,19691195,55457625,4,0,1,8704,9,5872574415
3975,35786770,1012427,36799197,2,0,0,17408,3,10013729244
3976,35792690,1278601,37071291,6,0,0,44032,2,9032052937
3977,35794990,875022,36670012,6,0,0,28672,2,5917170090
3978,35806920,20258859,56065779,5,0,1,256512,9,7689063849
3979,35815600,564917,36380517,2,0,0,2048,3,8456665756
3980,35818580,20248070,56066650,2,0,1,12288,3,2556966053
3981,35827180,1709215,37536395,4,0,0,16384,9,6428262525
3982,35828410,20252631,56081041,2,0,1,4096,3,2159503294
3983,35836100,696235,36532335,2,0,0,1536,3,8715248579
3984,35846400,2760453,38606853,7,0,0,56832,1,9199692666
3985,35846870,20238677,56085547,4,0,1,7168,9,1329373712
3986,35872510,677389,36549899,6,0,0,20992,2,7254253309
3987,35873070,20216023,56089093,1,0,1,5632,13,2608022205
3988,35876700,1548961,37425661,2,0,0,48640,3,10364390836
3989,35883960,948767,36832727,6,0,0,23552,2,2821377397
3990,35886030,2128302,38014332,2,0,0,28672,3,420424603
3991,35907010,2680890,38587900,1,0,0,59904,13,4222715845
3992,35920849,2807863,38728712,1,0,0,9216,13,5984645981
3993,35945590,20148265,56093855,2,0,1,3072,3,6789108861
3994,35947460,443930,36391390,7,0,0,7168,1,1212414963
3995,35951340,2787376,38738716,7,0,0,29696,1,4549992758
3996,35958410,2916524,38874934,6,0,0,16896,2,1636109133
3997,35960310,2297860,38258170,2,0,0,15872,3,9348128375
3998,35968601,2011854,37980455,8,0,0,11264,14,1093147395
3999,35980810,640960,36621770,7,0,0,31232,1,5309914626
4000,35986500,1004573,36991073,2,0,0,11776,3,3979500434
4001,35991310,1693809,37685119,7,0,0,45056,1,2104529667
4002,36021370,20074111,56095481,0,0,1,2560,19,10434433958
4003,36024070,20075917,56099987,4,0,1,7168,9,10211682351
4004,36027670,20097242,56124912,9,0,1,6144,1,3745881392
4005,36039680,826562,36866242,0,0,0,7680,19,7076739848
4006,36054620,20070315,56124935,7,0,1,10240,1,10670063275
4007,36058350,1566071,37624421,2,0,0,3072,3,2378683016
4008,36060480,1983514,38043994,7,0,0,4608,1,6138755701
4009,36090770,3065041,39155811,0,0,0,7168,19,7578751605
4010,36099370,2611960,38711330,0,0,0,44032,19,3030560844
4011,36121070,1478453,37599523,7,0,0,31232,1,8964482977
4012,36147060,2837236,38984296,6,0,0,41984,2,10514325606
4013,36148900,19984037,56132937,8,0,1,2048,14,1636870537
4014,36150270,1581180,37731450,2,0,0,15872,3,4780751319
4015,36154930,2525112,38680042,0,0,0,24064,19,7893696663
4016,36164689,1660948,37825637,1,0,0,12800,13,3088954132
4017,36167960,19984702,56152662,9,0,1,17920,1,9509103579
4018,36176959,2958925,39135884,1,0,0,40448,13,6520784907
4019,36186740,2182931,38369671,6,0,0,85504,2,447960594
4020,36190580,867272,37057852,0,0,0,5632,19,5361923213
4021,36199390,19953295,56152685,9,0,1,23552,1,1265462578
4022,36219780,20263684,56483464,5,0,1,110592,9,7483802700
4023,36226440,2182400,38408840,2,0,0,32768,3,2347161390
4024,36226620,20306665,56533285,0,0,1,5632,19,3212175692
4025,36231120,3008570,39239690,3,0,0,27136,5,887690582
4026,36250900,20282408,56533308,1,0,1,12288,13,1871174359
4027,36255770,3133347,39389117,4,0,0,18944,9,1962280796
4028,36259820,20273511,56533331,1,0,1,2560,13,442873654
4029,36266539,3109620,39376159,1,0,0,12288,13,7389565996
4030,36269710,20267459,56537169,0,0,1,7680,19,8350786247
4031,36308360,20269050,56577410,8,0,1,11776,14,2625086873
4032,36326920,2385837,38712757,4,0,0,4608,9,4317192288
4033,36333820,639970,36973790,7,0,0,24576,1,2068219172
4034,36345350,849579,37194929,2,0,0,3072,3,5034566274
4035,36385670,20200201,56585871,2,0,1,6144,3,292913682
4036,36388230,347710,36735940,6,0,0,2048,2,3279045941
4037,36414660,20174757,56589417,9,0,1,5632,1,9580936278
4038,36429400,2904391,39333791,7,0,0,85504,1,7728955991
4039,36431370,1637461,38068831,0,0,0,19456,19,7227338243
4040,36431850,20171352,56603202,1,0,1,6656,13,483707176
4041,36434679,843918,37278597,1,0,0,14336,13,7108708298
4042,36435130,1678307,38113437,7,0,0,7168,1,7449562427
4043,36444180,20224169,56668349,4,0,1,11776,9,8627385680
4044,36445731,2302391,38748122,8,0,0,7168,14,10366711504
4045,36446930,629220,37076150,4,0,0,15872,9,3836888027
4046,36450900,20217472,56668372,3,0,1,3072,5,3010399427
4047,36481080,3041183,39522263,6,0,0,6144,2,9253683039
4048,36497920,20213068,56710988,5,0,1,48640,9,1889590305
4049,36509840,20201171,56711011,8,0,1,512,14,7864987669
4050,36516520,1273137,37789657,3,0,0,24064,5,3163289081
4051,36518810,640827,37159637,6,0,0,17920,2,3125316911
4052,36530810,409339,36940149,4,0,0,18944,9,6361237933
4053,36533330,957411,37490741,7,0,0,14848,1,5403392709
4054,36539110,20545904,57085014,5,0,1,101376,9,9660489112
4055,36547970,406109,36954079,0,0,0,512,19,261735949
4056,36562210,20529816,57092026,9,0,1,4608,1,1942709313
4057,36564440,716387,37280827,0,0,0,2560,19,6119002086
4058,36578390,2277528,38855918,4,0,0,18944,9,8614664793
4059,36588190,898004,37486194,4,0,0,52736,9,7142967145
4060,36593420,20498629,57092049,6,0,1,512,2,10711127675
4061,36611449,1422492,38033941,1,0,0,17920,13,6333080810
4062,36627630,2877933,39505563,2,0,0,3072,3,9081299288
4063,36660650,869680,37530330,7,0,0,512,1,7692475057
4064,36689900,3290658,39980558,6,0,0,125952,2,3048577079
4065,36690940,20401132,57092072,6,0,1,1536,2,8160978407
4066,36696340,20396458,57092798,9,0,1,5632,1,8588972290
4067,36702260,765012,37467272,7,0,0,6656,1,10056793121
4068,36708140,1492901,38201041,7,0,0,17920,1,442552077
4069,36725940,744163,37470103,3,0,0,9216,5,2157414760
4070,36726850,20367894,57094744,6,0,1,3072,2,4369097627
4071,36728810,3065744,39794554,1,0,0,40448,13,302519087
4072,36730960,1217565,37948525,2,0,0,18944,3,647876123
4073,36731931,506372,37238303,8,0,0,15872,14,522476180
4074,36732100,798051,37530151,7,0,0,2048,1,344679536
4075,36736190,1096433,37832623,3,0,0,7680,5,4238231284
4076,36750720,20345010,57095730,6,0,1,1536,2,32327383
4077,36754797,20341497,57096294,2,0,1,10752,3,10666925701
4078,36757510,20440090,57197600,7,0,1,19456,1,2429767578
4079,36760720,1167540,37928260,2,0,0,36352,3,9552491467
4080,36764880,2177020,38941900,2,0,0,92160,3,6918337166
4081,36770940,20429246,57200186,0,0,1,4096,19,10131057300
4082,36774860,2172234,38947094,4,0,0,14336,9,837969479
4083,36784710,1365188,38149898,6,0,0,13312,2,2670214917
4084,36807441,472583,37280024,8,0,0,4608,14,7470642641
4085,36826220,584590,37410810,4,0,0,14848,9,3908581261
4086,36837850,691623,37529473,0,0,0,7168,19,100149403
4087,36855291,1734036,38589327,8,0,0,4608,14,1291729466
4088,36871070,20505905,57376975,5,0,1,69120,9,2604957983
4089,36884330,756129,37640459,0,0,0,3584,19,6323394528
4090,36890700,1187479,38078179,1,0,0,14848,13,1847470058
4091,36890800,1026361,37917161,3,0,0,2048,5,6460360556
4092,36903920,2666685,39570605,6,0,0,20992,2,4266089771
4093,36905310,1321647,38226957,9,0,0,7680,1,6555911424
4094,36910920,1027571,37938491,4,0,0,15360,9,9088101649
4095,36912920,1003594,37916514,6,0,0,59904,2,6476917525
4096,36920970,2155325,39076295,3,0,0,54272,5,6581152022
4097,36926050,3115753,40041803,0,0,0,23040,19,322242378
4098,36927740,2889728,39817468,6,0,0,11264,2,2984566829
4099,36929920,584375,37514295,6,0,0,28160,2,2588351424
4100,36936420,1343395,38279815,1,0,0,24064,13,9328883447
4101,36952790,1043144,37995934,3,0,0,8704,5,452993977
4102,36957210,20426849,57384059,4,0,1,2048,9,9139047400
4103,36980960,20406965,57387925,2,0,1,6144,3,5058528972
4104,36981690,2736884,39718574,3,0,0,21504,5,9215190307
4105,36991180,20397091,57388271,1,0,1,512,13,10546889735
4106,37003130,2626122,39629252,0,0,0,11776,19,640679260
4107,37003400,691281,37694681,2,0,0,22016,3,4088874671
4108,37019230,20370347,57389577,6,0,1,2048,2,9588096036
4109,37023100,2919059,39942159,3,0,0,20480,5,8025963289
4110,37033830,20506053,57539883,9,0,1,39936,1,371365293
4111,37038551,527297,37565848,8,0,0,3584,14,3434356630
4112,37070600,20523193,57593793,0,0,1,41984,19,9636378179
4113,37071710,3105687,40177397,3,0,0,8192,5,3489320046
4114,37075450,20654950,57730400,5,0,1,27136,9,8835918261
4115,37080920,1315698,38396618,0,0,0,54784,19,3915133205
4116,37082811,675634,37758445,8,0,0,12288,14,7612073923
4117,37084370,849418,37933788,1,0,0,14336,13,2484670864
4118,37101690,903883,38005573,2,0,0,6144,3,9829143793
4119,37109620,20620803,57730423,6,0,1,2048,2,3949456567
4120,37129460,847540,37977000,3,0,0,25088,5,10517512804
4121,37131860,20598586,57730446,2,0,1,5632,3,5743241289
4122,37151770,1061976,38213746,0,0,0,8704,19,2243484150
4123,37152230,667745,37819975,2,0,0,15872,3,8041318055
4124,37179040,20569827,57748867,2,0,1,5632,3,7242115929
4125,37186300,898800,38085100,1,0,0,17920,13,4696467917
4126,37202990,3126189,40329179,1,0,0,71680,13,2544808954
4127,37212200,641448,37853648,1,0,0,512,13,1555573092
4128,37218830,1437275,38656105,3,0,0,60928,5,2446908648
4129,37221610,1950057,39171667,4,0,0,25600,9,8522445693
4130,37248830,1526838,38775668,1,0,0,32256,13,8255000087
4131,37253770,494161,37747931,2,0,0,6144,3,5013561770
4132,37309440,1454890,38764330,3,0,0,1024,5,10043457215
4133,37323050,20426163,57749213,0,0,1,512,19,1981208162
4134,37329490,516907,37846397,2,0,0,5632,3,8228309225
4135,37332621,1530028,38862649,8,0,0,22016,14,4372374449
4136,37339930,20446947,57786877,8,0,1,10752,14,8554774523
4137,37348520,876074,38224594,1,0,0,15872,13,1099256768
4138,37357390,20438425,57795815,7,0,1,5120,1,5451684841
4139,37357610,788209,38145819,2,0,0,1536,3,10579029643
4140,37366260,1242332,38608592,1,0,0,5632,13,8120133386
4141,37391100,1163503,38554603,2,0,0,41472,3,6205503187
4142,37426100,951885,38377985,3,0,0,26112,5,9132134642
4143,37430740,20386025,57816765,4,0,1,7168,9,2110433945
4144,37433970,583700,38017670,3,0,0,4608,5,5814690434
4145,37437420,20379368,57816788,9,0,1,2048,1,9696729444
4146,37465931,846245,38312176,8,0,0,14848,14,5586025923
4147,37468671,983128,38451799,8,0,0,31744,14,4487347949
4148,37473420,1633505,39106925,0,0,0,1536,19,5126300634
4149,37479290,20345710,57825000,9,0,1,5632,1,1483446033
4150,37481960,20353546,57835506,9,0,1,8192,1,10412291997
4151,37490730,879276,38370006,0,0,0,1024,19,5047235321
4152,37498790,1247125,38745915,1,0,0,23552,13,9537374686
4153,37504500,755602,38260102,0,0,0,2048,19,5800954474
4154,37510220,20333912,57844132,2,0,1,7680,3,3465080471
4155,37513080,2688566,40201646,6,0,0,24576,2,838954292
4156,37533450,20310705,57844155,4,0,1,3584,9,10045104528
4157,37538420,20305758,57844178,5,0,1,6656,9,1505082462
4158,37545650,1217899,38763549,1,0,0,9216,13,7794313733
4159,37552510,600250,38152760,2,0,0,9216,3,8052531350
4160,37563340,1379363,38942703,6,0,0,2560,2,7167202647
4161,37568470,1594883,39163353,6,0,0,6656,2,2043898580
4162,37576080,2943095,40519175,4,0,0,22528,9,165322552
4163,37601561,614080,38215641,8,0,0,6144,14,8783981721
4164,37603000,1852452,39455452,1,0,0,103936,13,9022758264
4165,37605681,2330215,39935896,8,0,0,22528,14,3368739404
4166,37630400,2172445,39802845,2,0,0,27136,3,3935297096
4167,37630480,2748004,40378484,0,0,0,59392,19,9686471901
4168,37659830,751529,38411359,0,0,0,8192,19,1745523933
4169,37661670,2141822,39803492,1,0,0,2048,13,6208833738
4170,37665490,20268541,57934031,7,0,1,512,1,4429871150
4171,37668061,799701,38467762,8,0,0,51200,14,6854222705
4172,37671620,20262757,57934377,9,0,1,512,1,9209351021
4173,37671740,20268231,57939971,0,0,1,18432,19,9640836808
4174,37677880,20263616,57941496,1,0,1,10240,13,7362725657
4175,37683380,525640,38209020,1,0,0,26112,13,3347682203
4176,37685150,20273249,57958399,1,0,1,5120,13,963754430
4177,37694430,780730,38475160,3,0,0,3072,5,2060913609
4178,37695380,939445,38634825,1,0,0,10240,13,2223059412
4179,37696330,3240829,40937159,6,0,0,33792,2,4982659386
4180,37720530,1433051,39153581,4,0,0,29184,9,858911295
4181,37736830,20246869,57983699,9,0,1,3584,1,2449615812
4182,37758850,20593886,58352736,7,0,1,34816,1,636392862
4183,37760420,21213884,58974304,5,0,1,266240,9,4048187197
4184,37765800,445271,38211071,6,0,0,6656,2,5389580592
4185,37784660,521929,38306589,0,0,0,2048,19,5372457007
4186,37784780,2352444,40137224,6,0,0,51200,2,6306874845
4187,37813510,2629383,40442893,2,0,0,28672,3,5343126279
4188,37820850,21154120,58974970,2,0,1,1024,3,10544266518
4189,37821061,2795262,40616323,8,0,0,14848,14,10057341500
4190,37832160,734010,38566170,0,0,0,37888,19,1589733438
4191,37832180,1453356,39285536,4,0,0,41472,9,4480302490
4192,37853140,526763,38379903,2,0,0,2048,3,7855531864
4193,37862140,825257,38687397,1,0,0,24064,13,8426960245
4194,37874390,786992,38661382,7,0,0,8192,1,733203648
4195,37875880,21122700,58998580,8,0,1,2048,14,4148335820
4196,37881060,21119653,59000713,1,0,1,6656,13,4031251784
4197,37885120,2841490,40726610,1,0,0,84480,13,8505156940
4198,37906120,905823,38811943,6,0,0,17920,2,9231935697
4199,37914380,21099447,59013827,7,0,1,2560,1,5180030430
4200,37924000,21114365,59038365,1,0,1,12800,13,7084038637
4201,37925200,454056,38379256,7,0,0,4096,1,3403704231
4202,37935180,21119611,59054791,8,0,1,3072,14,9975344982
4203,37936370,548387,38484757,3,0,0,25088,5,10058962553
4204,37943030,1269859,39212889,6,0,0,30208,2,3541374978
4205,37950660,1155766,39106426,0,0,0,98816,19,8731666338
4206,37952741,636765,38589506,8,0,0,512,14,1888115393
4207,37965020,476984,38442004,1,0,0,512,13,7794759327
4208,37988440,21069072,59057512,3,0,1,20992,5,7942258996
4209,38001100,786603,38787703,2,0,0,39424,3,263039342
4210,38002760,396065,38398825,6,0,0,7168,2,2000003245
4211,38003300,900107,38903407,6,0,0,512,2,10403110864
4212,38006640,789367,38796007,6,0,0,14848,2,2623596810
4213,38021780,1334654,39356434,4,0,0,74240,9,9264705192
4214,38025750,21031785,59057535,8,0,1,2048,14,2749516519
4215,38025950,21031886,59057836,0,0,1,7680,19,1492827500
4216,38039740,2909055,40948795,6,0,0,10752,2,3532272218
4217,38043140,1220643,39263783,5,0,0,27136,9,7922401638
4218,38047540,21014589,59062129,8,0,1,2048,14,2297912366
4219,38057530,1355994,39413524,3,0,0,3584,5,3632721927
4220,38058580,573102,38631682,6,0,0,42496,2,6604968809
4221,38059880,1055226,39115106,0,0,0,7680,19,10682020551
4222,38062080,661220,38723300,3,0,0,1536,5,1737564233
4223,38064720,1864289,39929009,0,0,0,82944,19,5926856574
4224,38075340,741914,38817254,1,0,0,16384,13,6783528780
4225,38091090,21003925,59095015,6,0,1,1024,2,561757952
4226,38092370,671358,38763728,6,0,0,512,2,8390026189
4227,38104971,655747,38760718,8,0,0,15872,14,9933678641
4228,38116181,2363001,40479182,8,0,0,5632,14,6371130957
4229,38117010,604462,38721472,9,0,0,7680,1,196292561
4230,38140930,1316573,39457503,4,0,0,6656,9,4889360786
4231,38147980,1122066,39270046,2,0,0,20480,3,10079901309
4232,38173620,819926,38993546,1,0,0,24576,13,4573544121
4233,38177400,941972,39119372,4,0,0,5632,9,6671527351
4234,38193830,757855,38951685,4,0,0,9728,9,6145902761
4235,38197370,20899477,59096847,5,0,1,6656,9,2261766082
4236,38207230,954072,39161302,6,0,0,17920,2,8979752487
4237,38207660,20891453,59099113,8,0,1,3584,14,9497589488
4238,38223540,20876751,59100291,4,0,1,13824,9,1652372453
4239,38230200,20908295,59138495,7,0,1,2048,1,79818534
4240,38245740,1258864,39504604,4,0,0,103936,9,5488872321
4241,38255021,1149135,39404156,8,0,0,11264,14,10733602617
4242,38303870,876758,39180628,0,0,0,9216,19,4042971748
4243,38309300,20835007,59144307,9,0,1,9216,1,3346784689
4244,38309480,20835083,59144563,2,0,1,9216,3,3118587928
4245,38309620,540503,38850123,4,0,0,10240,9,1079390881
4246,38312270,20834239,59146509,9,0,1,3072,1,7887905016
4247,38312500,20841101,59153601,9,0,1,11264,1,2201710904
4248,38318420,1212834,39531254,1,0,0,18944,13,3159428925
4249,38330280,655755,38986035,2,0,0,5632,3,9049665577
4250,38332120,831724,39163844,3,0,0,1536,5,4478376873
4251,38334800,20819467,59154267,7,0,1,1024,1,9120402029
4252,38339860,2965610,41305470,6,0,0,2048,2,6994032219
4253,38355790,917087,39272877,4,0,0,9216,9,4171107535
4254,38356980,1272607,39629587,0,0,0,1024,19,5177572443
4255,38364551,777908,39142459,8,0,0,21504,14,2747322640
4256,38369480,1021810,39391290,1,0,0,1024,13,9160794170
4257,38381740,1173633,39555373,0,0,0,19968,19,2649650819
4258,38383390,1425608,39808998,3,0,0,10240,5,7624638775
4259,38407930,2465268,40873198,0,0,0,91648,19,1821022890
4260,38424350,20730583,59154933,6,0,1,1024,2,4860934806
4261,38426141,2965171,41391312,8,0,0,34304,14,1696797476
4262,38461210,1534191,39995401,0,0,0,48640,19,5027596130
4263,38468520,3104725,41573245,6,0,0,47616,2,8628983602
4264,38500040,3173491,41673531,6,0,0,33280,2,1427642166
4265,38507341,670456,39177797,8,0,0,18944,14,10262701349
4266,38521660,1042518,39564178,0,0,0,28672,19,4070799932
4267,38524050,588670,39112720,3,0,0,18944,5,4721297548
4268,38525530,592095,39117625,1,0,0,8192,13,7221116287
4269,38528870,843522,39372392,4,0,0,5120,9,545479300
4270,38551970,960168,39512138,6,0,0,21504,2,6352828163
4271,38553301,417354,38970655,8,0,0,1024,14,798658827
4272,38559760,659236,39218996,2,0,0,19968,3,9468061830
4273,38578150,566516,39144666,6,0,0,7168,2,514288548
4274,38581760,590242,39172002,2,0,0,1024,3,6819886503
4275,38590671,1042052,39632723,8,0,0,3584,14,1200941449
4276,38592680,1009657,39602337,5,0,0,13312,9,2706332636
4277,38624630,2534670,41159300,2,0,0,29184,3,8065243447
4278,38633600,1463928,40097528,1,0,0,102400,13,3069649723
4279,38642840,1044363,39687203,9,0,0,26112,1,2009079680
4280,38654880,20516743,59171623,4,0,1,12800,9,1499881012
4281,38657190,2558090,41215280,0,0,0,11264,19,10541277229
4282,38664960,705849,39370809,2,0,0,47104,3,3143846296
4283,38672090,1584792,40256882,7,0,0,44544,1,10717873932
4284,38673770,20506766,59180536,7,0,1,17408,1,9870278994
4285,38694390,20493535,59187925,2,0,1,4096,3,1015979050
4286,38695770,2796218,41491988,2,0,0,62976,3,2972335692
4287,38706350,2598473,41304823,1,0,0,23040,13,3965776474
4288,38720820,1013027,39733847,9,0,0,7680,1,10213403486
4289,38739380,20452091,59191471,8,0,1,5632,14,3768869482
4290,38751900,637864,39389764,2,0,0,2048,3,3483287937
4291,38766950,972753,39739703,6,0,0,16384,2,7941833476
4292,38768090,1067229,39835319,2,0,0,28160,3,1506719818
4293,38770040,894525,39664565,4,0,0,17920,9,3790299445
4294,38780450,758762,39539212,4,0,0,15872,9,5288223143
4295,38784390,20409667,59194057,7,0,1,4096,1,557957451
4296,38790980,1046569,39837549,9,0,0,5120,1,4963269008
4297,38793070,2621740,41414810,7,0,0,22528,1,9978970908
4298,38800440,2935172,41735612,9,0,0,18432,1,784553261
4299,38803600,1345903,40149503,4,0,0,11776,9,5053120448
4300,38807920,3031282,41839202,9,0,0,24576,1,5576543047
4301,38817320,964879,39782199,6,0,0,43520,2,2190988169
4302,38821490,2814504,41635994,0,0,0,40448,19,4563155775
4303,38827850,719199,39547049,0,0,0,17920,19,304659948
4304,38833540,986299,39819839,2,0,0,7680,3,6022523703
4305,38840210,854192,39694402,9,0,0,23552,1,6308874728
4306,38841940,2510088,41352028,7,0,0,20992,1,7483640359
4307,38859740,946115,39805855,4,0,0,7680,9,10300497879
4308,38862750,1140208,40002958,7,0,0,5120,1,4247589997
4309,38866060,969906,39835966,4,0,0,2048,9,2402427504
4310,38866520,731738,39598258,9,0,0,22016,1,6060571589
4311,38866920,2885663,41752583,7,0,0,30208,1,9515699057
4312,38869230,1581572,40450802,3,0,0,13312,5,327394899
4313,38877851,1738807,40616658,8,0,0,1024,14,2078179153
4314,38889810,20346705,59236515,8,0,1,1024,14,7714313814
4315,38903600,754634,39658234,3,0,0,37376,5,7479895721
4316,38918570,3117047,42035617,3,0,0,33792,5,8821599059
4317,38919100,1362973,40282073,3,0,0,7168,5,10238441399
4318,38926400,20311421,59237821,2,0,1,2048,3,3001751258
4319,38929830,20308977,59238807,4,0,1,1536,9,2876648723
4320,38930630,838286,39768916,3,0,0,16384,5,1245708227
4321,38935800,1172983,40108783,4,0,0,36864,9,6199952224
4322,38963050,20306336,59269386,7,0,1,23552,1,5485499490
4323,38964290,1258930,40223220,7,0,0,54272,1,8996250626
4324,38968170,756767,39724937,4,0,0,7680,9,326981767
4325,38979500,3508570,42488070,9,0,0,45568,1,10700950559
4326,38980800,1802529,40783329,9,0,0,84992,1,1696849408
4327,38994060,20350325,59344385,6,0,1,2048,2,6492549218
4328,38997440,3398569,42396009,9,0,0,40960,1,5239466337
4329,39005320,994316,39999636,9,0,0,13824,1,1150384779
4330,39010680,990695,40001375,9,0,0,5632,1,276575160
4331,39011490,20333561,59345051,0,0,1,11264,19,9951812321
4332,39014541,1105988,40120529,8,0,0,33792,14,9809496568
4333,39015530,20443693,59459223,9,0,1,5120,1,8176744155
4334,39027960,786053,39814013,1,0,0,16384,13,9387533281
4335,39034180,1311292,40345472,6,0,0,19456,2,8132120649
4336,39038490,2763211,41801701,9,0,0,58880,1,6619992539
4337,39040790,1393344,40434134,6,0,0,29184,2,4555192866
4338,39052190,1446470,40498660,6,0,0,26112,2,1572410429
4339,39069930,20389316,59459246,0,0,1,9216,19,6085181335
4340,39081020,1380954,40461974,1,0,0,4608,13,633613893
4341,39093210,1556543,40649753,2,0,0,51712,3,1462719523
4342,39096980,1514796,40611776,4,0,0,86016,9,2696650900
4343,39098820,2740561,41839381,3,0,0,512,5,7349527108
4344,39100830,20392422,59493252,9,0,1,7168,1,7829488554
4345,39108870,20420449,59529319,4,0,1,21504,9,7473080975
4346,39109760,1798440,40908200,6,0,0,18944,2,10028817231
4347,39115390,1283420,40398810,2,0,0,23040,3,770774959
4348,39119690,20535519,59655209,0,0,1,14848,19,9741911165
4349,39122660,902252,40024912,2,0,0,1536,3,5580881137
4350,39129750,1107837,40237587,1,0,0,20480,13,8821603307
4351,39138320,20557977,59696297,4,0,1,19456,9,3447871310
4352,39138590,2762658,41901248,3,0,0,80896,5,9760482639
4353,39144911,722316,39867227,8,0,0,9216,14,5523567910
4354,39155140,1051521,40206661,3,0,0,16384,5,151201525
4355,39157951,1233816,40391767,8,0,0,43520,14,9573228478
4356,39162430,1328251,40490681,6,0,0,29184,2,1612741319
4357,39170170,20625465,59795635,8,0,1,17920,14,5112556292
4358,39179200,931010,40110210,6,0,0,4608,2,309731058
4359,39185200,1568287,40753487,4,0,0,23040,9,10285069653
4360,39194940,3347050,42541990,1,0,0,27648,13,2451265623
4361,39221380,2832130,42053510,1,0,0,50176,13,7259317275
4362,39225680,1243990,40469670,2,0,0,22528,3,4369178024
4363,39226370,1186870,40413240,2,0,0,24064,3,2440721924
4364,39228660,20568113,59796773,1,0,1,7680,13,8662929821
4365,39238440,988110,40226550,2,0,0,2048,3,9297933863
4366,39243920,20588799,59832719,5,0,1,15360,9,1367471312
4367,39249110,793808,40042918,5,0,0,3584,9,1954879730
4368,39251550,20582754,59834304,9,0,1,3072,1,339870037
4369,39272961,1130708,40403669,8,0,0,15872,14,1610129863
4370,39282560,1617864,40900424,7,0,0,64000,1,1531674582
4371,39283500,1056021,40339521,0,0,0,16384,19,6371801030
4372,39290371,1215956,40506327,8,0,0,25088,14,8949100270
4373,39290981,1721949,41012930,8,0,0,104448,14,2518709975
4374,39291020,1497309,40788329,2,0,0,10240,3,6109017429
4375,39304421,1278985,40583406,8,0,0,512,14,2646900898
4376,39316570,1106521,40423091,9,0,0,32256,1,5803389567
4377,39328501,1075971,40404472,8,0,0,2560,14,9805321159
4378,39334480,891423,40225903,0,0,0,8704,19,3684937964
4379,39337290,1245937,40583227,7,0,0,23040,1,8581881589
4380,39343971,1974305,41318276,8,0,0,14336,14,3850430291
4381,39345190,1327215,40672405,0,0,0,2048,19,9358266081
4382,39353871,980635,40334506,8,0,0,17408,14,3763414669
4383,39356890,1455573,40812463,9,0,0,22016,1,1464187615
4384,39369071,1196412,40565483,8,0,0,21504,14,5185343664
4385,39382880,1160471,40543351,2,0,0,2048,3,8738741021
4386,39383960,3320183,42704143,3,0,0,56832,5,5112689997
4387,39385410,1071427,40456837,0,0,0,1536,19,2288244540
4388,39387651,1139204,40526855,8,0,0,7168,14,228216453
4389,39396370,1112195,40508565,0,0,0,3072,19,8195965619
4390,39410110,20432340,59842450,1,0,1,6144,13,7001716582
4391,39417840,1089766,40507606,9,0,0,4096,1,1929241559
4392,39430320,1104772,40535092,0,0,0,18432,19,2604421592
4393,39443420,20420075,59863495,8,0,1,2048,14,9681875502
4394,39453000,3294874,42747874,2,0,0,3072,3,7330571875
4395,39480900,1495031,40975931,0,0,0,14848,19,3228936543
4396,39483870,20381571,59865441,8,0,1,3072,14,7775839826
4397,39485920,2876437,42362357,3,0,0,10752,5,1099755320
4398,39492770,1625202,41117972,4,0,0,59904,9,1133805619
4399,39492870,20373557,59866427,5,0,1,1536,9,2533380855
4400,39508370,20367265,59875635,1,0,1,4096,13,5403160925
4401,39520250,3355295,42875545,7,0,0,70144,1,10489093114
4402,39522030,1106969,40628999,4,0,0,38400,9,5348229792
4403,39523750,1441600,40965350,4,0,0,512,9,8256282416
4404,39524460,1497720,41022180,6,0,0,11776,2,7237724844
4405,39525240,1151088,40676328,1,0,0,12800,13,4164545375
4406,39552690,20328370,59881060,7,0,1,8704,1,7966214148
4407,39558260,1199150,40757410,0,0,0,12800,19,10023818666
4408,39560300,20321746,59882046,9,0,1,1536,1,9944058674
4409,39568630,1276621,40845251,1,0,0,85504,13,8737069485
4410,39574650,1079182,40653832,9,0,0,13312,1,10370728351
4411,39582600,1117109,40699709,6,0,0,42496,2,2838371003
4412,39590310,20495255,60085565,0,0,1,90624,19,10543966799
4413,39592640,1478841,41071481,0,0,0,9728,19,3539494753
4414,39608680,1118421,40727101,0,0,0,1536,19,8477329060
4415,39623220,20462368,60085588,9,0,1,11264,1,9160786981
4416,39629281,1668499,41297780,8,0,0,32768,14,8823023689
4417,39629710,1183400,40813110,4,0,0,2048,9,4491038874
4418,39632600,1448576,41081176,6,0,0,31744,2,7923244713
4419,39633600,20453381,60086981,2,0,1,1024,3,1508342054
4420,39633930,1242567,40876497,7,0,0,10752,1,7825829388
4421,39636870,1327236,40964106,3,0,0,50176,5,716562075
4422,39643830,2586248,42230078,3,0,0,52736,5,4117778197
4423,39667370,21177248,60844618,0,0,1,379392,19,6485695974
4424,39667510,1421993,41089503,9,0,0,16384,1,3622740224
4425,39690910,21288109,60979019,0,0,1,135168,19,2958457716
4426,39694400,1473350,41167750,2,0,0,4608,3,8500418474
4427,39694970,3290801,42985771,6,0,0,20992,2,19609421
4428,39696270,2297948,41994218,7,0,0,16896,1,7779990328
4429,39702170,2007798,41709968,4,0,0,19968,9,3295357240
4430,39709210,1234703,40943913,9,0,0,15360,1,3843961540
4431,39709430,1236066,40945496,0,0,0,5120,19,7742505087
4432,39711720,2432044,42143764,1,0,0,6144,13,9093441857
4433,39720660,21312171,61032831,2,0,1,13312,3,3679093011
4434,39720930,3359245,43080175,1,0,0,39936,13,8832365336
4435,39726110,21306744,61032854,2,0,1,7168,3,9343351136
4436,39727740,1675965,41403705,4,0,0,12288,9,9178363469
4437,39731671,1286898,41018569,8,0,0,18432,14,2957729509
4438,39743420,1195790,40939210,9,0,0,6656,1,4052267692
4439,39780930,21263982,61044912,4,0,1,2560,9,8553117748
4440,39781610,2478942,42260552,3,0,0,25600,5,9427239188
4441,39782220,21262715,61044935,4,0,1,11264,9,8770795855
4442,39782870,21267587,61050457,4,0,1,14336,9,1569209340
4443,39793090,2537319,42330409,3,0,0,5632,5,10287660618
4444,39797220,1295426,41092646,0,0,0,10240,19,9100299492
4445,39800290,21335521,61135811,0,0,1,8192,19,3980415792
4446,39810220,21355065,61165285,4,0,1,3584,9,6742880585
4447,39822260,21347135,61169395,0,0,1,8192,19,4466345884
4448,39823990,2580466,42404456,7,0,0,27648,1,2692708630
4449,39838170,2490469,42328639,7,0,0,8704,1,2257574231
4450,39838380,21393046,61231426,0,0,1,4608,19,6544544426
4451,39845390,1332555,41177945,0,0,0,12800,19,5319793098
4452,39853550,1524670,41378220,3,0,0,26624,5,2774748001
4453,39857480,1343466,41200946,3,0,0,1536,5,2139001087
4454,39881600,2591292,42472892,6,0,0,90112,2,5696896697
4455,39883930,1370802,41254732,9,0,0,6656,1,7414581938
4456,39888570,1339848,41228418,3,0,0,2560,5,9611033494
4457,39889370,2797434,42686804,2,0,0,64000,3,7238027000
4458,39890020,1455589,41345609,3,0,0,16896,5,8906923509
4459,39891680,1750600,41642280,9,0,0,15872,1,9823450660
4460,39891870,1356557,41248427,9,0,0,1024,1,2486251479
4461,39898111,1359532,41257643,8,0,0,1536,14,9368540642
4462,39901450,2830796,42732246,0,0,0,92160,19,1396093078
4463,39919020,1603578,41522598,7,0,0,50688,1,4219005002
4464,39920360,1528487,41448847,7,0,0,4608,1,658449386
4465,39934210,21334330,61268540,2,0,1,19968,3,4820257913
4466,39939210,1460705,41399915,7,0,0,28160,1,4824789643
4467,39944540,1502880,41447420,3,0,0,48128,5,5725856969
4468,39967230,3194778,43162008,3,0,0,11776,5,9741664092
4469,39984630,1321354,41305984,4,0,0,1536,9,3870855533
4470,39988920,2865230,42854150,2,0,0,72704,3,5564706580
4471,39994010,21274786,61268796,1,0,1,9216,13,5771283658
4472,40004350,1721756,41726106,7,0,0,512,1,5781374077
4473,40014850,1802106,41816956,0,0,0,15872,19,1477149269
4474,40029790,3293582,43323372,7,0,0,14848,1,2789560404
4475,40034490,1659888,41694378,9,0,0,14336,1,9366440952
4476,40040000,1900745,41940745,2,0,0,35328,3,4656508953
4477,40040720,21228742,61269462,4,0,1,1024,9,632232804
4478,40048900,3522211,43571111,3,0,0,24576,5,1737152319
4479,40054560,21254206,61308766,6,0,1,512,2,3794185016
4480,40056120,2746193,42802313,2,0,0,62464,3,1808208875
4481,40071940,1486774,41558714,1,0,0,11776,13,526089198
4482,40082960,1442850,41525810,2,0,0,6144,3,7447816664
4483,40088330,21220459,61308789,5,0,1,7680,9,8461334478
4484,40088690,21282707,61371397,9,0,1,55296,1,5489750279
4485,40096090,3050924,43147014,1,0,0,51712,13,8568767833
4486,40107800,21268346,61376146,1,0,1,512,13,8826150126
4487,40111710,1590190,41701900,2,0,0,13312,3,1132630153
4488,40122040,21254857,61376897,1,0,1,22528,13,8786578945
4489,40136080,21283119,61419199,6,0,1,512,2,5163028848
4490,40138070,1929178,42067248,6,0,0,6144,2,4785920642
4491,40142890,1494531,41637421,9,0,0,4608,1,10093441825
4492,40144610,1458722,41603332,7,0,0,4608,1,3450337924
4493,40162130,1581226,41743356,0,0,0,2560,19,661681121
4494,40172110,1403966,41576076,7,0,0,9216,1,3029132022
4495,40174210,1609528,41783738,3,0,0,37376,5,9684457588
4496,40179230,3498862,43678092,2,0,0,30208,3,172090192
4497,40185220,1461208,41646428,7,0,0,6144,1,3844839156
4498,40193130,2786222,42979352,2,0,0,69120,3,6603210531
4499,40207910,21228138,61436048,6,0,1,5632,2,6368868086
4500,40217630,21275406,61493036,6,0,1,18944,2,4700693146
4501,40217770,1591762,41809532,2,0,0,25600,3,9297034723
4502,40218870,21277583,61496453,4,0,1,7168,9,7967483865
4503,40229070,1508593,41737663,7,0,0,6656,1,7837272565
4504,40244181,1294744,41538925,8,0,0,2048,14,9697080753
4505,40250490,1507264,41757754,2,0,0,16896,3,10721551851
4506,40257380,1405988,41663368,0,0,0,6144,19,6008773141
4507,40265950,1645195,41911145,0,0,0,32256,19,421887986
4508,40271440,2085879,42357319,0,0,0,20992,19,3334304154
4509,40275760,1703373,41979133,2,0,0,9728,3,284261985
4510,40277930,2072212,42350142,4,0,0,2048,9,9661009484
4511,40281970,1361518,41643488,4,0,0,1536,9,5077280511
4512,40285670,1538826,41824496,6,0,0,8704,2,9968365446
4513,40291731,1800839,42092570,8,0,0,27136,14,8944247358
4514,40298170,1427516,41725686,4,0,0,9216,9,9494332765
4515,40305270,2746748,43052018,9,0,0,64512,1,7522803392
4516,40338100,1365446,41703546,7,0,0,4096,1,3079091682
4517,40340710,21209718,61550428,6,0,1,16384,2,9200327135
4518,40346770,1465148,41811918,9,0,0,3584,1,4642412701
4519,40351600,2804646,43156246,7,0,0,22528,1,3702371348
4520,40353470,1499142,41852612,2,0,0,6656,3,3761035821
4521,40358430,1452373,41810803,6,0,0,4096,2,7095944146
4522,40390210,2741025,43131235,7,0,0,24064,1,10705761589
4523,40395530,1416567,41812097,2,0,0,512,3,3024531251
4524,40399380,21183876,61583256,6,0,1,1536,2,687218761
4525,40403560,2336422,42739982,9,0,0,4608,1,7380652364
4526,40423240,21169491,61592731,9,0,1,1536,1,10513918054
4527,40429200,3267898,43697098,9,0,0,18944,1,10111307335
4528,40435560,21157194,61592754,1,0,1,2560,13,2899239873
4529,40439120,3639034,44078154,2,0,0,25088,3,9228356405
4530,40467600,1492558,41960158,2,0,0,62464,3,6552325023
4531,40473170,1731407,42204577,0,0,0,51712,19,8267278691
4532,40474640,2284091,42758731,4,0,0,23552,9,9905026203
4533,40483080,2782611,43265691,6,0,0,71168,2,5510674955
4534,40512040,1632535,42144575,4,0,0,2560,9,9116017422
4535,40515510,3354089,43869599,6,0,0,33792,2,2258246755
4536,40518931,1411027,41929958,8,0,0,13824,14,1399324377
4537,40522920,1418183,41941103,9,0,0,1024,1,5740034461
4538,40540000,1513829,42053829,7,0,0,512,1,10609713629
4539,40543220,21081293,61624513,8,0,1,512,14,5410522922
4540,40544220,1814838,42359058,7,0,0,5632,1,5802376732
4541,40548160,2899361,43447521,9,0,0,9216,1,5708182843
4542,40563310,2188198,42751508,3,0,0,512,5,4045465237
4543,40567520,2450640,43018160,2,0,0,25088,3,8899547695
4544,40568680,21060019,61628699,6,0,1,6656,2,6985662200
4545,40572240,21060965,61633205,9,0,1,7168,1,2522290005
4546,40572700,1436213,42008913,3,0,0,1536,5,6232147193
4547,40574580,21059086,61633666,9,0,1,10240,1,3658618370
4548,40576500,21120706,61697206,4,0,1,2560,9,483084896
4549,40588170,2298786,42886956,2,0,0,37376,3,970624508
4550,40592460,21108911,61701371,2,0,1,7680,3,3907131407
4551,40593870,21120565,61714435,7,0,1,512,1,3753661626
4552,40599250,2686151,43285401,3,0,0,8704,5,9180106835
4553,40607720,21112297,61720017,2,0,1,20480,3,7751040099
4554,40610480,1531389,42141869,0,0,0,17920,19,10204639683
4555,40643410,21122530,61765940,6,0,1,20480,2,127246795
4556,40644590,21129538,61774128,7,0,1,12288,1,804368478
4557,40645390,1784453,42429843,4,0,0,41984,9,3571399906
4558,40656360,1711511,42367871,4,0,0,14848,9,4906824368
4559,40666890,1598430,42265320,1,0,0,8704,13,3798077578
4560,40671770,1677725,42349495,3,0,0,55808,5,2820972427
4561,40681480,2143031,42824511,2,0,0,4096,3,6276671351
4562,40681900,1729408,42411308,2,0,0,19968,3,2318171148
4563,40687770,1663019,42350789,6,0,0,2048,2,5445135617
4564,40712470,1783891,42496361,2,0,0,27136,3,2203055329
4565,40733140,1741023,42474163,3,0,0,4096,5,6991126323
4566,40739680,3109524,43849204,4,0,0,118784,9,4293994152
4567,40764620,1561344,42325964,6,0,0,79872,2,7659052405
4568,40786290,21078523,61864813,6,0,1,6144,2,7364419062
4569,40816580,1484579,42301159,0,0,0,4608,19,4834826860
4570,40827800,21108816,61936616,8,0,1,2048,14,7910776521
4571,40828790,2526649,43355439,4,0,0,512,9,5749310027
4572,40832220,21110700,61942920,8,0,1,15360,14,6441342461
4573,40838200,1710912,42549112,2,0,0,7168,3,8488751127
4574,40848940,2633117,43482057,2,0,0,36864,3,4117280262
4575,40849770,1513546,42363316,9,0,0,3072,1,8858978584
4576,40858310,3436302,44294612,1,0,0,34304,13,3843292227
4577,40858490,21152647,62011137,7,0,1,512,1,10057730448
4578,40859680,1580037,42439717,9,0,0,15872,1,5751431298
4579,40865310,1424577,42289887,6,0,0,5632,2,969032434
4580,40872600,1562258,42434858,3,0,0,16384,5,5558505427
4581,40879300,21137846,62017146,5,0,1,7168,9,8710498166
4582,40888880,1697149,42586029,4,0,0,16384,9,7677070053
4583,40890170,1632986,42523156,2,0,0,27648,3,6523729038
4584,40907200,1831309,42738509,6,0,0,20480,2,3191012311
4585,40914000,2153976,43067976,3,0,0,25600,5,5743321584
4586,40932710,21085422,62018132,9,0,1,1536,1,4943458431
4587,40936991,1716135,42653126,8,0,0,53248,14,1922557120
4588,40938140,1612399,42550539,7,0,0,4608,1,9559825872
4589,40962150,1933299,42895449,3,0,0,19968,5,9925346769
4590,40968040,1783289,42751329,9,0,0,11264,1,2142730281
4591,41012850,21005948,62018798,2,0,1,11264,3,7819644037
4592,41031020,20996786,62027806,2,0,1,512,3,4217716379
4593,41041910,1531068,42572978,9,0,0,30208,1,9786392051
4594,41054360,1892908,42947268,9,0,0,5632,1,3292366563
4595,41061631,2501961,43563592,8,0,0,26624,14,10279430157
4596,41073210,20956542,62029752,0,0,1,3072,19,7805314373
4597,41074280,20968308,62042588,8,0,1,17920,14,1474765263
4598,41076730,21085927,62162657,8,0,1,18944,14,9749992599
4599,41086520,2580014,43666534,1,0,0,19456,13,9131057195
4600,41093510,21069170,62162680,4,0,1,4096,9,9640030110
4601,41096040,2682040,43778080,1,0,0,51712,13,6954255131
4602,41111760,1635155,42746915,7,0,0,5120,1,7971909004
4603,41114831,1795492,42910323,8,0,0,2560,14,5263738863
4604,41148030,1675210,42823240,0,0,0,68608,19,9177289350
4605,41174750,21015946,62190696,4,0,1,4608,9,8326929883
4606,41175560,1607698,42783258,2,0,0,37888,3,5514281075
4607,41177630,21013097,62190727,0,0,1,1536,19,9990349949
4608,41180970,2466953,43647923,6,0,0,38400,2,1591167753
4609,41235500,1508405,42743905,6,0,0,12800,2,9663556765
4610,41256500,2664590,43921090,3,0,0,46080,5,8771887350
4611,41271410,1554536,42825946,2,0,0,4608,3,3944511524
4612,41276411,1383298,42659709,8,0,0,21504,14,10373691014
4613,41278570,1358309,42636879,4,0,0,10752,9,7629797342
4614,41288480,1600862,42889342,7,0,0,6144,1,9482198540
4615,41295290,1450042,42745332,3,0,0,4608,5,2362128997
4616,41309770,2893794,44203564,0,0,0,57344,19,9775537432
4617,41311060,1697821,43008881,6,0,0,1536,2,4000499682
4618,41311860,1629120,42940980,0,0,0,40448,19,1885617047
4619,41338730,1721423,43060153,3,0,0,26624,5,8153465780
4620,41341600,20849150,62190750,0,0,1,14848,19,4136594431
4621,41350200,1642637,42992837,3,0,0,14336,5,7909276933
4622,41352350,21004410,62356760,6,0,1,29184,2,2830085278
4623,41355400,21012520,62367920,2,0,1,18432,3,4484934392
4624,41364770,1544750,42909520,9,0,0,46080,1,5514808469
4625,41370031,1638359,43008390,8,0,0,28672,14,8061815738
4626,41370870,2684146,44055016,9,0,0,35840,1,3543029325
4627,41377190,3117799,44494989,1,0,0,4096,13,1841277803
4628,41379970,1507477,42887447,9,0,0,1536,1,10704872859
4629,41383920,1613883,42997803,4,0,0,512,9,5046734003
4630,41387090,3223691,44610781,3,0,0,31232,5,4187200853
4631,41388640,1694389,43083029,2,0,0,6656,3,9373446650
4632,41441040,1547406,42988446,2,0,0,8704,3,1232345749
4633,41458320,20979830,62438150,9,0,1,1024,1,3350119189
4634,41465660,1836107,43301767,3,0,0,14848,5,1621595148
4635,41467420,20970753,62438173,6,0,1,21504,2,4392589419
4636,41473440,2100837,43574277,6,0,0,9216,2,842262800
4637,41490660,20950159,62440819,1,0,1,3072,13,2993110494
4638,41496240,1584738,43080978,9,0,0,2560,1,3763668872
4639,41498590,20942690,62441280,1,0,1,10240,13,2964012880
4640,41502990,21064289,62567279,7,0,1,12800,1,3615100693
4641,41506410,2917588,44423998,9,0,0,6144,1,63555919
4642,41516310,21050992,62567302,2,0,1,1024,3,6767965377
4643,41523820,21043505,62567325,4,0,1,512,9,3392066002
4644,41551030,2714304,44265334,0,0,0,22016,19,6955005014
4645,41553980,21013368,62567348,8,0,1,2560,14,6409015726
4646,41554990,3031821,44586811,2,0,0,70656,3,8465224889
4647,41555830,1644428,43200258,4,0,0,5120,9,3628868194
4648,41555831,2791441,44347272,8,0,0,48128,14,1125521700
4649,41567550,1706946,43274496,0,0,0,28672,19,671309203
4650,41568770,20998601,62567371,0,0,1,5120,19,9668152855
4651,41578140,3370842,44948982,4,0,0,24576,9,5503602994
4652,41582410,1923254,43505664,9,0,0,26112,1,10036785006
4653,41592050,20975344,62567394,4,0,1,7680,9,10015306767
4654,41594880,1554479,43149359,7,0,0,2048,1,8638770155
4655,41598690,1951284,43549974,6,0,0,34304,2,8064716325
4656,41599330,1524550,43123880,2,0,0,22528,3,7104959204
4657,41607560,1801447,43409007,4,0,0,25088,9,5317165120
4658,41621650,1718522,43340172,4,0,0,11776,9,6127345929
4659,41623470,2233736,43857206,0,0,0,19968,19,9419182327
4660,41638170,1826222,43464392,6,0,0,55296,2,5470626967
4661,41650920,1627359,43278279,2,0,0,12288,3,4001264565
4662,41657610,3466772,45124382,4,0,0,72704,9,6804341229
4663,41694301,1421393,43115694,8,0,0,512,14,5943922670
4664,41697791,1399555,43097346,8,0,0,5120,14,7445225110
4665,41706750,20866173,62572923,2,0,1,4096,3,10328877455
4666,41759990,3166292,44926282,4,0,0,77312,9,3997981410
4667,41766100,1631410,43397510,4,0,0,14848,9,1124779521
4668,41770750,1644988,43415738,7,0,0,22016,1,4778179505
4669,41785440,21012888,62798328,9,0,1,75264,1,9009100189
4670,41791990,2838472,44630462,9,0,0,39424,1,7855115780
4671,41806520,1732521,43539041,7,0,0,30208,1,6905898455
4672,41806530,1829624,43636154,1,0,0,54784,13,8642076095
4673,41809810,3354564,45164374,0,0,0,65024,19,292119812
4674,41813570,1780509,43594079,6,0,0,33280,2,9048837543
4675,41818920,3437386,45256306,7,0,0,48128,1,3565549575
4676,41820230,1667154,43487384,4,0,0,17408,9,1728000455
4677,41838060,1465758,43303818,1,0,0,6656,13,4875594226
4678,41838530,1970333,43808863,1,0,0,23552,13,1661598309
4679,41838910,1604403,43443313,2,0,0,7680,3,4148966033
4680,41839070,2546661,44385731,0,0,0,47616,19,6485006557
4681,41842280,2046374,43888654,3,0,0,40448,5,8876124234
4682,41851920,20946431,62798351,1,0,1,512,13,4251714423
4683,41852370,2467092,44319462,9,0,0,54272,1,7298292916
4684,41852450,1703007,43555457,2,0,0,17920,3,1383881867
4685,41863510,2156515,44020025,0,0,0,22528,19,4196870131
4686,41870360,1858438,43728798,6,0,0,13312,2,8013282
4687,41870540,2247542,44118082,4,0,0,14848,9,4650152511
4688,41881750,20916624,62798374,8,0,1,1024,14,5206332994
4689,41886210,3349918,45236128,2,0,0,62464,3,1785958728
4690,41896630,20901767,62798397,2,0,1,3072,3,3434394679
4691,41916270,2492567,44408837,9,0,0,21504,1,6694055193
4692,41923940,3559930,45483870,7,0,0,15360,1,7269186129
4693,41943100,2082252,44025352,3,0,0,17408,5,10233004354
4694,41951450,1555819,43507269,0,0,0,4608,19,8467490461
4695,41952540,3618172,45570712,3,0,0,41984,5,6063856724
4696,41958800,3395190,45353990,0,0,0,52736,19,10348526713
4697,41964530,20851578,62816108,2,0,1,11264,3,1303738796
4698,41964840,1471446,43436286,4,0,0,4096,9,2908323790
4699,41968690,20893994,62862684,5,0,1,13824,9,1673849683
4700,41971310,2280932,44252242,9,0,0,14336,1,1687276634
4701,41980100,20938278,62918378,2,0,1,5120,3,621072649
4702,41980490,1776908,43757398,9,0,0,4608,1,4661981584
4703,41995040,20929137,62924177,7,0,1,19456,1,7181736074
4704,41996160,1943065,43939225,1,0,0,6656,13,7298609506
4705,41996270,1728449,43724719,3,0,0,20480,5,4903117960
4706,42004590,1566856,43571446,4,0,0,1024,9,8386461661
4707,42011791,1891093,43902884,8,0,0,17920,14,3059054030
4708,42013500,3832049,45845549,6,0,0,29184,2,1670130495
4709,42018590,3931498,45950088,1,0,0,2560,13,3405461623
4710,42020360,4108368,46128728,0,0,0,8192,19,7004468
4711,42024380,3513806,45538186,0,0,0,8192,19,6169964132
4712,42037180,3626433,45663613,0,0,0,11776,19,7562614380
4713,42039530,1888281,43927811,9,0,0,18432,1,9378243843
4714,42051760,2448899,44500659,7,0,0,7680,1,4004246537
4715,42055020,3874228,45929248,2,0,0,137216,3,5520841973
4716,42068241,1791016,43859257,8,0,0,6656,14,6919755162
4717,42073170,20851673,62924843,0,0,1,1024,19,504657880
4718,42075740,1866603,43942343,2,0,0,5632,3,7172789770
4719,42079080,1856990,43936070,1,0,0,2048,13,3053089978
4720,42083960,20879571,62963531,0,0,1,21504,19,3589758841
4721,42088580,2310434,44399014,2,0,0,43520,3,10559250209
4722,42089860,20902935,62992795,7,0,1,8192,1,3716184072
4723,42098160,2125464,44223624,1,0,0,18944,13,6321219883
4724,42100370,20892448,62992818,4,0,1,4096,9,10524341814
4725,42120611,1680168,43800779,8,0,0,8704,14,2086643948
4726,42122670,1856543,43979213,6,0,0,7168,2,227841671
4727,42122961,1961167,44084128,8,0,0,19456,14,9167293323
4728,42123540,2316154,44439694,0,0,0,12288,19,1118316081
4729,42124460,1946004,44070464,3,0,0,36352,5,2583675558
4730,42131380,1876551,44007931,4,0,0,9216,9,3007641210
4731,42137040,2002751,44139791,9,0,0,24064,1,1725500379
4732,42152859,4454641,46607500,9,0,0,33792,1,6735070247
4733,42156750,20836091,62992841,4,0,1,2048,9,10708154085
4734,42157490,20835374,62992864,0,0,1,6656,19,10012325161
4735,42163940,1687159,43851099,6,0,0,6144,2,5614186193
4736,42166400,2397745,44564145,7,0,0,25600,1,3435511111
4737,42178059,2415506,44593565,9,0,0,9728,1,7605218609
4738,42203580,4080706,46284286,1,0,0,52736,13,9605669168
4739,42207210,3183562,45390772,1,0,0,8192,13,1045443404
4740,42212170,2120415,44332585,6,0,0,7680,2,1332532581
4741,42227830,20849994,63077824,7,0,1,5632,1,7209400769
4742,42234970,22055893,64290863,9,0,1,385024,1,5460916825
4743,42248570,22046049,64294619,2,0,1,1536,3,6170195687
4744,42264610,2229085,44493695,1,0,0,61952,13,5156197787
4745,42286670,2378071,44664741,7,0,0,79360,1,5973943727
4746,42302110,21993175,64295285,1,0,1,1024,13,1665923067
4747,42309650,21985994,64295644,1,0,1,9728,13,7828762082
4748,42316730,1892184,44208914,0,0,0,1024,19,8280136321
4749,42327430,2416746,44744176,6,0,0,7168,2,10083246606
4750,42331390,1952747,44284137,7,0,0,6144,1,2439738534
4751,42331910,1970993,44302903,3,0,0,27136,5,5072501868
4752,42347920,2093513,44441433,3,0,0,5632,5,1077477134
4753,42350900,1857679,44208579,6,0,0,16384,2,5688167017
4754,42360330,21954447,64314777,7,0,1,8704,1,3086682679
4755,42362040,21953198,64315238,5,0,1,10240,9,938367644
4756,42373590,22207298,64580888,9,0,1,179712,1,2205686772
4757,42377790,1840039,44217829,1,0,0,29184,13,10026330784
4758,42379160,2177162,44556322,4,0,0,18944,9,5388541545
4759,42383510,1709763,44093273,7,0,0,3584,1,5497979655
4760,42386140,4361045,46747185,6,0,0,46080,2,3413809666
4761,42394820,3136254,45531074,2,0,0,25600,3,10691738652
4762,42397810,1756097,44153907,9,0,0,512,1,718821799
4763,42402960,4397835,46800795,1,0,0,39424,13,5613352710
4764,42405200,1842284,44247484,6,0,0,9216,2,3703300549
4765,42420820,2467066,44887886,6,0,0,9728,2,3864024579
4766,42426600,22203249,64629849,2,0,1,18432,3,5673902387
4767,42435820,1982165,44417985,2,0,0,4608,3,5524869291
4768,42439410,22197671,64637081,6,0,1,39936,2,4702118914
4769,42440340,2150238,44590578,7,0,0,12288,1,2038100224
4770,42457010,4597954,47054964,2,0,0,107520,3,8267377826
4771,42474950,2075577,44550527,7,0,0,35840,1,2111987559
4772,42488200,1877242,44365442,4,0,0,3072,9,8806211210
4773,42499830,1640920,44140750,6,0,0,3072,2,2495505802
4774,42502210,22194502,64696712,1,0,1,23040,13,5910142887
4775,42506020,1765577,44271597,6,0,0,20480,2,1783168676
4776,42514580,2266412,44780992,7,0,0,55296,1,5985880110
4777,42526110,4336143,46862253,9,0,0,3072,1,764742987
4778,42531390,2634122,45165512,1,0,0,3584,13,826456663
4779,42534900,1835308,44370208,6,0,0,6144,2,8669798100
4780,42542010,3546419,46088429,4,0,0,9216,9,8728543069
4781,42542920,1986214,44529134,4,0,0,2048,9,8741168167
4782,42569380,1874043,44443423,9,0,0,2048,1,9761710124
4783,42576200,22550855,65127055,9,0,1,231424,1,3005153989
4784,42590890,3699058,46289948,6,0,0,2560,2,9320154969
4785,42594580,1970680,44565260,9,0,0,3584,1,2118935159
4786,42603890,22567787,65171677,7,0,1,22016,1,1319570075
4787,42606230,4562084,47168314,7,0,0,56832,1,4556249834
4788,42611470,22560230,65171700,6,0,1,11264,2,8302287504
4789,42613310,2352040,44965350,9,0,0,43008,1,2156370194
4790,42616740,2052868,44669608,2,0,0,15872,3,6704831331
4791,42617100,2061743,44678843,9,0,0,30208,1,1267225246
4792,42622460,2015403,44637863,9,0,0,24064,1,1258803949
4793,42629010,3639185,46268195,6,0,0,78848,2,1006687068
4794,42634770,1780174,44414944,1,0,0,19968,13,3217009064
4795,42635640,2621492,45257132,9,0,0,2560,1,1572760865
4796,42677700,1962838,44640538,4,0,0,8704,9,5991719407
4797,42692540,2101735,44794275,6,0,0,43520,2,2905768282
4798,42753390,22418629,65172019,7,0,1,4608,1,2295269121
4799,42755260,22444093,65199353,6,0,1,4096,2,2264776554
4800,42758190,2000162,44758352,4,0,0,3072,9,8086426261
4801,42761620,1736668,44498288,6,0,0,10752,2,6622756132
4802,42766541,2076045,44842586,8,0,0,41472,14,3161239402
4803,42775550,22449112,65224662,5,0,1,28672,9,4187301042
4804,42776490,22448195,65224685,9,0,1,32256,1,4036614165
4805,42788750,1829677,44618427,3,0,0,13824,5,2168448423
4806,42795880,22439022,65234902,2,0,1,7680,3,6650447081
4807,42808480,1875081,44683561,7,0,0,10240,1,6176476417
4808,42818710,2667679,45486389,9,0,0,8192,1,4160341788
4809,42822910,22437062,65259972,9,0,1,3072,1,5550765000
4810,42829800,22433718,65263518,8,0,1,5632,14,9104509726
4811,42859000,22409344,65268344,3,0,1,7680,5,9203595190
4812,42862360,22408890,65271250,6,0,1,4608,2,4428690771
4813,42863781,1932701,44796482,8,0,0,7168,14,1766427656
4814,42869420,2904400,45773820,5,0,0,5632,9,30046459
4815,42870660,3532837,46403497,6,0,0,15872,2,4624726344
4816,42874080,3283282,46157362,4,0,0,23040,9,9474656502
4817,42879500,2787264,45666764,1,0,0,10240,13,722971943
4818,42880960,22401976,65282936,6,0,1,1536,2,6217991820
4819,42882730,22401832,65284562,3,0,1,2560,5,9316505760
4820,42892170,4568493,47460663,5,0,0,57344,9,9400632593
4821,42919290,22369138,65288428,9,0,1,6144,1,1479051076
4822,42928760,2244419,45173179,7,0,0,25088,1,8084122671
4823,42935800,22352974,65288774,0,0,1,512,19,7084384067
4824,42937150,4574421,47511571,4,0,0,11776,9,6687446108
4825,42951180,2137634,45088814,5,0,0,5632,9,4197583350
4826,42966430,1737200,44703630,7,0,0,13824,1,6883166907
4827,42978420,4250320,47228740,7,0,0,67072,1,1483091157
4828,42983900,2029543,45013443,2,0,0,11776,3,2307959401
4829,42994300,3336457,46330757,5,0,0,66560,9,610293925
4830,42994830,1902375,44897205,9,0,0,22016,1,1856758234
4831,42998960,3368245,46367205,3,0,0,44032,5,7928809434
4832,43004771,2372821,45377592,8,0,0,54784,14,886052313
4833,43011310,3765079,46776389,6,0,0,27136,2,8547563351
4834,43033440,22313648,65347088,3,0,1,24064,5,5618057677
4835,43037620,4730537,47768157,6,0,0,90112,2,8710734070
4836,43041251,2340732,45381983,8,0,0,14336,14,2025815400
4837,43046870,2462162,45509032,5,0,0,74240,9,5414586832
4838,43057990,3539191,46597181,7,0,0,51200,1,5464980767
4839,43063030,1812461,44875491,2,0,0,36352,3,10670362554
4840,43064900,2295977,45360877,1,0,0,22528,13,5501238744
4841,43066560,22301144,65367704,3,0,1,6656,5,1281130039
4842,43066880,22304690,65371570,6,0,1,6144,2,693502365
4843,43084270,22327350,65411620,4,0,1,4608,9,9279459814
4844,43097340,1923801,45021141,9,0,0,3072,1,5235838402
4845,43104410,1834375,44938785,7,0,0,40960,1,4676179040
4846,43107310,22304669,65411979,6,0,1,9728,2,8797065712
4847,43108180,2466345,45574525,4,0,0,1024,9,1636354150
4848,43112110,2441643,45553753,1,0,0,40960,13,1521610159
4849,43126380,22321641,65448021,8,0,1,12800,14,1351531525
4850,43137030,4736398,47873428,4,0,0,28672,9,9222055176
4851,43138220,2340947,45479167,7,0,0,64512,1,7698964766
4852,43142430,1864153,45006583,7,0,0,9216,1,1389068983
4853,43155260,1971953,45127213,9,0,0,9216,1,9693453495
4854,43158060,22290627,65448687,4,0,1,1024,9,6842901877
4855,43177220,2659414,45836634,6,0,0,53760,2,2512524098
4856,43193241,2415480,45608721,8,0,0,24064,14,7597893997
4857,43194820,1946368,45141188,9,0,0,38400,1,5837945800
4858,43208080,1811314,45019394,7,0,0,19456,1,1056308995
4859,43215350,2325066,45540416,7,0,0,7168,1,9786143385
4860,43215960,3159224,46375184,1,0,0,26112,13,5852158240
4861,43240040,22237098,65477138,6,0,1,16896,2,2958452754
4862,43242761,1835169,45077930,8,0,0,10240,14,1548524238
4863,43244420,2698758,45943178,3,0,0,43008,5,7282996519
4864,43263471,1978140,45241611,8,0,0,17920,14,9730110383
4865,43270009,3344534,46614543,9,0,0,23040,1,1931266311
4866,43281861,2408737,45690598,8,0,0,37888,14,850692134
4867,43288700,1839160,45127860,2,0,0,2048,3,1639077337
4868,43303290,2564012,45867302,3,0,0,19456,5,5588868988
4869,43304010,4743640,48047650,1,0,0,29696,13,3354358311
4870,43306240,22171884,65478124,7,0,1,1536,1,354256866
4871,43313030,2228212,45541242,0,0,0,2560,19,9662613741
4872,43313650,3186526,46500176,4,0,0,100864,9,2637443073
4873,43315030,2456849,45771879,9,0,0,31744,1,1534380114
4874,43315760,2207491,45523251,5,0,0,46592,9,9369941710
4875,43328200,4843596,48171796,2,0,0,62976,3,7940505688
4876,43351980,2303631,45655611,4,0,0,8704,9,2807018982
4877,43364669,2344157,45708826,9,0,0,21504,1,4159261581
4878,43373630,1921389,45295019,6,0,0,6656,2,9141706510
4879,43376050,4896107,48272157,1,0,0,59392,13,6406583379
4880,43377930,2252332,45630262,9,0,0,24576,1,205624362
4881,43384880,22128890,65513770,6,0,1,10240,2,4018958999
4882,43385160,2274842,45660002,6,0,0,14336,2,9757536667
4883,43385640,3499907,46885547,5,0,0,41472,9,761153348
4884,43393430,2259475,45652905,6,0,0,74240,2,10319357078
4885,43402160,2737245,46139405,4,0,0,3584,9,9664319038
4886,43404531,1981905,45386436,8,0,0,5632,14,6446694094
4887,43415070,2922597,46337667,7,0,0,18432,1,9846140480
4888,43420731,2153436,45574167,8,0,0,11264,14,7679100341
4889,43426080,22237167,65663247,6,0,1,23552,2,2683834110
4890,43431980,2103664,45535644,6,0,0,14848,2,9953458896
4891,43436820,2550532,45987352,9,0,0,35840,1,9193116406
4892,43439500,22324701,65764201,2,0,1,1024,3,1284769012
4893,43439560,4990554,48430114,7,0,0,65536,1,6232471537
4894,43443610,2417741,45861351,3,0,0,31232,5,629667877
4895,43447650,2372581,45820231,1,0,0,50176,13,1187121615
4896,43459270,2302891,45762161,3,0,0,35840,5,6715128499
4897,43459790,3599752,47059542,9,0,0,14336,1,4001093956
4898,43473600,22291943,65765543,3,0,1,2048,5,4668149216
4899,43482050,22288319,65770369,6,0,1,7680,2,10655602506
4900,43484329,2246157,45730486,9,0,0,22016,1,4094384481
4901,43490810,2933498,46424308,4,0,0,6144,9,63599180
4902,43518320,22321858,65840178,5,0,1,6656,9,1807786164
4903,43519080,2445838,45964918,7,0,0,512,1,5662759652
4904,43521960,2213896,45735856,6,0,0,3584,2,9233496244
4905,43522040,3500141,47022181,3,0,0,24064,5,9724271858
4906,43522630,2943757,46466387,4,0,0,41472,9,626164081
4907,43543600,3599809,47143409,3,0,0,12288,5,10251458668
4908,43556840,4967804,48524644,4,0,0,6656,9,9302669621
4909,43560420,22281208,65841628,6,0,1,4608,2,2129547368
4910,43564460,2454993,46019453,6,0,0,8704,2,2951988717
4911,43568520,2380765,45949285,1,0,0,19968,13,6680195200
4912,43591920,2180161,45772081,4,0,0,512,9,7178840511
4913,43612680,2532370,46145050,7,0,0,17920,1,9141097236
4914,43614900,2521651,46136551,2,0,0,25600,3,738573324
4915,43618980,5044516,48663496,2,0,0,62976,3,4383257372
4916,43639530,22222626,65862156,9,0,1,26112,1,8602686685
4917,43652300,22259535,65911835,1,0,1,13312,13,6543847367
4918,43658350,22253508,65911858,7,0,1,1536,1,5695832367
4919,43659010,2630135,46289145,0,0,0,15872,19,1241102548
4920,43673380,3247024,46920404,6,0,0,20480,2,4855392996
4921,43714190,2278021,45992211,1,0,0,15872,13,10165316280
4922,43714350,22200151,65914501,4,0,1,21504,9,8637024038
4923,43718310,3600786,47319096,1,0,0,52224,13,9070151477
4924,43725450,3507993,47233443,9,0,0,15360,1,2273329663
4925,43725820,2204231,45930051,4,0,0,2560,9,6680079205
4926,43729530,2122282,45851812,9,0,0,20480,1,5021541328
4927,43732970,2049675,45782645,1,0,0,1536,13,933936845
4928,43744790,3690639,47435429,5,0,0,27648,9,3968046167
4929,43746930,2868884,46615814,2,0,0,4096,3,10684611401
4930,43749810,22179750,65929560,1,0,1,4096,13,9149940705
4931,43750110,3400865,47150975,1,0,0,12288,13,9466471708
4932,43752010,22180456,65932466,3,0,1,4608,5,1322853865
4933,43764540,22229324,65993864,8,0,1,5632,14,693485826
4934,43804160,2976555,46780715,5,0,0,9216,9,6046030376
4935,43815880,2148859,45964739,6,0,0,41984,2,1901076133
4936,43853461,2500305,46353766,8,0,0,52736,14,8752038934
4937,43872590,2009321,45881911,6,0,0,47616,2,10334652570
4938,43874970,2435468,46310438,9,0,0,34304,1,9764956803
4939,43884910,4896066,48780976,9,0,0,18944,1,9378420042
4940,43890380,3351515,47241895,2,0,0,1536,3,1651166480
4941,43891110,22102777,65993887,4,0,1,1024,9,9599764442
4942,43901431,3379281,47280712,8,0,0,46080,14,2856494082
4943,43903620,22095960,65999580,5,0,1,5120,9,8801911279
4944,43910810,2227480,46138290,4,0,0,5632,9,9664800428
4945,43917270,2232327,46149597,2,0,0,14848,3,2272436173
4946,43917710,2056239,45973949,5,0,0,2048,9,9459064015
4947,43927800,2097136,46024936,1,0,0,17920,13,6761540002
4948,43930630,22068973,65999603,2,0,1,6656,3,10716151536
4949,43944870,3534857,47479727,5,0,0,7680,9,6103218180
4950,43960500,22041256,66001756,4,0,1,5120,9,300977885
4951,43965290,22105923,66071213,8,0,1,6656,14,4030091570
4952,43967760,22106359,66074119,4,0,1,4608,9,6242271230
4953,43978470,2684328,46662798,9,0,0,64000,1,4416492005
4954,43984320,22192227,66176547,1,0,1,5632,13,6455720803
4955,43988110,22280115,66268225,2,0,1,6144,3,8040357139
4956,43992750,2394001,46386751,6,0,0,37888,2,4489765776
4957,43997640,22270608,66268248,9,0,1,512,1,2625793185
4958,44006970,22303509,66310479,8,0,1,9216,14,9658393740
4959,44009040,2494279,46503319,1,0,0,10240,13,10211624184
4960,44049180,2349458,46398638,7,0,0,38912,1,2027379930
4961,44049390,2114726,46164116,7,0,0,22016,1,6421268399
4962,44054180,4845878,48900058,6,0,0,20480,2,3554207302
4963,44061210,2238745,46299955,3,0,0,32768,5,10376659253
4964,44061410,4967222,49028632,1,0,0,48128,13,4259244815
4965,44081280,2828002,46909282,1,0,0,77824,13,3246840495
4966,44090780,3913954,48004734,4,0,0,109056,9,4444167740
4967,44092820,22220565,66313385,7,0,1,4608,1,3981296090
4968,44095230,3305685,47400915,9,0,0,512,1,10537148982
4969,44110870,22274698,66385568,3,0,1,11776,5,8877341673
4970,44115500,1956094,46071594,3,0,0,9728,5,1134881703
4971,44116690,2215338,46332028,9,0,0,4096,1,2888229606
4972,44117570,2304843,46422413,9,0,0,24576,1,862734804
4973,44123050,2282966,46406016,1,0,0,8192,13,7431164330
4974,44126270,2451022,46577292,2,0,0,16384,3,1694977546
4975,44128180,22297135,66425315,1,0,1,1024,13,6049859800
4976,44134190,22291148,66425338,2,0,1,7680,3,1994019962
4977,44144430,2810531,46954961,2,0,0,80896,3,2594494683
4978,44162300,3325171,47487471,1,0,0,25088,13,5767257451
4979,44182170,5090722,49272892,9,0,0,40960,1,3262354995
4980,44195530,4965036,49160566,9,0,0,71680,1,1949918519
4981,44197520,2883619,47081139,4,0,0,26112,9,10466893629
4982,44200960,2420551,46621511,1,0,0,8192,13,5775853607
4983,44218780,22213343,66432123,7,0,1,1536,1,10178520870
4984,44230540,22224725,66455265,7,0,1,7168,1,6348751881
4985,44232930,22222358,66455288,0,0,1,1024,19,4919882713
4986,44233120,22222199,66455319,5,0,1,512,9,4518955335
4987,44250040,2664101,46914141,3,0,0,15872,5,3050509146
4988,44276720,22182077,66458797,1,0,1,5632,13,7920262890
4989,44286730,3227911,47514641,5,0,0,3072,9,2270490734
4990,44298810,2799676,47098486,5,0,0,56832,9,1571939800
4991,44299650,22177036,66476686,7,0,1,6144,1,3238345336
4992,44315840,22166236,66482076,9,0,1,11264,1,3366778756
4993,44318810,22257735,66576545,2,0,1,14336,3,3555228042
4994,44324230,22254997,66579227,2,0,1,512,3,3614295709
4995,44330240,2775297,47105537,5,0,0,23040,9,2331855066
4996,44334840,2738320,47073160,4,0,0,40448,9,5423932364
4997,44335900,3845702,48181602,2,0,0,24576,3,7315629022
4998,44340850,22239363,66580213,8,0,1,1536,14,5085143241
4999,44341260,2102148,46443408,6,0,0,8192,2,4999840461
5000,44368291,2389927,46758218,8,0,0,3584,14,2109040875
5001,44381060,2787433,47168493,1,0,0,512,13,9407969853
5002,44404550,2126753,46531303,1,0,0,22528,13,2588877741
5003,44428140,2960675,47388815,4,0,0,19968,9,2348267567
5004,44437890,22144909,66582799,3,0,1,4096,5,5710178389
5005,44440350,2178582,46618932,0,0,0,9216,19,4440332730
5006,44444020,2185980,46630000,7,0,0,19456,1,3693836679
5007,44451150,2563676,47014826,5,0,0,41984,9,5936487076
5008,44456040,22263883,66719923,2,0,1,10240,3,4167052270
5009,44461970,22257976,66719946,3,0,1,12800,5,734537303
5010,44462330,2779074,47241404,7,0,0,6656,1,1720567797
5011,44467190,2593623,47060813,0,0,0,4096,19,3006139772
5012,44471540,22278456,66749996,5,0,1,2560,9,319065923
5013,44475140,2336830,46811970,3,0,0,26624,5,10243343009
5014,44476180,2762214,47238394,4,0,0,15872,9,5690424405
5015,44496610,2885960,47382570,3,0,0,35328,5,96141672
5016,44499640,3736424,48236064,9,0,0,35840,1,9269165255
5017,44506150,2891143,47397293,1,0,0,5120,13,834468056
5018,44514451,2815744,47330195,8,0,0,36352,14,2265447679
5019,44518630,2853107,47371737,1,0,0,68608,13,8624006601
5020,44528480,3196419,47724899,5,0,0,122368,9,8568308400
5021,44534190,2449211,46983401,2,0,0,3584,3,7894837621
5022,44534930,3903319,48438249,1,0,0,26624,13,9310067960
5023,44539330,2856372,47395702,2,0,0,22528,3,8086302673
5024,44546040,2693313,47239353,5,0,0,3072,9,8722877216
5025,44552150,2503001,47055151,1,0,0,512,13,5383116920
5026,44553010,3299028,47852038,2,0,0,22528,3,9172541296
5027,44567050,2783760,47350810,1,0,0,67584,13,7258887002
5028,44570370,2389762,46960132,0,0,0,16896,19,864325022
5029,44573140,4910664,49483804,4,0,0,30208,9,10002624020
5030,44574040,2541829,47115869,2,0,0,2560,3,8062316134
5031,44575340,22174679,66750019,1,0,1,2560,13,3351396749
5032,44580480,4814242,49394722,7,0,0,71680,1,2536306125
5033,44597720,2576903,47174623,7,0,0,13824,1,7631663841
5034,44608670,2899290,47507960,0,0,0,39424,19,4308216253
5035,44643240,22157635,66800875,9,0,1,12800,1,3292444173
5036,44645600,5032634,49678234,4,0,0,45056,9,398134543
5037,44646100,22328091,66974191,5,0,1,27136,9,7855113795
5038,44658610,2967258,47625868,4,0,0,19968,9,10710460467
5039,44658660,22413804,67072464,4,0,1,7168,9,1892563463
5040,44659920,22415130,67075050,1,0,1,4096,13,10154061036
5041,44660080,3358249,48018329,4,0,0,44544,9,179978024
5042,44665250,2627520,47292770,4,0,0,37888,9,6545001137
5043,44670410,22405716,67076126,2,0,1,13312,3,8489577116
5044,44677610,2765558,47443168,7,0,0,13312,1,6668962207
5045,44683550,2486838,47170388,9,0,0,6144,1,684423308
5046,44691170,2707550,47398720,1,0,0,4608,13,8003345487
5047,44711671,2569532,47281203,8,0,0,1536,14,6524072909
5048,44714200,22365152,67079352,0,0,1,5120,19,8404775946
5049,44717940,22370338,67088278,6,0,1,4608,2,415269729
5050,44721810,22380517,67102327,5,0,1,10752,9,10273646251
5051,44728540,22373810,67102350,5,0,1,8192,9,7192688641
5052,44734630,3216059,47950689,5,0,0,57344,9,8654243341
5053,44738220,22445301,67183521,3,0,1,512,5,10232482943
5054,44741551,3045838,47787389,8,0,0,44032,14,3839788642
5055,44742150,2844428,47586578,0,0,0,59392,19,6191305353
5056,44743640,22444935,67188575,4,0,1,16896,9,5103549944
5057,44759940,3776212,48536152,3,0,0,4096,5,7084352588
5058,44760100,22641895,67401995,3,0,1,13824,5,8467482797
5059,44766640,3287190,48053830,3,0,0,4608,5,7583388735
5060,44771110,2629626,47400736,0,0,0,5120,19,8299578276
5061,44772280,4289814,49062094,1,0,0,35840,13,4055263978
5062,44783500,4085654,48869154,4,0,0,18432,9,2993222145
5063,44788730,2688634,47477364,1,0,0,40960,13,8230523338
5064,44793920,2621782,47415702,0,0,0,1024,19,578611910
5065,44798970,3131489,47930459,9,0,0,18432,1,2300569198
5066,44801360,22681159,67482519,5,0,1,8192,9,629942614
5067,44815040,3156443,47971483,3,0,0,68096,5,5061511583
5068,44815550,22712280,67527830,6,0,1,6144,2,5821857719
5069,44820530,22742111,67562641,2,0,1,4608,3,7468072145
5070,44824580,5004093,49828673,7,0,0,51712,1,622110018
5071,44825970,2965966,47791936,4,0,0,14848,9,5213978224
5072,44834190,3010961,47845151,0,0,0,64512,19,7069377171
5073,44841040,22748877,67589917,2,0,1,3072,3,3192207744
5074,44845680,22753955,67599635,6,0,1,1536,2,68001840
5075,44848640,2745917,47594557,9,0,0,26112,1,9365989446
5076,44851190,3260491,48111681,1,0,0,30208,13,5018918923
5077,44865190,2813327,47678517,2,0,0,12288,3,1043195898
5078,44872900,3422734,48295634,5,0,0,29696,9,3214943283
5079,44896910,5345355,50242265,6,0,0,34304,2,5197263614
5080,44900110,3413126,48313236,7,0,0,3584,1,971883371
5081,44906830,3214022,48120852,9,0,0,1536,1,1007207556
5082,44910500,3208848,48119348,6,0,0,25088,2,5862867835
5083,44910680,22688978,67599658,4,0,1,6144,9,8415583452
5084,44926030,3108436,48034466,4,0,0,4608,9,9567388207
5085,44931090,2686310,47617400,3,0,0,8192,5,4910331870
5086,44941950,3178403,48120353,0,0,0,3072,19,7794104416
5087,44949290,4353394,49302684,2,0,0,5632,3,1682680063
5088,44974950,3058089,48033039,1,0,0,46080,13,10407085404
5089,44989200,2685550,47674750,5,0,0,13824,9,9373702047
5090,44998780,22600901,67599681,0,0,1,6656,19,7769043962
5091,45008150,5046176,50054326,0,0,0,111104,19,8678831363
5092,45013550,3980759,48994309,4,0,0,38400,9,9457209184
5093,45016830,3171503,48188333,6,0,0,22016,2,1929808658
5094,45017580,22647291,67664871,5,0,1,9216,9,8023809804
5095,45027280,2713398,47740678,7,0,0,51712,1,10011448234
5096,45030070,3179825,48209895,1,0,0,2560,13,2730182261
5097,45032561,4145078,49177639,8,0,0,20480,14,4627238231
5098,45036591,2783894,47820485,8,0,0,26624,14,4784466021
5099,45042550,3059881,48102431,0,0,0,56320,19,1743003641
5100,45043150,22621744,67664894,7,0,1,6656,1,7754301420
5101,45054440,2859125,47913565,7,0,0,20480,1,558410392
5102,45077800,3221343,48299143,0,0,0,1024,19,9301875830
5103,45089880,22575037,67664917,0,0,1,6656,19,144106205
5104,45097230,3049249,48146479,7,0,0,1024,1,4156127840
5105,45097650,22567298,67664948,5,0,1,12800,9,6069995749
5106,45107500,3275510,48383010,4,0,0,34304,9,5204681282
5107,45108890,2697665,47806555,4,0,0,12800,9,9918888879
5108,45130870,22534101,67664971,1,0,1,12288,13,6843244608
5109,45142110,22522884,67664994,4,0,1,4096,9,2651934757
5110,45174650,22490367,67665017,5,0,1,3584,9,9229521538
5111,45174660,3034432,48209092,2,0,0,24064,3,5679491120
5112,45197030,3434132,48631162,3,0,0,25600,5,9765078878
5113,45209990,2870288,48080278,2,0,0,10752,3,3752979279
5114,45237270,2666111,47903381,1,0,0,27648,13,6374516182
5115,45256600,5266034,50522634,4,0,0,26112,9,8998931800
5116,45266321,3221618,48487939,8,0,0,38400,14,7694303019
5117,45268690,2858768,48127458,6,0,0,17920,2,2453812041
5118,45271080,22432414,67703494,0,0,1,7680,19,7078715971
5119,45273500,3008196,48281696,3,0,0,31232,5,4764087150
5120,45291570,22681423,67972993,0,0,1,15360,19,5488366017
5121,45308790,22664226,67973016,3,0,1,6656,5,7452684224
5122,45312600,4048431,49361031,5,0,0,35328,9,1138599752
5123,45315900,22701305,68017205,6,0,1,5632,2,4999898278
5124,45322690,3236958,48559648,7,0,0,35840,1,3547570178
5125,45332581,3039954,48372535,8,0,0,7680,14,5827018240
5126,45335120,5303956,50639076,7,0,0,54272,1,4227276609
5127,45336371,2961782,48298153,8,0,0,8192,14,9616988308
5128,45339131,2914907,48254038,8,0,0,43520,14,8320593543
5129,45342820,3027352,48370172,2,0,0,8704,3,5298460235
5130,45351110,3002211,48353321,2,0,0,4096,3,4245467531
5131,45359000,2659976,48018976,2,0,0,2048,3,4629079562
5132,45363130,2874829,48237959,4,0,0,6144,9,7983206681
5133,45365730,2933070,48298800,0,0,0,2048,19,8509387316
5134,45366980,22774690,68141670,6,0,1,3072,2,2841738629
5135,45375861,5440033,50815894,8,0,0,105984,14,394179787
5136,45389390,22752303,68141693,9,0,1,7680,1,6211416174
5137,45395610,2726357,48121967,4,0,0,3584,9,3662523049
5138,45407091,2897714,48304805,8,0,0,7168,14,9162057739
5139,45408150,2929107,48337257,4,0,0,4608,9,9676487371
5140,45445300,3102931,48548231,4,0,0,27648,9,10493745283
5141,45478640,2807923,48286563,5,0,0,15872,9,10599963627
5142,45480690,2886807,48367497,6,0,0,33280,2,638996658
5143,45496000,2742606,48238606,0,0,0,2048,19,912421607
5144,45500570,2951453,48452023,6,0,0,25600,2,9195028863
5145,45501490,22640226,68141716,5,0,1,1536,9,3872307551
5146,45506730,3087688,48594418,2,0,0,7680,3,1663682634
5147,45527150,2994230,48521380,5,0,0,31232,9,4806913566
5148,45542260,22704380,68246640,2,0,1,26112,3,1579589372
5149,45547960,22799771,68347731,2,0,1,29696,3,5778700771
5150,45548250,22901528,68449778,1,0,1,8704,13,4205693787
5151,45554071,3305669,48859740,8,0,0,14336,14,5005766219
5152,45555970,22893831,68449801,6,0,1,4096,2,10312233763
5153,45561620,2893866,48455486,1,0,0,11264,13,6269913613
5154,45567310,2735288,48302598,3,0,0,11264,5,1448780712
5155,45578960,3101325,48680285,2,0,0,11264,3,7013271167
5156,45586630,3134419,48721049,0,0,0,31232,19,5195392987
5157,45600350,3212246,48812596,1,0,0,47104,13,411662929
5158,45607650,22846253,68453903,7,0,1,5632,1,7006960315
5159,45621460,22897995,68519455,5,0,1,1536,9,2265591703
5160,45627011,4164719,49791730,8,0,0,12288,14,9936511863
5161,45633140,3127676,48760816,4,0,0,43520,9,10296653088
5162,45635120,23076534,68711654,0,0,1,38912,19,2335756430
5163,45636800,2942714,48579514,9,0,0,29696,1,6913050550
5164,45663800,2923963,48587763,9,0,0,11776,1,4152646586
5165,45667530,23145674,68813204,5,0,1,5632,9,1392233828
5166,45691170,3274629,48965799,1,0,0,15872,13,8750853535
5167,45692520,2751680,48444200,5,0,0,19456,9,6776006594
5168,45702350,5184077,50886427,1,0,0,43008,13,6611320910
5169,45716580,3138769,48855349,7,0,0,15872,1,1259029625
5170,45742210,4007150,49749360,4,0,0,64000,9,8177953605
5171,45747830,3916653,49664483,6,0,0,54784,2,474416321
5172,45748590,3856958,49605548,0,0,0,2560,19,9807580221
5173,45800440,2764847,48565287,7,0,0,18432,1,8165666960
5174,45808700,23067614,68876314,5,0,1,512,9,3727755055
5175,45810550,2759893,48570443,7,0,0,7680,1,801464831
5176,45811540,4152984,49964524,7,0,0,5120,1,9230635864
5177,45813570,3147370,48960940,7,0,0,41984,1,5742939190
5178,45822040,23054297,68876337,0,0,1,1536,19,33025419
5179,45822580,2800759,48623339,7,0,0,19968,1,2321912060
5180,45836271,4230627,50066898,8,0,0,18944,14,10424112209
5181,45838370,23065006,68903376,9,0,1,6656,1,7654922641
5182,45845940,3257947,49103887,4,0,0,44032,9,7588292968
5183,45847860,2852681,48700541,4,0,0,7168,9,4791230095
5184,45854320,3920941,49775261,4,0,0,27648,9,7167101708
5185,45865040,2779245,48644285,4,0,0,21504,9,9404340409
5186,45882250,2909513,48791763,2,0,0,35328,3,5186890889
5187,45887470,23020643,68908113,5,0,1,3072,9,505769799
5188,45891590,23018238,68909828,2,0,1,7168,3,3110481393
5189,45899191,3272185,49171376,8,0,0,32768,14,4660310965
5190,45908750,23005645,68914395,7,0,1,4608,1,5787577420
5191,45913960,5024762,50938722,0,0,0,26112,19,5414453014
5192,45928120,3289870,49217990,2,0,0,53248,3,358200937
5193,45940980,22990243,68931223,3,0,1,4608,5,10384205460
5194,45952210,2911297,48863507,2,0,0,12288,3,4287124702
5195,45963770,3030874,48994644,0,0,0,1024,19,4457872753
5196,45964310,3230207,49194517,9,0,0,4096,1,721266579
5197,45970870,4246522,50217392,3,0,0,142336,5,204332649
5198,46001520,22930689,68932209,7,0,1,1536,1,2567398897
5199,46002590,5082783,51085373,4,0,0,39424,9,3909460524
5200,46010060,22923455,68933515,8,0,1,2048,14,8872545856
5201,46030190,3953522,49983712,0,0,0,43520,19,5591812599
5202,46034270,2913855,48948125,6,0,0,37888,2,4661253556
5203,46043000,3245781,49288781,9,0,0,39936,1,9991094986
5204,46081490,2969661,49051151,7,0,0,22016,1,8770821065
5205,46127690,22810331,68938021,5,0,1,7168,9,7423576110
5206,46129150,3475595,49604745,1,0,0,27136,13,3213243256
5207,46129380,5040010,51169390,1,0,0,34816,13,2762170883
5208,46131650,4154605,50286255,4,0,0,23552,9,591413054
5209,46155790,3376336,49532126,7,0,0,53248,1,9379634756
5210,46156380,22782102,68938482,3,0,1,10240,5,10001329607
5211,46172370,4059420,50231790,4,0,0,39936,9,8380928025
5212,46173350,22849231,69022581,4,0,1,1536,9,2285511982
5213,46191440,4381332,50572772,9,0,0,69120,1,4075898113
5214,46192680,4188008,50380688,7,0,0,512,1,4907883882
5215,46196620,3025917,49222537,0,0,0,14848,19,1567462360
5216,46200360,3513800,49714160,5,0,0,114176,9,7243766050
5217,46201180,3761761,49962941,4,0,0,68096,9,6396333977
5218,46238781,2997575,49236356,8,0,0,31744,14,3301221799
5219,46250190,4214348,50464538,3,0,0,22528,5,518647608
5220,46255580,3184740,49440320,0,0,0,3584,19,8690952646
5221,46271610,22757126,69028736,0,0,1,5632,19,1179947542
5222,46288340,2873029,49161369,6,0,0,2560,2,6566374151
5223,46296010,22733072,69029082,5,0,1,512,9,2330409740
5224,46299200,2766505,49065705,1,0,0,11776,13,7275469917
5225,46303450,22730138,69033588,6,0,1,7168,2,5794874376
5226,46304790,4457026,50761816,9,0,0,48640,1,5581465883
5227,46307620,4906391,51214011,6,0,0,3584,2,431489362
5228,46314820,3094612,49409432,3,0,0,5632,5,5096710074
5229,46336370,3096494,49432864,2,0,0,5632,3,6739716986
5230,46354240,2969260,49323500,4,0,0,512,9,8397060801
5231,46365890,3097367,49463257,1,0,0,62464,13,5061623982
5232,46374850,22659199,69034049,8,0,1,10240,14,2627066944
5233,46374990,2925955,49300945,7,0,0,8192,1,6212921244
5234,46378250,2911490,49289740,6,0,0,3072,2,2856676896
5235,46384180,2935801,49319981,9,0,0,512,1,237584307
5236,46390790,3016903,49407693,1,0,0,42496,13,5324661393
5237,46396640,2901786,49298426,5,0,0,27648,9,1667776453
5238,46400020,22648577,69048597,2,0,1,3072,3,6507954722
5239,46421590,3362616,49784206,1,0,0,12800,13,5985776738
5240,46422540,3422393,49844933,1,0,0,14336,13,10366574153
5241,46423940,3078695,49502635,7,0,0,5632,1,2498081164
5242,46427200,3106197,49533397,3,0,0,4096,5,464684698
5243,46447420,3282417,49729837,5,0,0,23040,9,7683923468
5244,46451410,3018460,49469870,3,0,0,8704,5,2749859251
5245,46451420,2911271,49362691,9,0,0,3584,1,3436843248
5246,46465770,4360131,50825901,0,0,0,32768,19,8579215213
5247,46474590,22575313,69049903,5,0,1,2048,9,5978503333
5248,46508970,3213816,49722786,6,0,0,9728,2,6188001600
5249,46509721,3073048,49582769,8,0,0,29696,14,5815684094
5250,46519090,3243786,49762876,9,0,0,11264,1,8806234865
5251,46526300,3549009,50075309,4,0,0,6144,9,2837478936
5252,46526560,2958671,49485231,1,0,0,4608,13,10143168240
5253,46527040,22523209,69050249,2,0,1,512,3,735478287
5254,46527820,3351619,49879439,4,0,0,22016,9,2966851836
5255,46541410,3137939,49679349,2,0,0,3584,3,777751445
5256,46547620,3472831,50020451,2,0,0,8704,3,1969676025
5257,46553100,3599329,50152429,0,0,0,4096,19,2856206358
5258,46553730,2981718,49535448,5,0,0,6656,9,1630008554
5259,46564770,22486465,69051235,7,0,1,1536,1,727882682
5260,46573230,4313532,50886762,0,0,0,1024,19,9871809377
5261,46585180,22467041,69052221,4,0,1,1536,9,5778867300
5262,46590430,3159296,49749726,5,0,0,512,9,5906839567
5263,46595810,3263481,49859291,6,0,0,41984,2,4292022885
5264,46631111,3088688,49719799,8,0,0,18432,14,2347344622
5265,46643880,22434272,69078152,3,0,1,8192,5,5998042440
5266,46650440,3336727,49987167,0,0,0,11264,19,5412195846
5267,46653700,2885951,49539651,5,0,0,2048,9,3559115747
5268,46660660,3607399,50268059,0,0,0,80384,19,1180408505
5269,46664580,22413595,69078175,2,0,1,6144,3,2223500605
5270,46672680,3339012,50011692,6,0,0,34816,2,6821979789
5271,46672720,3086701,49759421,0,0,0,31744,19,1763270841
5272,46720750,22374262,69095012,1,0,1,4096,13,586390845
5273,46730520,22407112,69137632,2,0,1,6144,3,2794954596
5274,46732080,3487519,50219599,3,0,0,7168,5,8775454992
5275,46736750,3012797,49749547,4,0,0,512,9,9561441456
5276,46752170,3110732,49862902,1,0,0,11776,13,5143497156
5277,46752210,3033390,49785600,5,0,0,3584,9,2281272483
5278,46753010,3593386,50346396,4,0,0,26112,9,3061773274
5279,46755350,3376287,50131637,4,0,0,29696,9,2759768807
5280,46772730,22364925,69137655,9,0,1,512,1,961843350
5281,46773730,4243194,51016924,3,0,0,37376,5,2101591124
5282,46778030,22359648,69137678,6,0,1,2048,2,4472454396
5283,46789140,4361716,51150856,7,0,0,26112,1,9728782131
5284,46793730,3069515,49863245,1,0,0,1024,13,456154612
5285,46797830,3353328,50151158,0,0,0,55808,19,10242588015
5286,46803360,3471461,50274821,2,0,0,15360,3,7652555583
5287,46824740,3540745,50365485,6,0,0,13312,2,253251303
5288,46835350,22342949,69178299,3,0,1,22016,5,6185456005
5289,46844460,3216643,50061103,4,0,0,8704,9,8574849976
5290,46873550,3220760,50094310,1,0,0,37376,13,10347190079
5291,46879670,3422036,50301706,9,0,0,30208,1,10633802577
5292,46881150,3177278,50058428,0,0,0,13312,19,4985992692
5293,46881980,3431183,50313163,6,0,0,4608,2,3786764359
5294,46883480,3274276,50157756,6,0,0,17408,2,10581307672
5295,46883500,22441454,69324954,5,0,1,4608,9,5856377626
5296,46892320,22433928,69326248,4,0,1,16384,9,9932934839
5297,46904870,22539610,69444480,5,0,1,6656,9,8192484216
5298,46906800,22553193,69459993,3,0,1,15872,5,5551437702
5299,46923830,22536186,69460016,3,0,1,6144,5,7398669351
5300,46938530,3226517,50165047,0,0,0,16384,19,9498396557
5301,46938920,3422486,50361406,0,0,0,19456,19,10653127988
5302,46952320,3459650,50411970,1,0,0,10752,13,5747425346
5303,46975950,3294168,50270118,2,0,0,6656,3,8211344389
5304,46982980,22480451,69463431,5,0,1,17920,9,1088718611
5305,46988750,3125634,50114384,2,0,0,16896,3,1139283675
5306,47004470,22598643,69603113,9,0,1,7168,1,665712993
5307,47005670,22597466,69603136,1,0,1,1024,13,8112940470
5308,47011560,22591599,69603159,4,0,1,3072,9,3434018710
5309,47012930,22650380,69663310,5,0,1,6144,9,1178342136
5310,47025100,3454437,50479537,9,0,0,49152,1,6438679852
5311,47048680,22619668,69668348,5,0,1,4096,9,3957126519
5312,47055440,3039205,50094645,5,0,0,1024,9,4822259893
5313,47058101,3424267,50482368,8,0,0,9216,14,5357131008
5314,47079180,22589191,69668371,7,0,1,6144,1,4032579703
5315,47083090,22847950,69931040,6,0,1,87040,2,2898670771
5316,47083790,22887029,69970819,7,0,1,1536,1,2647781630
5317,47088481,3155055,50243536,8,0,0,4096,14,4142594246
5318,47108250,3484247,50592497,7,0,0,46080,1,6412970614
5319,47132640,3611333,50743973,9,0,0,20480,1,1376826439
5320,47151580,3332550,50484130,9,0,0,5632,1,9755113120
5321,47152730,4202548,51355278,6,0,0,82432,2,1440153369
5322,47155200,3446368,50601568,6,0,0,29696,2,9914595906
5323,47155330,3156406,50311736,2,0,0,18944,3,8722575771
5324,47164560,3141381,50305941,6,0,0,13824,2,2215887804
5325,47187190,3149986,50337176,9,0,0,24064,1,9251976287
5326,47197481,3500317,50697798,8,0,0,24064,14,2056238895
5327,47198250,3178456,50376706,4,0,0,18944,9,2482168791
5328,47203760,3075296,50279056,0,0,0,13824,19,810448335
5329,47210520,22760322,69970842,8,0,1,512,14,4788219122
5330,47214260,22756605,69970865,7,0,1,2560,1,9331224136
5331,47215410,22755478,69970888,8,0,1,4096,14,364012089
5332,47244230,3196036,50440266,7,0,0,8192,1,5369555978
5333,47246630,22727892,69974522,5,0,1,4608,9,6383152784
5334,47249360,4238022,51487382,2,0,0,27136,3,2345392653
5335,47250850,3200768,50451618,1,0,0,10752,13,4694582985
5336,47258341,3195484,50453825,8,0,0,7168,14,6644800649
5337,47269950,3241258,50511208,4,0,0,5632,9,9211690208
5338,47276490,4034947,51311437,2,0,0,37888,3,4149447492
5339,47283770,3230425,50514195,4,0,0,9728,9,4835508626
5340,47290790,22683755,69974545,5,0,1,4608,9,8475544478
5341,47325510,3089976,50415486,7,0,0,3072,1,7208798917
5342,47341741,3265318,50607059,8,0,0,17920,14,3128888556
5343,47344320,22903124,70247444,6,0,1,135680,2,9160558370
5344,47357090,3220853,50577943,2,0,0,16896,3,7614833880
5345,47358790,22908139,70266929,7,0,1,8704,1,2049881503
5346,47371990,3113099,50485089,0,0,0,3072,19,8086071196
5347,47396090,23046806,70442896,9,0,1,39936,1,24144575
5348,47403360,3567553,50970913,4,0,0,7680,9,9328850065
5349,47403540,3243983,50647523,1,0,0,27648,13,4695747514
5350,47405010,3126218,50531228,4,0,0,6144,9,5059655084
5351,47408860,3438802,50847662,3,0,0,35840,5,10667038849
5352,47410181,3140449,50550630,8,0,0,1024,14,3787189144
5353,47412340,4166873,51579213,6,0,0,3584,2,9866343736
5354,47425870,3152564,50578434,4,0,0,1536,9,4976050592
5355,47430340,23017944,70448284,3,0,1,17408,5,6954943168
5356,47434580,3402131,50836711,7,0,0,32768,1,2340822989
5357,47436440,3301270,50737710,3,0,0,32768,5,6388463279
5358,47440410,3172912,50613322,5,0,0,20480,9,1434327715
5359,47441130,3385574,50826704,5,0,0,2560,9,10173190447
5360,47443310,4247342,51690652,1,0,0,34304,13,8420427034
5361,47446380,3421897,50868277,4,0,0,67584,9,2606451033
5362,47448610,3233396,50682006,3,0,0,11264,5,7332944056
5363,47459820,22993290,70453110,8,0,1,7680,14,2477169443
5364,47462420,3321159,50783579,4,0,0,4096,9,1288515225
5365,47466460,3559535,51025995,5,0,0,29696,9,528816919
5366,47467610,3982030,51449640,9,0,0,53248,1,3822070882
5367,47489130,3426612,50915742,1,0,0,6144,13,8707007545
5368,47502290,3280018,50782308,5,0,0,36864,9,3825046992
5369,47503390,3201058,50704448,3,0,0,512,5,10480587677
5370,47517560,22946051,70463611,8,0,1,6144,14,7217284711
5371,47529900,3382433,50912333,5,0,0,28672,9,290392783
5372,47540280,22925632,70465912,0,0,1,10240,19,3189403582
5373,47566550,3333473,50900023,4,0,0,19968,9,8785676291
5374,47567900,3391237,50959137,1,0,0,39424,13,9651884629
5375,47570080,3435433,51005513,5,0,0,34816,9,1730004728
5376,47573730,3698365,51272095,7,0,0,106496,1,8002619205
5377,47592600,22915025,70507625,3,0,1,3584,5,3547325760
5378,47601690,3772175,51373865,3,0,0,60928,5,6045195737
5379,47602820,3270480,50873300,1,0,0,16384,13,4172906371
5380,47606280,3530152,51136432,2,0,0,29184,3,10272860997
5381,47638030,3559087,51197117,4,0,0,1024,9,1055616749
5382,47638740,22868908,70507648,0,0,1,512,19,5726981471
5383,47639000,22868671,70507671,7,0,1,12288,1,8686168009
5384,47643140,3398486,51041626,5,0,0,51200,9,2945614481
5385,47653920,3762564,51416484,2,0,0,90624,3,6734448997
5386,47655790,3539815,51195605,0,0,0,6144,19,10084748011
5387,47666590,3622376,51288966,0,0,0,55296,19,5508268958
5388,47676310,22908926,70585236,9,0,1,26112,1,5969482292
5389,47681071,3839704,51520775,8,0,0,11264,14,10598718459
5390,47689660,22895599,70585259,0,0,1,4096,19,9029280223
5391,47699650,3621418,51321068,3,0,0,28160,5,6563974316
5392,47700780,3512116,51212896,5,0,0,41984,9,1719759389
5393,47700990,3472011,51173001,2,0,0,11776,3,1825550862
5394,47711931,3397197,51109128,8,0,0,2560,14,7637300770
5395,47712230,3577227,51289457,6,0,0,1536,2,1213685503
5396,47712340,22912465,70624805,5,0,1,45056,9,2263485688
5397,47715891,3818945,51534836,8,0,0,36864,14,8113596858
5398,47719040,22941144,70660184,8,0,1,10752,14,7959967680
5399,47729510,3470571,51200081,3,0,0,5632,5,1936564476
5400,47729800,4205538,51935338,1,0,0,125440,13,6657893352
5401,47738460,3437974,51176434,9,0,0,3072,1,5982376808
5402,47745460,3708259,51453719,9,0,0,13312,1,4889765081
5403,47751610,3630592,51382202,2,0,0,27136,3,5151463176
5404,47752200,22946290,70698490,0,0,1,1536,19,305091591
5405,47754480,4416218,52170698,4,0,0,43008,9,971582705
5406,47767620,23207397,70975017,6,0,1,84992,2,2990140718
5407,47775700,23228379,71004079,4,0,1,1024,9,6788639806
5408,47778271,4277533,52055804,8,0,0,26112,14,10425699628
5409,47808820,3654773,51463593,5,0,0,20992,9,8892590224
5410,47821040,3396810,51217850,2,0,0,3072,3,9112385692
5411,47837450,3699735,51537185,3,0,0,3584,5,8141676277
5412,47842030,3680395,51522425,3,0,0,512,5,3233563370
5413,47846139,23159246,71005385,1,0,1,2048,13,935232086
5414,47847350,4323573,52170923,5,0,0,512,9,4051947353
5415,47855890,3889192,51745082,0,0,0,103424,19,8152312193
5416,47893070,3720033,51613103,1,0,0,4608,13,1100875484
5417,47905020,3705887,51610907,5,0,0,27648,9,455138786
5418,47912130,3545044,51457174,4,0,0,11264,9,4530931153
5419,47924660,3496527,51421187,9,0,0,15360,1,3860735886
5420,47928740,3856096,51784836,5,0,0,56832,9,4938319198
5421,47931140,3532944,51464084,9,0,0,1536,1,7825014321
5422,47935100,3757915,51693015,0,0,0,7680,19,3373136572
5423,47951790,3917989,51869779,1,0,0,55808,13,77796786
5424,47958100,4317582,52275682,5,0,0,23040,9,4730487637
5425,47959650,3994751,51954401,5,0,0,25600,9,7908486703
5426,47966850,3885902,51852752,1,0,0,14336,13,5710317007
5427,47975610,3782801,51758411,7,0,0,512,1,7737693892
5428,47979000,3779232,51758232,7,0,0,2048,1,7065479625
5429,47981220,4175236,52156456,6,0,0,160256,2,9133970420
5430,48014580,3486029,51500609,0,0,0,10752,19,6084465766
5431,48024500,3733085,51757585,3,0,0,40960,5,10471939870
5432,48042581,3832369,51874950,8,0,0,16896,14,61941608
5433,48042591,3996319,52038910,8,0,0,27648,14,7189459517
5434,48053120,3660427,51713547,4,0,0,14848,9,2777018657
5435,48065950,22950347,71016297,1,0,1,5632,13,1003846843
5436,48066880,4193992,52260872,1,0,0,42496,13,6620347181
5437,48069460,22968550,71038010,5,0,1,23552,9,9613912408
5438,48071221,3868352,51939573,8,0,0,13824,14,1667183078
5439,48082360,3730704,51813064,7,0,0,7168,1,6373033648
5440,48084210,3721879,51806089,7,0,0,8704,1,3444570371
5441,48084470,3893304,51977774,0,0,0,39424,19,5638454266
5442,48090580,3908568,51999148,4,0,0,18944,9,5491034372
5443,48097470,23147379,71244849,6,0,1,47616,2,9446788680
5444,48097769,23148386,71246155,1,0,1,2048,13,311251457
5445,48103900,4278281,52382181,5,0,0,51200,9,509823834
5446,48108880,4168697,52277577,1,0,0,6144,13,9041351521
5447,48121090,3546007,51667097,5,0,0,25600,9,9516693860
5448,48136660,3929871,52066531,3,0,0,1024,5,5036864301
5449,48152390,3912508,52064898,4,0,0,17408,9,9968304276
5450,48152670,3941122,52093792,4,0,0,39424,9,7783013668
5451,48161190,3676043,51837233,5,0,0,30720,9,9176051333
5452,48173829,23116123,71289952,1,0,1,6144,13,5467708822
5453,48182380,3693841,51876221,6,0,0,4096,2,7418318821
5454,48186620,4195904,52382524,7,0,0,1024,1,3184613733
5455,48196131,3680737,51876868,8,0,0,2048,14,10242492566
5456,48203470,4273121,52476591,5,0,0,32256,9,1411086449
5457,48205730,3891517,52097247,9,0,0,11264,1,6678098160
5458,48206050,23083925,71289975,6,0,1,1024,2,1574706236
5459,48212750,3835075,52047825,4,0,0,29184,9,10651610342
5460,48214640,4390866,52605506,0,0,0,38912,19,2095128877
5461,48218710,3938861,52157571,5,0,0,3584,9,9425190981
5462,48222140,3971880,52194020,3,0,0,45056,5,9503936442
5463,48222710,23067288,71289998,8,0,1,7168,14,425770571
5464,48226100,3833471,52059571,2,0,0,12288,3,6268680639
5465,48228190,23076986,71305176,8,0,1,15360,14,1294557028
5466,48244930,4071826,52316756,2,0,0,14336,3,9708965362
5467,48246300,4293323,52539623,5,0,0,12800,9,10190938320
5468,48246550,4001351,52247901,5,0,0,90624,9,5673903194
5469,48259640,23077483,71337123,0,0,1,30720,19,4417456317
5470,48261450,3678770,51940220,5,0,0,2048,9,6022192073
5471,48278400,3828016,52106416,0,0,0,3072,19,7281287062
5472,48279730,4064586,52344316,4,0,0,10240,9,2153991747
5473,48282620,4294653,52577273,6,0,0,9216,2,4205772275
5474,48290190,4196476,52486666,0,0,0,27648,19,5940704545
5475,48293500,4018865,52312365,9,0,0,32768,1,5728553376
5476,48294080,3661280,51955360,5,0,0,3072,9,9164547788
5477,48297741,4156213,52453954,8,0,0,36352,14,3854557705
5478,48319600,3858798,52178398,9,0,0,16384,1,7660221061
5479,48329840,23024303,71354143,9,0,1,18432,1,4006720747
5480,48330250,3887566,52217816,6,0,0,42496,2,3567755964
5481,48337280,3988578,52325858,5,0,0,11264,9,3960565615
5482,48345280,4050394,52395674,1,0,0,5120,13,10596049122
5483,48351800,4208492,52560292,9,0,0,20480,1,4223334771
5484,48358370,3925938,52284308,6,0,0,22016,2,4541370915
5485,48364211,4029880,52394091,8,0,0,37888,14,7719990441
5486,48368880,4491574,52860454,9,0,0,67584,1,4718289594
5487,48370750,3951645,52322395,7,0,0,18432,1,10430413498
5488,48372190,3956317,52328507,9,0,0,1024,1,9818774488
5489,48372400,4070455,52442855,1,0,0,48640,13,10207242121
5490,48375280,4391326,52766606,3,0,0,83968,5,948704321
5491,48399920,23029559,71429479,4,0,1,3072,9,6049324303
5492,48413910,4003204,52417114,2,0,0,6144,3,4513421701
5493,48416290,23014367,71430657,5,0,1,13824,9,7671992027
5494,48490780,23058900,71549680,0,0,1,28672,19,6667916385
5495,48492230,4208701,52700931,9,0,0,35328,1,7590776120
5496,48494110,4033050,52527160,7,0,0,8192,1,1965366594
5497,48495290,23458866,71954156,6,0,1,144384,2,3436069133
5498,48499150,4120968,52620118,2,0,0,27136,3,2531636140
5499,48508300,4041798,52550098,1,0,0,34304,13,6289229138
5500,48514510,3945395,52459905,9,0,0,19456,1,2477430043
5501,48522090,4479587,53001677,2,0,0,23040,3,8672931692
5502,48541490,4327746,52869236,2,0,0,512,3,6634326877
5503,48544100,4178694,52722794,1,0,0,71680,13,5979933446
5504,48545060,4600016,53145076,2,0,0,30720,3,7205374556
5505,48545790,23419332,71965122,9,0,1,6656,1,4229807861
5506,48554000,4009279,52563279,6,0,0,9728,2,5288604741
5507,48564500,23400645,71965145,4,0,1,11776,9,9121035380
5508,48577911,4162597,52740508,8,0,0,12800,14,4424217293
5509,48584100,23381068,71965168,9,0,1,2048,1,9758130505
5510,48635341,3918680,52554021,8,0,0,12800,14,8762542221
5511,48641580,23381699,72023279,2,0,1,4608,3,7690368904
5512,48652020,3941607,52593627,5,0,0,16384,9,10434056859
5513,48659890,3924426,52584316,1,0,0,23040,13,3902626834
5514,48695110,23328192,72023302,2,0,1,8192,3,5099124202
5515,48699010,3800858,52499868,1,0,0,2560,13,6497718541
5516,48713320,4027679,52740999,5,0,0,1536,9,8478851413
5517,48728820,23625390,72354210,4,0,1,147456,9,2256640952
5518,48733080,4035577,52768657,7,0,0,6656,1,1777504404
5519,48737400,23719613,72457013,7,0,1,5632,1,593735421
5520,48738231,3936943,52675174,8,0,0,41472,14,1223444386
5521,48754580,4186088,52940668,9,0,0,2048,1,2390781389
5522,48755670,23736639,72492309,9,0,1,27648,1,4914807613
5523,48762790,3926189,52688979,7,0,0,18944,1,9493173503
5524,48771170,4184061,52955231,1,0,0,17920,13,9333058676
5525,48774780,23729853,72504633,2,0,1,3072,3,32141818
5526,48784230,4109852,52894082,6,0,0,9216,2,4262062903
5527,48790169,23734953,72525122,1,0,1,22528,13,5745994526
5528,48795600,4073457,52869057,7,0,0,28160,1,7095357496
5529,48799780,4210188,53009968,7,0,0,27136,1,4990623549
5530,48804851,4209843,53014694,8,0,0,12800,14,6054718282
5531,48816610,3999305,52815915,7,0,0,8704,1,3696824219
5532,48817880,3978139,52796019,6,0,0,23040,2,2152791696
5533,48823891,3911773,52735664,8,0,0,41984,14,1388778191
5534,48828310,23757033,72585343,8,0,1,14336,14,10532347361
5535,48836610,4157265,52993875,1,0,0,15360,13,1712379595
5536,48842480,4083380,52925860,5,0,0,54272,9,10655329953
5537,48861060,23724306,72585366,7,0,1,4096,1,4488032626
5538,48862920,24559128,73422048,4,0,1,482304,9,677744199
5539,48863240,4173535,53036775,3,0,0,3584,5,9530714328
5540,48867260,4307129,53174389,2,0,0,10240,3,9705059030
5541,48872560,4476575,53349135,4,0,0,92672,9,6133201474
5542,48874100,4173062,53047162,5,0,0,13312,9,5163808516
5543,48888210,24686360,73574570,4,0,1,77312,9,427767204
5544,48892819,24681774,73574593,1,0,1,1536,13,2260296166
5545,48929190,3979437,52908627,5,0,0,13312,9,7495371114
5546,48932950,24641666,73574616,2,0,1,1024,3,3994002199
5547,48935280,4053892,52989172,7,0,0,35840,1,10667538933
5548,48935520,3873651,52809171,7,0,0,11776,1,8776932732
5549,48937179,24637460,73574639,1,0,1,1024,13,7412500705
5550,48952730,4169778,53122508,5,0,0,28672,9,8565072625
5551,48955930,3920224,52876154,2,0,0,10240,3,4434770332
5552,48956910,3916093,52873003,6,0,0,12288,2,3383180169
5553,48960650,24871385,73832035,8,0,1,162304,14,4049096163
5554,48964780,3964633,52929413,5,0,0,2048,9,4238187846
5555,48977720,4148699,53126419,7,0,0,10240,1,6272198815
5556,48983260,4052400,53035660,4,0,0,24064,9,10079595159
5557,48987130,4235963,53223093,9,0,0,14336,1,8399118071
5558,48989980,4038317,53028297,7,0,0,44544,1,4809295311
5559,48993950,4630633,53624583,1,0,0,52224,13,8552449899
5560,49003590,4034144,53037734,4,0,0,3072,9,4367002213
5561,49014710,3996061,53010771,1,0,0,2560,13,8321560090
5562,49037620,3909604,52947224,5,0,0,1024,9,3589045681
5563,49040400,4138848,53179248,1,0,0,15872,13,8542385254
5564,49044781,4234922,53279703,8,0,0,26112,14,7615134013
5565,49049810,4713311,53763121,1,0,0,89088,13,2959125553
5566,49065819,24766239,73832058,1,0,1,4096,13,9570552718
5567,49066910,4601611,53668521,1,0,0,13824,13,6678279782
5568,49079120,4157529,53236649,5,0,0,4608,9,3956401500
5569,49094600,4157928,53252528,2,0,0,29696,3,4067218087
5570,49109970,4061276,53171246,6,0,0,31232,2,5642947324
5571,49123840,4306616,53430456,1,0,0,55808,13,1750735036
5572,49127230,4413783,53541013,7,0,0,38912,1,634792867
5573,49127870,4090832,53218702,1,0,0,24576,13,7156687106
5574,49130870,24742510,73873380,4,0,1,55296,9,10522360368
5575,49131100,4219306,53350406,1,0,0,4096,13,9544449427
5576,49135540,4021686,53157226,3,0,0,8704,5,6327137481
5577,49142820,4223989,53366809,1,0,0,53760,13,5184387275
5578,49154210,4486175,53640385,4,0,0,16384,9,913508755
5579,49155520,24717883,73873403,0,0,1,1536,19,6921423942
5580,49155920,4308145,53464065,3,0,0,2048,5,3503029766
5581,49156210,24717216,73873426,9,0,1,5120,1,10059163788
5582,49163560,4316226,53479786,3,0,0,2048,5,8651227389
5583,49195011,4185336,53380347,8,0,0,33792,14,5104221781
5584,49199610,4320347,53519957,6,0,0,7168,2,6383935626
5585,49203600,4255427,53459027,9,0,0,93696,1,5162490792
5586,49211630,4254798,53466428,5,0,0,7680,9,4877252567
5587,49212320,4187444,53399764,9,0,0,2048,1,3578133963
5588,49224550,24757156,73981706,8,0,1,79360,14,9021413640
5589,49228760,4183916,53412676,6,0,0,1536,2,3898075043
5590,49229180,4345685,53574865,4,0,0,16384,9,4328889501
5591,49231960,4275291,53507251,7,0,0,17408,1,3895202196
5592,49269750,4221481,53491231,6,0,0,32256,2,5940545115
5593,49281390,4525557,53806947,1,0,0,39424,13,9670909734
5594,49281940,4181478,53463418,2,0,0,14336,3,4638094847
5595,49287490,4347880,53635370,6,0,0,35328,2,10125084176
5596,49289450,4267727,53557177,9,0,0,22016,1,1045228050
5597,49294321,4533612,53827933,8,0,0,7168,14,9980660565
5598,49297120,24685047,73982167,5,0,1,10240,9,9660366750
5599,49307050,4378620,53685670,9,0,0,27648,1,5819451664
5600,49309440,4387017,53696457,2,0,0,35328,3,4510575235
5601,49338170,24683141,74021311,4,0,1,48128,9,10584440664
5602,49338830,4568506,53907336,3,0,0,38912,5,2602242701
5603,49346260,4312878,53659138,2,0,0,4608,3,9267721700
5604,49350310,24693635,74043945,7,0,1,8192,1,5380421401
5605,49361930,4416057,53777987,6,0,0,30720,2,303312005
5606,49380511,4612400,53992911,8,0,0,35328,14,6117109380
5607,49383360,4669817,54053177,7,0,0,20992,1,9953476987
5608,49384100,4730779,54114879,2,0,0,55296,3,7380673591
5609,49384570,24689337,74073907,0,0,1,18944,19,4819850015
5610,49396240,4372364,53768604,4,0,0,17920,9,1981701399
5611,49399520,4605475,54004995,5,0,0,6656,9,6292899877
5612,49406870,4451806,53858676,4,0,0,45568,9,5297015458
5613,49409120,4540951,53950071,5,0,0,53248,9,2996443094
5614,49410429,24667984,74078413,1,0,1,7168,13,5596275013
5615,49416660,4504606,53921266,4,0,0,512,9,8977562319
5616,49417330,4377528,53794858,1,0,0,55296,13,7988459965
5617,49421320,4444867,53866187,2,0,0,24576,3,10412804009
5618,49435370,5195170,54630540,7,0,0,9216,1,6180059313
5619,49452690,4594045,54046735,3,0,0,105984,5,6294813387
5620,49457620,4665280,54122900,5,0,0,9728,9,9078014797
5621,49473330,4644715,54118045,4,0,0,10240,9,909666612
5622,49486890,4434197,53921087,1,0,0,45056,13,1716501516
5623,49487040,4688847,54175887,5,0,0,94208,9,5625864569
5624,49487090,24593480,74080570,7,0,1,2048,1,6567944376
5625,49489670,4504044,53993714,6,0,0,2560,2,9579587816
5626,49495160,24585564,74080724,9,0,1,8704,1,431008902
5627,49537020,4660464,54197484,7,0,0,24576,1,6138307679
5628,49553410,24529260,74082670,7,0,1,3072,1,9585515419
5629,49562530,5153411,54715941,5,0,0,8704,9,10159000215
5630,49574240,24516535,74090775,6,0,1,14336,2,4012530074
5631,49576240,25061888,74638128,6,0,1,253440,2,9938999784
5632,49577860,25060934,74638794,0,0,1,1024,19,7338572835
5633,49583390,25077266,74660656,9,0,1,5120,1,8715111051
5634,49583570,4620021,54203591,1,0,0,19968,13,1233743890
5635,49585040,25076602,74661642,9,0,1,1536,1,2572624610
5636,49622041,4567909,54189950,8,0,0,46080,14,1748737989
5637,49622630,4638447,54261077,1,0,0,29696,13,8160031379
5638,49630090,25035738,74665828,5,0,1,6656,9,1626852452
5639,49632030,4424986,54057016,4,0,0,1536,9,8623917256
5640,49644920,4723950,54368870,3,0,0,28160,5,10644687630
5641,49645740,4731980,54377720,3,0,0,18944,5,1498638414
5642,49650330,25016164,74666494,3,0,1,1024,5,3121990455
5643,49651051,4561438,54212489,8,0,0,7168,14,5229332000
5644,49664970,25318664,74983634,4,0,1,142336,9,8958886849
5645,49673800,25345075,75018875,3,0,1,4608,5,602768603
5646,49675570,4902022,54577592,6,0,0,13312,2,9231607693
5647,49687900,4958326,54646226,9,0,0,512,1,8968143770
5648,49689210,5146045,54835255,4,0,0,9216,9,5500277115
5649,49702481,4788262,54490743,8,0,0,108032,14,2216366799
5650,49704280,5063788,54768068,3,0,0,3584,5,1665472383
5651,49715310,5097442,54812752,4,0,0,31744,9,2271228515
5652,49715660,25316037,75031697,5,0,1,17920,9,4435944050
5653,49718210,4806893,54525103,7,0,0,90112,1,4324178002
5654,49720140,4835977,54556117,9,0,0,14336,1,6514987367
5655,49748120,4879589,54627709,7,0,0,21504,1,7814184208
5656,49748410,25329807,75078217,4,0,1,5632,9,8850136701
5657,49748780,25330731,75079511,4,0,1,19968,9,4113729674
5658,49753760,4776982,54530742,6,0,0,18432,2,10213420776
5659,49764760,4932545,54697305,7,0,0,55808,1,1472716357
5660,49771130,25324518,75095648,4,0,1,22016,9,4888454729
5661,49780430,4757823,54538253,0,0,0,24576,19,5712049434
5662,49781191,5118575,54899766,8,0,0,51712,14,7492648292
5663,49781480,5361255,55142735,5,0,0,5632,9,6228779156
5664,49787610,4631841,54419451,0,0,0,22016,19,9465496708
5665,49794870,4662934,54457804,4,0,0,18944,9,7590029359
5666,49795310,5125787,54921097,1,0,0,27648,13,6452331151
5667,49795750,25360005,75155755,0,0,1,10752,19,4382130765
5668,49809871,4485949,54295820,8,0,0,16384,14,3750207761
5669,49812310,4938956,54751266,9,0,0,4096,1,8923743784
5670,49826890,5482641,55309531,1,0,0,28672,13,2267191432
5671,49828280,4540769,54369049,6,0,0,512,2,5145687594
5672,49829360,5545507,55374867,2,0,0,40960,3,724793969
5673,49836430,4659374,54495804,4,0,0,6656,9,9185673677
5674,49845680,4736459,54582139,7,0,0,14848,1,7265312783
5675,49849290,5143940,54993230,3,0,0,29184,5,10372989782
5676,49861890,4998496,54860386,4,0,0,52736,9,6069984681
5677,49865520,25325778,75191298,6,0,1,25600,2,545417525
5678,49877751,5233942,55111693,8,0,0,76288,14,9681842788
5679,49878470,4728252,54606722,5,0,0,18944,9,3747126751
5680,49878790,4888163,54766953,9,0,0,45056,1,3301342117
5681,49889640,4847301,54736941,9,0,0,7168,1,6722041676
5682,49896560,25336671,75233231,9,0,1,12288,1,9627808524
5683,49912540,25321357,75233897,9,0,1,1024,1,4743488970
5684,49920230,4777566,54697796,9,0,0,1536,1,7666240336
5685,49932750,4801984,54734734,9,0,0,512,1,2290167505
5686,49937820,4717700,54655520,5,0,0,1536,9,4779873025
5687,49943630,4968997,54912627,6,0,0,41984,2,6154740617
5688,49969761,5494648,55464409,8,0,0,6656,14,7191316097
5689,49969950,25267173,75237123,2,0,1,5120,3,3932736388
5690,49970180,5487422,55457602,3,0,0,6656,5,9028473447
5691,49970260,4806312,54776572,7,0,0,5632,1,4601352134
5692,50006331,5005105,55011436,8,0,0,10752,14,9044534974
5693,50017460,4925558,54943018,0,0,0,4096,19,9171849947
5694,50027170,4789372,54816542,7,0,0,12288,1,4727309558
5695,50047580,25190849,75238429,5,0,1,2048,9,4212528250
5696,50051660,5130380,55182040,3,0,0,54784,5,6917632213
5697,50054340,25642592,75696932,8,0,1,229376,14,165415266
5698,50064240,4947531,55011771,2,0,0,1024,3,4719540667
5699,50079440,5499481,55578921,5,0,0,54784,9,656893539
5700,50113441,4923336,55036777,8,0,0,2048,14,3222651598
5701,50121390,25576559,75697949,5,0,1,2048,9,7416703505
5702,50123370,5617089,55740459,7,0,0,23552,1,9214207587
5703,50134141,4831446,54965587,8,0,0,11264,14,4304169608
5704,50134500,5006496,55140996,7,0,0,13824,1,9796957532
5705,50135100,25586798,75721898,0,0,1,2560,19,5454026057
5706,50140830,5212869,55353699,1,0,0,47104,13,9883148662
5707,50155150,5753136,55908286,3,0,0,36352,5,7848791376
5708,50159250,4971209,55130459,1,0,0,1536,13,626184367
5709,50162970,4837902,55000872,9,0,0,10240,1,4001091154
5710,50172070,5820138,55992208,7,0,0,8192,1,8638162567
5711,50175590,25546331,75721921,0,0,1,9728,19,8455486733
5712,50185111,5358444,55543555,8,0,0,8192,14,5153207448
5713,50186370,25573769,75760139,4,0,1,14336,9,10293629416
5714,50188260,25599967,75788227,3,0,1,17920,5,5292313021
5715,50192010,25800807,75992817,8,0,1,143872,14,9172846699
5716,50203350,4831307,55034657,1,0,0,49152,13,1586962666
5717,50219750,25774053,75993803,2,0,1,1536,3,4437032208
5718,50236751,5011763,55248514,8,0,0,4096,14,6126877127
5719,50243341,4988319,55231660,8,0,0,56320,14,8567558111
5720,50250990,25743377,75994367,7,0,1,10752,1,1239529927
5721,50253740,26170091,76423831,6,0,1,227328,2,66848694
5722,50256171,4873797,55129968,8,0,0,59904,14,9160588270
5723,50259360,5948380,56207740,2,0,0,32768,3,6727407988
5724,50299500,5296171,55595671,9,0,0,17920,1,9004044153
5725,50338400,5041950,55380350,2,0,0,17920,3,2205575873
5726,50340720,5438481,55779201,2,0,0,93696,3,886718359
5727,50344031,5802969,56147000,8,0,0,46080,14,1263904295
5728,50350190,4685917,55036107,3,0,0,4608,5,4979186687
5729,50356480,4780258,55136738,7,0,0,20480,1,4759529187
5730,50398600,4613506,55012106,5,0,0,1024,9,6107772854
5731,50406440,5536364,55942804,4,0,0,2048,9,2796499683
5732,50423230,5091296,55514526,1,0,0,19456,13,1235301507
5733,50438770,4973840,55412610,2,0,0,50176,3,6413158234
5734,50440430,26059368,76499798,8,0,1,65024,14,6985608731
5735,50460410,26073590,76534000,2,0,1,4096,3,8272677880
5736,50463980,4836792,55300772,4,0,0,40448,9,5785486168
5737,50470379,26063644,76534023,1,0,1,3072,13,1359430270
5738,50482440,5148280,55630720,4,0,0,52736,9,96432317
5739,50482830,26074743,76557573,3,0,1,11776,5,2208675239
5740,50488480,5677823,56166303,2,0,0,10752,3,8688056821
5741,50491260,5207650,55698910,4,0,0,43520,9,287236068
5742,50492399,26066023,76558422,1,0,1,14848,13,10600812153
5743,50505690,26054678,76560368,4,0,1,3072,9,47847503
5744,50514680,26095425,76610105,6,0,1,72192,2,3571952102
5745,50515320,26117740,76633060,0,0,1,5120,19,2241591335
5746,50518200,26463321,76981521,6,0,1,246272,2,6119508247
5747,50522511,4933040,55455551,8,0,0,85504,14,1942332608
5748,50529130,5114993,55644123,1,0,0,7168,13,3593007350
5749,50532140,26469572,77001712,0,0,1,3072,19,1105218839
5750,50537430,5692625,56230055,7,0,0,55808,1,3061339783
5751,50548460,5761617,56310077,2,0,0,14848,3,3850661585
5752,50556200,4945425,55501625,1,0,0,44032,13,1199527190
5753,50556440,26461169,77017609,8,0,1,33280,14,8494094719
5754,50562050,5188572,55750622,5,0,0,33280,9,2622463182
5755,50563510,5689308,56252818,1,0,0,8192,13,4689715311
5756,50583011,5334970,55917981,8,0,0,31744,14,4451553022
5757,50595020,5529869,56124889,3,0,0,81408,5,4392767106
5758,50607360,4821934,55429294,5,0,0,20480,9,7882131413
5759,50608310,6025164,56633474,9,0,0,34816,1,5948981292
5760,50609660,26409127,77018787,5,0,1,13824,9,2129268028
5761,50619700,5039646,55659346,9,0,0,24576,1,6938296179
5762,50622250,5540754,56163004,4,0,0,33792,9,8333630661
5763,50645070,5088190,55733260,9,0,0,24064,1,9847754883
5764,50646190,26436479,77082669,9,0,1,9216,1,6207605159
5765,50653190,26429502,77082692,2,0,1,6656,3,5300130429
5766,50664930,5020519,55685449,4,0,0,14848,9,8664103434
5767,50665850,26446224,77112074,4,0,1,35840,9,6801628238
5768,50667240,26665653,77332893,8,0,1,146944,14,10570470730
5769,50674441,4797419,55471860,8,0,0,1536,14,9555740595
5770,50682310,5370786,56053096,5,0,0,21504,9,1066259559
5771,50685280,5252382,55937662,3,0,0,11776,5,7202113153
5772,50695591,5780203,56475794,8,0,0,28160,14,4597696457
5773,50698660,5010101,55708761,7,0,0,32256,1,10404150884
5774,50702160,5995921,56698081,5,0,0,27136,9,10358045495
5775,50703270,5675040,56378310,3,0,0,117248,5,2408614706
5776,50703290,5169341,55872631,5,0,0,46080,9,7607515842
5777,50729910,5932598,56662508,5,0,0,91136,9,95860139
5778,50741320,26818257,77559577,8,0,1,173056,14,8684454705
5779,50756030,5522435,56278465,5,0,0,28672,9,7400339440
5780,50765060,5267696,56032756,9,0,0,40448,1,9671120705
5781,50777140,5287546,56064686,4,0,0,33280,9,3134500089
5782,50785710,4886650,55672360,1,0,0,13312,13,5389708217
5783,50790030,5743232,56533262,2,0,0,51200,3,5727008689
5784,50801510,4985488,55786998,3,0,0,4096,5,5810872648
5785,50802650,26757388,77560038,9,0,1,10240,1,9270340486
5786,50814990,4995998,55810988,3,0,0,5632,5,5526937181
5787,50820060,26769542,77589602,2,0,1,26624,3,2293842667
5788,50835280,5507283,56342563,9,0,0,31232,1,2307670493
5789,50837960,5666533,56504493,7,0,0,13312,1,10669994896
5790,50851830,5184537,56036367,7,0,0,11776,1,2045925999
5791,50854060,5298579,56152639,7,0,0,18432,1,7342928477
5792,50865010,26736170,77601180,2,0,1,9728,3,8949278488
5793,50865260,5171918,56037178,7,0,0,2560,1,6596487966
5794,50872220,5132393,56004613,6,0,0,14336,2,5391052047
5795,50880980,5251934,56132914,0,0,0,26112,19,4977402439
5796,50905670,26797720,77703390,3,0,1,27136,5,1488529740
5797,50910420,5144103,56054523,3,0,0,4608,5,10519959345
5798,50917480,5829214,56746694,9,0,0,53760,1,3379687039
5799,50928120,26778331,77706451,7,0,1,5632,1,2562360463
5800,50946280,5296457,56242737,4,0,0,12288,9,8697766026
5801,50996770,5693020,56689790,9,0,0,64512,1,5014229125
5802,50997840,5241130,56238970,1,0,0,29184,13,8536451825
5803,51001900,26705831,77707731,0,0,1,14336,19,3308058425
5804,51015580,5853503,56869083,7,0,0,77312,1,7445877011
5805,51037319,26670758,77708077,1,0,1,512,13,7285639856
5806,51055561,5277462,56333023,8,0,0,15360,14,3670878266
5807,51111720,5276149,56387869,2,0,0,22528,3,5985587734
5808,51123850,5085317,56209167,1,0,0,4608,13,10396864710
5809,51132790,26576158,77708948,8,0,1,12288,14,2503771777
5810,51136180,5317728,56453908,4,0,0,72192,9,6547525404
5811,51142360,5527751,56670111,4,0,0,5632,9,10304745237
5812,51150180,5145000,56295180,3,0,0,22528,5,9864283540
5813,51166149,26552689,77718838,1,0,1,11776,13,4878119270
5814,51167690,5548648,56716338,9,0,0,17408,1,6226976879
5815,51168080,5089328,56257408,5,0,0,6144,9,3585830004
5816,51168570,26584253,77752823,4,0,1,28672,9,5363513914
5817,51177570,26640390,77817960,8,0,1,31232,14,6178886416
5818,51195130,5427713,56622843,4,0,0,22528,9,1389735298
5819,51212100,5498865,56710965,1,0,0,3072,13,3272854630
5820,51218720,5491286,56710006,3,0,0,25088,5,8642083354
5821,51232180,5235011,56467191,3,0,0,43520,5,9401824108
5822,51236320,26612519,77848839,4,0,1,3072,9,3876059534
5823,51256060,5758973,57015033,7,0,0,1024,1,9310449806
5824,51265030,5619988,56885018,9,0,0,52224,1,3991103251
5825,51302530,5929153,57231683,2,0,0,18944,3,5347591503
5826,51303980,5204748,56508728,9,0,0,13824,1,8528095049
5827,51308500,5633762,56942262,4,0,0,17920,9,9739209979
5828,51309050,5259326,56568376,5,0,0,73728,9,6184371919
5829,51312420,5264967,56577387,7,0,0,24576,1,9935644788
5830,51362450,5115863,56478313,9,0,0,8192,1,4246635788
5831,51381811,5629393,57011204,8,0,0,23040,14,5355038823
5832,51392160,26461304,77853464,4,0,1,3584,9,6408777379
5833,51412700,26440787,77853487,5,0,1,1536,9,2872942552
5834,51429060,5239266,56668326,3,0,0,15872,5,642019329
5835,51435700,5043416,56479116,4,0,0,2560,9,6975927917
5836,51453730,5593580,57047310,9,0,0,26624,1,8816634140
5837,51461050,5338913,56799963,5,0,0,11776,9,7364995219
5838,51461520,4929960,56391480,9,0,0,11776,1,474203049
5839,51473510,5530651,57004161,7,0,0,56320,1,4595668942
5840,51488050,26383153,77871203,5,0,1,4608,9,5945369261
5841,51502140,5445605,56947745,2,0,0,17920,3,10301469333
5842,51512990,5256747,56769737,2,0,0,64000,3,4360329446
5843,51515090,5400276,56915366,2,0,0,10240,3,3489254129
5844,51517781,5184558,56702339,8,0,0,512,14,8440321071
5845,51526610,26360239,77886849,9,0,1,2560,1,2940928130
5846,51535551,5166609,56702160,8,0,0,13312,14,4640376104
5847,51540090,26348053,77888143,5,0,1,19968,9,5552986295
5848,51543980,26344186,77888166,4,0,1,1536,9,9409220937
5849,51549230,5246795,56796025,7,0,0,24064,1,7428777695
5850,51550940,5370817,56921757,9,0,0,2048,1,3925856642
5851,51555990,5232680,56788670,3,0,0,30208,5,6790382025
5852,51571230,5264141,56835371,1,0,0,43520,13,6429699658
5853,51575710,26312479,77888189,3,0,1,4608,5,9431078733
5854,51583700,5079767,56663467,5,0,0,3072,9,3412922550
5855,51588930,5246932,56835862,1,0,0,1536,13,10031694423
5856,51590610,26297602,77888212,6,0,1,8192,2,1812228795
5857,51631930,5477030,57108960,1,0,0,31232,13,7562592238
5858,51656470,5280309,56936779,9,0,0,16896,1,488958721
5859,51660061,5406795,57066856,8,0,0,43008,14,3179952172
5860,51660280,5431723,57092003,3,0,0,21504,5,194227816
5861,51671781,5312834,56984615,8,0,0,114688,14,3727505415
5862,51682620,27102750,78785370,6,0,1,544768,2,1565311967
5863,51687670,5328634,57016304,3,0,0,4096,5,10573230752
5864,51694270,5502537,57196807,2,0,0,28160,3,5949503268
5865,51703430,5365656,57069086,2,0,0,4608,3,6868551800
5866,51706160,5361499,57067659,1,0,0,2560,13,3727387369
5867,51709950,5221658,56931608,5,0,0,32256,9,489093803
5868,51714310,27071083,78785393,2,0,1,10752,3,1072226107
5869,51725930,27113521,78839451,7,0,1,22528,1,5221556597
5870,51732730,5384564,57117294,1,0,0,2048,13,341020
5871,51736390,5250588,56986978,5,0,0,7680,9,4568924140
5872,51745010,5522386,57267396,7,0,0,8704,1,4498594940
5873,51757260,5254747,57012007,3,0,0,2560,5,8974379756
5874,51761160,5188488,56949648,1,0,0,6144,13,7659913401
5875,51778131,5494763,57272894,8,0,0,2560,14,10087025800
5876,51817230,5559722,57376952,1,0,0,10240,13,1846265477
5877,51836580,5244408,57080988,9,0,0,11776,1,6614247682
5878,51842429,26997045,78839474,1,0,1,8192,13,3720988444
5879,51871120,5143578,57014698,2,0,0,8704,3,9689031341
5880,51884109,26955388,78839497,1,0,1,11264,13,2784260889
5881,51891900,5287301,57179201,1,0,0,69632,13,9844487732
5882,51919690,26919830,78839520,2,0,1,9216,3,5968527991
5883,51948040,5135475,57083515,1,0,0,8192,13,5196058931
5884,51949150,5231166,57180316,2,0,0,3584,3,2703919481
5885,51954380,26885163,78839543,0,0,1,7680,19,1238482147
5886,51965780,26902941,78868721,4,0,1,14848,9,2362321035
5887,51973460,5103917,57077377,1,0,0,27136,13,10352781468
5888,51977140,5205695,57182835,7,0,0,8192,1,1160162700
5889,51981240,5175898,57157138,3,0,0,45568,5,9971967880
5890,52001950,26867437,78869387,5,0,1,1024,9,1706767097
5891,52012520,26864158,78876678,7,0,1,1024,1,9045917115
5892,52014160,5250561,57264721,2,0,0,27648,3,5444340201
5893,52016601,5000826,57017427,8,0,0,3584,14,2636648365
5894,52019799,26856902,78876701,1,0,1,7168,13,9890832310
5895,52029930,5538655,57568585,4,0,0,28672,9,10713966133
5896,52031290,26845434,78876724,0,0,1,512,19,7820467569
5897,52040240,5013489,57053729,3,0,0,20992,5,2190466538
5898,52063390,5217871,57281261,7,0,0,4096,1,8855924077
5899,52073260,5406535,57479795,1,0,0,14336,13,3721181285
5900,52073300,5176299,57249599,4,0,0,7168,9,4238724705
5901,52074710,26904664,78979374,6,0,1,56832,2,63177395
5902,52082260,26899700,78981960,7,0,1,4096,1,9557088490
5903,52084500,26900046,78984546,3,0,1,4096,5,1589192490
5904,52086750,26898564,78985314,7,0,1,11776,1,1296491492
5905,52090100,5542266,57632366,5,0,0,22016,9,8870270210
5906,52095340,5627636,57722976,3,0,0,32768,5,8376103772
5907,52116280,5252269,57368549,7,0,0,13312,1,7461199719
5908,52133150,26929528,79062678,8,0,1,39424,14,760991727
5909,52152810,5243535,57396345,2,0,0,2560,3,5157679424
5910,52156010,5639782,57795792,5,0,0,29184,9,7827617397
5911,52171850,5341525,57513375,1,0,0,62464,13,4278192155
5912,52174351,5266843,57441194,8,0,0,16896,14,5207007754
5913,52176821,5067989,57244810,8,0,0,43008,14,9429386917
5914,52183890,26881374,79065264,9,0,1,4096,1,9452738464
5915,52184250,5409520,57593770,9,0,0,19456,1,3289140374
5916,52189840,26919388,79109228,9,0,1,16896,1,1430677187
5917,52201760,5158291,57360051,1,0,0,512,13,5457001025
5918,52202190,5470595,57672785,1,0,0,87040,13,5169148496
5919,52220620,5295118,57515738,1,0,0,7680,13,7736590180
5920,52224320,5457091,57681411,4,0,0,23040,9,3867827523
5921,52241540,6111173,58352713,4,0,0,100864,9,8940331905
5922,52252640,5192884,57445524,2,0,0,8192,3,942957021
5923,52254570,27010310,79264880,6,0,1,74240,2,5543146918
5924,52256481,5665928,57922409,8,0,0,10240,14,2476334452
5925,52260460,5327359,57587819,3,0,0,61440,5,5550193753
5926,52263970,5699288,57963258,5,0,0,15872,9,4998980201
5927,52274340,5542402,57816742,1,0,0,68608,13,9195506905
5928,52278070,5342205,57620275,2,0,0,6656,3,1713523241
5929,52283670,5243329,57526999,7,0,0,13824,1,9458514331
5930,52284920,27004765,79289685,7,0,1,2048,1,6097836545
5931,52290790,5873863,58164653,7,0,0,14336,1,5717662094
5932,52291080,27000551,79291631,5,0,1,3072,9,2935993772
5933,52296791,5547318,57844109,8,0,0,28160,14,9453362456
5934,52304571,5103251,57407822,8,0,0,8192,14,10221745149
5935,52305840,26990297,79296137,6,0,1,7168,2,6197803203
5936,52311060,5416486,57727546,7,0,0,2048,1,7165586456
5937,52318360,5700152,58018512,9,0,0,2048,1,1102735460
5938,52325390,5387579,57712969,1,0,0,47616,13,5890918602
5939,52343239,26989595,79332834,1,0,1,7680,13,7370107471
5940,52349101,5210725,57559826,8,0,0,46080,14,2410272709
5941,52374300,5449071,57823371,0,0,0,21504,19,4837998530
5942,52385060,5099261,57484321,7,0,0,10240,1,4322692627
5943,52402450,5295988,57698438,9,0,0,30208,1,5510057661
5944,52403570,5270798,57674368,7,0,0,5120,1,6370954920
5945,52408170,5193134,57601304,7,0,0,24576,1,7592206084
5946,52420060,26916981,79337041,3,0,1,8192,5,6360114270
5947,52421700,5308677,57730377,4,0,0,9216,9,2472224150
5948,52433640,5412277,57845917,3,0,0,5632,5,4825781610
5949,52437460,5289439,57726899,7,0,0,12800,1,9983297559
5950,52458280,27109220,79567500,3,0,1,18944,5,2402908350
5951,52467360,27101126,79568486,9,0,1,1536,1,5673196589
5952,52470061,5316793,57786854,8,0,0,35840,14,10172240830
5953,52471560,5097516,57569076,7,0,0,1536,1,6402062936
5954,52496440,5120572,57617012,2,0,0,1024,3,6410847958
5955,52511200,5622139,58133339,7,0,0,28672,1,4855546469
5956,52513300,5383162,57896462,3,0,0,40448,5,6236050844
5957,52523900,5434476,57958376,9,0,0,35840,1,10117693327
5958,52533380,5955216,58488596,7,0,0,5120,1,7527314053
5959,52569930,5485802,58055732,7,0,0,64512,1,6395266433
5960,52583330,26988702,79572032,6,0,1,5632,2,9483199453
5961,52601570,5223407,57824977,4,0,0,1024,9,3210306307
5962,52602181,5415684,58017865,8,0,0,10752,14,6565450654
5963,52602231,5828496,58430727,8,0,0,41984,14,445573874
5964,52604790,26968548,79573338,3,0,1,2048,5,6866429441
5965,52606990,5311420,57918410,9,0,0,33792,1,4803694052
5966,52612320,5223155,57835475,7,0,0,34304,1,7646739526
5967,52629630,5105186,57734816,2,0,0,1536,3,614780224
5968,52633510,5249973,57883483,4,0,0,2048,9,6208806634
5969,52635780,5333117,57968897,1,0,0,18432,13,3001933475
5970,52671020,5690475,58361495,4,0,0,28672,9,3896410066
5971,52683600,5330085,58013685,2,0,0,9728,3,5373190659
5972,52689600,5550027,58239627,2,0,0,52224,3,135030520
5973,52700770,5323381,58024151,4,0,0,18432,9,3466108779
5974,52739600,5526284,58265884,9,0,0,10240,1,10250324758
5975,52755190,5069452,57824642,3,0,0,4096,5,9456784331
5976,52767441,5330129,58097570,8,0,0,2560,14,6878943452
5977,52783460,5252593,58036053,1,0,0,19456,13,5741496306
5978,52792980,27076814,79869794,8,0,1,123904,14,6780279662
5979,52793311,5452691,58246002,8,0,0,11264,14,5102567795
5980,52821830,5208272,58030102,4,0,0,19456,9,8359627051
5981,52826939,27046668,79873607,1,0,1,2048,13,1606647882
5982,52835350,5542751,58378101,3,0,0,19456,5,5246140319
5983,52841870,5243174,58085044,7,0,0,13824,1,1789985065
5984,52846070,27275495,80121565,8,0,1,108032,14,7923620076
5985,52856690,5237521,58094211,9,0,0,10752,1,2632883440
5986,52859620,27263251,80122871,5,0,1,2048,9,2062791700
5987,52878510,5240407,58118917,1,0,0,5120,13,3852915185
5988,52878550,5764988,58643538,1,0,0,7168,13,2786289371
5989,52881760,5180258,58062018,3,0,0,8704,5,2095393155
5990,52892780,5851654,58744434,3,0,0,35840,5,5373428796
5991,52894120,5579466,58473586,3,0,0,75776,5,8935310797
5992,52898790,5413448,58312238,3,0,0,8192,5,10589256431
5993,52912221,5646954,58559175,8,0,0,5120,14,7552230933
5994,52919880,27204617,80124497,0,0,1,2560,19,3446610638
5995,52920560,5138783,58059343,7,0,0,11776,1,4289429972
5996,52925690,5464914,58390604,2,0,0,40960,3,961218378
5997,52927770,5444380,58372150,4,0,0,30208,9,2023762198
5998,52932790,5376921,58309711,9,0,0,66048,1,10723520902
5999,52935310,5342375,58277685,9,0,0,20992,1,1731757346
6000,52949370,27193069,80142439,2,0,1,9728,3,3484842198
6001,52950120,5161981,58112101,2,0,0,47616,3,7453521806
6002,52954589,27189612,80144201,1,0,1,3584,13,6232394764
6003,52963000,5678331,58641331,9,0,0,55808,1,9012736526
6004,52967380,5468837,58436217,7,0,0,9728,1,2319179822
6005,52987570,5169646,58157216,9,0,0,5632,1,599479235
6006,52996730,5732838,58729568,1,0,0,111104,13,243839937
6007,53000040,5216029,58216069,2,0,0,8704,3,5980569491
6008,53001530,5239680,58241210,7,0,0,5120,1,5530295179
6009,53014510,5275054,58289564,4,0,0,38912,9,3571921446
6010,53018510,5508324,58526834,9,0,0,9728,1,3206535543
6011,53018570,27151996,80170566,7,0,1,1024,1,8806693546
6012,53033780,6020988,59054768,3,0,0,53760,5,5889811616
6013,53055500,5774432,58829932,1,0,0,18944,13,8592398091
6014,53104200,27066827,80171027,6,0,1,10240,2,2206801171
6015,53135560,27039653,80175213,9,0,1,6656,1,1664660806
6016,53177030,5467787,58644817,7,0,0,4096,1,4562736525
6017,53179850,26998589,80178439,7,0,1,5120,1,2182187258
6018,53179920,5410994,58590914,3,0,0,1024,5,7439597146
6019,53192100,5371048,58563148,3,0,0,5632,5,2819338781
6020,53195860,5285094,58480954,4,0,0,9216,9,6593328679
6021,53224800,5365779,58590579,9,0,0,34816,1,2491125922
6022,53224960,5536563,58761523,7,0,0,1536,1,10721495351
6023,53229560,5328032,58557592,4,0,0,32768,9,53203993
6024,53255310,5401837,58657147,9,0,0,36864,1,7255580654
6025,53271280,26969886,80241166,7,0,1,21504,1,6950317630
6026,53284329,26956860,80241189,1,0,1,3072,13,7183415787
6027,53285420,5205143,58490563,4,0,0,1536,9,1813127921
6028,53299260,5434231,58733491,9,0,0,12800,1,4992771898
6029,53311320,5546584,58857904,7,0,0,40960,1,77808604
6030,53320850,5362627,58683477,7,0,0,20992,1,1699069906
6031,53337940,26936063,80274003,3,0,1,16384,5,207476704
6032,53340420,5928943,59269363,3,0,0,34816,5,943640294
6033,53355660,5457939,58813599,9,0,0,38912,1,2919918038
6034,53356150,5552310,58908460,3,0,0,45568,5,4201840378
6035,53364530,5451900,58816430,3,0,0,9216,5,50210313
6036,53369540,5227747,58597287,9,0,0,6656,1,6123782398
6037,53374070,5587598,58961668,1,0,0,6656,13,436711651
6038,53374700,26990204,80364904,4,0,1,20480,9,8563800606
6039,53377290,5680199,59057489,9,0,0,6656,1,5865744118
6040,53381280,26991002,80372282,6,0,1,14848,2,9802877440
6041,53384090,5240214,58624304,3,0,0,48128,5,2700771934
6042,53398970,5402750,58801720,1,0,0,95744,13,9397026344
6043,53403340,5357684,58761024,3,0,0,45568,5,5287087741
6044,53405980,5252282,58658262,4,0,0,3584,9,596096707
6045,53421450,27618475,81039925,8,0,1,300032,14,7445476878
6046,53426380,5663909,59090289,1,0,0,40960,13,8063145250
6047,53435500,5450278,58885778,3,0,0,14848,5,2211101256
6048,53446820,27598799,81045619,5,0,1,4096,9,6666327263
6049,53457690,5556114,59013804,7,0,0,42496,1,3267977939
6050,53468160,5278957,58747117,1,0,0,8704,13,7034277457
6051,53474840,5508316,58983156,1,0,0,9728,13,9249815896
6052,53478710,27615811,81094521,8,0,1,24576,14,7200176423
6053,53487950,5279859,58767809,4,0,0,17408,9,7842781094
6054,53496931,5683582,59180513,8,0,0,25600,14,6940368931
6055,53502800,5192893,58695693,4,0,0,5632,9,1877485778
6056,53509470,5433027,58942497,3,0,0,16896,5,1701845442
6057,53520180,5574812,59094992,2,0,0,15360,3,9999103927
6058,53550530,5211952,58762482,9,0,0,3072,1,4864499066
6059,53552910,27544340,81097250,3,0,1,3584,5,5868113552
6060,53553220,5270409,58823629,4,0,0,23552,9,8886932279
6061,53557111,5564576,59121687,8,0,0,53760,14,4382959234
6062,53557660,27549237,81106897,0,0,1,1536,19,4973386090
6063,53557780,27549140,81106920,4,0,1,512,9,10139564529
6064,53562830,27550532,81113362,4,0,1,7680,9,7220702761
6065,53582090,5416467,58998557,3,0,0,18944,5,7402352040
6066,53596041,5844366,59440407,8,0,0,31232,14,9289159183
6067,53601189,27512196,81113385,1,0,1,4096,13,6787870240
6068,53636191,5651980,59288171,8,0,0,14848,14,9742178618
6069,53637260,6011507,59648767,6,0,0,40448,2,418671088
6070,53655730,27457678,81113408,4,0,1,1536,9,4383145249
6071,53658530,27473172,81131702,6,0,1,1024,2,1497632196
6072,53680291,5358051,59038342,8,0,0,80384,14,10157833335
6073,53685560,5803669,59489229,7,0,0,19968,1,1225240115
6074,53686841,5270329,58957170,8,0,0,11264,14,138689367
6075,53725170,5343226,59068396,4,0,0,19456,9,7206354126
6076,53729810,5853071,59582881,1,0,0,2048,13,10564385568
6077,53738660,5765949,59504609,2,0,0,33280,3,8707864800
6078,53740690,5940124,59680814,9,0,0,23552,1,1728010444
6079,53754360,27380810,81135170,5,0,1,11776,9,1543808496
6080,53767260,5288178,59055438,3,0,0,2048,5,8487102182
6081,53767540,27367886,81135426,4,0,1,9216,9,4100771755
6082,53770700,28043465,81814165,8,0,1,249856,14,8360859138
6083,53772791,5618961,59391752,8,0,0,85504,14,5801049638
6084,53773990,5631833,59405823,6,0,0,46080,2,4984968069
6085,53778420,5885080,59663500,3,0,0,27136,5,2464398447
6086,53801480,6053658,59855138,2,0,0,38912,3,9487335647
6087,53803030,28047905,81850935,5,0,1,13312,9,8990624947
6088,53806570,5989042,59795612,1,0,0,61440,13,7933415402
6089,53816270,5404745,59221015,1,0,0,42496,13,4079380153
6090,53818430,28082460,81900890,7,0,1,9216,1,2530289316
6091,53821900,28079013,81900913,0,0,1,2048,19,4130296038
6092,53827680,5631520,59459200,9,0,0,50176,1,9575704666
6093,53828620,28481204,82309824,8,0,1,215552,14,1651948335
6094,53834210,5935413,59769623,5,0,0,72704,9,10320893188
6095,53861791,5617703,59479494,8,0,0,21504,14,2322885260
6096,53863730,5702234,59565964,7,0,0,34816,1,895255963
6097,53867630,6358203,60225833,2,0,0,37888,3,10359892772
6098,53875280,5597639,59472919,2,0,0,26112,3,5916431299
6099,53877990,6259890,60137880,3,0,0,56320,5,4013120565
6100,53887440,28622575,82510015,8,0,1,141312,14,8421871196
6101,53889260,28635257,82524517,9,0,1,17920,1,6639010642
6102,53891320,5732737,59624057,4,0,0,50176,9,5481417484
6103,53893170,5964019,59857189,1,0,0,6656,13,7516995638
6104,53903280,28628715,82531995,7,0,1,1536,1,7055151629
6105,53905191,5868207,59773398,8,0,0,12288,14,7452138536
6106,53925700,5656534,59582234,3,0,0,29184,5,6060314346
6107,53931790,28607717,82539507,2,0,1,14336,3,2798332477
6108,53933230,28609657,82542887,0,0,1,3072,19,6813325252
6109,53936010,5637309,59573319,7,0,0,24064,1,7297191742
6110,53944640,5478522,59423162,1,0,0,56832,13,8872024771
6111,53949110,28596683,82545793,8,0,1,4608,14,2826394236
6112,53952150,6450523,60402673,9,0,0,59904,1,3313787651
6113,53953490,5753242,59706732,9,0,0,15872,1,5543086569
6114,53956380,28589669,82546049,4,0,1,9216,9,5567355170
6115,53957570,5405332,59362902,5,0,0,2560,9,10297651308
6116,53965180,5465680,59430860,4,0,0,16896,9,9951926923
6117,53969560,28599240,82568800,5,0,1,2048,9,6496327532
6118,53990960,28578826,82569786,6,0,1,1536,2,9984928377
6119,53993020,6262941,60255961,2,0,0,4096,3,2508584765
6120,53994581,5635115,59629696,8,0,0,18432,14,1794823880
6121,53996750,5368927,59365677,4,0,0,7680,9,6207807018
6122,53999720,5695431,59695151,6,0,0,5120,2,3096996930
6123,54004990,6630220,60635210,4,0,0,13824,9,1040369163
6124,54020010,5635176,59655186,3,0,0,20992,5,8014774733
6125,54023080,5664701,59687781,2,0,0,11776,3,5563705229
6126,54040180,28531541,82571721,4,0,1,1536,9,884113305
6127,54064670,5599789,59664459,9,0,0,3072,1,9605585313
6128,54073000,5352681,59425681,1,0,0,8192,13,1421735112
6129,54079330,5476003,59555333,9,0,0,8192,1,5734723570
6130,54080560,5443623,59524183,2,0,0,9216,3,928624244
6131,54083490,6080641,60164131,6,0,0,18944,2,700235821
6132,54096130,5511066,59607196,1,0,0,19456,13,1816723075
6133,54102219,28476509,82578728,1,0,1,18432,13,5772866983
6134,54107240,5625845,59733085,2,0,0,4096,3,10278663868
6135,54114910,5681840,59796750,4,0,0,3584,9,1406970494
6136,54130640,28450674,82581314,5,0,1,4096,9,923928738
6137,54136700,5595114,59731814,1,0,0,24576,13,5562142932
6138,54146350,28435630,82581980,4,0,1,1024,9,10138260913
6139,54152890,5543376,59696266,9,0,0,3584,1,2751148932
6140,54186100,28396648,82582748,2,0,1,11776,3,8482777972
6141,54213620,28380130,82593750,6,0,1,8192,2,7056002040
6142,54224990,28368783,82593773,7,0,1,5120,1,4061435982
6143,54235420,28358376,82593796,5,0,1,3072,9,566534062
6144,54235450,5606977,59842427,7,0,0,14848,1,4700415124
6145,54240180,5646648,59886828,3,0,0,2560,5,1273611774
6146,54278170,6025226,60303396,1,0,0,26624,13,471596063
6147,54294740,28301872,82596612,6,0,1,5632,2,9285292045
6148,54302080,5530616,59832696,7,0,0,3584,1,10028266756
6149,54308801,6373127,60681928,8,0,0,39424,14,5570914340
6150,54310479,28291279,82601758,1,0,1,8192,13,9007589961
6151,54321450,5425998,59747448,7,0,0,18944,1,4118329014
6152,54362290,5466964,59829254,6,0,0,12800,2,4265809255
6153,54365770,28237614,82603384,2,0,1,2560,3,8540787371
6154,54379420,5493310,59872730,9,0,0,14336,1,4213611103
6155,54401580,5535669,59937249,9,0,0,41984,1,10072948076
6156,54433230,5617218,60050448,9,0,0,34816,1,8646073450
6157,54438760,5534818,59973578,6,0,0,32768,2,7127850639
6158,54440770,28242784,82683554,3,0,1,33792,5,7265393537
6159,54449090,28234487,82683577,0,0,1,512,19,6265568453
6160,54454860,28231259,82686119,7,0,1,35328,1,9646192858
6161,54457260,5462484,59919744,9,0,0,27648,1,1026669213
6162,54470740,28215410,82686150,6,0,1,2048,2,1911719795
6163,54471240,5511253,59982493,2,0,0,29184,3,3607322139
6164,54476270,5299695,59775965,7,0,0,2048,1,8761248575
6165,54485350,28243892,82729242,0,0,1,14848,19,10301966408
6166,54503501,5581862,60085363,8,0,0,49664,14,9106557835
6167,54509420,28220386,82729806,6,0,1,10752,2,6128737847
6168,54509550,5678323,60187873,4,0,0,22016,9,6015426211
6169,54513890,5674474,60188364,2,0,0,1536,3,4091922893
6170,54525070,28285353,82810423,0,0,1,3584,19,637965632
6171,54541480,28269308,82810788,8,0,1,3072,14,7888490286
6172,54542310,5526518,60068828,4,0,0,14336,9,9291132252
6173,54545291,5825515,60370806,8,0,0,14848,14,5441316438
6174,54550300,5413271,59963571,1,0,0,15360,13,9015569900
6175,54567730,28244364,82812094,8,0,1,2048,14,7449903248
6176,54572450,28249279,82821729,0,0,1,27648,19,4767600515
6177,54617851,6189125,60806976,8,0,0,35328,14,8145918501
6178,54623050,5591216,60214266,6,0,0,25088,2,9177911008
6179,54625000,5325922,59950922,9,0,0,1536,1,10695421551
6180,54627250,6265889,60893139,3,0,0,44544,5,5361451000
6181,54628210,5642958,60271168,4,0,0,32768,9,1477037675
6182,54646200,5474497,60120697,4,0,0,33792,9,8934929689
6183,54658920,5722531,60381451,7,0,0,8704,1,9557356447
6184,54659020,28228139,82887159,5,0,1,27136,9,4658712316
6185,54661390,5801355,60462745,4,0,0,42496,9,8432414611
6186,54725200,5584459,60309659,3,0,0,20480,5,5726303598
6187,54729150,5739078,60468228,2,0,0,17920,3,10200912190
6188,54735390,5540036,60275426,4,0,0,4608,9,5461549426
6189,54740820,6304069,61044889,4,0,0,39424,9,6185096457
6190,54749320,5693712,60443032,4,0,0,80384,9,90171036
6191,54750240,5335302,60085542,1,0,0,512,13,8225930028
6192,54751009,28216353,82967362,1,0,1,7168,13,434895974
6193,54751180,6373189,61124369,4,0,0,79360,9,4241704844
6194,54751820,5535027,60286847,6,0,0,4608,2,6256668519
6195,54753540,5651028,60404568,2,0,0,6144,3,634248929
6196,54755521,5580545,60336066,8,0,0,4096,14,3520523462
6197,54759130,5195477,59954607,7,0,0,2048,1,8516192454
6198,54759160,5445693,60204853,3,0,0,7168,5,5137224357
6199,54772320,28200401,82972721,4,0,1,5120,9,3427526430
6200,54778040,5715919,60493959,2,0,0,13824,3,919013103
6201,54779510,28195441,82974951,8,0,1,1024,14,3688057943
6202,54785760,5446180,60231940,4,0,0,19968,9,5474014056
6203,54799980,6431423,61231403,9,0,0,58368,1,8768046557
6204,54807940,5466059,60273999,7,0,0,9216,1,4618500422
6205,54813120,5636354,60449474,3,0,0,5632,5,3706739853
6206,54814520,6618249,61432769,4,0,0,35328,9,3460003569
6207,54817830,5629905,60447735,2,0,0,15360,3,4296039346
6208,54828370,5752953,60581323,1,0,0,67584,13,4267668891
6209,54850540,5745204,60595744,7,0,0,24064,1,10084870436
6210,54853490,5510728,60364218,7,0,0,9216,1,3192287612
6211,54878070,28096904,82974974,9,0,1,512,1,6786875784
6212,54882170,5981385,60863555,3,0,0,38400,5,4401660496
6213,54885180,5880894,60766074,3,0,0,35328,5,7736118288
6214,54889320,5865967,60755287,3,0,0,62976,5,8052645872
6215,54899790,28075207,82974997,6,0,1,1024,2,8052338931
6216,54907430,6033989,60941419,3,0,0,41472,5,3178054879
6217,54922670,5708305,60630975,9,0,0,80384,1,2598478261
6218,54933590,5773737,60707327,7,0,0,52736,1,5240730511
6219,54937221,5610570,60547791,8,0,0,29184,14,10489053139
6220,54940910,28034110,82975020,3,0,1,1024,5,2053314217
6221,54941170,5609296,60550466,4,0,0,8704,9,1147558468
6222,54943600,5721749,60665349,3,0,0,512,5,5854073056
6223,54974341,5614048,60588389,8,0,0,3584,14,8181276359
6224,54980530,5606744,60587274,6,0,0,19456,2,10217844385
6225,54982750,5841744,60824494,1,0,0,20480,13,10060314424
6226,54991280,27983763,82975043,2,0,1,2048,3,2634544850
6227,54996901,5879937,60876838,8,0,0,43520,14,7254091233
6228,54998470,5881074,60879544,2,0,0,8192,3,6170762643
6229,55007320,28003916,83011236,0,0,1,19968,19,1754746232
6230,55019800,5776389,60796189,3,0,0,65024,5,10466086281
6231,55022940,27988642,83011582,4,0,1,512,9,3768374261
6232,55035070,27978778,83013848,0,0,1,3584,19,8462962150
6233,55036140,5980733,61016873,2,0,0,38912,3,6215628121
6234,55044620,6849331,61893951,6,0,0,29184,2,9668085256
6235,55051910,5789463,60841373,9,0,0,34816,1,6555395685
6236,55058680,27960314,83018994,5,0,1,8192,9,4413615315
6237,55059440,5758791,60818231,1,0,0,36864,13,9362913142
6238,55062021,5646577,60708598,8,0,0,4096,14,1138315989
6239,55074350,5980521,61054871,2,0,0,512,3,3126653459
6240,55074490,5925279,60999769,2,0,0,30208,3,9955872988
6241,55078810,5690251,60769061,9,0,0,9728,1,9919169884
6242,55081340,6088024,61169364,7,0,0,13312,1,9812437560
6243,55081470,6054676,61136146,7,0,0,1024,1,3095627894
6244,55113050,6293822,61406872,6,0,0,38912,2,4541577974
6245,55114440,27904900,83019340,4,0,1,512,9,3370029479
6246,55117020,5956506,61073526,9,0,0,14336,1,3094055856
6247,55132470,7058203,62190673,6,0,0,50688,2,9029463525
6248,55136130,5863818,60999948,4,0,0,512,9,849432068
6249,55140060,5814449,60954509,7,0,0,5632,1,10457687435
6250,55145711,5908981,61054692,8,0,0,12800,14,3858374515
6251,55167150,5865658,61032808,9,0,0,52224,1,6082601539
6252,55176270,5874148,61050418,6,0,0,17920,2,6632403459
6253,55178980,5698045,60877025,4,0,0,512,9,5606247019
6254,55184350,5758340,60942690,7,0,0,4096,1,111786446
6255,55196480,5968782,61165262,7,0,0,32768,1,912692925
6256,55200700,6047909,61248609,9,0,0,56320,1,510150265
6257,55200900,7052532,62253432,3,0,0,20992,5,4200693764
6258,55216030,5934514,61150544,6,0,0,32256,2,7081730250
6259,55223700,27837632,83061332,8,0,1,5120,14,947057792
6260,55232850,27831804,83064654,2,0,1,19968,3,1746723559
6261,55236170,5842839,61079009,2,0,0,17920,3,4729841208
6262,55239590,5942507,61182097,6,0,0,16384,2,412478469
6263,55240700,27823977,83064677,9,0,1,14336,1,7275745964
6264,55252620,5836052,61088672,1,0,0,7168,13,4748674779
6265,55257900,5897347,61155247,2,0,0,15360,3,6263881892
6266,55261401,6222518,61483919,8,0,0,12800,14,2960476572
6267,55268161,5872532,61140693,8,0,0,14848,14,2541179549
6268,55293500,5842280,61135780,6,0,0,37376,2,609739851
6269,55296720,6060880,61357600,6,0,0,31232,2,7812127107
6270,55308890,5891980,61200870,9,0,0,16384,1,2259648572
6271,55309680,27810684,83120364,6,0,1,22016,2,9566660228
6272,55323340,6257598,61580938,1,0,0,39424,13,8432947416
6273,55325080,5965974,61291054,1,0,0,12800,13,8991467262
6274,55325570,6121460,61447030,1,0,0,29184,13,1278127715
6275,55337780,5945445,61283225,2,0,0,12288,3,2159326418
6276,55338810,6037313,61376123,6,0,0,2560,2,780503744
6277,55339880,5916759,61256639,3,0,0,3072,5,5340535745
6278,55343610,27788010,83131620,5,0,1,2048,9,2529110169
6279,55351160,6166633,61517793,3,0,0,24576,5,10444278646
6280,55352349,27789514,83141863,1,0,1,19968,13,7542585208
6281,55357429,27784457,83141886,1,0,1,1024,13,1701212210
6282,55357930,6004997,61362927,4,0,0,17408,9,7004958213
6283,55358441,5989441,61347882,8,0,0,37888,14,2486196521
6284,55363130,6121124,61484254,7,0,0,1024,1,1905544543
6285,55380520,6057595,61438115,3,0,0,3072,5,3232916450
6286,55388100,5920643,61308743,3,0,0,27648,5,7342002233
6287,55389810,5990540,61380350,1,0,0,5120,13,1095064235
6288,55394620,27748724,83143344,9,0,1,6144,1,1861162098
6289,55398109,5973265,61371374,1,0,0,27648,13,8992034756
6290,55405840,6950897,62356737,7,0,0,49664,1,4637832239
6291,55410170,27734982,83145152,0,0,1,2048,19,1853909840
6292,55414170,6065826,61479996,7,0,0,19456,1,7323441486
6293,55435760,5912301,61348061,4,0,0,512,9,3427743014
6294,55438820,27751719,83190539,7,0,1,14336,1,7478584325
6295,55444610,5841399,61286009,3,0,0,2560,5,10296289995
6296,55444790,27856329,83301119,8,0,1,2048,14,7842976043
6297,55453220,5922100,61375320,0,0,0,12800,19,4771436644
6298,55458150,6307432,61765582,7,0,0,93696,1,5532688050
6299,55468780,6069807,61538587,2,0,0,17408,3,2762990817
6300,55470440,27905435,83375875,6,0,1,2560,2,7454473139
6301,55472480,6020533,61493013,3,0,0,28672,5,7095599523
6302,55473740,27906961,83380701,8,0,1,7680,14,3207939220
6303,55500160,6033100,61533260,6,0,0,50688,2,101111532
6304,55506940,27875067,83382007,9,0,1,2048,1,8948919731
6305,55510360,5998676,61509036,6,0,0,1024,2,4066101541
6306,55511081,6050975,61562056,8,0,0,29696,14,8472184909
6307,55512480,27980270,83492750,8,0,1,28672,14,7320500907
6308,55515261,6181922,61697183,8,0,0,9216,14,1747162849
6309,55535629,6029102,61564731,1,0,0,8704,13,8762449761
6310,55535660,27957113,83492773,2,0,1,512,3,365042574
6311,55541971,6050737,61592708,1,0,0,28160,13,2063375546
6312,55564529,27928267,83492796,1,0,1,6144,13,10523182030
6313,55567680,6906243,62473923,9,0,0,39936,1,3148885736
6314,55587270,6178647,61765917,2,0,0,1024,3,3274258852
6315,55599150,6334267,61933417,7,0,0,27648,1,1865507599
6316,55600250,6124906,61725156,9,0,0,5120,1,6023363891
6317,55600831,6480884,62081715,8,0,0,39936,14,3382104963
6318,55609310,6275726,61885036,7,0,0,10752,1,2574357007
6319,55610090,6054657,61664747,7,0,0,18944,1,1260170640
6320,55614130,6055655,61669785,1,0,0,8704,13,3550174944
6321,55617470,6590307,62207777,1,0,0,55808,13,6347917302
6322,55635480,6519643,62155123,0,0,0,164352,19,6218880399
6323,55643230,6441316,62084546,6,0,0,9216,2,4999497606
6324,55643740,27905794,83549534,4,0,1,5120,9,8983432348
6325,55647549,6412561,62060110,1,0,0,29696,13,6095359737
6326,55655211,6141014,61796225,8,0,0,60928,14,4064817567
6327,55657530,6381153,62038683,6,0,0,17408,2,4069268276
6328,55667370,6246246,61913616,7,0,0,18944,1,1940915322
6329,55668870,27885782,83554652,6,0,1,7680,2,7821031336
6330,55669420,6505786,62175206,2,0,0,11264,3,4155032723
6331,55671640,6339474,62011114,6,0,0,30208,2,701176558
6332,55686089,5981021,61667110,1,0,0,7680,13,10677209942
6333,55687090,6212433,61899523,7,0,0,13312,1,10542111275
6334,55702990,27851685,83554675,9,0,1,1024,1,4050157339
6335,55708570,6377559,62086129,2,0,0,5120,3,3613084908
6336,55734360,6073763,61808123,0,0,0,3072,19,1911131133
6337,55743590,6553969,62297559,6,0,0,7168,2,5447845621
6338,55748580,7112007,62860587,4,0,0,54272,9,10700888820
6339,55761889,27797811,83559700,1,0,1,22016,13,995997813
6340,55764510,6398124,62162634,2,0,0,24576,3,2878737719
6341,55785090,6631671,62416761,4,0,0,99840,9,10297850353
6342,55788120,6491476,62279596,3,0,0,34816,5,1515899599
6343,55802030,6444983,62247013,0,0,0,66560,19,871466704
6344,55806240,6766325,62572565,4,0,0,16896,9,10003483099
6345,55827391,6910562,62737953,8,0,0,15872,14,10281841431
6346,55834520,6957959,62792479,0,0,0,47104,19,4118163128
6347,55835639,6114792,61950431,1,0,0,24576,13,9093700475
6348,55840551,6185972,62026523,8,0,0,16896,14,3687174366
6349,55844780,6098117,61942897,2,0,0,18432,3,530020440
6350,55851320,5948343,61799663,6,0,0,512,2,4769439733
6351,55866250,27696088,83562338,6,0,1,3072,2,9303192753
6352,55871040,6393982,62265022,5,0,0,11264,9,3191749503
6353,55872510,6510469,62382979,3,0,0,17408,5,8636813694
6354,55887320,27706447,83593767,7,0,1,7680,1,2400733859
6355,55897010,27696780,83593790,2,0,1,4096,3,7664117486
6356,55921200,6290820,62212020,0,0,0,13824,19,2838827315
6357,55927380,6134897,62062277,5,0,0,2048,9,188634596
6358,55929840,6339125,62268965,9,0,0,7680,1,3549931459
6359,55940220,6321347,62261567,3,0,0,26624,5,5253122649
6360,55942050,7050722,62992772,6,0,0,34816,2,3342913260
6361,55943530,6481054,62424584,1,0,0,25600,13,3948326816
6362,55943841,7157169,63101010,8,0,0,25088,14,6020093193
6363,55959380,6323835,62283215,0,0,0,11776,19,4089256468
6364,55969880,27674471,83644351,0,0,1,11776,19,5140686009
6365,55971110,6253269,62224379,6,0,0,38912,2,4410377585
6366,55976470,7041217,63017687,0,0,0,51712,19,9173156089
6367,55979050,6340169,62319219,4,0,0,7680,9,4823915772
6368,55985140,7182962,63168102,3,0,0,83968,5,9553885676
6369,55996070,27661438,83657508,6,0,1,8192,2,5106880853
6370,55996600,6866061,62862661,7,0,0,5120,1,9915709660
6371,56001230,7275802,63277032,0,0,0,16896,19,7254997293
6372,56010881,6039895,62050776,8,0,0,3072,14,5021856388
6373,56014280,6779002,62793282,4,0,0,2560,9,5159647234
6374,56016880,27677994,83694874,0,0,1,512,19,2083512134
6375,56037550,7097974,63135524,5,0,0,41984,9,1540718855
6376,56066770,6828336,62895106,6,0,0,10752,2,695638522
6377,56103760,7269945,63373705,9,0,0,12800,1,1936186624
6378,56105380,27670013,83775393,5,0,1,5632,9,3497812249
6379,56115501,7346117,63461618,8,0,0,34816,14,453430808
6380,56115590,27663905,83779495,3,0,1,8192,5,4008659183
6381,56137179,27668601,83805780,1,0,1,512,13,458532368
6382,56146440,6138670,62285110,6,0,0,6144,2,6110867180
6383,56159840,6278287,62438127,3,0,0,38400,5,2198999350
6384,56186171,7419512,63605683,8,0,0,55296,14,7316775102
6385,56190200,5981551,62171751,9,0,0,29696,1,2296417698
6386,56195820,7236055,63431875,2,0,0,3072,3,3961054719
6387,56202350,27604096,83806446,9,0,1,1024,1,6591415091
6388,56209160,6358096,62567256,4,0,0,1024,9,8219247371
6389,56220620,27586812,83807432,9,0,1,1536,1,4868044527
6390,56241410,6422901,62664311,4,0,0,1024,9,9058110627
6391,56246299,6338391,62584690,1,0,0,23040,13,9590188476
6392,56257690,6400023,62657713,0,0,0,10240,19,8198272766
6393,56269510,6221001,62490511,4,0,0,32768,9,4990801038
6394,56279240,27532058,83811298,3,0,1,6144,5,9170859438
6395,56288320,6223432,62511752,0,0,0,3072,19,6636363917
6396,56301080,7608109,63909189,9,0,0,62976,1,7221133529
6397,56302250,7535319,63837569,0,0,0,19968,19,4834577412
6398,56312450,6451409,62763859,2,0,0,2560,3,6664442682
6399,56317240,27494519,83811759,3,0,1,10240,5,10301799750
6400,56325940,6099447,62425387,3,0,0,2560,5,5999731315
6401,56333359,6630149,62963508,1,0,0,100352,13,5941711230
6402,56336060,6418206,62754266,0,0,0,32256,19,259892821
6403,56370550,27443155,83813705,3,0,1,3072,5,8383979562
6404,56377180,6195720,62572900,6,0,0,1024,2,8650242220
6405,56386070,6180851,62566921,9,0,0,105984,1,9502744234
6406,56393450,6261120,62654570,7,0,0,37376,1,4185679412
6407,56399980,6344435,62744415,9,0,0,1024,1,3542515551
6408,56409241,6254735,62663976,8,0,0,20480,14,4720971652
6409,56409730,6085640,62495370,0,0,0,15872,19,3373681510
6410,56411950,6366154,62778104,6,0,0,23040,2,36282741
6411,56420850,27400532,83821382,4,0,1,7680,9,7956425230
6412,56435530,27477126,83912656,9,0,1,5120,1,9593380911
6413,56440080,6304000,62744080,9,0,0,18432,1,1627292665
6414,56444150,6644982,63089132,6,0,0,28160,2,7376560315
6415,56456920,6313316,62770236,4,0,0,7680,9,711077314
6416,56460880,6521261,62982141,0,0,0,39424,19,8390221994
6417,56469339,6230927,62700266,1,0,0,5632,13,6931487366
6418,56471561,7116292,63587853,8,0,0,66560,14,129978577
6419,56471570,27441109,83912679,8,0,1,5632,14,10529549415
6420,56487750,6196868,62684618,4,0,0,9728,9,3454534534
6421,56496200,6371187,62867387,3,0,0,15360,5,5725729928
6422,56507260,27405442,83912702,0,0,1,5632,19,8165533717
6423,56510550,6510904,63021454,0,0,0,12288,19,2522235088
6424,56514750,6346328,62861078,0,0,0,1536,19,8453178828
6425,56520901,6475262,62996163,8,0,0,10752,14,1971808843
6426,56527491,7208435,63735926,8,0,0,123392,14,6786945859
6427,56530450,27384794,83915244,2,0,1,2560,3,1658311681
6428,56533930,27381337,83915267,9,0,1,15872,1,7806257300
6429,56539020,6286658,62825678,2,0,0,6656,3,8694451585
6430,56542080,6827702,63369782,0,0,0,63488,19,7762594606
6431,56556950,27358340,83915290,2,0,1,2560,3,6429481692
6432,56588191,6743396,63331587,8,0,0,20480,14,10384913475
6433,56592150,6474654,63066804,3,0,0,5120,5,3274200272
6434,56593080,27322233,83915313,7,0,1,11776,1,8276907012
6435,56635930,6162367,62798297,3,0,0,16384,5,1313683144
6436,56640840,6890505,63531345,6,0,0,72192,2,1453714488
6437,56646070,27271333,83917403,3,0,1,5632,5,2638271543
6438,56653780,6588751,63242531,3,0,0,11264,5,5848520401
6439,56663930,27304275,83968205,8,0,1,30720,14,9611819786
6440,56669350,27350525,84019875,8,0,1,10240,14,4656002574
6441,56690289,27338064,84028353,1,0,1,2560,13,5066822638
6442,56695020,6560178,63255198,9,0,0,41472,1,6720047667
6443,56698770,6494661,63193431,3,0,0,10240,5,4290308322
6444,56709970,27393612,84103582,8,0,1,22016,14,7942715372
6445,56714080,27611856,84325936,4,0,1,512,9,2595223832
6446,56718140,7220914,63939054,3,0,0,17920,5,3318912496
6447,56724151,6612682,63336833,8,0,0,10752,14,3684580788
6448,56764500,27823039,84587539,4,0,1,29696,9,5382597493
6449,56766690,6472386,63239076,9,0,0,66048,1,9655859515
6450,56768181,6437909,63206090,8,0,0,41472,14,230087289
6451,56769300,6200806,62970106,2,0,0,21504,3,7182249375
6452,56806970,6463250,63270220,9,0,0,46080,1,3648264745
6453,56809750,6473389,63283139,2,0,0,19968,3,10416291435
6454,56810040,27905410,84715450,0,0,1,62464,19,8382479797
6455,56817980,6466282,63284262,9,0,0,3584,1,5905688543
6456,56824670,7144963,63969633,7,0,0,74240,1,6070851447
6457,56833670,7322384,64156054,7,0,0,64512,1,1793273064
6458,56843939,6987523,63831462,1,0,0,1024,13,4201492248
6459,56844390,6585255,63429645,0,0,0,50688,19,468804474
6460,56846330,27870106,84716436,4,0,1,1536,9,5888810490
6461,56851750,7089355,63941105,0,0,0,6656,19,9692288568
6462,56864530,6724282,63588812,2,0,0,3072,3,5898257558
6463,56879470,6376687,63256157,9,0,0,3072,1,7778617049
6464,56903920,6415018,63318938,7,0,0,62976,1,8839330386
6465,56912000,6573404,63485404,2,0,0,26624,3,6539524159
6466,56928429,7050040,63978469,1,0,0,5632,13,5175256123
6467,56946900,6879212,63826112,3,0,0,46080,5,5701743230
6468,56962840,6468076,63430916,6,0,0,4096,2,7019964810
6469,56966671,6484316,63450987,8,0,0,8704,14,22213497
6470,56967770,27751892,84719662,5,0,1,5120,9,5801784627
6471,56974090,27809344,84783434,5,0,1,5120,9,10532648760
6472,56978179,27853276,84831455,1,0,1,2560,13,3225130159
6473,57002141,7095837,64097978,8,0,0,77824,14,1580166689
6474,57006270,27906425,84912695,2,0,1,3072,3,3148270842
6475,57018350,6061503,63079853,7,0,0,2560,1,4247739658
6476,57018550,7180455,64199005,2,0,0,3072,3,4188027666
6477,57021290,6447215,63468505,4,0,0,22528,9,1906948996
6478,57024890,6632512,63657402,1,0,0,3584,13,5115971236
6479,57048550,6359975,63408525,3,0,0,32256,5,2483117784
6480,57048760,6924796,63973556,1,0,0,12800,13,9564633670
6481,57052130,27860588,84912718,7,0,1,5632,1,6775465664
6482,57059690,6441259,63500949,7,0,0,10240,1,10602980429
6483,57065600,6729414,63795014,1,0,0,512,13,10102162002
6484,57069350,27843391,84912741,5,0,1,6656,9,9941341766
6485,57079400,27833364,84912764,4,0,1,1024,9,224003944
6486,57083780,7160307,64244087,0,0,0,11776,19,2409464300
6487,57083930,6327128,63411058,1,0,0,512,13,10433687616
6488,57090550,6454390,63544940,4,0,0,44544,9,9458395599
6489,57090620,6467759,63558379,1,0,0,44032,13,8695597820
6490,57093720,7140360,64234080,6,0,0,52736,2,9788069373
6491,57104630,6645170,63749800,6,0,0,13312,2,7935974811
6492,57106360,6225718,63332078,4,0,0,1536,9,8185480309
6493,57109540,27803247,84912787,0,0,1,6144,19,3486905498
6494,57131370,6802201,63933571,9,0,0,37888,1,9866152058
6495,57131500,6476546,63608046,4,0,0,7680,9,6901907014
6496,57135170,6607644,63742814,2,0,0,19968,3,855099890
6497,57144960,6643300,63788260,2,0,0,26112,3,3055991860
6498,57154900,27832765,84987665,0,0,1,15360,19,9969346566
6499,57159750,6901210,64060960,3,0,0,89600,5,1575395397
6500,57186060,6253095,63439155,9,0,0,5632,1,9317375971
6501,57215610,6648976,63864586,4,0,0,15872,9,4207330427
6502,57218470,27769218,84987688,4,0,1,512,9,1916576817
6503,57219170,27841388,85060558,0,0,1,6144,19,3486164280
6504,57223380,6344170,63567550,3,0,0,12800,5,7173899089
6505,57224109,27836472,85060581,1,0,1,1024,13,5594374408
6506,57247940,7132753,64380693,2,0,0,21504,3,10418707248
6507,57254800,6356545,63611345,3,0,0,10752,5,6666644093
6508,57258370,27804129,85062499,7,0,1,20480,1,1761757000
6509,57286360,27776170,85062530,2,0,1,3584,3,10135098245
6510,57287910,27774643,85062553,6,0,1,1024,2,494259030
6511,57295271,6875891,64171162,8,0,0,31744,14,6731099003
6512,57308930,7191757,64500687,0,0,0,86528,19,2340169435
6513,57312380,7056099,64368479,6,0,0,25600,2,8392257681
6514,57324090,6669089,63993179,3,0,0,3072,5,3793234830
6515,57326050,27736558,85062608,0,0,1,21504,19,6354221831
6516,57326890,6595114,63922004,3,0,0,41984,5,3825867798
6517,57331110,6920644,64251754,3,0,0,25088,5,2811217235
6518,57331640,6480401,63812041,7,0,0,55808,1,9387409060
6519,57337919,27746005,85083924,1,0,1,1024,13,9422461926
6520,57342990,7320315,64663305,0,0,0,69632,19,10144891660
6521,57346800,27740003,85086803,0,0,1,1536,19,9055297190
6522,57350720,6480407,63831127,3,0,0,16384,5,3290816795
6523,57360469,7384143,64744612,1,0,0,82944,13,1153752183
6524,57360900,7096961,64457861,3,0,0,15360,5,6707431789
6525,57379230,6391167,63770397,2,0,0,512,3,9769628125
6526,57379890,6414945,63794835,0,0,0,21504,19,3157765418
6527,57381240,7409685,64790925,0,0,0,17408,19,431098386
6528,57386990,6605230,63992220,7,0,0,45056,1,7989570942
6529,57388670,7381447,64770117,4,0,0,15872,9,3707599250
6530,57393600,6490567,63884167,1,0,0,18432,13,5595600334
6531,57400130,27692162,85092292,8,0,1,5120,14,1354094897
6532,57400830,27691808,85092638,2,0,1,512,3,3546036598
6533,57404860,6571870,63976730,3,0,0,4608,5,10504468450
6534,57419350,6654893,64074243,1,0,0,43520,13,2994369189
6535,57431290,7265399,64696689,3,0,0,58880,5,4482822169
6536,57433680,7395760,64829440,9,0,0,11264,1,5621349509
6537,57441840,6533463,63975303,3,0,0,5632,5,1068238179
6538,57445840,27647717,85093557,3,0,1,19456,5,6531582251
6539,57455450,6723402,64178852,7,0,0,9728,1,7152188774
6540,57459130,7170696,64629826,4,0,0,14848,9,6559835529
6541,57471050,6630383,64101433,9,0,0,11264,1,7670895784
6542,57480110,6516368,63996478,3,0,0,10752,5,344289300
6543,57487780,6455909,63943689,1,0,0,2560,13,5416831481
6544,57491340,6645035,64136375,7,0,0,12288,1,4074675671
6545,57494770,7303252,64798022,7,0,0,3072,1,3816957334
6546,57510540,6622068,64132608,0,0,0,25088,19,9240744300
6547,57525880,6823675,64349555,0,0,0,18944,19,6974431860
6548,57566830,27652669,85219499,0,0,1,18432,19,10558082104
6549,57567510,7329364,64896874,7,0,0,4608,1,9559619704
6550,57572940,27647020,85219960,4,0,1,10240,9,10587617341
6551,57588760,27652552,85241312,4,0,1,5632,9,2419446300
6552,57593629,27730636,85324265,1,0,1,1024,13,4343755611
6553,57595410,6645066,64240476,3,0,0,8192,5,9873757999
6554,57600890,7267048,64867938,3,0,0,3584,5,594026025
6555,57609320,6971545,64580865,6,0,0,78336,2,3850978778
6556,57617960,6557905,64175865,4,0,0,15360,9,5260965286
6557,57645050,6542240,64187290,9,0,0,11776,1,6668543935
6558,57647001,6870736,64517737,8,0,0,49152,14,8769489800
6559,57665110,27771131,85436241,5,0,1,13824,9,6448115204
6560,57679161,6613626,64292787,8,0,0,2048,14,2741698263
6561,57680251,7084999,64765250,8,0,0,47616,14,5182934910
6562,57688420,6814318,64502738,2,0,0,6656,3,1560048901
6563,57701260,27735004,85436264,5,0,1,5632,9,2878094979
6564,57712050,6685623,64397673,9,0,0,6656,1,7759485484
6565,57712750,6720287,64433037,2,0,0,15360,3,1863984592
6566,57713250,6819673,64532923,6,0,0,23552,2,4513791253
6567,57715450,6810274,64525724,9,0,0,26112,1,1651792928
6568,57717620,27802298,85519918,5,0,1,7680,9,2441548494
6569,57752460,7482411,65234871,7,0,0,29696,1,5623684166
6570,57770280,6980439,64750719,4,0,0,19968,9,1107997440
6571,57772000,7397424,65169424,6,0,0,94208,2,1680270985
6572,57773300,27746976,85520276,0,0,1,3072,19,2727401068
6573,57775130,7484181,65259311,2,0,0,1536,3,9247363
6574,57790971,6757938,64548909,8,0,0,11776,14,4048199269
6575,57805379,27714920,85520299,1,0,1,2560,13,1611893706
6576,57808130,6586070,64394200,2,0,0,11264,3,3189093447
6577,57808220,6776023,64584243,2,0,0,5632,3,2169076583
6578,57822810,7524255,65347065,1,0,0,20992,13,5288564859
6579,57841900,6858267,64700167,4,0,0,11264,9,6468261943
6580,57853060,6703914,64556974,4,0,0,19968,9,4269120353
6581,57854990,7084036,64939026,4,0,0,30208,9,3588804621
6582,57861460,7031640,64893100,4,0,0,26624,9,2483139382
6583,57864990,6813736,64678726,4,0,0,34304,9,926802963
6584,57869720,6926688,64796408,3,0,0,17920,5,9903620849
6585,57870550,7133464,65004014,0,0,0,18432,19,28141083
6586,57875640,27644682,85520322,7,0,1,5120,1,7593750420
6587,57877090,27643255,85520345,7,0,1,9728,1,9983715170
6588,57885760,27844501,85730261,3,0,1,512,5,5116141679
6589,57900550,6764494,64665044,4,0,0,5632,9,4616638646
6590,57906470,7126825,65033295,6,0,0,54272,2,9749513272
6591,57918570,27812255,85730825,7,0,1,10752,1,8485998138
6592,57931401,6771601,64703002,8,0,0,3072,14,6128210508
6593,57948200,6913713,64861913,7,0,0,9728,1,993833934
6594,57950710,28152697,86103407,9,0,1,48640,1,6588391891
6595,57957979,6926986,64884965,1,0,0,55808,13,6049462914
6596,57959630,7265001,65224631,7,0,0,51712,1,8676813308
6597,57960661,6823768,64784429,8,0,0,27648,14,3726011055
6598,57965070,28144182,86109252,4,0,1,4096,9,9858763388
6599,57986400,28124478,86110878,5,0,1,2560,9,3227128510
6600,57993329,28174079,86167408,1,0,1,25088,13,7389598957
6601,57997120,6977598,64974718,9,0,0,12800,1,7049036379
6602,57997660,7046598,65044258,4,0,0,28160,9,4971633833
6603,57999580,6963738,64963318,0,0,0,56320,19,1551994720
6604,58004570,7657539,65662109,3,0,0,10752,5,1054731885
6605,58007400,7047838,65055238,6,0,0,23040,2,10466085268
6606,58011680,7412686,65424366,4,0,0,30720,9,8297053832
6607,58043040,28172801,86215841,5,0,1,34304,9,9473782528
6608,58044110,6752945,64797055,4,0,0,2048,9,6660875371
6609,58047690,6804425,64852115,2,0,0,9728,3,1937322477
6610,58050900,7055439,65106339,0,0,0,24064,19,5463889943
6611,58055050,28234980,86290030,0,0,1,5632,19,4902997684
6612,58060390,6802950,64863340,2,0,0,4608,3,5567419042
6613,58065040,7645960,65711000,9,0,0,19968,1,949002902
6614,58070650,28219403,86290053,5,0,1,4096,9,4346488773
6615,58078300,7091459,65169759,2,0,0,1024,3,10466762065
6616,58079850,28210226,86290076,0,0,1,1536,19,8592987723
6617,58091109,6976769,65067878,1,0,0,11264,13,255586068
6618,58095410,7225167,65320577,6,0,0,63488,2,3504972522
6619,58101500,6983928,65085428,0,0,0,1024,19,3711877737
6620,58111619,6832813,64944432,1,0,0,11264,13,4262055677
6621,58116700,6996393,65113093,0,0,0,3584,19,5377209071
6622,58138630,6856808,64995438,9,0,0,6144,1,9065010420
6623,58141240,6970738,65111978,3,0,0,18432,5,7388131206
6624,58142439,7029215,65171654,1,0,0,6144,13,1572946979
6625,58148950,6867786,65016736,2,0,0,6656,3,9990989274
6626,58149140,28173132,86322272,5,0,1,24576,9,9802157854
6627,58151980,6962072,65114052,6,0,0,3072,2,2030925845
6628,58155250,7145960,65301210,7,0,0,12800,1,8517897433
6629,58164340,28176355,86340695,2,0,1,5632,3,8657527684
6630,58176850,7163796,65340646,2,0,0,47104,3,4737887542
6631,58196150,7604514,65800664,2,0,0,38912,3,3057795989
6632,58199010,7056700,65255710,4,0,0,15360,9,3858025030
6633,58221550,28156875,86378425,5,0,1,21504,9,9381873173
6634,58230930,6955535,65186465,3,0,0,3584,5,7380013994
6635,58232250,28302024,86534274,7,0,1,5120,1,1628974331
6636,58246560,6988677,65235237,7,0,0,1024,1,7366093066
6637,58248381,6977419,65225800,8,0,0,3584,14,1625798828
6638,58248569,7155359,65403928,1,0,0,18432,13,9659164201
6639,58252330,7257626,65509956,4,0,0,37376,9,7589361520
6640,58256201,7242344,65498545,8,0,0,14848,14,3814335634
6641,58256270,6952582,65208852,3,0,0,17408,5,10494241609
6642,58259950,28284830,86544780,4,0,1,7680,9,2939325939
6643,58262190,7147956,65410146,7,0,0,5120,1,9375753443
6644,58276000,7217998,65493998,7,0,0,44032,1,9476902421
6645,58276939,7387111,65664050,1,0,0,2560,13,8808156030
6646,58279560,28265243,86544803,5,0,1,3072,9,7977220145
6647,58295100,7238233,65533333,7,0,0,10752,1,9871677281
6648,58309690,28276791,86586481,3,0,1,10752,5,6571219731
6649,58313431,7548702,65862133,8,0,0,17920,14,5633633013
6650,58338851,7660698,65999549,8,0,0,15360,14,352201352
6651,58342850,7042684,65385534,6,0,0,4096,2,5702354293
6652,58347140,7050814,65397954,4,0,0,25600,9,4955399389
6653,58352990,28234797,86587787,6,0,1,2048,2,6991405219
6654,58366480,7210767,65577247,6,0,0,6656,2,7690389821
6655,58372410,28215633,86588043,9,0,1,9216,1,5818362300
6656,58373320,7269918,65643238,6,0,0,84992,2,6650054498
6657,58378120,7168968,65547088,2,0,0,27648,3,6741981326
6658,58390360,7051340,65441700,7,0,0,11776,1,4431468794
6659,58395450,7309443,65704893,4,0,0,3584,9,6168547250
6660,58401300,7510512,65911812,3,0,0,9216,5,1341269264
6661,58409211,7142112,65551323,8,0,0,13824,14,6851615189
6662,58437301,7225923,65663224,8,0,0,3584,14,6355284194
6663,58445820,28164215,86610035,4,0,1,11776,9,4870205
6664,58447310,6950979,65398289,9,0,0,1024,1,9206537196
6665,58448700,7693604,66142304,2,0,0,40960,3,7946472824
6666,58449350,7240012,65689362,7,0,0,33280,1,3816489784
6667,58466120,28156249,86622369,6,0,1,5632,2,776616948
6668,58468860,7189950,65658810,2,0,0,26624,3,4497383266
6669,58476700,7244613,65721313,0,0,0,16384,19,1654862591
6670,58482510,7196689,65679199,9,0,0,24576,1,2680073317
6671,58485149,28196639,86681788,1,0,1,2048,13,5970022870
6672,58515570,7227563,65743133,0,0,0,10752,19,4818722816
6673,58534851,7670693,66205544,8,0,0,72704,14,2041616284
6674,58547740,7720462,66268202,3,0,0,30208,5,7345926490
6675,58561660,7294990,65856650,9,0,0,46080,1,4191848922
6676,58578740,7263847,65842587,4,0,0,3072,9,9106261873
6677,58595290,7244865,65840155,7,0,0,129536,1,3874304081
6678,58599320,7309661,65908981,6,0,0,57344,2,3842611315
6679,58617820,28128105,86745925,5,0,1,32768,9,2129451007
6680,58623530,7023007,65646537,9,0,0,10752,1,6635019330
6681,58630100,7353557,65983657,9,0,0,15872,1,10050657095
6682,58631170,7733136,66364306,7,0,0,80896,1,2219692908
6683,58635390,7068388,65703778,7,0,0,10752,1,1039840545
6684,58636270,7138113,65774383,0,0,0,6144,19,1809113914
6685,58638650,28137117,86775767,5,0,1,1024,9,6146195203
6686,58642440,7309525,65951965,2,0,0,9728,3,500139984
6687,58651601,7111454,65763055,8,0,0,14336,14,3274627636
6688,58652750,8035788,66688538,9,0,0,18944,1,9883818588
6689,58672170,28103620,86775790,5,0,1,7168,9,4462834043
6690,58682630,28180276,86862906,6,0,1,2560,2,6233146219
6691,58716560,7277281,65993841,0,0,0,18432,19,9869180733
6692,58725900,28155038,86880938,9,0,1,1536,1,3480501537
6693,58738870,28142091,86880961,5,0,1,1536,9,395368477
6694,58739480,28141504,86880984,4,0,1,512,9,513417033
6695,58747530,6986449,65733979,7,0,0,4608,1,546823249
6696,58748610,7015560,65764170,6,0,0,3584,2,9632675881
6697,58753400,28127607,86881007,9,0,1,14848,1,4825340122
6698,58754140,7224658,65978798,9,0,0,19456,1,2027397864
6699,58758530,7083075,65841605,4,0,0,4608,9,4457869886
6700,58766380,7470167,66236547,3,0,0,35840,5,8727374241
6701,58778490,7185292,65963782,0,0,0,8704,19,1744161813
6702,58784430,7203772,65988202,9,0,0,8192,1,7746074632
6703,58792300,7099186,65891486,3,0,0,8192,5,7405259393
6704,58811540,28069490,86881030,2,0,1,2560,3,6479642289
6705,58812640,7642602,66455242,6,0,0,75776,2,4863995444
6706,58814260,28089748,86904008,2,0,1,15872,3,2396130685
6707,58815150,28120256,86935406,8,0,1,5120,14,3011937467
6708,58822980,7353544,66176524,7,0,0,53248,1,5790556839
6709,58828181,7511454,66339635,8,0,0,31744,14,4544060151
6710,58861050,7359048,66220098,4,0,0,45056,9,8230707982
6711,58868191,7247391,66115582,8,0,0,35840,14,2711435728
6712,58882190,7503355,66385545,6,0,0,69632,2,4409162624
6713,58911030,7514254,66425284,9,0,0,7680,1,9497396003
6714,58916289,28020099,86936388,1,0,1,2560,13,9743803848
6715,58933010,7196791,66129801,3,0,0,46592,5,6670105176
6716,58940480,27995939,86936419,8,0,1,5120,14,10324858816
6717,58942659,7281986,66224645,1,0,0,14848,13,9616420441
6718,58957380,8041586,66998966,3,0,0,55296,5,7616898453
6719,58963380,7600266,66563646,0,0,0,11264,19,10578061804
6720,58964250,7030596,65994846,9,0,0,3072,1,1423395107
6721,58968490,7175553,66144043,6,0,0,5632,2,3401641299
6722,58976270,7183502,66159772,6,0,0,4096,2,2128859374
6723,58977470,7055991,66033461,7,0,0,4608,1,9716513069
6724,58987370,7435551,66422921,9,0,0,33280,1,2592907715
6725,58991660,8184304,67175964,2,0,0,37376,3,1404977747
6726,58993630,7438462,66432092,2,0,0,512,3,3048999862
6727,58997920,7208427,66206347,6,0,0,2560,2,9820686270
6728,58998130,7407897,66406027,6,0,0,67072,2,4896047573
6729,59004720,8627767,67632487,6,0,0,65024,2,3142468459
6730,59012530,8372049,67384579,4,0,0,90112,9,6202179922
6731,59016120,7415793,66431913,6,0,0,21504,2,8740962688
6732,59033920,27963278,86997198,8,0,1,7680,14,5594234882
6733,59064370,27936054,87000424,5,0,1,5120,9,1177642044
6734,59088080,6959277,66047357,9,0,0,3072,1,2104797354
6735,59090650,7195447,66286097,9,0,0,4608,1,7960334919
6736,59100780,7947831,67048611,0,0,0,13824,19,5932288103
6737,59105011,7705465,66810476,8,0,0,9216,14,7075979306
6738,59109330,7568085,66677415,7,0,0,26624,1,1802344731
6739,59111010,7365653,66476663,9,0,0,20480,1,4089474793
6740,59123210,7705119,66828329,4,0,0,29696,9,225072707
6741,59169950,7055654,66225604,2,0,0,3072,3,8558940222
6742,59178030,7706726,66884756,9,0,0,12288,1,6701577254
6743,59186180,6958510,66144690,3,0,0,2048,5,2258361898
6744,59188270,27812308,87000578,0,0,1,8704,19,7027790504
6745,59194570,7218188,66412758,2,0,0,22016,3,7929916022
6746,59215210,7397486,66612696,0,0,0,14848,19,6512023523
6747,59226800,7414672,66641472,0,0,0,41984,19,7151908524
6748,59235470,8229612,67465082,6,0,0,30720,2,5456673935
6749,59244661,7056118,66300779,8,0,0,9728,14,4012196243
6750,59254861,7564397,66819258,8,0,0,14336,14,7429413932
6751,59258719,8284357,67543076,1,0,0,48640,13,10555850597
6752,59260030,7689004,66949034,9,0,0,4096,1,10092790732
6753,59272040,7494276,66766316,4,0,0,19968,9,4005521876
6754,59277250,7233181,66510431,7,0,0,15360,1,461641209
6755,59285750,7173024,66458774,9,0,0,11264,1,8697835514
6756,59290900,7391218,66682118,9,0,0,15360,1,3759838672
6757,59340360,27790780,87131140,3,0,1,25600,5,7070395098
6758,59341940,7852662,67194602,7,0,0,13312,1,4471021726
6759,59344320,7470547,66814867,3,0,0,14336,5,3258151381
6760,59347680,7201728,66549408,0,0,0,62464,19,10725688931
6761,59350189,27815584,87165773,1,0,1,1024,13,8703524818
6762,59376240,7320277,66696517,2,0,0,26112,3,9524828040
6763,59377800,7122916,66500716,3,0,0,14336,5,1402580834
6764,59378549,27790450,87168999,1,0,1,5120,13,9071395674
6765,59380500,7632061,67012561,0,0,0,44544,19,7992041482
6766,59384450,7212012,66596462,0,0,0,4096,19,6885088823
6767,59385910,27783345,87169255,2,0,1,9216,3,6997457129
6768,59388831,7211911,66600742,8,0,0,13824,14,8742771539
6769,59398590,7254293,66652883,3,0,0,37376,5,4090245134
6770,59398731,7493231,66891962,8,0,0,18432,14,7105685528
6771,59399970,27805363,87205333,3,0,1,2560,5,4295354292
6772,59412661,7519999,66932660,8,0,0,69632,14,5435305866
6773,59432590,27844223,87276813,3,0,1,13312,5,3833915368
6774,59442820,27834659,87277479,6,0,1,11264,2,10543598362
6775,59446729,7077637,66524366,1,0,0,6656,13,4702023552
6776,59450850,7417256,66868106,7,0,0,55296,1,9317597056
6777,59456500,7144733,66601233,0,0,0,1536,19,8851808458
6778,59490210,7674343,67164553,9,0,0,54272,1,1236552779
6779,59501320,27868523,87369843,5,0,1,7168,9,2785974193
6780,59513861,7714317,67228178,8,0,0,12800,14,140754677
6781,59520040,27905025,87425065,0,0,1,9728,19,3842195091
6782,59521540,27907471,87429011,5,0,1,7680,9,7540712567
6783,59525850,7448318,66974168,5,0,0,44544,9,9986122931
6784,59529811,7220162,66749973,8,0,0,31744,14,10731776796
6785,59541480,27926500,87467980,3,0,1,1536,5,656660370
6786,59554620,7165280,66719900,3,0,0,13824,5,9655710939
6787,59564670,7316319,66880989,0,0,0,15872,19,7992080421
6788,59567890,27900756,87468646,6,0,1,1024,2,6693211206
6789,59574670,7608649,67183319,9,0,0,24064,1,3508614394
6790,59582290,7682590,67264880,4,0,0,56320,9,10652132771
6791,59598129,7439337,67037466,1,0,0,27648,13,9458079078
6792,59598400,7349103,66947503,9,0,0,48640,1,9715252570
6793,59601670,27867962,87469632,3,0,1,1536,5,3729493014
6794,59614750,7445092,67059842,3,0,0,16896,5,2696193167
6795,59621900,7396456,67018356,2,0,0,18944,3,3854192209
6796,59629190,7239407,66868597,9,0,0,1536,1,53206253
6797,59630150,27847725,87477875,4,0,1,5120,9,7125647081
6798,59646790,7757279,67404069,3,0,0,5632,5,280379572
6799,59651860,7450444,67102304,5,0,0,24064,9,7808604855
6800,59656150,8069246,67725396,7,0,0,10752,1,9956133528
6801,59660330,7173482,66833812,9,0,0,17920,1,2786632450
6802,59663870,7757561,67421431,7,0,0,29184,1,3379510183
6803,59664080,8095722,67759802,0,0,0,25600,19,8122313305
6804,59671760,7660452,67332212,3,0,0,15360,5,7019722209
6805,59679110,7223047,66902157,0,0,0,9728,19,6536794424
6806,59681090,7381427,67062517,6,0,0,8704,2,2169857759
6807,59686000,27800992,87486992,6,0,1,4096,2,947228355
6808,59687210,7159621,66846831,4,0,0,10752,9,5585773897
6809,59691900,7352476,67044376,3,0,0,5632,5,3154947653
6810,59701320,7565455,67266775,0,0,0,6144,19,2420240062
6811,59709120,7267298,66976418,6,0,0,2560,2,5911798534
6812,59720500,7551610,67272110,6,0,0,17408,2,10363593746
6813,59721660,7806147,67527807,7,0,0,27648,1,4559065329
6814,59722710,7319927,67042637,2,0,0,16896,3,3195822769
6815,59727040,7666017,67393057,4,0,0,8704,9,4856533969
6816,59731170,7868442,67599612,9,0,0,31744,1,9097625701
6817,59731200,7406366,67137566,0,0,0,25088,19,4515343103
6818,59734980,7409960,67144940,0,0,0,23040,19,1556317648
6819,59757139,7485486,67242625,1,0,0,45568,13,9503781138
6820,59768330,27720268,87488598,0,0,1,10240,19,1050657940
6821,59772170,7246677,67018847,4,0,0,1536,9,1548991619
6822,59776120,27712501,87488621,9,0,1,2560,1,9142943577
6823,59777230,27741543,87518773,8,0,1,8704,14,8621108114
6824,59785470,7604912,67390382,7,0,0,18944,1,7474245258
6825,59786830,7396668,67183498,2,0,0,512,3,2249045354
6826,59793560,7484304,67277864,9,0,0,8192,1,108445097
6827,59806080,27712847,87518927,0,0,1,8704,19,2813570375
6828,59811160,7985569,67796729,2,0,0,29696,3,6208977839
6829,59814050,7529399,67343449,2,0,0,29184,3,9200237928
6830,59818730,27701183,87519913,7,0,1,1536,1,9833355514
6831,59826470,7530630,67357100,4,0,0,11264,9,2571273746
6832,59850450,7562066,67412516,3,0,0,27648,5,3003352377
6833,59852990,7811858,67664848,0,0,0,75264,19,6370731759
6834,59854521,7334015,67188536,8,0,0,16384,14,3106279711
6835,59860470,7230814,67091284,0,0,0,2560,19,8832539603
6836,59866079,7837392,67703471,1,0,0,32256,13,10197997938
6837,59867830,7689703,67557533,0,0,0,3072,19,4626847904
6838,59870630,27666890,87537520,7,0,1,6656,1,2299052699
6839,59872900,7558971,67431871,3,0,0,10752,5,9564848473
6840,59873060,7528912,67401972,4,0,0,29184,9,6818546226
6841,59877370,27675894,87553264,0,0,1,10240,19,1983583363
6842,59885800,7696887,67582687,4,0,0,18944,9,6514859610
6843,59891940,7582896,67474836,7,0,0,23040,1,6920892949
6844,59892810,8080160,67972970,6,0,0,37376,2,887223939
6845,59910960,7539210,67450170,7,0,0,17408,1,2323950072
6846,59911340,7533503,67444843,6,0,0,40448,2,1229599227
6847,59913010,7699642,67612652,9,0,0,42496,1,3663502812
6848,59923450,8184580,68108030,0,0,0,68096,19,519392859
6849,59923680,7653212,67576892,2,0,0,16384,3,4949319948
6850,59932390,7370116,67302506,7,0,0,4608,1,7211069695
6851,59938490,7702288,67640778,0,0,0,27136,19,4963046449
6852,59949040,27643736,87592776,0,0,1,1024,19,4228869754
6853,59966910,7435420,67402330,4,0,0,1024,9,8553498087
6854,59982370,7607516,67589886,9,0,0,23552,1,762083250
6855,59988560,7361222,67349782,2,0,0,10752,3,2972120516
6856,60027010,8154785,68181795,7,0,0,28672,1,788932238
6857,60036870,27588121,87624991,3,0,1,6144,5,7432958259
6858,60051960,27573697,87625657,6,0,1,1024,2,9697672792
6859,60060800,7806651,67867451,4,0,0,3584,9,7578638234
6860,60067549,27559414,87626963,1,0,1,2048,13,7495339941
6861,60070280,7651801,67722081,4,0,0,60928,9,5757344564
6862,60071340,7675226,67746566,3,0,0,54272,5,10088660066
6863,60109290,7818164,67927454,0,0,0,26112,19,2150831703
6864,60113451,7721081,67834532,8,0,0,2560,14,9709510021
6865,60115940,27515529,87631469,9,0,1,7168,1,277456361
6866,60125110,7565256,67690366,9,0,0,25088,1,3129745367
6867,60125780,27540746,87666526,9,0,1,3584,1,950645824
6868,60129320,7790155,67919475,6,0,0,27136,2,7154971445
6869,60131810,7690350,67822160,7,0,0,27648,1,7042285059
6870,60138910,7856749,67995659,3,0,0,74240,5,2730356894
6871,60154830,7572617,67727447,3,0,0,6656,5,10422371365
6872,60168680,7782540,67951220,3,0,0,6656,5,10317832146
6873,60175379,27547357,87722736,1,0,1,11264,13,340788604
6874,60175380,7724031,67899411,3,0,0,6656,5,6966746676
6875,60179700,7569189,67748889,6,0,0,3072,2,9669312076
6876,60181509,27580879,87762388,1,0,1,6144,13,8790551771
6877,60190150,7636276,67826426,9,0,0,11776,1,8608105186
6878,60193550,8459253,68652803,3,0,0,20480,5,3396784116
6879,60199110,7442783,67641893,9,0,0,3584,1,2714114825
6880,60222760,7918887,68141647,0,0,0,55808,19,9841942772
6881,60224130,27550033,87774163,5,0,1,2560,9,245225662
6882,60231389,7528748,67760137,1,0,0,1024,13,9312297941
6883,60236190,8038982,68275172,2,0,0,31744,3,6710895999
6884,60237680,7995485,68233165,9,0,0,114176,1,8799835273
6885,60249820,7770808,68020628,6,0,0,7680,2,4305138535
6886,60257830,8182519,68440349,6,0,0,54272,2,8768138929
6887,60259760,8259672,68519432,9,0,0,28160,1,10043172828
6888,60274599,7870260,68144859,1,0,0,10240,13,7364284066
6889,60278020,8031314,68309334,9,0,0,38400,1,9647374044
6890,60285150,7802109,68087259,7,0,0,56320,1,1816200240
6891,60286960,27487869,87774829,6,0,1,1024,2,1429547597
6892,60309600,27465895,87775495,7,0,1,1024,1,7610098205
6893,60326740,27456582,87783322,7,0,1,9216,1,1266522036
6894,60334560,8449761,68784321,7,0,0,54784,1,8971572992
6895,60336210,7511416,67847626,5,0,0,4608,9,4171451336
6896,60341410,7771479,68112889,6,0,0,15872,2,572395683
6897,60373790,8219383,68593173,9,0,0,68608,1,8132848482
6898,60404430,7544739,67949169,0,0,0,71168,19,493099482
6899,60405210,27399808,87805018,6,0,1,3584,2,9929980725
6900,60408350,7877921,68286271,6,0,0,36352,2,3560028327
6901,60409160,8091483,68500643,2,0,0,68608,3,719164341
6902,60415310,7709302,68124612,5,0,0,38400,9,10204595674
6903,60423970,27383314,87807284,6,0,1,3584,2,9291929225
6904,60424069,7720969,68145038,1,0,0,512,13,10305185189
6905,60437420,7617193,68054613,0,0,0,44544,19,1124142558
6906,60448490,7875589,68324079,4,0,0,24576,9,4046376034
6907,60454261,8145175,68599436,8,0,0,20480,14,8360574563
6908,60457901,7740453,68198354,8,0,0,54272,14,262915499
6909,60464920,8000613,68465533,3,0,0,20992,5,5193963000
6910,60469460,8033078,68502538,6,0,0,6144,2,1152219162
6911,60472200,7793277,68265477,9,0,0,25088,1,2836717089
6912,60474990,7523344,67998334,2,0,0,8704,3,9880885125
6913,60479060,27331770,87810830,9,0,1,5632,1,8507815821
6914,60486180,7660332,68146512,0,0,0,3584,19,9378881922
6915,60489700,8067272,68556972,7,0,0,48640,1,3913989594
6916,60495060,8015769,68510829,9,0,0,27136,1,6658982195
6917,60498230,7867131,68365361,6,0,0,18944,2,467627441
6918,60508610,7862257,68370867,3,0,0,1024,5,6745059054
6919,60524599,7719376,68243975,1,0,0,15872,13,1226678208
6920,60537140,7608233,68145373,2,0,0,1024,3,8478910438
6921,60540140,7908968,68449108,4,0,0,28672,9,854348396
6922,60544120,7350012,67894132,3,0,0,3584,5,2045608024
6923,60545110,27275254,87820364,9,0,1,1024,1,7224110793
6924,60567260,27262910,87830170,2,0,1,7168,3,6309044420
6925,60573320,8117665,68690985,3,0,0,25600,5,9173975674
6926,60573881,7998365,68572246,8,0,0,23040,14,4179133942
6927,60576539,27255705,87832244,1,0,1,1536,13,6750200409
6928,60577040,8224952,68801992,4,0,0,29696,9,1298088600
6929,60577680,8291568,68869248,6,0,0,75776,2,9592677123
6930,60579080,7745646,68324726,4,0,0,2048,9,66852330
6931,60580580,7843210,68423790,7,0,0,33280,1,8394718532
6932,60588640,27335207,87923847,2,0,1,20480,3,3896347935
6933,60594060,7776472,68370532,9,0,0,16896,1,5625637822
6934,60605180,27318690,87923870,5,0,1,4608,9,5046922548
6935,60606160,8411383,69017543,7,0,0,48640,1,6009555439
6936,60619060,27314684,87933744,7,0,1,6144,1,3417246555
6937,60630590,7819165,68449755,0,0,0,2048,19,6930326471
6938,60631960,8079671,68711631,0,0,0,50176,19,4363274799
6939,60634800,7604316,68239116,9,0,0,19456,1,179965032
6940,60635490,27298277,87933767,5,0,1,2048,9,2149304365
6941,60651180,8337909,68989089,9,0,0,70144,1,1880459282
6942,60656740,27277050,87933790,9,0,1,2560,1,8663962988
6943,60658140,27279307,87937447,0,0,1,4096,19,3377331418
6944,60679700,7930619,68610319,4,0,0,2048,9,9731244243
6945,60693470,7848651,68542121,9,0,0,64000,1,8161725516
6946,60695520,8035627,68731147,9,0,0,7168,1,10291587297
6947,60696800,7949740,68646540,9,0,0,35328,1,829221148
6948,60707750,27229720,87937470,8,0,1,13312,14,6598032412
6949,60709810,7744070,68453880,7,0,0,13312,1,8242647607
6950,60744900,8071915,68816815,0,0,0,11776,19,237856809
6951,60764980,27224827,87989807,0,0,1,12288,19,2080022929
6952,60768110,27232948,88001058,9,0,1,512,1,2426065767
6953,60778260,8013283,68791543,9,0,0,14848,1,7986937799
6954,60784500,7681680,68466180,3,0,0,2048,5,9630124263
6955,60789290,7733308,68522598,3,0,0,10240,5,4717443035
6956,60793490,27207914,88001404,9,0,1,512,1,10714001829
6957,60816950,8007724,68824674,9,0,0,24064,1,6740951630
6958,60817190,7879122,68696312,9,0,0,17408,1,8953741489
6959,60824110,27179831,88003941,9,0,1,9216,1,8816259151
6960,60845500,8030791,68876291,9,0,0,23040,1,9075800355
6961,60851010,27152954,88003964,0,0,1,2048,19,2926372746
6962,60853660,8114034,68967694,4,0,0,48128,9,423073369
6963,60853880,7781873,68635753,5,0,0,78336,9,4658979703
6964,60854530,8168028,69022558,6,0,0,16384,2,5267943205
6965,60858620,7798888,68657508,0,0,0,8192,19,9503073277
6966,60865050,7902556,68767606,6,0,0,36864,2,8256027167
6967,60865440,8682040,69547480,0,0,0,27648,19,2001242378
6968,60865530,8229459,69094989,7,0,0,16896,1,3830190098
6969,60879300,8123392,69002692,4,0,0,44544,9,2570332844
6970,60886271,8000687,68886958,8,0,0,6144,14,2986751071
6971,60886440,8338503,69224943,0,0,0,44032,19,6700882389
6972,60894510,8208637,69103147,6,0,0,26624,2,10222661143
6973,60896240,8791826,69688066,2,0,0,29184,3,8500673564
6974,60902230,8276046,69178276,7,0,0,35328,1,2378456613
6975,60912770,27101839,88014609,3,0,1,6144,5,7449089004
6976,60914730,8406076,69320806,3,0,0,123904,5,9550408811
6977,60918220,8432896,69351116,6,0,0,32768,2,6773454204
6978,60933641,7745862,68679503,8,0,0,3072,14,5039695278
6979,60936670,7977702,68914372,5,0,0,13312,9,6233847068
6980,60948820,8188789,69137609,9,0,0,21504,1,4995147917
6981,60950191,7881786,68831977,8,0,0,14336,14,5721181396
6982,60959040,8498879,69457919,9,0,0,44032,1,3520853480
6983,60960180,27102710,88062890,5,0,1,3072,9,3409970281
6984,60979420,8347475,69326895,0,0,0,2048,19,8439705051
6985,60987160,27077074,88064234,3,0,1,7168,5,951911597
6986,60991400,27073500,88064900,4,0,1,1024,9,9220365480
6987,61001850,8339259,69341109,7,0,0,46080,1,7072907710
6988,61011159,27098492,88109651,1,0,1,1536,13,6098841939
6989,61026080,27083594,88109674,5,0,1,3584,9,1900201087
6990,61029290,8016272,69045562,7,0,0,9216,1,4953803825
6991,61032469,7753131,68785600,1,0,0,4096,13,8504410119
6992,61037021,7871069,68908090,8,0,0,13824,14,6683446398
6993,61044390,7840394,68884784,4,0,0,27648,9,8048159677
6994,61047190,27062507,88109697,9,0,1,6144,1,4452106038
6995,61054390,8014512,69068902,0,0,0,6656,19,4224053170
6996,61061171,8016958,69078129,8,0,0,30208,14,253460310
6997,61071360,7951712,69023072,5,0,0,1536,9,3568955909
6998,61078090,8363692,69441782,3,0,0,46080,5,3153684125
6999,61082660,8751860,69834520,9,0,0,4608,1,8448457762
7000,61088560,7978291,69066851,6,0,0,43520,2,7923919734
7001,61091270,7825800,68917070,7,0,0,8704,1,113854035
7002,61094460,27047222,88141682,3,0,1,7680,5,4678976093
7003,61098040,8301865,69399905,2,0,0,2048,3,6733227356
7004,61101070,27191253,88292323,5,0,1,13312,9,540592499
7005,61114460,27183009,88297469,4,0,1,8192,9,2097021482
7006,61129040,8358780,69487820,6,0,0,29696,2,195930604
7007,61131580,27314790,88446370,0,0,1,2048,19,2036237143
7008,61135980,8436772,69572752,2,0,0,45056,3,7030366162
7009,61136951,8252160,69389111,8,0,0,11776,14,7321431436
7010,61158000,8007987,69165987,5,0,0,3584,9,9068060319
7011,61165090,7752471,68917561,2,0,0,1536,3,4313132320
7012,61169380,27362805,88532185,5,0,1,4608,9,2222452377
7013,61177380,27354828,88532208,4,0,1,2560,9,112731784
7014,61185470,27385674,88571144,9,0,1,2560,1,1916138331
7015,61187081,7894596,69081677,8,0,0,5632,14,6185088590
7016,61188439,27382728,88571167,1,0,1,7680,13,296501218
7017,61189300,27388340,88577640,3,0,1,8704,5,2286842714
7018,61190780,8130540,69321320,7,0,0,512,1,1821810350
7019,61222870,7987633,69210503,2,0,0,6656,3,7848227106
7020,61228260,27468126,88696386,2,0,1,32256,3,8870179890
7021,61255150,8026003,69281153,5,0,0,12800,9,3838292314
7022,61267040,7941412,69208452,7,0,0,6144,1,3893942499
7023,61275040,8082830,69357870,5,0,0,21504,9,1914772893
7024,61277770,8252292,69530062,5,0,0,3072,9,6632057097
7025,61294680,8337121,69631801,7,0,0,15360,1,7444876408
7026,61303000,8416782,69719782,5,0,0,12288,9,1107787048
7027,61303030,8018111,69321141,3,0,0,1024,5,4495167497
7028,61304100,27431920,88736020,0,0,1,11776,19,10566279856
7029,61314140,8130317,69444457,6,0,0,8704,2,3531405907
7030,61315660,8614554,69930214,4,0,0,30208,9,2751029489
7031,61320380,8548364,69868744,5,0,0,31232,9,4947630893
7032,61330630,7941332,69271962,3,0,0,21504,5,10369790632
7033,61336500,8331825,69668325,4,0,0,16384,9,1496969347
7034,61339900,7848811,69188711,5,0,0,7680,9,7003184077
7035,61346670,8311602,69658272,5,0,0,69120,9,6884944207
7036,61359510,27411733,88771243,8,0,1,2560,14,8697443490
7037,61368800,7872122,69240922,6,0,0,23040,2,1006342960
7038,61375300,8153803,69529103,0,0,0,31744,19,3748014899
7039,61377260,27394006,88771266,9,0,1,6144,1,5597628070
7040,61377360,27393929,88771289,4,0,1,512,9,9738688982
7041,61398940,27455387,88854327,8,0,1,2560,14,1783150076
7042,61405300,7919631,69324931,0,0,0,11776,19,6984653479
7043,61415290,7951878,69367168,4,0,0,12800,9,3016662049
7044,61433130,27421351,88854481,6,0,1,8704,2,9976421009
7045,61481660,27373077,88854737,9,0,1,9216,1,2595212359
7046,61497330,7828895,69326225,6,0,0,4096,2,6801540714
7047,61502240,8119462,69621702,2,0,0,512,3,9426400779
7048,61506900,27465321,88972221,9,0,1,70144,1,4534926779
7049,61511540,8623755,70135295,7,0,0,31744,1,5006228026
7050,61512940,27461075,88974015,3,0,1,5632,5,9521543028
7051,61533370,27442591,88975961,5,0,1,3072,9,3460760224
7052,61533410,8521914,70055324,3,0,0,18432,5,2100967951
7053,61541650,7809645,69351295,7,0,0,512,1,1322560127
7054,61565680,7819590,69385270,5,0,0,512,9,4907617321
7055,61581190,8721930,70303120,7,0,0,1024,1,5212694333
7056,61589910,7686287,69276197,0,0,0,13824,19,5960114505
7057,61596040,8622637,70218677,9,0,0,117760,1,7355380298
7058,61607310,8267073,69874383,0,0,0,18432,19,5945947743
7059,61607370,27471679,89079049,4,0,1,4096,9,163241020
7060,61610180,7816697,69426877,6,0,0,11264,2,3695459262
7061,61611660,8319357,69931017,4,0,0,2560,9,1029639462
7062,61623590,8066371,69689961,9,0,0,6144,1,7565645189
7063,61653920,8120463,69774383,6,0,0,9216,2,771532931
7064,61667000,27413355,89080355,6,0,1,2048,2,4764581365
7065,61670550,8116901,69787451,0,0,0,11776,19,1243724401
7066,61682550,27451357,89133907,5,0,1,12288,9,4844787044
7067,61684840,8063223,69748063,3,0,0,37888,5,3455651394
7068,61686220,27579775,89265995,4,0,1,1024,9,5141542095
7069,61695570,27570448,89266018,6,0,1,512,2,6853025090
7070,61704720,27561321,89266041,5,0,1,10752,9,6714725684
7071,61714740,27663812,89378552,8,0,1,17408,14,459854117
7072,61717540,27661035,89378575,5,0,1,512,9,3407038066
7073,61737490,7682523,69420013,4,0,0,3072,9,8501120095
7074,61768870,7732429,69501299,9,0,0,11264,1,10694728646
7075,61779320,7771767,69551087,4,0,0,3072,9,3946121545
7076,61790030,27588568,89378598,8,0,1,2560,14,3463417332
7077,61791620,7811874,69603494,2,0,0,1024,3,8085833819
7078,61797800,7880898,69678698,3,0,0,19456,5,6709305261
7079,61800720,8007961,69808681,0,0,0,18944,19,8739610985
7080,61814000,8017460,69831460,0,0,0,39936,19,1299905256
7081,61826480,7898941,69725421,6,0,0,18432,2,8725013976
7082,61832680,8399927,70232607,3,0,0,4096,5,1347444776
7083,61854080,7749010,69603090,9,0,0,16384,1,8732142542
7084,61897930,8459038,70356968,7,0,0,80896,1,5390904242
7085,61900510,7808234,69708744,6,0,0,48128,2,5260597205
7086,61907979,27611577,89519556,1,0,1,41472,13,5481232337
7087,61910480,7549490,69459970,9,0,0,6656,1,7007289949
7088,61912620,7866500,69779120,3,0,0,5120,5,4602262217
7089,61922730,7810514,69733244,0,0,0,25600,19,6115033244
7090,61931800,8038996,69970796,9,0,0,55808,1,4978225147
7091,61948420,7649655,69598075,7,0,0,36864,1,9562763086
7092,61957340,27567042,89524382,5,0,1,7680,9,3507779468
7093,61961180,27684703,89645883,9,0,1,19968,1,7556037449
7094,61964730,8198276,70163006,0,0,0,10240,19,9874884783
7095,61972170,27687772,89659942,4,0,1,1536,9,8241673010
7096,61978059,27681906,89659965,1,0,1,2560,13,4479914863
7097,61980050,7994449,69974499,5,0,0,11776,9,5801650845
7098,61983250,8066435,70049685,2,0,0,7168,3,4364765198
7099,61986310,7963528,69949838,5,0,0,25088,9,3217294919
7100,61988940,8313845,70302785,2,0,0,23552,3,2987333948
7101,61998790,7673504,69672294,2,0,0,12800,3,1924961359
7102,62002810,7879396,69882206,6,0,0,25600,2,2417790872
7103,62007970,27661869,89669839,7,0,1,3072,1,3391361928
7104,62011890,27666655,89678545,9,0,1,9216,1,4957357516
7105,62020290,7642997,69663287,4,0,0,16384,9,8327817118
7106,62035080,27681463,89716543,5,0,1,12288,9,9155313210
7107,62040610,28060311,90100921,9,0,1,52224,1,9356018841
7108,62040660,8116906,70157566,9,0,0,4096,1,4922584086
7109,62058100,7999451,70057551,5,0,0,6656,9,9657217503
7110,62074610,8409725,70484335,6,0,0,50176,2,3620761079
7111,62096500,28004444,90100944,3,0,1,8192,5,6441687708
7112,62099730,28001416,90101146,3,0,1,8192,5,3446264303
7113,62102740,7897043,69999783,0,0,0,51200,19,121379529
7114,62109630,7992200,70101830,4,0,0,27648,9,5564173679
7115,62114470,8041825,70156295,7,0,0,4096,1,8515374293
7116,62114960,7838801,69953761,3,0,0,12800,5,8613635273
7117,62131700,27983617,90115317,8,0,1,3584,14,4643281527
7118,62143300,8292507,70435807,9,0,0,52224,1,1704489017
7119,62147080,7745757,69892837,3,0,0,34816,5,3858170963
7120,62148380,8144037,70292417,0,0,0,28672,19,1879982826
7121,62149410,8081926,70231336,4,0,0,41472,9,3062423205
7122,62152510,7933676,70086186,5,0,0,3584,9,3275260599
7123,62153470,7879856,70033326,7,0,0,31744,1,6305185187
7124,62156290,27959050,90115340,6,0,1,9728,2,7795660596
7125,62166120,7869257,70035377,0,0,0,6656,19,2886683146
7126,62187740,8213904,70401644,0,0,0,1024,19,6299402578
7127,62201230,27919618,90120848,2,0,1,2560,3,5424415426
7128,62206660,7839040,70045700,3,0,0,20992,5,9688020292
7129,62207660,27923167,90130827,8,0,1,5120,14,6300975396
7130,62228480,8165416,70393896,2,0,0,31744,3,8732062472
7131,62238690,28509135,90747825,9,0,1,236544,1,5754870085
7132,62242100,8090197,70332297,5,0,0,7680,9,5326695405
7133,62245920,28515211,90761131,3,0,1,11264,5,5684151028
7134,62256080,8356194,70612274,6,0,0,29184,2,65155370
7135,62256500,8257598,70514098,4,0,0,20992,9,5306163425
7136,62258410,7634622,69893032,4,0,0,512,9,5080309517
7137,62313380,8204329,70517709,9,0,0,11776,1,3789073118
7138,62319060,8123813,70442873,2,0,0,6144,3,3510686554
7139,62333600,28562320,90895920,0,0,1,22528,19,2899843901
7140,62341900,8370196,70712096,2,0,0,17920,3,9713278242
7141,62343690,7938225,70281915,5,0,0,37888,9,7896739446
7142,62346930,8372640,70719570,9,0,0,18432,1,10061656058
7143,62354290,7785240,70139530,6,0,0,13824,2,4958768737
7144,62363070,28557539,90920609,8,0,1,10752,14,1793336834
7145,62365890,28659996,91025886,4,0,1,50688,9,5312753331
7146,62372240,28653669,91025909,9,0,1,2048,1,10012202122
7147,62377920,8299076,70676996,7,0,0,33792,1,10313389290
7148,62406230,8168508,70574738,7,0,0,16896,1,10365504818
7149,62411160,7703939,70115099,4,0,0,2560,9,7180436621
7150,62413370,28612570,91025940,6,0,1,13824,2,4563751962
7151,62424180,28694901,91119081,4,0,1,16384,9,1301953415
7152,62430230,7810171,70240401,2,0,0,3584,3,5229416317
7153,62432280,7967590,70399870,3,0,0,2560,5,7228045939
7154,62440550,7868833,70309383,4,0,0,20480,9,2297524430
7155,62446700,7869445,70316145,3,0,0,10752,5,9739728093
7156,62476230,7964748,70440978,2,0,0,16896,3,5346465910
7157,62477981,8029621,70507602,8,0,0,76288,14,3009185112
7158,62480159,28639918,91120077,1,0,1,2560,13,8413912586
7159,62484060,8437806,70921866,5,0,0,46592,9,9004577619
7160,62489800,28641926,91131726,7,0,1,2560,1,4414865548
7161,62500160,8338193,70838353,6,0,0,37888,2,2087303161
7162,62504340,7738757,70243097,4,0,0,4096,9,3480795928
7163,62518880,8355876,70874756,4,0,0,32768,9,1013949121
7164,62528120,8166862,70694982,2,0,0,35328,3,10718295724
7165,62554430,8371827,70926257,9,0,0,14336,1,3874506445
7166,62571149,28563754,91134903,1,0,1,4608,13,8026928255
7167,62573350,7739496,70312846,2,0,0,11264,3,1915933797
7168,62582840,7948099,70530939,0,0,0,8192,19,10443573226
7169,62586350,8036301,70622651,9,0,0,12800,1,4921906620
7170,62590090,7964441,70554531,6,0,0,1536,2,1773571921
7171,62614760,8249989,70864749,6,0,0,51712,2,9833738183
7172,62616009,28552575,91168584,1,0,1,4096,13,864860741
7173,62641720,7943493,70585213,0,0,0,34304,19,5582799491
7174,62643110,8171712,70814822,3,0,0,71168,5,6592422929
7175,62653230,8305858,70959088,9,0,0,10240,1,668677980
7176,62655600,8028595,70684195,0,0,0,23552,19,6954890894
7177,62660070,28512060,91172130,5,0,1,5632,9,9606152342
7178,62667890,8449388,71117278,4,0,0,130048,9,9349784350
7179,62671320,28503892,91175212,7,0,1,3584,1,6401803310
7180,62675320,8474730,71150050,7,0,0,44544,1,195295936
7181,62680600,28503176,91183776,2,0,1,13312,3,9819789705
7182,62703791,7956370,70660161,8,0,0,43008,14,9534402751
7183,62707070,8288582,70995652,9,0,0,40448,1,9917833255
7184,62724110,8182882,70906992,0,0,0,16896,19,6758645466
7185,62725770,8310682,71036452,0,0,0,28160,19,7442854915
7186,62731840,28455482,91187322,8,0,1,5632,14,7766038071
7187,62738200,8152499,70890699,5,0,0,52224,9,901685553
7188,62738730,8054385,70793115,6,0,0,61440,2,6693012787
7189,62740660,7818001,70558661,3,0,0,512,5,2719205061
7190,62766320,8050865,70817185,2,0,0,7680,3,5843844678
7191,62766430,8162502,70928932,2,0,0,8704,3,263255996
7192,62773790,28417718,91191508,4,0,1,6656,9,10175957645
7193,62783690,8042901,70826591,0,0,0,7680,19,4503970939
7194,62784310,7914156,70698466,3,0,0,2560,5,3935059586
7195,62786751,8393796,71180547,8,0,0,30720,14,3121427537
7196,62787330,8114491,70901821,0,0,0,26112,19,10296009837
7197,62797850,8336288,71134138,6,0,0,19968,2,2432089604
7198,62813310,28422152,91235462,5,0,1,8704,9,5472545097
7199,62813710,8024978,70838688,3,0,0,1024,5,1755990032
7200,62819861,7924548,70744409,8,0,0,4608,14,3805137272
7201,62822401,8001827,70824228,8,0,0,23040,14,2273312333
7202,62824560,8510957,71335517,9,0,0,74752,1,2386353561
7203,62847770,28387715,91235485,6,0,1,2048,2,1967883641
7204,62856930,8335738,71192668,9,0,0,14336,1,7119315761
7205,62863390,28372118,91235508,8,0,1,13824,14,4167944888
7206,62880100,28391687,91271787,0,0,1,4608,19,3748421446
7207,62880210,28392038,91272248,7,0,1,10240,1,10359231552
7208,62881720,8723964,71605684,4,0,0,18432,9,5336046921
7209,62895610,8012029,70907639,0,0,0,2048,19,10469778539
7210,62919190,8204397,71123587,9,0,0,3584,1,5876950558
7211,62921620,8481876,71403496,0,0,0,22528,19,424382282
7212,62924660,7914675,70839335,6,0,0,2048,2,7917595645
7213,62934700,7959142,70893842,3,0,0,10240,5,7952371123
7214,62940480,8710653,71651133,9,0,0,96256,1,6960329694
7215,62945460,8106687,71052147,9,0,0,21504,1,2482581654
7216,62947369,28343767,91291136,1,0,1,6656,13,2084060702
7217,62948520,7878258,70826778,7,0,0,512,1,8576291478
7218,62970900,8478728,71449628,6,0,0,28160,2,1163705647
7219,62980540,28310619,91291159,5,0,1,8704,9,7473008503
7220,62981930,8140542,71122472,5,0,0,15872,9,4792996787
7221,62984210,28310115,91294325,4,0,1,1024,9,5400228268
7222,62985110,8949656,71934766,0,0,0,76800,19,1404918562
7223,63001330,28293018,91294348,3,0,1,10240,5,4793895319
7224,63008540,8541117,71549657,4,0,0,15872,9,6791176237
7225,63025631,8649155,71674786,8,0,0,7168,14,9349766959
7226,63035490,28258881,91294371,4,0,1,3072,9,8450459895
7227,63037160,8732732,71769892,2,0,0,71168,3,3079600220
7228,63048570,28245824,91294394,7,0,1,1024,1,5464642032
7229,63056250,28253483,91309733,9,0,1,5120,1,10285759554
7230,63061760,8055853,71117613,6,0,0,1024,2,9260463166
7231,63063030,28246959,91309989,5,0,1,9216,9,5287653525
7232,63065500,28244848,91310348,0,0,1,9728,19,180346027
7233,63066400,8005515,71071915,2,0,0,15872,3,5725990493
7234,63073220,8231933,71305153,3,0,0,49664,5,6438487213
7235,63078171,8234547,71312718,8,0,0,14336,14,3324711074
7236,63080990,8256110,71337100,5,0,0,5120,9,10322007632
7237,63082000,8952600,72034600,4,0,0,35328,9,10172464136
7238,63091620,8079544,71171164,4,0,0,14336,9,1106782772
7239,63135400,28204144,91339544,1,0,1,15872,13,10325986828
7240,63138130,8151799,71289929,6,0,0,113152,2,8769537087
7241,63144160,8360658,71504818,9,0,0,36352,1,47176788
7242,63156300,8265395,71421695,9,0,0,35328,1,1066959345
7243,63178310,28171089,91349399,1,0,1,1024,13,6494581576
7244,63179480,8128847,71308327,4,0,0,10240,9,173406819
7245,63194720,7992714,71187434,5,0,0,22528,9,10196040903
7246,63206880,8200708,71407588,2,0,0,10752,3,2719501615
7247,63211850,8483597,71695447,0,0,0,34816,19,8180722982
7248,63212420,8590948,71803368,7,0,0,1024,1,6925836346
7249,63214990,28135587,91350577,9,0,1,13824,1,7720201064
7250,63234341,8115334,71349675,8,0,0,7680,14,4285163161
7251,63244600,8750500,71995100,0,0,0,20992,19,5734151238
7252,63248500,28118028,91366528,6,0,1,8192,2,4604400494
7253,63252830,28151036,91403866,6,0,1,512,2,9739407396
7254,63254890,8546716,71801606,4,0,0,97792,9,4117508196
7255,63258260,8212278,71470538,7,0,0,14336,1,360274579
7256,63271070,28133782,91404852,1,0,1,1536,13,10700273390
7257,63278710,28133294,91412004,4,0,1,512,9,6971873809
7258,63290720,8047206,71337926,5,0,0,2560,9,1664083498
7259,63303260,8499773,71803033,4,0,0,4608,9,8116006673
7260,63307390,8155108,71462498,6,0,0,19456,2,6100189884
7261,63313880,28098470,91412350,9,0,1,512,1,5357158485
7262,63315890,8190511,71506401,2,0,0,5120,3,5016053679
7263,63320550,28095026,91415576,0,0,1,5120,19,9043126704
7264,63325841,8628292,71954133,8,0,0,63488,14,4595662604
7265,63328900,8097966,71426866,2,0,0,16896,3,2265039829
7266,63336500,8330012,71666512,7,0,0,11776,1,1855982602
7267,63343970,8679286,72023256,2,0,0,37376,3,5174528787
7268,63355540,8189258,71544798,5,0,0,55296,9,6643886229
7269,63361329,8251776,71613105,1,0,0,512,13,192707287
7270,63363820,9006900,72370720,3,0,0,14848,5,956332876
7271,63363829,8636785,72000614,1,0,0,13312,13,9480995388
7272,63376491,9080499,72456990,8,0,0,11776,14,9447417678
7273,63399759,28020003,91419762,1,0,1,6656,13,4690345857
7274,63402610,8788487,72191097,5,0,0,2560,9,8121473307
7275,63427890,8816266,72244156,3,0,0,93184,5,1650732538
7276,63462211,8820702,72282913,8,0,0,78336,14,494127221
7277,63474510,8678599,72153109,0,0,0,73728,19,1364288059
7278,63476180,8178720,71654900,5,0,0,12288,9,9499581802
7279,63478791,8711503,72190294,8,0,0,15872,14,2172868163
7280,63482380,8325410,71807790,4,0,0,3072,9,6435836619
7281,63487639,8189822,71677461,1,0,0,8704,13,9313398960
7282,63499730,27925178,91424908,7,0,1,8192,1,5042753805
7283,63499860,8830702,72330562,7,0,0,103424,1,10519838533
7284,63500670,8464429,71965099,2,0,0,35840,3,729473363
7285,63502350,8921734,72424084,5,0,0,104960,9,2562993554
7286,63525000,27900254,91425254,0,0,1,512,19,4232565269
7287,63542831,8263992,71806823,8,0,0,11264,14,9752843966
7288,63544410,8140406,71684816,9,0,0,24064,1,2337023623
7289,63558090,8563617,72121707,5,0,0,35840,9,1729892272
7290,63583900,8505624,72089524,3,0,0,54272,5,9437572109
7291,63597400,8945105,72542505,5,0,0,1536,9,190631045
7292,63611250,8828324,72439574,7,0,0,40960,1,3539886429
7293,63616060,8479107,72095167,3,0,0,9216,5,6305818256
7294,63617950,8245222,71863172,5,0,0,16896,9,5810648763
7295,63640130,8131657,71771787,9,0,0,6144,1,10122842450
7296,63663640,8726544,72390184,0,0,0,38400,19,4856402775
7297,63665310,8443095,72108405,0,0,0,3584,19,1055220306
7298,63675701,8478055,72153756,8,0,0,2048,14,29884359
7299,63678220,8489820,72168040,0,0,0,9728,19,3233533541
7300,63684670,8225333,71910003,7,0,0,8704,1,10642044850
7301,63693080,8372455,72065535,5,0,0,12800,9,3417536450
7302,63702940,27725220,91428160,2,0,1,4608,3,6001802155
7303,63703100,27740693,91443793,4,0,1,24064,9,5620952058
7304,63714990,8322597,72037587,3,0,0,9728,5,6978390021
7305,63720030,8276505,71996535,9,0,0,4608,1,580146895
7306,63726080,8404542,72130622,9,0,0,29184,1,10207908312
7307,63731730,8256951,71988681,3,0,0,54272,5,3495762638
7308,63736980,8522042,72259022,3,0,0,12800,5,7418053254
7309,63758810,8496289,72255099,9,0,0,35840,1,6310162142
7310,63763790,27683869,91447659,2,0,1,6144,3,5328932862
7311,63766210,8406845,72173055,7,0,0,16384,1,5261323170
7312,63774129,8276695,72050824,1,0,0,20480,13,6854337142
7313,63774790,8332500,72107290,6,0,0,19968,2,4887047684
7314,63775220,8589250,72364470,0,0,0,6656,19,8814840751
7315,63782270,8559703,72341973,9,0,0,37376,1,4816946038
7316,63785200,8568987,72354187,6,0,0,37376,2,8490554875
7317,63803370,8846433,72649803,2,0,0,1536,3,7437251331
7318,63804570,8754199,72558769,4,0,0,50176,9,61224950
7319,63805640,8638793,72444433,7,0,0,15872,1,10027764512
7320,63809770,8836823,72646593,5,0,0,77824,9,1134515119
7321,63810940,8616131,72427071,6,0,0,9728,2,5786362384
7322,63817539,8956313,72773852,1,0,0,56320,13,5578398166
7323,63824400,8760912,72585312,6,0,0,87040,2,8620532999
7324,63827310,27624855,91452165,8,0,1,7168,14,5522745591
7325,63848780,8676319,72525099,4,0,0,38400,9,3931600732
7326,63858519,8730949,72589468,1,0,0,12288,13,10066596824
7327,63875870,8577501,72453371,4,0,0,3584,9,2616918366
7328,63887080,8577756,72464836,4,0,0,25600,9,6404467971
7329,63940320,8511936,72452256,0,0,0,25600,19,2670457513
7330,63941360,8752137,72693497,0,0,0,26112,19,4550410880
7331,63955720,8838690,72794410,5,0,0,15360,9,8134189372
7332,63956490,8799415,72755905,3,0,0,18944,5,4484622127
7333,63958340,8723099,72681439,4,0,0,32768,9,7784172831
7334,63969911,8944001,72913912,8,0,0,73728,14,3687502633
7335,63986830,8747000,72733830,3,0,0,57856,5,7911710152
7336,63995420,8347356,72342776,0,0,0,2560,19,2767873520
7337,63996910,8620310,72617220,0,0,0,7680,19,4045893767
7338,63998400,8831409,72829809,0,0,0,25088,19,8514632706
7339,64013090,8875985,72889075,9,0,0,3072,1,700699706
7340,64054900,8530801,72585701,4,0,0,1024,9,6408428409
7341,64060800,8553781,72614581,2,0,0,43008,3,3170041964
7342,64068999,8616519,72685518,1,0,0,13312,13,3841221690
7343,64084050,27382059,91466109,7,0,1,17920,1,9066605103
7344,64092100,27422795,91514895,3,0,1,3072,5,5019280270
7345,64095620,27424433,91520053,4,0,1,4096,9,1915314444
7346,64097290,8873292,72970582,5,0,0,1024,9,1639064154
7347,64108590,8724986,72833576,3,0,0,12288,5,2095187021
7348,64121980,8416229,72538209,2,0,0,2560,3,6726001292
7349,64125690,8466958,72592648,5,0,0,5632,9,9437233944
7350,64133940,8606634,72740574,0,0,0,3072,19,5051264141
7351,64137350,8464104,72601454,0,0,0,14336,19,8934896843
7352,64141180,8963875,73105055,5,0,0,7680,9,2100250453
7353,64162869,9192039,73354908,1,0,0,90624,13,3655452844
7354,64170900,8857711,73028611,6,0,0,8704,2,3692078619
7355,64173680,8955448,73129128,3,0,0,8704,5,8994208338
7356,64177629,8634015,72811644,1,0,0,4608,13,4477515233
7357,64188819,8781428,72970247,1,0,0,32768,13,4380561161
7358,64216990,8429906,72646896,5,0,0,512,9,2590320878
7359,64231419,8854215,73085634,1,0,0,43520,13,7969455180
7360,64233680,27287359,91521039,6,0,1,1536,2,2624086055
7361,64240111,8582031,72822142,8,0,0,10240,14,9679544871
7362,64243960,8594289,72838249,2,0,0,13824,3,4741680002
7363,64250680,9171345,73422025,3,0,0,5632,5,10590150938
7364,64256830,27265515,91522345,0,0,1,2048,19,7787035251
7365,64263260,27262311,91525571,6,0,1,5120,2,7348074995
7366,64275539,8700058,72975597,1,0,0,16384,13,5707355793
7367,64279050,27251058,91530108,2,0,1,19456,3,2927054603
7368,64282240,27248022,91530262,2,0,1,8704,3,7850118563
7369,64286190,8561899,72848089,2,0,0,15872,3,9064556182
7370,64306820,27225041,91531861,5,0,1,512,9,3456547451
7371,64310550,8792134,73102684,6,0,0,49664,2,8725953639
7372,64318431,9204394,73522825,8,0,0,22016,14,1647409155
7373,64344340,8611238,72955578,0,0,0,37888,19,1549727083
7374,64349780,27183387,91533167,2,0,1,2048,3,8531943081
7375,64372370,8683871,73056241,2,0,0,3584,3,10668570731
7376,64389060,8970707,73359767,7,0,0,15872,1,1186287169
7377,64397700,8721375,73119075,3,0,0,18944,5,3479256670
7378,64406110,8412889,72818999,9,0,0,24064,1,3001099174
7379,64427539,27175933,91603472,1,0,1,14848,13,4094745766
7380,64430090,8365570,72795660,0,0,0,2560,19,2858918892
7381,64448090,8417496,72865586,5,0,0,23552,9,5909405671
7382,64450761,8969525,73420286,8,0,0,49152,14,9478654070
7383,64458500,8827060,73285560,5,0,0,20992,9,4959975915
7384,64472550,8526019,72998569,0,0,0,3072,19,3236394613
7385,64475651,8803040,73278691,8,0,0,35840,14,9935902989
7386,64478690,27124805,91603495,7,0,1,8192,1,3063534738
7387,64478940,8391314,72870254,2,0,0,3584,3,5115069697
7388,64496130,8706424,73202554,6,0,0,13824,2,2293050904
7389,64503570,8605119,73108689,9,0,0,2560,1,107422614
7390,64526040,9155599,73681639,7,0,0,78336,1,1776116633
7391,64526750,27091153,91617903,4,0,1,6656,9,5753155511
7392,64534760,8578520,73113280,2,0,0,7168,3,8157324125
7393,64540830,27218619,91759449,2,0,1,6144,3,7773906226
7394,64542030,8545499,73087529,0,0,0,6144,19,2988759563
7395,64547190,9030367,73577557,7,0,0,5120,1,9095998805
7396,64550760,8846455,73397215,9,0,0,9216,1,9488797995
7397,64554530,8983367,73537897,0,0,0,7168,19,8959305737
7398,64561050,9237284,73798334,9,0,0,12800,1,8661173579
7399,64571130,8473243,73044373,9,0,0,1536,1,4172550135
7400,64603860,8764978,73368838,4,0,0,29696,9,4824554759
7401,64609620,8717653,73327273,7,0,0,51200,1,2748247104
7402,64612760,8495126,73107886,3,0,0,9216,5,9989688243
7403,64628270,27133445,91761715,2,0,1,3584,3,10365552686
7404,64629820,8560653,73190473,2,0,0,51712,3,7333101716
7405,64633011,8342921,72975932,8,0,0,1024,14,6528518127
7406,64642200,8582955,73225155,7,0,0,13824,1,3960220637
7407,64645800,8815387,73461187,6,0,0,57856,2,10185101084
7408,64645830,8552489,73198319,6,0,0,5120,2,10722806623
7409,64653299,8543437,73196736,1,0,0,20480,13,3731951811
7410,64660610,8840525,73501135,3,0,0,27648,5,721050410
7411,64676090,8713123,73389213,7,0,0,2560,1,8472598426
7412,64676560,27111082,91787642,7,0,1,9216,1,8513029717
7413,64681400,8831912,73513312,9,0,0,14336,1,10369047696
7414,64686930,27105218,91792148,8,0,1,7168,14,3301265359
7415,64733970,8531162,73265132,2,0,0,2048,3,9404317029
7416,64745790,8557842,73303632,5,0,0,9728,9,5931372281
7417,64756520,27226672,91983192,4,0,1,16896,9,3730040936
7418,64782630,9074411,73857041,6,0,0,81920,2,9148887198
7419,64783980,27224424,92008404,0,0,1,8192,19,10284309883
7420,64784580,27275648,92060228,7,0,1,1024,1,6144511054
7421,64790630,8828075,73618705,2,0,0,29184,3,4773496066
7422,64790960,9097644,73888604,0,0,0,21504,19,9470666566
7423,64795530,9214678,74010208,9,0,0,6144,1,7735295556
7424,64796850,27316808,92113658,4,0,1,5632,9,3471698046
7425,64811770,8870984,73682754,6,0,0,3584,2,406603492
7426,64812260,8942460,73754720,7,0,0,22016,1,1950280249
7427,64835210,8537395,73372605,6,0,0,12288,2,8778383792
7428,64835840,8631766,73467606,5,0,0,20992,9,1801114702
7429,64858350,8619770,73478120,0,0,0,26112,19,9306322566
7430,64864599,8617444,73482043,1,0,0,12800,13,10426980056
7431,64868840,8963164,73832004,3,0,0,62976,5,4480427496
7432,64876440,27269767,92146207,3,0,1,1024,5,2925208468
7433,64884890,8892180,73777070,2,0,0,11264,3,2191637637
7434,64885240,9254237,74139477,0,0,0,47104,19,7048300516
7435,64887160,8860500,73747660,4,0,0,12288,9,7172065774
7436,64887180,8687367,73574547,5,0,0,32768,9,7840168036
7437,64902930,8969445,73872375,5,0,0,14848,9,8036015702
7438,64911040,8895490,73806530,9,0,0,24576,1,9913267726
7439,64911210,8857663,73768873,3,0,0,8704,5,570709767
7440,64924310,8812616,73736926,4,0,0,2560,9,4349523307
7441,64928921,9015859,73944780,8,0,0,28672,14,8532653310
7442,64935260,9122592,74057852,2,0,0,45568,3,2166917207
7443,64951620,8916208,73867828,2,0,0,35328,3,5592265081
7444,64957100,9054067,74011167,3,0,0,3072,5,2233748021
7445,64973350,8714351,73687701,0,0,0,6656,19,580739494
7446,64986290,27305270,92291560,4,0,1,22016,9,5003335892
7447,64993690,8899461,73893151,3,0,0,14848,5,9955436930
7448,64999490,8882539,73882029,3,0,0,28160,5,2028455354
7449,65004940,27286643,92291583,3,0,1,512,5,4176541483
7450,65005770,8903336,73909106,2,0,0,2048,3,6461916371
7451,65007150,8805643,73812793,2,0,0,20480,3,3465775299
7452,65011650,9103909,74115559,6,0,0,37376,2,10084966898
7453,65028130,8687097,73715227,6,0,0,2048,2,7580577319
7454,65031180,9005847,74037027,9,0,0,18944,1,822645879
7455,65038600,8834266,73872866,7,0,0,1536,1,2258180014
7456,65042740,8853733,73896473,3,0,0,5120,5,5809389111
7457,65048399,8908104,73956503,1,0,0,38400,13,1458800543
7458,65061740,27229866,92291606,4,0,1,2048,9,4464528792
7459,65073780,27217849,92291629,7,0,1,3072,1,574394368
7460,65088071,9037031,74125102,8,0,0,13312,14,7690741585
7461,65103600,8769757,73873357,0,0,0,1536,19,10508806013
7462,65104160,8790730,73894890,9,0,0,5632,1,1952725356
7463,65126210,8865340,73991550,4,0,0,15360,9,10224521630
7464,65130620,8956649,74087269,9,0,0,8192,1,6930061456
7465,65151540,27152553,92304093,2,0,1,11264,3,9560669205
7466,65165360,9059051,74224411,7,0,0,91648,1,8748356403
7467,65168680,27251965,92420645,8,0,1,21504,14,5277929385
7468,65172490,9058051,74230541,5,0,0,11264,9,8389111022
7469,65202770,8841144,74043914,3,0,0,22528,5,1501367795
7470,65207350,27233584,92440934,2,0,1,1536,3,3098677135
7471,65220900,9468147,74689047,3,0,0,67072,5,7556441520
7472,65230530,9037401,74267931,9,0,0,5120,1,538486898
7473,65232190,9208085,74440275,7,0,0,29184,1,9870040843
7474,65236799,9103947,74340746,1,0,0,5632,13,2988811441
7475,65239379,8852912,74092291,1,0,0,3072,13,7163706273
7476,65240849,9052986,74293835,1,0,0,6656,13,8796969952
7477,65257360,8885416,74142776,4,0,0,10752,9,10537598735
7478,65259761,9089926,74349687,8,0,0,4096,14,493183273
7479,65276709,8950377,74227086,1,0,0,8704,13,3217282865
7480,65298810,9021961,74320771,6,0,0,23040,2,2080196890
7481,65302360,9142797,74445157,9,0,0,10240,1,5040323048
7482,65305541,8840066,74145607,8,0,0,9216,14,10343264201
7483,65314790,9204759,74519549,2,0,0,18432,3,19694495
7484,65317940,27151588,92469528,2,0,1,10240,3,6695461583
7485,65324320,9123200,74447520,4,0,0,7680,9,7466009256
7486,65334280,9093630,74427910,3,0,0,2048,5,6120846423
7487,65353649,8799545,74153194,1,0,0,9728,13,1297038698
7488,65355580,9042407,74397987,6,0,0,51712,2,7160269095
7489,65359710,27343937,92703647,5,0,1,2560,9,7760186352
7490,65383520,27320150,92703670,5,0,1,17408,9,9815875893
7491,65396300,9185902,74582202,6,0,0,52736,2,4788949737
7492,65396739,9150757,74547496,1,0,0,91648,13,7273987244
7493,65396900,9071401,74468301,6,0,0,4096,2,7963246642
7494,65397600,8766518,74164118,4,0,0,12800,9,3313989049
7495,65398170,9505827,74903997,4,0,0,98304,9,1878896491
7496,65403150,27310195,92713345,3,0,1,6144,5,3572134922
7497,65409530,27308001,92717531,5,0,1,6656,9,2340579938
7498,65410660,27313893,92724553,2,0,1,16384,3,2874595082
7499,65423049,9655145,75078194,1,0,0,71680,13,5132528928
7500,65424919,9327594,74752513,1,0,0,36352,13,3627185890
7501,65434920,27308715,92743635,6,0,1,10752,2,8576442839
7502,65438660,9003354,74442014,7,0,0,5632,1,6797234498
7503,65439250,8960515,74399765,7,0,0,5632,1,5731375027
7504,65445760,9152983,74598743,4,0,0,29184,9,8640412248
7505,65460971,9176865,74637836,8,0,0,40960,14,4722474133
7506,65472119,27438959,92911078,1,0,1,10240,13,3586778601
7507,65473730,9267684,74741414,2,0,0,39936,3,9912113602
7508,65478601,8948662,74427263,8,0,0,58880,14,10253541269
7509,65494410,27416691,92911101,6,0,1,7680,2,8413336307
7510,65495220,9458797,74954017,2,0,0,64512,3,2027207810
7511,65502190,27426982,92929172,3,0,1,22016,5,377556316
7512,65515030,9354076,74869106,6,0,0,33792,2,3353052219
7513,65537090,9121450,74658540,7,0,0,45056,1,4056791839
7514,65549950,9614713,75164663,7,0,0,14336,1,8339526676
7515,65552330,9062586,74614916,7,0,0,4608,1,8230165945
7516,65554470,9464374,75018844,7,0,0,26624,1,5063897613
7517,65563920,9363500,74927420,6,0,0,76800,2,433104139
7518,65570989,9360050,74931039,1,0,0,11776,13,9574092271
7519,65572210,9190366,74762576,2,0,0,29696,3,4892401242
7520,65582050,9147173,74729223,3,0,0,24576,5,9364454852
7521,65590710,9268077,74858787,7,0,0,22016,1,4902000643
7522,65614490,27314705,92929195,6,0,1,2048,2,6075909802
7523,65621479,9509233,75130712,1,0,0,3072,13,9672222058
7524,65634220,9300118,74934338,2,0,0,10752,3,5554803763
7525,65659930,8929898,74589828,3,0,0,1024,5,8448097098
7526,65662660,27266558,92929218,3,0,1,3584,5,9240719036
7527,65682910,9600681,75283591,3,0,0,92672,5,8671669892
7528,65683810,9034102,74717912,3,0,0,4096,5,2542715031
7529,65703160,9380898,75084058,9,0,0,14848,1,2828790666
7530,65704690,9117107,74821797,5,0,0,7680,9,8060207207
7531,65709600,9074463,74784063,6,0,0,26112,2,340809293
7532,65712150,27217270,92929420,4,0,1,8192,9,423860227
7533,65715111,9316563,75031674,8,0,0,14848,14,3847583381
7534,65742580,27186863,92929443,2,0,1,10240,3,7103030817
7535,65743339,9278367,75021706,1,0,0,9216,13,6993370157
7536,65748889,9261820,75010709,1,0,0,65536,13,5840493887
7537,65753510,27207255,92960765,6,0,1,1024,2,9868278775
7538,65755081,9340544,75095625,8,0,0,37888,14,6882805994
7539,65755090,9212340,74967430,4,0,0,5632,9,1676215821
7540,65759031,9297300,75056331,8,0,0,76800,14,3936915762
7541,65759420,27213195,92972615,8,0,1,9728,14,9734680473
7542,65768910,27217030,92985940,5,0,1,10752,9,6890616932
7543,65769630,9360123,75129753,2,0,0,14848,3,9946928267
7544,65772430,9185822,74958252,0,0,0,13824,19,6444431576
7545,65774730,9561511,75336241,4,0,0,12288,9,9988985879
7546,65775751,9343637,75119388,8,0,0,74752,14,6793607782
7547,65779010,9201540,74980550,6,0,0,13312,2,5478343138
7548,65779070,9706506,75485576,5,0,0,19456,9,6645309987
7549,65789830,9429117,75218947,5,0,0,31744,9,6918689044
7550,65795719,9547565,75343284,1,0,0,23040,13,10340713138
7551,65812790,9366299,75179089,5,0,0,3072,9,1386506362
7552,65814430,9310776,75125206,6,0,0,8704,2,394813907
7553,65816570,9325971,75142541,3,0,0,27136,5,1734938685
7554,65823510,27234380,93057890,0,0,1,512,19,4705057551
7555,65843440,9236048,75079488,6,0,0,4096,2,928593872
7556,65849509,27241187,93090696,1,0,1,12288,13,7582799003
7557,65854230,27339135,93193365,0,0,1,8192,19,10532111592
7558,65864940,9326849,75191789,7,0,0,1536,1,2234022097
7559,65870090,9420902,75290992,4,0,0,10752,9,8229531616
7560,65896979,9225552,75122531,1,0,0,10240,13,4956291767
7561,65897251,9346718,75243969,8,0,0,2560,14,4329612121
7562,65899990,9733905,75633895,0,0,0,19456,19,3354987532
7563,65907460,9410241,75317701,6,0,0,9216,2,8757523791
7564,65924701,9379416,75304117,8,0,0,7680,14,3836427055
7565,65927210,27266178,93193388,5,0,1,5120,9,7250324740
7566,65929100,9525573,75454673,0,0,0,4608,19,6424634126
7567,65943330,9344363,75287693,4,0,0,10240,9,2471533144
7568,65949560,9293606,75243166,7,0,0,3072,1,3061993154
7569,65951240,9240035,75191275,4,0,0,16384,9,8863577541
7570,65973821,9427297,75401118,8,0,0,59904,14,1287528458
7571,65979040,9466444,75445484,6,0,0,18944,2,7969616125
7572,65982570,9588064,75570634,5,0,0,46592,9,2753898135
7573,65982880,9931349,75914229,4,0,0,35328,9,6796310046
7574,65999369,9409104,75408473,1,0,0,24064,13,1262458516
7575,65999690,27193721,93193411,2,0,1,512,3,7757603157
7576,66019360,9295510,75314870,3,0,0,26112,5,5472605815
7577,66021840,27171594,93193434,0,0,1,512,19,10532185716
7578,66022140,9584007,75606147,2,0,0,10752,3,1496520611
7579,66035981,9248569,75284550,8,0,0,3072,14,8488627583
7580,66049440,9532472,75581912,4,0,0,32256,9,2071075691
7581,66052800,9643610,75696410,7,0,0,23552,1,10473218277
7582,66054281,9667594,75721875,8,0,0,47616,14,9733213943
7583,66060410,9715915,75776325,4,0,0,23552,9,2779504677
7584,66062960,9921638,75984598,2,0,0,1024,3,6442943121
7585,66067190,9595432,75662622,4,0,0,94208,9,2546654011
7586,66084291,9588962,75673253,8,0,0,34816,14,10002308713
7587,66094870,9325201,75420071,2,0,0,3072,3,7738436609
7588,66115700,9783560,75899260,0,0,0,54784,19,6750631513
7589,66120429,9329923,75450352,1,0,0,1024,13,5484682947
7590,66124640,27144327,93268967,8,0,1,14848,14,9390090698
7591,66131620,27304258,93435878,7,0,1,7168,1,3197405234
7592,66132161,9868981,76001142,8,0,0,14848,14,2526727202
7593,66175990,9396071,75572061,0,0,0,4608,19,4667035148
7594,66181261,9493887,75675148,8,0,0,6144,14,2406097109
7595,66182489,27255655,93438144,1,0,1,3584,13,6726286247
7596,66188110,9501101,75689211,4,0,0,46080,9,1120530953
7597,66194630,9996788,76191418,0,0,0,67584,19,720266087
7598,66200090,9879453,76079543,5,0,0,5632,9,8894069580
7599,66207120,9601419,75808539,5,0,0,7168,9,6539218229
7600,66212990,9370825,75583815,6,0,0,6144,2,9362514168
7601,66220350,27403649,93623999,0,0,1,29184,19,10705863109
7602,66222701,9311913,75534614,8,0,0,49664,14,7840059399
7603,66225940,27400965,93626905,3,0,1,4608,5,4002113290
7604,66244760,9964332,76209092,3,0,0,41984,5,7337745894
7605,66248710,9610259,75858969,3,0,0,10240,5,1459195421
7606,66262840,9933437,76196277,4,0,0,15872,9,6274288171
7607,66278620,9418289,75696909,0,0,0,1536,19,3901107729
7608,66286670,9269745,75556415,3,0,0,9728,5,4419682546
7609,66293540,10240437,76533977,6,0,0,22016,2,3570325581
7610,66329080,9931957,76261037,0,0,0,8192,19,10607187012
7611,66341430,9418686,75760116,2,0,0,77824,3,3126942264
7612,66343800,9281073,75624873,5,0,0,512,9,4002592436
7613,66350741,9438913,75789654,8,0,0,4608,14,6286933740
7614,66357740,9343988,75701728,7,0,0,7680,1,2490653385
7615,66365730,9974707,76340437,9,0,0,45056,1,5170015747
7616,66377350,9569309,75946659,9,0,0,9728,1,842901936
7617,66382870,27246301,93629171,2,0,1,3584,3,10099871006
7618,66390370,9397834,75788204,5,0,0,38912,9,8619391626
7619,66392050,9375420,75767470,6,0,0,512,2,3325817797
7620,66392580,9825115,76217695,9,0,0,28160,1,7807758474
7621,66400110,9736342,76136452,0,0,0,43520,19,3885767936
7622,66409160,9511800,75920960,7,0,0,22016,1,9230973930
7623,66410680,9543422,75954102,9,0,0,6656,1,8597277219
7624,66427380,27384729,93812109,3,0,1,10240,5,8194427359
7625,66440510,9625501,76066011,0,0,0,8192,19,3516143440
7626,66443570,9923308,76366878,6,0,0,22016,2,10252226961
7627,66448309,9899951,76348260,1,0,0,25600,13,2965281998
7628,66469371,9905976,76375347,8,0,0,2560,14,232896956
7629,66475510,9752665,76228175,7,0,0,12288,1,2501375562
7630,66477380,9586112,76063492,6,0,0,47104,2,7305886781
7631,66486130,9525967,76012097,6,0,0,5632,2,7827736519
7632,66487370,9488736,75976106,7,0,0,13312,1,7921302729
7633,66501370,9650839,76152209,7,0,0,1024,1,5990845508
7634,66508030,9321318,75829348,3,0,0,20992,5,605776329
7635,66515850,9325714,75841564,3,0,0,5632,5,8105491143
7636,66517930,9429149,75947079,2,0,0,1024,3,798135222
7637,66537860,9438425,75976285,6,0,0,512,2,10079412465
7638,66540060,9820079,76360139,7,0,0,38912,1,8737954656
7639,66541861,9974026,76515887,8,0,0,17408,14,10414010521
7640,66554650,10117102,76671752,7,0,0,72704,1,6134390848
7641,66567270,9932505,76499775,3,0,0,48128,5,6055606440
7642,66567930,9989620,76557550,6,0,0,5120,2,3882127416
7643,66589330,9669188,76258518,6,0,0,59392,2,2744470366
7644,66599140,9520773,76119913,2,0,0,15872,3,4165587406
7645,66603760,9863874,76467634,5,0,0,104448,9,8803218440
7646,66618950,9766458,76385408,0,0,0,14336,19,10323716297
7647,66626679,27226702,93853381,1,0,1,14336,13,6630379220
7648,66626810,27293098,93919908,3,0,1,12800,5,2966930263
7649,66630070,9783892,76413962,5,0,0,17920,9,3044308596
7650,66636730,10200555,76837285,3,0,0,87040,5,4825323423
7651,66654569,9585830,76240399,1,0,0,22016,13,6812365270
7652,66660490,10317972,76978462,3,0,0,14336,5,8388499891
7653,66674960,9881007,76555967,3,0,0,52736,5,4882591156
7654,66676020,10033577,76709597,5,0,0,4096,9,7409474580
7655,66680641,9623049,76303690,8,0,0,15872,14,5668303562
7656,66682919,9641813,76324732,1,0,0,8192,13,455738066
7657,66695379,10091258,76786637,1,0,0,4096,13,8773101387
7658,66706010,9927027,76633037,7,0,0,37376,1,3504037968
7659,66715800,9558994,76274794,9,0,0,18432,1,2515186858
7660,66723870,9695018,76418888,2,0,0,13312,3,734270666
7661,66724390,9753995,76478385,7,0,0,13824,1,10650987019
7662,66731899,9969616,76701515,1,0,0,24064,13,4267487688
7663,66736210,10000496,76736706,5,0,0,10752,9,2667072644
7664,66736610,27183321,93919931,3,0,1,11776,5,5500692793
7665,66737471,10172857,76910328,8,0,0,59904,14,7625183825
7666,66737890,27182064,93919954,9,0,1,10752,1,8493168714
7667,66741770,27201516,93943286,6,0,1,1536,2,9097685828
7668,66746031,9833961,76579992,8,0,0,22528,14,8470660596
7669,66760180,9760555,76520735,6,0,0,3072,2,8596320380
7670,66762400,9741321,76503721,0,0,0,12800,19,5013181492
7671,66764290,9720798,76485088,7,0,0,19456,1,9547377806
7672,66779559,9900819,76680378,1,0,0,24576,13,718901794
7673,66780100,10206841,76986941,9,0,0,15872,1,1878776663
7674,66802380,9882299,76684679,7,0,0,4096,1,7478150225
7675,66803879,27198926,94002805,1,0,1,19968,13,166140322
7676,66827559,10019897,76847456,1,0,0,33280,13,9671134109
7677,66828180,27174648,94002828,2,0,1,2048,3,1960334328
7678,66830959,9750304,76581263,1,0,0,4096,13,2830894016
7679,66847030,27155821,94002851,9,0,1,1536,1,4997181012
7680,66848870,27154066,94002936,2,0,1,2560,3,6181277246
7681,66852810,27451425,94304235,7,0,1,87040,1,7176559699
7682,66866930,27596964,94463894,0,0,1,9728,19,10249146921
7683,66884000,28082405,94966405,7,0,1,183296,1,4088471098
7684,66892240,9689670,76581910,2,0,0,2048,3,1815415781
7685,66907550,10362760,77270310,3,0,0,71680,5,2419134580
7686,66910419,9859418,76769837,1,0,0,10240,13,10561095606
7687,66913339,10318917,77232256,1,0,0,26112,13,613550107
7688,66939410,9817701,76757111,4,0,0,7680,9,9320856841
7689,66963090,10109518,77072608,2,0,0,60928,3,7838182568
7690,66971660,28193568,95165228,3,0,1,27136,5,5051262668
7691,66990000,28175251,95165251,0,0,1,8704,19,7258746994
7692,66994239,9861375,76855614,1,0,0,9216,13,378756227
7693,67006240,9666627,76672867,5,0,0,3584,9,8959030564
7694,67012940,28152334,95165274,8,0,1,512,14,1097307971
7695,67013679,28151618,95165297,1,0,1,2560,13,2427341181
7696,67019780,28157887,95177667,2,0,1,12288,3,106981129
7697,67022060,10264595,77286655,7,0,0,52224,1,5535844612
7698,67022970,10309900,77332870,5,0,0,118272,9,3147860101
7699,67023570,28154120,95177690,8,0,1,3072,14,5728775500
7700,67025301,10048266,77073567,8,0,0,3072,14,10026158199
7701,67029760,28147953,95177713,5,0,1,7168,9,7639609062
7702,67033120,9777622,76810742,3,0,0,5632,5,3491082272
7703,67033900,9818883,76852783,9,0,0,17408,1,4052226531
7704,67038580,10015441,77054021,0,0,0,104960,19,7999697986
7705,67039080,10048740,77087820,7,0,0,14336,1,4628959979
7706,67041920,10451730,77493650,5,0,0,9728,9,7757375114
7707,67050369,9814499,76864868,1,0,0,10752,13,9285163557
7708,67061380,28137462,95198842,0,0,1,512,19,2987202675
7709,67063460,28135405,95198865,3,0,1,3072,5,2661021715
7710,67068880,10013758,77082638,2,0,0,29696,3,1767182672
7711,67091640,10052460,77144100,7,0,0,35328,1,635439174
7712,67093400,10111388,77204788,0,0,0,7680,19,3563910815
7713,67098450,10011364,77109814,7,0,0,4608,1,4366602139
7714,67104129,10337875,77442004,1,0,0,2560,13,878698334
7715,67105500,28093388,95198888,4,0,1,1536,9,6970358125
7716,67111590,28087321,95198911,4,0,1,11776,9,7853732242
7717,67113520,28115622,95229142,7,0,1,9216,1,2714427278
7718,67125440,28163218,95288658,6,0,1,13824,2,9159195906
7719,67136869,10391603,77528472,1,0,0,82944,13,913300235
7720,67145090,10245433,77390523,3,0,0,138752,5,2955397495
7721,67160540,10187684,77348224,4,0,0,11264,9,3039930671
7722,67163770,10289406,77453176,7,0,0,20992,1,6335193768
7723,67174920,28116964,95291884,5,0,1,5120,9,2011743940
7724,67183560,28136876,95320436,0,0,1,7168,19,1119456944
7725,67193290,28438572,95631862,7,0,1,33280,1,6187944260
7726,67208500,10232701,77441201,2,0,0,7168,3,4485357082
7727,67229510,10209484,77438994,4,0,0,49664,9,8391107165
7728,67243200,28389968,95633168,8,0,1,2048,14,7961886648
7729,67251299,10036471,77287770,1,0,0,3584,13,5512305147
7730,67264140,10543449,77807589,2,0,0,37888,3,3471461404
7731,67273940,28383884,95657824,3,0,1,6656,5,1952943093
7732,67275750,28393664,95669414,4,0,1,6656,9,219875346
7733,67275840,10268590,77544430,2,0,0,51200,3,164855768
7734,67277670,10184297,77461967,3,0,0,9216,5,6565846048
7735,67292820,10402104,77694924,4,0,0,69632,9,3892153517
7736,67292850,28376595,95669445,6,0,1,1536,2,2793666895
7737,67299870,10252851,77552721,4,0,0,27136,9,5406841477
7738,67300029,10097537,77397566,1,0,0,23040,13,3698268747
7739,67302370,28379289,95681659,6,0,1,6656,2,7214085266
7740,67308980,28372702,95681682,4,0,1,1024,9,8351527370
7741,67331079,10155002,77486081,1,0,0,2560,13,1618627009
7742,67344130,10077626,77421756,7,0,0,17408,1,2371087351
7743,67346041,10274071,77620112,8,0,0,22016,14,3424752208
7744,67347691,10253466,77601157,8,0,0,31232,14,5875818238
7745,67356040,10776972,78133012,0,0,0,19968,19,6825000465
7746,67372410,10338927,77711337,7,0,0,3072,1,9365601219
7747,67385400,28296305,95681705,5,0,1,1024,9,9573949648
7748,67387290,10184947,77572237,0,0,0,10240,19,5667845018
7749,67388570,10224811,77613381,0,0,0,26624,19,8817579978
7750,67408430,10445011,77853441,3,0,0,11264,5,5037307322
7751,67408990,10119817,77528807,6,0,0,1024,2,3600130778
7752,67410370,10312119,77722489,5,0,0,2048,9,1687359405
7753,67415470,10161625,77577095,7,0,0,3072,1,762973829
7754,67417710,28301868,95719578,7,0,1,24576,1,5077833281
7755,67427360,10228715,77656075,2,0,0,512,3,1824841456
7756,67431890,10215401,77647291,9,0,0,23552,1,1410753944
7757,67433550,28381569,95815119,4,0,1,18432,9,1566804390
7758,67439591,10215908,77655499,8,0,0,8704,14,6339419107
7759,67444129,10213302,77657431,1,0,0,3072,13,10222757631
7760,67445070,10258297,77703367,6,0,0,26112,2,1513779856
7761,67446581,10203697,77650278,8,0,0,9728,14,5630862081
7762,67447970,10363342,77811312,3,0,0,8704,5,4486008413
7763,67455410,28359732,95815142,6,0,1,1024,2,1173581404
7764,67476240,10394940,77871180,7,0,0,54272,1,4449303675
7765,67478560,10419347,77897907,2,0,0,31744,3,1208677588
7766,67483800,10546633,78030433,3,0,0,3584,5,9326575119
7767,67494450,10410469,77904919,7,0,0,17920,1,3374230826
7768,67510170,10750793,78260963,2,0,0,26624,3,9835748118
7769,67514540,10372286,77886826,2,0,0,51200,3,6203328604
7770,67516470,10324909,77841379,7,0,0,31744,1,3999075037
7771,67528890,10448761,77977651,6,0,0,23040,2,10316046071
7772,67551360,28263805,95815165,8,0,1,8192,14,5873507440
7773,67553930,28391104,95945034,7,0,1,34816,1,10049285427
7774,67561230,10592965,78154195,5,0,0,20480,9,9093759989
7775,67580090,10439098,78019188,4,0,0,58880,9,4382389593
7776,67590480,10336189,77926669,0,0,0,1536,19,1434665825
7777,67598550,10493736,78092286,3,0,0,7168,5,2649302196
7778,67603590,10331388,77934978,7,0,0,25600,1,5155532654
7779,67604030,10357391,77961421,5,0,0,5632,9,3094663968
7780,67610460,10277660,77888120,4,0,0,4096,9,7120749490
7781,67624790,10637608,78262398,3,0,0,4608,5,8108100531
7782,67631890,10619043,78250933,3,0,0,39424,5,5691613663
7783,67638440,10726398,78364838,5,0,0,8704,9,7963821724
7784,67638520,28971721,96610241,0,0,1,143872,19,7898994346
7785,67647880,10390242,78038122,0,0,0,2048,19,9188244017
7786,67657170,10595658,78252828,3,0,0,6144,5,645524442
7787,67658330,10286663,77944993,6,0,0,7168,2,4257623827
7788,67676370,10412366,78088736,4,0,0,4608,9,2416583519
7789,67679370,10634889,78314259,2,0,0,21504,3,7615814436
7790,67679979,10835688,78515667,1,0,0,12288,13,3970384126
7791,67686320,10893987,78580307,2,0,0,12288,3,7249708831
7792,67706740,10571508,78278248,9,0,0,33280,1,5944215630
7793,67718590,10751375,78469965,0,0,0,34304,19,9374200877
7794,67725570,10569923,78295493,4,0,0,31232,9,1790175900
7795,67729730,10386363,78116093,5,0,0,51200,9,4031309893
7796,67737510,10419828,78157338,6,0,0,10240,2,6267099417
7797,67739240,10282623,78021863,4,0,0,8704,9,4532796683
7798,67740020,11035852,78775872,2,0,0,14336,3,5724559911
7799,67741870,10672178,78414048,3,0,0,26112,5,7170200023
7800,67751090,28898563,96649653,4,0,1,1024,9,6733808048
7801,67764370,10684801,78449171,9,0,0,115200,1,1119132323
7802,67769201,10775077,78544278,8,0,0,16896,14,357307173
7803,67770040,29138796,96908836,0,0,1,125440,19,10629266500
7804,67774160,10578838,78352998,4,0,0,22016,9,890186562
7805,67789970,29240902,97030872,2,0,1,10240,3,1031376976
7806,67806299,29224596,97030895,1,0,1,1536,13,8300022781
7807,67806849,10384480,78191329,1,0,0,5120,13,10292462595
7808,67813030,10646460,78459490,4,0,0,33792,9,1767002668
7809,67816149,10414311,78230460,1,0,0,4096,13,2015587393
7810,67817091,10502495,78319586,8,0,0,17408,14,6327444873
7811,67832851,10678402,78511253,8,0,0,29184,14,3679688540
7812,67871600,10436084,78307684,6,0,0,39936,2,909523154
7813,67883040,10438753,78321793,9,0,0,7168,1,7830050047
7814,67886860,10338854,78225714,4,0,0,14336,9,3878076829
7815,67907949,10569082,78477031,1,0,0,21504,13,7654386916
7816,67914120,29720344,97634464,7,0,1,222208,1,4433101908
7817,67922840,10579498,78502338,6,0,0,15360,2,7566479389
7818,67935839,10969175,78905014,1,0,0,18944,13,1597037857
7819,67943570,10616722,78560292,3,0,0,1536,5,7576513495
7820,67943790,10737260,78681050,3,0,0,29696,5,480926793
7821,67944890,29689597,97634487,8,0,1,9728,14,326234526
7822,67952210,10887218,78839428,5,0,0,92160,9,2562007525
7823,67953870,10649508,78603378,5,0,0,24064,9,633371602
7824,67968000,10752950,78720950,2,0,0,7168,3,736901716
7825,67975579,10600961,78576540,1,0,0,7680,13,5965424903
7826,67984760,29724525,97709285,5,0,1,23040,9,446546371
7827,67986380,10785101,78771481,9,0,0,71168,1,3434929551
7828,67986540,10407445,78393985,3,0,0,8192,5,163647937
7829,67987920,10482536,78470456,7,0,0,1536,1,8814435404
7830,67991780,10864985,78856765,5,0,0,17408,9,8152238129
7831,67994620,11111598,79106218,2,0,0,67072,3,5603055059
7832,67994829,10637709,78632538,1,0,0,5632,13,9207972018
7833,68022110,10763237,78785347,5,0,0,17408,9,3582065530
7834,68045870,10466030,78511900,6,0,0,2048,2,4085842371
7835,68056539,29652769,97709308,1,0,1,13824,13,3832950163
7836,68057470,29729342,97786812,6,0,1,1536,2,3556158451
7837,68059600,10683839,78743439,9,0,0,23552,1,4988212604
7838,68074041,10615456,78689497,8,0,0,27648,14,1132872212
7839,68077310,10650539,78727849,7,0,0,3584,1,9194152174
7840,68086530,10891777,78978307,2,0,0,35328,3,1544151845
7841,68088900,29698066,97786966,3,0,1,8704,5,7765525993
7842,68103160,10826575,78929735,7,0,0,61440,1,565417876
7843,68104680,29683592,97788272,8,0,1,2048,14,4315092534
7844,68111580,10751335,78862915,7,0,0,7168,1,414553579
7845,68116740,10955190,79071930,3,0,0,19968,5,9370086377
7846,68119949,10756706,78876655,1,0,0,22016,13,310151354
7847,68120480,11063732,79184212,9,0,0,19456,1,6425086988
7848,68128720,10722702,78851422,2,0,0,38912,3,2366043201
7849,68134980,11335236,79470216,9,0,0,28672,1,5990458608
7850,68148360,10972199,79120559,5,0,0,2048,9,8915288046
7851,68158360,10896546,79054906,4,0,0,65024,9,7548875233
7852,68159760,10802365,78962125,6,0,0,29184,2,5611583433
7853,68175460,10610736,78786196,3,0,0,2560,5,6434913440
7854,68175550,10827175,79002725,7,0,0,4608,1,8234270427
7855,68181839,11031366,79213205,1,0,0,32768,13,9836573616
7856,68182340,11300870,79483210,3,0,0,29184,5,4893027778
7857,68187090,11695276,79882366,3,0,0,28672,5,3809103609
7858,68188879,10960425,79149304,1,0,0,10752,13,4663993890
7859,68189700,11829554,80019254,9,0,0,14848,1,1311301174
7860,68190600,11097442,79288042,3,0,0,11264,5,5740489505
7861,68193371,11268086,79461457,8,0,0,136704,14,1471766399
7862,68196910,10912295,79109205,2,0,0,9728,3,7932253453
7863,68201060,11445335,79646395,4,0,0,89088,9,10558594286
7864,68223060,10886971,79110031,9,0,0,2560,1,7733461580
7865,68230140,29560398,97790538,5,0,1,3584,9,3592652436
7866,68236810,29556634,97793444,8,0,1,4608,14,3628744702
7867,68237760,12036220,80273980,3,0,0,107520,5,4506619785
7868,68255410,11973496,80228906,0,0,0,84480,19,9158341077
7869,68258639,10880275,79138914,1,0,0,10240,13,9180742533
7870,68270920,10975533,79246453,4,0,0,4608,9,1934389352
7871,68277161,11197134,79474295,8,0,0,13312,14,7681624890
7872,68292210,10835736,79127946,5,0,0,11776,9,4258770628
7873,68294380,11824968,80119348,5,0,0,33280,9,2062779786
7874,68298760,10815499,79114259,9,0,0,1536,1,8802184924
7875,68310850,29687284,97998134,7,0,1,138752,1,600157080
7876,68324200,10849776,79173976,7,0,0,5120,1,2638023886
7877,68331330,29731782,98063112,5,0,1,16384,9,3826058284
7878,68333739,11555514,79889253,1,0,0,22528,13,196263313
7879,68334290,11497832,79832122,5,0,0,38912,9,6321039426
7880,68340520,10897771,79238291,2,0,0,3072,3,9884833256
7881,68345880,11003964,79349844,0,0,0,10752,19,8289093567
7882,68366870,10968449,79335319,0,0,0,6144,19,10721960837
7883,68374190,11186126,79560316,3,0,0,9216,5,6582419227
7884,68377410,12050950,80428360,2,0,0,21504,3,2219997532
7885,68378290,10794103,79172393,6,0,0,9728,2,3185014239
7886,68390800,11919233,80310033,0,0,0,28672,19,1592040543
7887,68392750,11950401,80343151,2,0,0,103936,3,4322595838
7888,68428870,11105375,79534245,7,0,0,43520,1,7718236159
7889,68433999,29629136,98063135,1,0,1,512,13,5743043297
7890,68442091,11162828,79604919,8,0,0,7168,14,8174683894
7891,68444810,11214868,79659678,0,0,0,43520,19,4727796160
7892,68449010,10883801,79332811,9,0,0,4608,1,4292561005
7893,68449490,29618839,98068329,0,0,1,6656,19,8939578083
7894,68453330,12404025,80857355,0,0,0,34816,19,3279693599
7895,68459990,11211567,79671557,9,0,0,38912,1,6293735357
7896,68482090,10744825,79226915,5,0,0,1024,9,2040130029
7897,68483400,29621398,98104798,4,0,1,26112,9,7340506611
7898,68503439,10906938,79410377,1,0,0,7168,13,5616369916
7899,68504680,29607075,98111755,8,0,1,8192,14,5648853782
7900,68513300,10972585,79485885,2,0,0,8704,3,5588971295
7901,68518480,29595356,98113836,6,0,1,6144,2,5610081482
7902,68519830,11027698,79547528,9,0,0,43520,1,3850456103
7903,68534599,11190025,79724624,1,0,0,70656,13,2919284803
7904,68540830,11330703,79871533,7,0,0,5632,1,3747662330
7905,68558100,11489043,80047143,7,0,0,60928,1,1469179164
7906,68571820,12427190,80999010,9,0,0,89088,1,8082746913
7907,68585899,11152834,79738733,1,0,0,11264,13,3534624238
7908,68588260,29554275,98142535,6,0,1,9728,2,2422044417
7909,68601630,11834150,80435780,0,0,0,18944,19,2942537498
7910,68602740,11132538,79735278,4,0,0,10752,9,8107790072
7911,68614040,10872571,79486611,4,0,0,1536,9,4223337908
7912,68617210,29525348,98142558,4,0,1,1024,9,2097199133
7913,68624000,29564434,98188434,7,0,1,53760,1,835729628
7914,68646940,10859507,79506447,0,0,0,6144,19,5332850342
7915,68654540,11017664,79672204,0,0,0,2048,19,7523471910
7916,68707450,29552100,98259550,3,0,1,21504,5,3761698066
7917,68711550,11520499,80232049,9,0,0,10240,1,3765890393
7918,68745860,10949561,79695421,6,0,0,22016,2,930552704
7919,68746760,11123011,79869771,2,0,0,45568,3,1962441761
7920,68752990,11092527,79845517,2,0,0,13824,3,2537884603
7921,68756030,10975949,79731979,2,0,0,24064,3,5992355532
7922,68785350,11055932,79841282,0,0,0,13824,19,6212087380
7923,68789110,11239059,80028169,6,0,0,29184,2,4074216737
7924,68797700,11124479,79922179,0,0,0,14336,19,1736577756
7925,68799669,10944563,79744232,1,0,0,17920,13,9518880453
7926,68803670,11134288,79937958,7,0,0,51712,1,1913986668
7927,68808570,11502890,80311460,3,0,0,4608,5,8735030846
7928,68824120,11117761,79941881,9,0,0,12800,1,2702815670
7929,68831910,11041674,79873584,5,0,0,6656,9,9988592826
7930,68858420,11212325,80070745,0,0,0,6656,19,8616695014
7931,68859470,11058318,79917788,3,0,0,41984,5,10233131006
7932,68870200,11101133,79971333,2,0,0,46080,3,10382654631
7933,68875530,11193164,80068694,4,0,0,70656,9,1442012040
7934,68885531,11659153,80544684,8,0,0,94720,14,4395134600
7935,68888290,11777774,80666064,3,0,0,36864,5,2744951132
7936,68896589,11245827,80142416,1,0,0,40960,13,9862674243
7937,68905800,11047070,79952870,5,0,0,8704,9,2565360930
7938,68926330,11309642,80235972,2,0,0,12800,3,3734786564
7939,68927339,11016125,79943464,1,0,0,5120,13,3015534260
7940,68929450,11173525,80102975,5,0,0,4608,9,10142178270
7941,68932000,29329496,98261496,6,0,1,3072,2,1061153228
7942,68934030,29328337,98262367,3,0,1,12288,5,5564709811
7943,68935079,12178260,81113339,1,0,0,20992,13,7101469977
7944,68938921,11302222,80241143,8,0,0,16896,14,9108788287
7945,68942940,11436252,80379192,5,0,0,16896,9,7864794951
7946,68947490,11417391,80364881,5,0,0,49664,9,2707838378
7947,68948090,12231952,81180042,9,0,0,52736,1,10702263073
7948,68957330,11392396,80349726,9,0,0,21504,1,1998675460
7949,68959800,11207764,80167564,6,0,0,30208,2,10351107936
7950,68975150,29335384,98310534,8,0,1,7168,14,9685009688
7951,68979150,11888836,80867986,3,0,0,34816,5,9958188169
7952,68998530,11965949,80964479,3,0,0,50176,5,6008557454
7953,69003330,11067594,80070924,5,0,0,512,9,1001116429
7954,69017640,11070575,80088215,4,0,0,1536,9,9361955292
7955,69081010,11122133,80203143,4,0,0,62464,9,2576229569
7956,69095340,11420461,80515801,2,0,0,29696,3,4409803168
7957,69095510,11276749,80372259,9,0,0,24064,1,2613241816
7958,69101720,10973751,80075471,5,0,0,14848,9,5212019876
7959,69106360,11037818,80144178,6,0,0,5632,2,9427129007
7960,69110450,11293462,80403912,2,0,0,4096,3,209109110
7961,69110889,11263132,80374021,1,0,0,5632,13,1285438801
7962,69121470,29440424,98561894,7,0,1,114688,1,6597263821
7963,69127270,11155764,80283034,5,0,0,1536,9,4066050548
7964,69138770,11906826,81045596,3,0,0,5632,5,2586207615
7965,69161020,29440805,98601825,5,0,1,1024,9,2219254326
7966,69166770,11412853,80579623,0,0,0,6144,19,1725435803
7967,69174500,11373506,80548006,7,0,0,3584,1,6010424133
7968,69178681,11207554,80386235,8,0,0,23040,14,9951075715
7969,69187480,11367413,80554893,4,0,0,22528,9,406396189
7970,69190530,11865525,81056055,5,0,0,12800,9,10458069437
7971,69196900,11501701,80698601,2,0,0,14848,3,10223434683
7972,69202690,11445045,80647735,0,0,0,36864,19,2477902344
7973,69202850,11199791,80402641,7,0,0,14848,1,3441331903
7974,69204870,11359718,80564588,9,0,0,31744,1,7137619406
7975,69209320,29436892,98646212,7,0,1,19968,1,5781210329
7976,69210110,11256048,80466158,4,0,0,3584,9,8187688194
7977,69217940,29429629,98647569,5,0,1,5120,9,8024791554
7978,69218290,29429625,98647915,3,0,1,512,5,6138167648
7979,69235240,29418282,98653522,6,0,1,18432,2,512244268
7980,69238410,11416399,80654809,0,0,0,9728,19,8464365499
7981,69240900,11561173,80802073,4,0,0,57344,9,1555947411
7982,69252060,11318012,80570072,7,0,0,13824,1,6522340126
7983,69255900,11341393,80597293,2,0,0,16384,3,1124151524
7984,69258230,11433149,80691379,5,0,0,43008,9,7553424057
7985,69262830,12269277,81532107,4,0,0,68096,9,9731422332
7986,69307110,29353983,98661093,0,0,1,3584,19,9157384623
7987,69307510,11799364,81106874,5,0,0,29184,9,2355643732
7988,69310400,29352639,98663039,9,0,1,3072,1,5625830292
7989,69316890,11312378,80629268,0,0,0,3072,19,8802486271
7990,69318300,11569759,80888059,7,0,0,10752,1,448848784
7991,69331411,11105640,80437051,8,0,0,4096,14,9521323396
7992,69344151,11890137,81234288,8,0,0,17920,14,3006344982
7993,69350019,11368595,80718614,1,0,0,17920,13,9254720777
7994,69352360,11262316,80614676,3,0,0,8704,5,8498686304
7995,69362690,11514367,80877057,6,0,0,29696,2,9741432060
7996,69366439,11180452,80546891,1,0,0,7168,13,138042819
7997,69372310,29297498,98669808,3,0,1,14336,5,10096877193
7998,69395980,11101618,80497598,0,0,0,8704,19,10654208860
7999,69396710,11304566,80701276,2,0,0,8704,3,2214245724
8000,69401770,11201544,80603314,9,0,0,1536,1,2056743903
8001,69403150,11299085,80702235,0,0,0,3072,19,10287879516
8002,69407740,11436279,80844019,6,0,0,43520,2,10414103202
8003,69409579,11371215,80780794,1,0,0,2048,13,3992701174
8004,69411570,11604155,81015725,0,0,0,54784,19,9984884550
8005,69412680,11239134,80651814,2,0,0,13312,3,8666405320
8006,69414200,12299792,81713992,3,0,0,46592,5,2534392108
8007,69414399,11279655,80694054,1,0,0,8704,13,4777002507
8008,69420610,11951759,81372369,4,0,0,34304,9,3009624859
8009,69437000,11308034,80745034,5,0,0,16896,9,7755198552
8010,69441890,11297973,80739863,6,0,0,20992,2,7072413018
8011,69442860,11435468,80878328,6,0,0,4096,2,3575379719
8012,69446400,12403865,81850265,5,0,0,34816,9,1741764723
8013,69446750,11463880,80910630,3,0,0,9728,5,1292656882
8014,69450380,11328201,80778581,7,0,0,14336,1,9535239969
8015,69450449,29239271,98689720,1,0,1,6144,13,2870283164
8016,69460059,11479820,80939879,1,0,0,15360,13,2660200310
8017,69470330,11459313,80929643,6,0,0,27136,2,8444808543
8018,69500340,12389873,81890213,4,0,0,38912,9,7562512277
8019,69510320,11434548,80944868,5,0,0,3072,9,7990927065
8020,69512820,11698696,81211516,6,0,0,8192,2,5263287717
8021,69516920,11363615,80880535,3,0,0,7168,5,584575654
8022,69518780,11717643,81236423,5,0,0,6144,9,6585580128
8023,69519070,11412728,80931798,2,0,0,4608,3,9707680051
8024,69523810,29167856,98691666,0,0,1,3072,19,4999268699
8025,69523920,11368790,80892710,5,0,0,3072,9,4162036205
8026,69550580,11916943,81467523,6,0,0,43008,2,9260552751
8027,69551580,11473060,81024640,4,0,0,29184,9,2824537161
8028,69553139,12069670,81622809,1,0,0,18944,13,4428003355
8029,69557450,11522122,81079572,2,0,0,8192,3,7635444977
8030,69578501,11481968,81060469,8,0,0,13312,14,1127602558
8031,69625530,11319985,80945515,3,0,0,2048,5,6487673621
8032,69626200,11430190,81056390,4,0,0,1024,9,7194637350
8033,69630729,11267877,80898606,1,0,0,512,13,3762095124
8034,69632089,11499590,81131679,1,0,0,24064,13,699205280
8035,69644940,11391372,81036312,5,0,0,34816,9,6598537741
8036,69645390,11668467,81313857,4,0,0,3584,9,5316524832
8037,69647450,11632842,81280292,9,0,0,7168,1,10625886785
8038,69647579,11504387,81151966,1,0,0,1024,13,5381513558
8039,69657830,12121526,81779356,7,0,0,138752,1,9495487853
8040,69662250,11399490,81061740,6,0,0,4096,2,8666393218
8041,69675270,11624519,81299789,2,0,0,16384,3,324257619
8042,69675840,11606035,81281875,2,0,0,5120,3,8859641818
8043,69679340,29012992,98692332,4,0,1,1024,9,5233021223
8044,69681140,29019402,98700542,0,0,1,14336,19,4857602689
8045,69685240,11560843,81246083,0,0,0,2560,19,7764357471
8046,69708000,11526467,81234467,7,0,0,512,1,3374814117
8047,69711960,29007972,98719932,6,0,1,3072,2,1213427754
8048,69723090,11773339,81496429,9,0,0,50688,1,7814483388
8049,69737310,11676021,81413331,3,0,0,16384,5,3064040156
8050,69752160,11656156,81408316,0,0,0,67072,19,748324757
8051,69769979,11787094,81557073,1,0,0,3072,13,7382113307
8052,69772410,11376275,81148685,2,0,0,6656,3,6581478247
8053,69776830,11496696,81273526,5,0,0,24064,9,8130518950
8054,69777880,11647018,81424898,4,0,0,37888,9,9073572617
8055,69778520,11721520,81500040,5,0,0,11776,9,10346338471
8056,69780849,11700113,81480962,1,0,0,44032,13,1750827641
8057,69800310,28919645,98719955,3,0,1,9216,5,10147224797
8058,69820780,11867460,81688240,5,0,0,1024,9,7288274978
8059,69829670,12141886,81971556,9,0,0,55296,1,2826169997
8060,69829990,28917377,98747367,6,0,1,6656,2,7422076650
8061,69837870,11975149,81813019,6,0,0,23552,2,4552244683
8062,69840300,11662259,81502559,5,0,0,8192,9,5984563454
8063,69842200,11774814,81617014,6,0,0,38912,2,1843762519
8064,69844660,28989347,98834007,5,0,1,6656,9,4583131522
8065,69852750,29006271,98859021,3,0,1,7680,5,512386031
8066,69854990,11523717,81378707,0,0,0,2048,19,8708740215
8067,69860960,11821272,81682232,7,0,0,44032,1,7286402757
8068,69862890,29237099,99099989,7,0,1,93184,1,9021820886
8069,69865999,12141436,82007435,1,0,0,53248,13,9714837581
8070,69868200,11933510,81801710,4,0,0,58368,9,7885713821
8071,69873380,11795413,81668793,5,0,0,82944,9,900420340
8072,69887820,11950887,81838707,2,0,0,13824,3,3258745534
8073,69888870,12223502,82112372,7,0,0,11264,1,1368793222
8074,69897750,12431816,82329566,9,0,0,37376,1,6220433278
8075,69902579,11400821,81303400,1,0,0,11776,13,5068926437
8076,69916730,29213436,99130166,4,0,1,1536,9,1516496990
8077,69923089,11984399,81907488,1,0,0,21504,13,7590005165
8078,69938100,11866909,81805009,0,0,0,10752,19,6507031561
8079,69950440,11374534,81324974,6,0,0,11776,2,6397547647
8080,69953499,11969858,81923357,1,0,0,15360,13,227598484
8081,69958810,11979779,81938589,3,0,0,49664,5,4838002030
8082,69960900,11844912,81805812,9,0,0,2560,1,10417483293
8083,69969030,11585985,81555015,0,0,0,7168,19,6338446467
8084,69972999,11579802,81552801,1,0,0,9216,13,9078306843
8085,69975220,11901843,81877063,2,0,0,20992,3,2509283986
8086,69979849,11972241,81952090,1,0,0,25088,13,3128829395
8087,69985170,12153174,82138344,9,0,0,10240,1,869213393
8088,69986701,11914166,81900867,8,0,0,17920,14,1364180731
8089,69992080,29165794,99157874,7,0,1,15872,1,1013337158
8090,69996240,11691262,81687502,2,0,0,5120,3,2157035812
8091,69999440,12407086,82406526,2,0,0,81920,3,4858067591
8092,70002010,11781893,81783903,0,0,0,14848,19,5207884647
8093,70002921,12536563,82539484,8,0,0,20992,14,6406828905
8094,70009060,11968805,81977865,7,0,0,10752,1,6099541040
8095,70009450,11816580,81826030,3,0,0,28672,5,7513305351
8096,70015510,11670409,81685919,0,0,0,9728,19,4854760724
8097,70016480,12555218,82571698,2,0,0,4608,3,1473610898
8098,70036090,11791523,81827613,4,0,0,5120,9,9977305191
8099,70054591,12615322,82669913,8,0,0,73216,14,3049036183
8100,70064480,11830904,81895384,6,0,0,16896,2,5635182607
8101,70066760,11907806,81974566,3,0,0,6144,5,5152831436
8102,70071780,11742362,81814142,9,0,0,3584,1,1733336915
8103,70073810,11792852,81866662,0,0,0,17408,19,32721995
8104,70078389,11934997,82013386,1,0,0,19456,13,6128102542
8105,70082940,29086257,99169197,2,0,1,21504,3,9747754760
8106,70107961,11770373,81878334,8,0,0,4096,14,5858543465
8107,70111549,11832858,81944407,1,0,0,11776,13,122600820
8108,70117440,11609524,81726964,0,0,0,10752,19,5432246341
8109,70133650,11952246,82085896,9,0,0,6656,1,7764598074
8110,70139029,11881712,82020741,1,0,0,24064,13,5984937818
8111,70143250,11909318,82052568,9,0,0,11264,1,4010895906
8112,70152650,11788146,81940796,9,0,0,7168,1,4996299029
8113,70167890,11811090,81978980,0,0,0,3584,19,2817906966
8114,70169079,11681833,81850912,1,0,0,2048,13,589370886
8115,70170120,29043768,99213888,0,0,1,4096,19,4015750188
8116,70176139,11846341,82022480,1,0,0,5632,13,10610361388
8117,70176320,29044460,99220780,2,0,1,21504,3,9654415462
8118,70195239,11865891,82061130,1,0,0,20480,13,6407918821
8119,70203959,29018497,99222456,1,0,1,2048,13,9944626664
8120,70209950,11961497,82171447,0,0,0,6144,19,2913408684
8121,70210140,29122498,99332638,7,0,1,19456,1,4739505501
8122,70229331,11939574,82168905,8,0,0,21504,14,8522585466
8123,70229780,11742891,81972671,9,0,0,3584,1,6141196973
8124,70231730,12113216,82344946,9,0,0,31232,1,9973860537
8125,70247870,11938964,82186834,7,0,0,4096,1,4841544267
8126,70251710,12290472,82542182,6,0,0,8704,2,6235978165
8127,70260119,29140055,99400174,1,0,1,7168,13,2556825880
8128,70267870,11832698,82100568,4,0,0,27648,9,3209580067
8129,70269270,11971238,82240508,4,0,0,9728,9,7217045207
8130,70273640,11986294,82259934,2,0,0,25600,3,1916561844
8131,70279720,12030081,82309801,0,0,0,62976,19,7902132963
8132,70281810,11950637,82232447,3,0,0,41984,5,933827321
8133,70285999,12223985,82509984,1,0,0,1024,13,5134283314
8134,70289490,11930142,82219632,9,0,0,20480,1,8776818322
8135,70297870,11864460,82162330,4,0,0,19456,9,2207249215
8136,70307610,29103390,99411000,6,0,1,10240,2,3439636367
8137,70313620,12196029,82509649,7,0,0,51200,1,8068027151
8138,70316469,12031152,82347621,1,0,0,8704,13,10502747447
8139,70329909,12051634,82381543,1,0,0,25088,13,6655632415
8140,70333699,11999657,82333356,1,0,0,9216,13,8111707500
8141,70342670,12128147,82470817,2,0,0,90112,3,648595976
8142,70352980,29058043,99411023,0,0,1,512,19,796799020
8143,70370720,29049606,99420326,6,0,1,26624,2,7067529669
8144,70392160,11777392,82169552,4,0,0,2048,9,4595163657
8145,70399550,11777818,82177368,4,0,0,12288,9,2705959615
8146,70414790,11933946,82348736,0,0,0,3584,19,8423605338
8147,70429170,29108346,99537516,4,0,1,16384,9,6507590856
8148,70445170,29092369,99537539,5,0,1,2048,9,10029227314
8149,70469190,11841437,82310627,0,0,0,2560,19,2779541040
8150,70481320,11620051,82101371,9,0,0,2560,1,6419113631
8151,70494060,11841347,82335407,7,0,0,6656,1,3802892903
8152,70497600,12096127,82593727,7,0,0,23552,1,6848391729
8153,70542250,11719735,82261985,5,0,0,6656,9,8855875818
8154,70544930,11873787,82418717,3,0,0,39936,5,5995359819
8155,70547560,28990002,99537562,2,0,1,512,3,8632393002
8156,70555440,28982145,99537585,9,0,1,512,1,581707557
8157,70556590,11967896,82524486,9,0,0,37888,1,9153160099
8158,70580150,28957458,99537608,0,0,1,3072,19,5519521223
8159,70599110,28973235,99572345,4,0,1,8704,9,3887557562
8160,70622370,28957566,99579936,0,0,1,5632,19,5215965669
8161,70624380,28958782,99583162,5,0,1,5120,9,3440835074
8162,70630100,11700425,82330525,6,0,0,3072,2,2411251377
8163,70632820,28952608,99585428,7,0,1,3584,1,6965074462
8164,70654020,11913732,82567752,3,0,0,8704,5,49739484
8165,70658400,28941835,99600235,6,0,1,6144,2,1237498750
8166,70679890,12069992,82749882,4,0,0,35328,9,2711349012
8167,70682330,11690528,82372858,3,0,0,15360,5,4184764770
8168,70697630,11780379,82478009,6,0,0,10752,2,3197522498
8169,70700369,11942978,82643347,1,0,0,25088,13,85554193
8170,70707770,28926027,99633797,0,0,1,7680,19,8227749872
8171,70716509,28918274,99634783,1,0,1,1536,13,4241679629
8172,70746610,12072014,82818624,6,0,0,12800,2,5818688050
8173,70770400,28866329,99636729,5,0,1,3072,9,1933151619
8174,70791120,28860682,99651802,9,0,1,5120,1,4873032659
8175,70823150,11898746,82721896,4,0,0,10240,9,9186834056
8176,70824539,11861557,82686096,1,0,0,8192,13,6646476345
8177,70826750,11853950,82680700,4,0,0,35328,9,633198218
8178,70827840,12233469,83061309,9,0,0,29696,1,5932467225
8179,70856030,11987649,82843679,4,0,0,25600,9,9163868794
8180,70896050,11751532,82647582,9,0,0,13824,1,9289509111
8181,70899830,12054952,82954782,6,0,0,19968,2,2214376759
8182,70901750,28762366,99664116,2,0,1,1024,3,3598562708
8183,70903260,28799458,99702718,7,0,1,34816,1,6817817049
8184,70906310,12238819,83145129,6,0,0,5120,2,3503542841
8185,70911310,28902944,99814254,4,0,1,26624,9,10174470522
8186,70917300,28902148,99819448,8,0,1,5632,14,6236770385
8187,70937840,12141146,83078986,2,0,0,28672,3,8133103240
8188,70940260,28881605,99821865,4,0,1,17920,9,5443382646
8189,70942450,29502127,100444577,7,0,1,18432,1,4629217150
8190,70951580,12133068,83084648,7,0,0,17920,1,9964340760
8191,70960310,29484290,100444600,9,0,1,16896,1,4329715179
8192,70972780,29523289,100496069,5,0,1,512,9,2224694412
8193,70975670,12166170,83141840,7,0,0,2048,1,5050328202
8194,70992530,11843326,82835856,6,0,0,18944,2,374645078
8195,70995200,11688331,82683531,7,0,0,9216,1,8557886948
8196,70996080,11886421,82882501,6,0,0,24064,2,6883408417
8197,71001440,11808960,82810400,2,0,0,63488,3,8609919127
8198,71034310,29461782,100496092,5,0,1,5120,9,189230600
8199,71038690,12074061,83112751,2,0,0,92160,3,2583032975
8200,71046240,11926458,82972698,9,0,0,8192,1,345511230
8201,71047310,12186842,83234152,0,0,0,53760,19,4822534914
8202,71051360,11823786,82875146,6,0,0,7680,2,9774026994
8203,71051750,11815452,82867202,9,0,0,16896,1,8843970552
8204,71057450,29484999,100542449,9,0,1,2048,1,3866229158
8205,71057510,29540148,100597658,5,0,1,4608,9,8070694596
8206,71060451,11698034,82758485,8,0,0,28160,14,4878845201
8207,71075070,12177362,83252432,3,0,0,13824,5,3138783051
8208,71081149,29519095,100600244,1,0,1,4096,13,7706498317
8209,71081150,12496911,83578061,3,0,0,19968,5,2332561271
8210,71094730,11665494,82760224,4,0,0,5632,9,2447114347
8211,71105400,12406544,83511944,6,0,0,12288,2,4224276625
8212,71108929,11970236,83079165,1,0,0,512,13,6836805809
8213,71118440,11806426,82924866,0,0,0,15872,19,10013324517
8214,71130930,11657560,82788490,6,0,0,20992,2,9328048517
8215,71131560,29495137,100626697,0,0,1,7680,19,10320101036
8216,71154399,12300112,83454511,1,0,0,2048,13,5533726848
8217,71159650,11571607,82731257,3,0,0,3584,5,3303335530
8218,71162110,11981203,83143313,4,0,0,4608,9,6219409698
8219,71178450,11796478,82974928,6,0,0,7168,2,7278004717
8220,71201180,29459000,100660180,0,0,1,13312,19,3419220095
8221,71206940,29500163,100707103,4,0,1,8704,9,6678086607
8222,71217450,29613232,100830682,4,0,1,2048,9,5788077681
8223,71220730,11826012,83046742,7,0,0,17408,1,7937976417
8224,71247039,12257012,83504051,1,0,0,36864,13,1051366690
8225,71249640,29581065,100830705,5,0,1,16384,9,9929898230
8226,71271590,29559138,100830728,0,0,1,1536,19,1452449243
8227,71284709,11856484,83141193,1,0,0,17408,13,4506881608
8228,71286150,11658377,82944527,2,0,0,29696,3,9208813360
8229,71290990,12038351,83329341,0,0,0,32768,19,10248030503
8230,71293260,29541833,100835093,8,0,1,9216,14,5411526145
8231,71306300,12310693,83616993,6,0,0,41984,2,3153754645
8232,71306800,11941397,83248197,2,0,0,17920,3,3552144144
8233,71313350,11904399,83217749,2,0,0,18432,3,8311473371
8234,71318610,11870635,83189245,6,0,0,59904,2,8201298323
8235,71330580,29587186,100917766,0,0,1,2560,19,3922066592
8236,71335440,11965656,83301096,7,0,0,5632,1,8223516887
8237,71362650,11752152,83114802,7,0,0,6656,1,7993619107
8238,71412990,11704175,83117165,9,0,0,7680,1,6379245101
8239,71413500,11582849,82996349,2,0,0,2048,3,10498636903
8240,71422520,12126991,83549511,9,0,0,67072,1,1233566077
8241,71431420,29486369,100917789,5,0,1,4096,9,6095325512
8242,71432660,12890497,84323157,6,0,0,68608,2,8618472041
8243,71447300,11713369,83160669,0,0,0,21504,19,3428749540
8244,71450070,29467742,100917812,6,0,1,9728,2,6976966144
8245,71470169,11571246,83041415,1,0,0,7680,13,7941867359
8246,71475330,11589301,83064631,0,0,0,10752,19,2369516704
8247,71476950,12287477,83764427,0,0,0,76288,19,361008911
8248,71482450,29441180,100923630,6,0,1,4096,2,849791211
8249,71503270,11920751,83424021,2,0,0,9216,3,8806959849
8250,71508141,11682375,83190516,8,0,0,4096,14,6247151493
8251,71514650,12659797,84174447,6,0,0,70656,2,5829001310
8252,71533850,11777807,83311657,9,0,0,512,1,3127808616
8253,71535430,29399340,100934770,5,0,1,512,9,7718263011
8254,71543890,29462206,101006096,9,0,1,23552,1,10227930468
8255,71549890,29485160,101035050,7,0,1,1536,1,840490906
8256,71561490,29473583,101035073,9,0,1,7168,1,1052241388
8257,71575540,12068788,83644328,3,0,0,1024,5,198148383
8258,71612020,12073247,83685267,7,0,0,46592,1,4237974453
8259,71612570,12185655,83798225,0,0,0,4608,19,8116949920
8260,71615740,11860242,83475982,2,0,0,12288,3,659539049
8261,71616389,11876338,83492727,1,0,0,43008,13,10211739863
8262,71625390,29548874,101174264,4,0,1,28160,9,6239446668
8263,71626419,11850210,83476629,1,0,0,2048,13,8578297850
8264,71634220,11761325,83395545,2,0,0,7680,3,4860323207
8265,71663410,12220184,83883594,0,0,0,28672,19,2997843214
8266,71676750,12057774,83734524,0,0,0,12288,19,945561873
8267,71715700,11791650,83507350,0,0,0,10752,19,5462391739
8268,71716630,11994893,83711523,7,0,0,11776,1,7326944735
8269,71727730,12058519,83786249,6,0,0,512,2,7261238760
8270,71730520,29446970,101177490,2,0,1,5120,3,3777492770
8271,71747539,11807090,83554629,1,0,0,8704,13,1432226625
8272,71770580,11823164,83593744,9,0,0,30720,1,10056954780
8273,71778390,11735301,83513691,7,0,0,5632,1,7546498383
8274,71791240,11716937,83508177,6,0,0,2560,2,2988958840
8275,71795800,11513732,83309532,0,0,0,3072,19,5941573835
8276,71802170,29377266,101179436,7,0,1,3072,1,10188976681
8277,71811870,11832123,83643993,2,0,0,29184,3,9773302528
8278,71814560,11496809,83311369,7,0,0,4608,1,3984875893
8279,71832180,12152935,83985115,6,0,0,512,2,6361585953
8280,71841810,11888947,83730757,3,0,0,36864,5,4536637707
8281,71844660,29335442,101180102,6,0,1,1024,2,10261618470
8282,71887590,11537442,83425032,3,0,0,1536,5,3993033218
8283,71917970,11861502,83779472,6,0,0,13312,2,2483177789
8284,71926870,29260964,101187834,5,0,1,12288,9,7252276783
8285,71928290,12552197,84480487,9,0,0,46592,1,9442134578
8286,71935780,29290170,101225950,2,0,1,3072,3,6166561299
8287,71936580,29290036,101226616,7,0,1,1024,1,3830900169
8288,71943460,11842610,83786070,9,0,0,21504,1,8741135829
8289,71947190,11576664,83523854,7,0,0,33280,1,1057668051
8290,71952680,11883967,83836647,9,0,0,16896,1,6495362511
8291,71960610,12549639,84510249,7,0,0,55296,1,10650176279
8292,71965140,11947493,83912633,9,0,0,95232,1,7134762885
8293,71969820,11613509,83583329,7,0,0,7168,1,6975885669
8294,71972330,11627255,83599585,3,0,0,18944,5,9356915217
8295,71978090,11624170,83602260,6,0,0,8704,2,3512638884
8296,71993820,12012671,84006491,3,0,0,27648,5,8120960955
8297,72000530,12075819,84076349,3,0,0,13824,5,2665965703
8298,72042350,11905249,83947599,9,0,0,1536,1,249889685
8299,72048059,12194632,84242691,1,0,0,4096,13,1341061868
8300,72048240,11671262,83719502,0,0,0,26112,19,5821129427
8301,72048940,29178547,101227487,9,0,1,12288,1,10517900992
8302,72059529,29169264,101228793,1,0,1,2048,13,3487530022
8303,72074110,11889478,83963588,3,0,0,8192,5,876500161
8304,72078390,11868718,83947108,3,0,0,39424,5,10238640448
8305,72078440,29150699,101229139,6,0,1,512,2,9774434199
8306,72106570,29164463,101271033,0,0,1,6144,19,4183186237
8307,72133600,12532272,84665872,7,0,0,10752,1,2960958352
8308,72149859,11625511,83775370,1,0,0,35840,13,6646547293
8309,72157930,29113126,101271056,6,0,1,2560,2,1316937999
8310,72163991,12302277,84466268,8,0,0,51200,14,9720084643
8311,72171820,12534704,84706524,2,0,0,37888,3,2462508864
8312,72183660,29164563,101348223,0,0,1,512,19,9340611418
8313,72199680,29149619,101349299,5,0,1,13312,9,2176737236
8314,72201370,29171138,101372508,2,0,1,3584,3,5171735261
8315,72204250,29168604,101372854,6,0,1,512,2,3330661801
8316,72229449,11727689,83957138,1,0,0,31232,13,9484019067
8317,72254490,12324392,84578882,6,0,0,45568,2,5306062893
8318,72259330,29114510,101373840,0,0,1,1536,19,1490769190
8319,72284670,29102848,101387518,3,0,1,13824,5,2930868620
8320,72290280,11705651,83995931,2,0,0,3072,3,728173235
8321,72299420,12063511,84362931,9,0,0,32256,1,694591161
8322,72310950,29077554,101388504,3,0,1,1536,5,8161240352
8323,72327510,12610622,84938132,9,0,0,23552,1,3176709018
8324,72329210,29061880,101391090,9,0,1,4096,1,532301278
8325,72346290,11776319,84122609,9,0,0,19456,1,7644735380
8326,72363229,11770011,84133240,1,0,0,34816,13,8222626761
8327,72368709,11592352,83961061,1,0,0,12800,13,9764257249
8328,72378290,11553201,83931491,4,0,0,512,9,9274003613
8329,72392140,11526378,83918518,6,0,0,3584,2,3708932391
8330,72396140,11464720,83860860,0,0,0,11264,19,6999285157
8331,72407380,11509984,83917364,0,0,0,6656,19,1922058369
8332,72422589,11782418,84205007,1,0,0,26624,13,8772010130
8333,72423500,11817294,84240794,6,0,0,12288,2,8893828020
8334,72425480,11646288,84071768,2,0,0,4096,3,1613686675
8335,72429690,11718568,84148258,2,0,0,512,3,5825207731
8336,72432840,11482381,83915221,9,0,0,8192,1,4513377554
8337,72439579,11630918,84070497,1,0,0,9728,13,1610857956
8338,72452010,11538217,83990227,3,0,0,5120,5,5973076820
8339,72461290,11775737,84237027,0,0,0,18944,19,6934277995
8340,72473931,11801302,84275233,8,0,0,36864,14,3346524889
8341,72476710,28955185,101431895,5,0,1,7168,9,9190144211
8342,72497970,11683855,84181825,6,0,0,3584,2,1527954024
8343,72537930,11976398,84514328,7,0,0,13312,1,5025185011
8344,72538549,11883800,84422349,1,0,0,83456,13,3793362111
8345,72538770,11599025,84137795,2,0,0,14848,3,2060498462
8346,72542349,11605730,84148079,1,0,0,6144,13,2074281914
8347,72548030,12053516,84601546,0,0,0,12800,19,2990921682
8348,72555440,12495065,85050505,9,0,0,114176,1,6269498879
8349,72567420,11413358,83980778,7,0,0,3072,1,6901477511
8350,72579410,12046206,84625616,2,0,0,38912,3,4017580538
8351,72585460,28846458,101431918,6,0,1,14848,2,4076531034
8352,72590500,12322172,84912672,6,0,0,109568,2,7703270133
8353,72596470,12250497,84846967,7,0,0,45568,1,10195299101
8354,72603090,11946297,84549387,0,0,0,46592,19,5727072769
8355,72608960,11774276,84383236,3,0,0,11264,5,3195936713
8356,72637080,11556208,84193288,3,0,0,1024,5,6181771127
8357,72641250,28822859,101464109,9,0,1,7168,1,1791738372
8358,72649709,11567396,84217105,1,0,0,22528,13,5300835622
8359,72652481,11798164,84450645,8,0,0,26112,14,3410343143
8360,72652779,11717203,84369982,1,0,0,23040,13,3817293727
8361,72657610,11523100,84180710,3,0,0,20480,5,6814903404
8362,72666700,28797432,101464132,9,0,1,8704,1,4108137931
8363,72677960,12384516,85062476,2,0,0,6144,3,8271451100
8364,72686170,11738542,84424712,9,0,0,7680,1,4429320772
8365,72691970,11895538,84587508,7,0,0,11264,1,6798656700
8366,72703290,28861334,101564624,2,0,1,12288,3,8017650729
8367,72706000,29072548,101778548,6,0,1,23040,2,5990599204
8368,72730870,12256772,84987642,7,0,0,34816,1,9347200654
8369,72730890,29058780,101789670,6,0,1,11776,2,4468941730
8370,72731400,11941393,84672793,9,0,0,16384,1,1271783455
8371,72736480,12279214,85015694,6,0,0,42496,2,8578297361
8372,72743050,11486621,84229671,7,0,0,12800,1,3620480007
8373,72744130,11626811,84370941,6,0,0,3072,2,10084271285
8374,72745300,29171506,101916806,3,0,1,5632,5,9975694393
8375,72754270,11532497,84286767,6,0,0,3584,2,1031640340
8376,72757190,29417545,102174735,0,0,1,16384,19,2542171660
8377,72767940,29409025,102176965,0,0,1,6656,19,2138933898
8378,72772280,11710258,84482538,2,0,0,6656,3,7139124089
8379,72782110,11801943,84584053,7,0,0,16896,1,4235762860
8380,72805610,11547470,84353080,3,0,0,33280,5,9961337301
8381,72824490,11395558,84220048,7,0,0,8192,1,386216299
8382,72830040,12320647,85150687,2,0,0,52224,3,2444312368
8383,72830230,11655763,84485993,0,0,0,11264,19,8807187727
8384,72839720,12091213,84930933,2,0,0,25088,3,7941891035
8385,72842310,11852647,84694957,0,0,0,58880,19,6131472304
8386,72847210,11766527,84613737,9,0,0,39936,1,3579536087
8387,72854640,12205895,85060535,9,0,0,25088,1,430486146
8388,72868920,29308068,102176988,5,0,1,4096,9,10211617265
8389,72878130,12228984,85107114,9,0,0,16896,1,7444826830
8390,72881610,11780963,84662573,0,0,0,86016,19,617157387
8391,72912160,11578955,84491115,3,0,0,1536,5,10083844103
8392,72914930,29278712,102193642,5,0,1,10752,9,4744014971
8393,72918240,29297267,102215507,5,0,1,7168,9,6659085233
8394,72929240,29286290,102215530,5,0,1,512,9,9577951187
8395,72931290,12121578,85052868,4,0,0,7680,9,224816406
8396,72944440,12391080,85335520,9,0,0,36864,1,7437034758
8397,72948480,12292809,85241289,7,0,0,55808,1,6694009587
8398,72948660,12598024,85546684,0,0,0,12800,19,9337927650
8399,72952630,29334954,102287584,4,0,1,17920,9,7752648820
8400,72953900,11808123,84762023,7,0,0,28160,1,2688515744
8401,72966300,12004715,84971015,3,0,0,39936,5,1033105564
8402,72966410,29407142,102373552,8,0,1,12800,14,8781269243
8403,72979950,29420619,102400569,0,0,1,4608,19,985691616
8404,72986010,11865816,84851826,6,0,0,15872,2,2578525897
8405,72997370,12670522,85667892,9,0,0,50176,1,5663551979
8406,72998370,29403617,102401987,5,0,1,2560,9,7874091458
8407,73000999,12082159,85083158,1,0,0,8704,13,7447283662
8408,73003640,12320602,85324242,7,0,0,19968,1,6183515909
8409,73011870,11814413,84826283,6,0,0,7168,2,4910316964
8410,73017210,29433382,102450592,8,0,1,14848,14,1280479961
8411,73031199,29447786,102478985,1,0,1,9216,13,2321506415
8412,73041930,11833963,84875893,9,0,0,10240,1,4956522778
8413,73054790,11903231,84958021,7,0,0,32768,1,6892109869
8414,73067320,29411688,102479008,2,0,1,4096,3,7695969045
8415,73074380,12002817,85077197,0,0,0,22016,19,6716270227
8416,73089420,11887591,84977011,7,0,0,13312,1,9903467321
8417,73094759,11631472,84726231,1,0,0,9728,13,5951508490
8418,73095580,12086673,85182253,2,0,0,29696,3,6469491301
8419,73115030,12321188,85436218,2,0,0,50176,3,5754918311
8420,73122650,12084617,85207267,9,0,0,70656,1,6408879967
8421,73132900,12447156,85580056,2,0,0,57344,3,8475433953
8422,73145690,12242585,85388275,9,0,0,62976,1,929835605
8423,73156920,12016254,85173174,9,0,0,73728,1,6549911585
8424,73158460,12118203,85276663,0,0,0,9728,19,3310856068
8425,73161750,12626290,85788040,0,0,0,11264,19,7384306460
8426,73172710,29306321,102479031,7,0,1,1024,1,4343848751
8427,73176210,12322267,85498477,2,0,0,70656,3,7188097227
8428,73188180,12840907,86029087,9,0,0,82432,1,10727285510
8429,73205840,11648505,84854345,9,0,0,8192,1,780954504
8430,73205920,29310387,102516307,2,0,1,16896,3,1182805743
8431,73206830,29309500,102516330,2,0,1,12800,3,5575173739
8432,73230090,12422491,85652581,9,0,0,65536,1,5492369470
8433,73231780,12329856,85561636,9,0,0,27136,1,2056898737
8434,73236371,12164558,85400929,8,0,0,19968,14,10206527783
8435,73241650,12031798,85273448,4,0,0,14848,9,10170756541
8436,73242230,12075905,85318135,2,0,0,26624,3,5730733885
8437,73242800,29393462,102636262,4,0,1,14848,9,647306052
8438,73244920,11825546,85070466,9,0,0,8704,1,9109973230
8439,73248230,29388055,102636285,9,0,1,512,1,4884941544
8440,73249550,11936158,85185708,3,0,0,11264,5,7395396644
8441,73269850,12322353,85592203,6,0,0,4096,2,8411283289
8442,73270930,12513655,85784585,7,0,0,7680,1,3899991854
8443,73281551,11849630,85131181,8,0,0,14848,14,3969286756
8444,73303100,11905134,85208234,6,0,0,3072,2,10725306745
8445,73335270,12184625,85519895,9,0,0,1536,1,1829602610
8446,73344760,29291548,102636308,8,0,1,4608,14,1046729173
8447,73351610,11607214,84958824,2,0,0,2560,3,3326725525
8448,73362990,29276216,102639206,6,0,1,6144,2,4338335017
8449,73364270,11713738,85078008,2,0,0,2560,3,3515529611
8450,73368020,11918494,85286514,9,0,0,32256,1,1153673286
8451,73372290,12170471,85542761,2,0,0,24576,3,3380946488
8452,73376290,11915277,85291567,0,0,0,3072,19,5127580083
8453,73382160,12720889,86103049,2,0,0,18432,3,5319914573
8454,73382780,12369822,85752602,3,0,0,26624,5,1708150584
8455,73386670,12132734,85519404,9,0,0,68608,1,3313860906
8456,73391730,11710213,85101943,7,0,0,8192,1,2511501958
8457,73393361,12535444,85928805,8,0,0,39936,14,229837773
8458,73418250,29224182,102642432,5,0,1,5120,9,315789108
8459,73423900,29220798,102644698,0,0,1,3584,19,2731417591
8460,73427840,11818331,85246171,6,0,0,15872,2,8975878813
8461,73445450,12586936,86032386,3,0,0,10752,5,9845306152
8462,73456840,12325382,85782222,0,0,0,12288,19,1466332773
8463,73478220,12394705,85872925,3,0,0,34816,5,9664569106
8464,73487080,11723540,85210620,9,0,0,5120,1,453493515
8465,73503240,12403364,85906604,7,0,0,12800,1,2616677247
8466,73503620,29141779,102645399,7,0,1,512,1,3595106781
8467,73507149,11833542,85340691,1,0,0,16896,13,7654556546
8468,73510760,12574992,86085752,7,0,0,3072,1,6923594027
8469,73513500,11695537,85209037,2,0,0,2560,3,8231763460
8470,73516080,11834163,85350243,3,0,0,27648,5,8017370322
8471,73518390,12629517,86147907,2,0,0,8704,3,4954859578
8472,73525250,29167714,102692964,7,0,1,24576,1,912149567
8473,73533380,11986873,85520253,6,0,0,1024,2,3858546394
8474,73541719,11993515,85535234,1,0,0,29184,13,1056608586
8475,73548390,12682990,86231380,9,0,0,12288,1,8153160318
8476,73554970,11865277,85420247,0,0,0,11776,19,8889180331
8477,73556170,29226107,102782277,6,0,1,13824,2,6366466757
8478,73561491,11849244,85410735,8,0,0,7168,14,2109601239
8479,73568250,12795813,86364063,0,0,0,29184,19,3812963104
8480,73579320,12524064,86103384,7,0,0,1024,1,7955379776
8481,73586840,11867378,85454218,9,0,0,23552,1,58738145
8482,73592481,11883626,85476107,8,0,0,33792,14,3712325245
8483,73592590,12339670,85932260,7,0,0,11264,1,3955529133
8484,73596419,12090551,85686970,1,0,0,51712,13,7701720214
8485,73603459,12618342,86221801,1,0,0,7680,13,5343256669
8486,73604220,29180003,102784223,9,0,1,3072,1,5052338479
8487,73619270,29179878,102799148,6,0,1,1536,2,6130369299
8488,73623760,11666848,85290608,0,0,0,5632,19,4185502148
8489,73628840,29171691,102800531,7,0,1,14848,1,3883776063
8490,73633001,11731810,85364811,8,0,0,21504,14,4129431540
8491,73663490,12245477,85908967,7,0,0,7680,1,1080984644
8492,73664530,29147777,102812307,0,0,1,11776,19,2332411381
8493,73677180,29170321,102847501,5,0,1,1536,9,10555326474
8494,73682350,29169657,102852007,7,0,1,7168,1,6555863374
8495,73706050,12038417,85744467,7,0,0,34304,1,588116404
8496,73737180,29119912,102857092,6,0,1,5120,2,10198472037
8497,73744590,12316952,86061542,6,0,0,8704,2,4866106908
8498,73747591,12167639,85915230,8,0,0,20480,14,6099700419
8499,73750439,11877110,85627549,1,0,0,33280,13,2433756509
8500,73752689,12372891,86125580,1,0,0,24576,13,10729664236
8501,73761340,29158020,102919360,9,0,1,4096,1,9841646581
8502,73765180,11866292,85631472,3,0,0,12800,5,5606080715
8503,73767570,12619345,86386915,7,0,0,9216,1,3706084245
8504,73803901,11790041,85593942,8,0,0,5632,14,7187486650
8505,73816940,29102443,102919383,3,0,1,17408,5,4440194896
8506,73842310,29216788,103059098,0,0,1,22016,19,5436831459
8507,73846641,11931814,85778455,8,0,0,74240,14,4088649301
8508,73857720,12044961,85902681,2,0,0,93696,3,2577784378
8509,73859900,12399743,86259643,9,0,0,45056,1,700634718
8510,73862450,11969770,85832220,0,0,0,7168,19,1650244008
8511,73863770,11807421,85671191,0,0,0,10752,19,966327572
8512,73864870,12679879,86544749,6,0,0,34304,2,6320434410
8513,73872309,12092885,85965194,1,0,0,12800,13,7601148062
8514,73898830,11622006,85520836,6,0,0,1536,2,9123345182
8515,73908440,29151964,103060404,9,0,1,2048,1,8278716546
8516,73913150,11613169,85526319,0,0,0,17920,19,9229429517
8517,73921320,11873668,85794988,7,0,0,19456,1,9005004511
8518,73926600,29212119,103138719,4,0,1,7680,9,9221434256
8519,73928160,29210582,103138742,7,0,1,1536,1,1830641968
8520,73934990,12264929,86199919,6,0,0,32768,2,5863137572
8521,73958029,11796780,85754809,1,0,0,7168,13,1404444955
8522,73964500,12035076,85999576,9,0,0,3072,1,3589289973
8523,73982980,12578873,86561853,0,0,0,51712,19,6729794942
8524,73984469,11632027,85616496,1,0,0,7168,13,5880612007
8525,73984920,29153845,103138765,7,0,1,1536,1,2220828132
8526,73987700,12228118,86215818,3,0,0,20480,5,6334423770
8527,73999150,12682615,86681765,0,0,0,6144,19,10651489173
8528,73999920,29138868,103138788,7,0,1,1024,1,6834292142
8529,74002351,11809017,85811368,8,0,0,2560,14,6935934869
8530,74002649,29136162,103138811,1,0,1,1024,13,9839332555
8531,74007980,11852346,85860326,9,0,0,57856,1,4358376221
8532,74012740,11945981,85958721,7,0,0,32256,1,730073302
8533,74013501,12041026,86054527,8,0,0,16384,14,4699806615
8534,74029690,12716212,86745902,0,0,0,57344,19,3884443408
8535,74038230,11995271,86033501,0,0,0,3584,19,3734794467
8536,74038840,12101188,86140028,3,0,0,33280,5,8828080125
8537,74039661,12041677,86081338,8,0,0,38400,14,6122630371
8538,74047960,29098229,103146189,8,0,1,6144,14,3700463004
8539,74048710,12036083,86084793,2,0,0,11264,3,9626126074
8540,74051910,11580209,85632119,0,0,0,2048,19,8729141103
8541,74052070,12040944,86093014,3,0,0,6144,5,799043567
8542,74058970,29087242,103146212,7,0,1,1536,1,1184168678
8543,74085200,12281850,86367050,6,0,0,9728,2,2485877811
8544,74087310,29058925,103146235,2,0,1,9728,3,1956888602
8545,74091950,11995385,86087335,7,0,0,5120,1,3366721210
8546,74092101,12453973,86546074,8,0,0,4096,14,8409278022
8547,74097420,29100590,103198010,8,0,1,5632,14,3367094262
8548,74107250,11854013,85961263,2,0,0,2560,3,5633403903
8549,74123680,11934302,86057982,6,0,0,11264,2,1874343615
8550,74125420,29072613,103198033,2,0,1,7680,3,4073684118
8551,74127210,11833250,85960460,3,0,0,5632,5,8891790796
8552,74131680,29068427,103200107,4,0,1,5632,9,6821974958
8553,74136870,11844398,85981268,2,0,0,30208,3,6389051
8554,74138160,12637584,86775744,3,0,0,78336,5,9543890349
8555,74140209,29059921,103200130,1,0,1,2048,13,2268729923
8556,74141380,12538490,86679870,9,0,0,47104,1,6960232645
8557,74154190,11953479,86107669,3,0,0,8192,5,4131768484
8558,74159220,12129820,86289040,2,0,0,55296,3,1544543949
8559,74165760,11879308,86045068,3,0,0,37888,5,111436650
8560,74166210,11879661,86045871,3,0,0,2560,5,3568260684
8561,74176341,12217773,86394114,8,0,0,23552,14,2110844565
8562,74178740,11808103,85986843,7,0,0,6656,1,7445568606
8563,74179420,12514171,86693591,7,0,0,34816,1,9482705434
8564,74197280,12030305,86227585,6,0,0,16384,2,760604040
8565,74210190,12088942,86299132,0,0,0,13824,19,4706617831
8566,74211900,12516507,86728407,2,0,0,38400,3,9400129514
8567,74233250,29056330,103289580,6,0,1,8192,2,10297402941
8568,74234080,12238753,86472833,7,0,0,17920,1,8082748421
8569,74235970,12034772,86270742,9,0,0,36352,1,3968759153
8570,74260851,12055690,86316541,8,0,0,18944,14,5800694337
8571,74265760,12669623,86935383,3,0,0,33280,5,5779960819
8572,74276060,29018026,103294086,4,0,1,7168,9,1142482696
8573,74280970,29014102,103295072,6,0,1,1536,2,7617340841
8574,74293420,12233251,86526671,6,0,0,27136,2,10446902538
8575,74300750,12261314,86562064,2,0,0,512,3,5836357164
8576,74302050,11843182,86145232,6,0,0,16896,2,1581128576
8577,74310090,12176650,86486740,0,0,0,45568,19,33779596
8578,74314350,12733470,87047820,2,0,0,20480,3,59769340
8579,74339050,11866304,86205354,2,0,0,512,3,3491608518
8580,74356080,28962620,103318700,5,0,1,24576,9,7119915718
8581,74384940,12477288,86862228,7,0,0,80384,1,1045140362
8582,74388950,12273100,86662050,6,0,0,13824,2,6011174706
8583,74393920,12103485,86497405,7,0,0,12800,1,1079565702
8584,74394010,28963534,103357544,7,0,1,10752,1,9793259901
8585,74413550,12208796,86622346,9,0,0,32768,1,1236330405
8586,74430990,12057021,86488011,3,0,0,1536,5,3511552293
8587,74434690,12474193,86908883,6,0,0,15872,2,3101815688
8588,74440779,28944456,103385235,1,0,1,5120,13,4567847031
8589,74442091,12422086,86864177,8,0,0,4096,14,9675554783
8590,74442670,11829499,86272169,0,0,0,4608,19,9355973309
8591,74447119,29021956,103469075,1,0,1,19456,13,28867254
8592,74452400,11864788,86317188,2,0,0,2048,3,5778921656
8593,74464180,12117363,86581543,6,0,0,40448,2,6539852391
8594,74489200,11800799,86289999,3,0,0,3072,5,1128103281
8595,74511840,12071130,86582970,7,0,0,4608,1,3299483740
8596,74532340,11822808,86355148,6,0,0,36352,2,2639129046
8597,74543040,11959474,86502514,7,0,0,9728,1,3351542251
8598,74546390,28923671,103470061,9,0,1,1536,1,1003024553
8599,74573590,11839503,86413093,9,0,0,512,1,9559046344
8600,74576270,28911764,103488034,9,0,1,1536,1,6063314259
8601,74584470,12224570,86809040,3,0,0,7680,5,3504716924
8602,74589250,28924680,103513930,4,0,1,15360,9,3898086621
8603,74589480,12780340,87369820,6,0,0,69120,2,4940282026
8604,74598820,28984061,103582881,4,0,1,9216,9,8350107473
8605,74602901,12148039,86750940,8,0,0,16384,14,5074858
8606,74613020,29099632,103712652,2,0,1,39424,3,8312832920
8607,74618230,12285755,86903985,0,0,0,75264,19,3750802723
8608,74626950,29144333,103771283,6,0,1,3584,2,7712286935
8609,74634940,12326026,86960966,7,0,0,36352,1,3527877756
8610,74646230,12816344,87462574,6,0,0,24576,2,5891780855
8611,74648730,29122576,103771306,0,0,1,1024,19,6251841461
8612,74653770,12282595,86936365,3,0,0,3072,5,6545006303
8613,74664780,12888461,87553241,9,0,0,16896,1,3832388381
8614,74669730,12207106,86876836,0,0,0,41472,19,1849913751
8615,74670310,12758678,87428988,3,0,0,12800,5,9552618404
8616,74679460,11945428,86624888,6,0,0,8192,2,3594033578
8617,74683849,29087480,103771329,1,0,1,9728,13,5801091264
8618,74696980,12268065,86965045,7,0,0,13312,1,7888964433
8619,74698100,12560262,87258362,6,0,0,45056,2,2488777844
8620,74714920,12341974,87056894,3,0,0,6144,5,2122656645
8621,74728739,11981994,86710733,1,0,0,14336,13,7067615580
8622,74752530,11841469,86593999,4,0,0,8704,9,6560982870
8623,74779010,12308165,87087175,6,0,0,19968,2,3972324551
8624,74783980,11750271,86534251,6,0,0,11264,2,8583620274
8625,74793530,28977822,103771352,7,0,1,2560,1,991303645
8626,74793770,28979680,103773450,8,0,1,14848,14,10706444277
8627,74798160,12143227,86941387,9,0,0,2048,1,8350223777
8628,74813760,12227797,87041557,0,0,0,27648,19,9878281143
8629,74842180,28978414,103820594,5,0,1,3072,9,9932045162
8630,74876811,12746651,87623462,8,0,0,13824,14,2667659407
8631,74906420,29042582,103949002,3,0,1,10240,5,8448077609
8632,74921470,12816467,87737937,3,0,0,39424,5,7413114431
8633,74936990,29018144,103955134,8,0,1,9728,14,5897189647
8634,74955080,12711423,87666503,3,0,0,54784,5,1786827301
8635,74956140,28999353,103955493,0,0,1,9728,19,5029229414
8636,74957030,11759654,86716684,3,0,0,19456,5,7434813357
8637,74962150,29108191,104070341,6,0,1,7680,2,1898905876
8638,74962860,29116963,104079823,2,0,1,9216,3,5354830001
8639,74964860,29115309,104080169,3,0,1,512,5,6077232090
8640,74965700,29172448,104138148,3,0,1,10240,5,3734265336
8641,74972170,29169612,104141782,6,0,1,3584,2,8749190920
8642,74980240,29228605,104208845,7,0,1,10240,1,7764753870
8643,74986960,11850753,86837713,6,0,0,76288,2,39019662
8644,75006910,11855973,86862883,3,0,0,2048,5,7449828360
8645,75013140,29212911,104226051,4,0,1,1536,9,9134389125
8646,75015369,12598384,87613753,1,0,0,29696,13,5444710620
8647,75016319,29210090,104226409,1,0,1,4096,13,3830473717
8648,75022260,12696374,87718634,0,0,0,164864,19,5660058934
8649,75022430,12378690,87401120,7,0,0,8704,1,335054595
8650,75027930,12177380,87205310,9,0,0,32256,1,666459746
8651,75033140,29193292,104226432,3,0,1,4096,5,4965535337
8652,75067150,12357892,87425042,7,0,0,33792,1,2711714212
8653,75071480,12699151,87770631,9,0,0,1024,1,2455212032
8654,75079150,29208456,104287606,8,0,1,19968,14,3931280718
8655,75094100,12292770,87386870,0,0,0,55808,19,3370873233
8656,75104751,12382218,87486969,8,0,0,6144,14,8496282254
8657,75104760,12657605,87762365,6,0,0,50688,2,810657254
8658,75125290,12060003,87185293,3,0,0,5632,5,6374825330
8659,75129990,12803731,87933721,2,0,0,32256,3,3950540791
8660,75152990,12110231,87263221,7,0,0,15872,1,1738769200
8661,75163820,12282873,87446693,3,0,0,45568,5,7422159167
8662,75169300,29118329,104287629,7,0,1,1536,1,1850540860
8663,75175410,12669632,87845042,3,0,0,17920,5,3753840758
8664,75188520,11753935,86942455,6,0,0,512,2,829025957
8665,75202080,29085572,104287652,5,0,1,8704,9,7930848002
8666,75208120,29094447,104302567,4,0,1,512,9,3267336936
8667,75223980,11656935,86880915,6,0,0,13312,2,7009815676
8668,75282660,11857752,87140412,0,0,0,29696,19,9323680072
8669,75287470,29702031,104989501,8,0,1,86528,14,3920896193
8670,75293160,12031323,87324483,9,0,0,18944,1,6438635203
8671,75295520,12618905,87914425,9,0,0,120320,1,3457402517
8672,75300390,29689134,104989524,0,0,1,7680,19,8006276434
8673,75328520,12863942,88192462,6,0,0,28672,2,1333145319
8674,75330930,11717849,87048779,6,0,0,3072,2,6085068933
8675,75377440,12719662,88097102,0,0,0,69632,19,6516537867
8676,75394500,12111808,87506308,3,0,0,17408,5,997641922
8677,75396770,11828831,87225601,9,0,0,19456,1,1087281613
8678,75408120,12317782,87725902,3,0,0,8704,5,5585833307
8679,75413610,12179143,87592753,6,0,0,65536,2,373581028
8680,75450610,29538937,104989547,4,0,1,512,9,2813213831
8681,75451000,12271713,87722713,6,0,0,13312,2,3273224392
8682,75468860,12016214,87485074,9,0,0,23552,1,1099266299
8683,75495380,12015383,87510763,9,0,0,14336,1,9971488231
8684,75499781,12270499,87770280,8,0,0,2560,14,8045778724
8685,75515100,29474470,104989570,7,0,1,3584,1,8130886073
8686,75528270,11960305,87488575,0,0,0,5120,19,10268628014
8687,75536020,29568166,105104186,6,0,1,16896,2,4819083472
8688,75579350,12821347,88400697,0,0,0,5632,19,9139123981
8689,75603580,29500629,105104209,3,0,1,512,5,580127974
8690,75616079,29488153,105104232,1,0,1,24064,13,10238108648
8691,75618600,11674566,87293166,6,0,0,5632,2,3488128849
8692,75629689,12093538,87723227,1,0,0,1536,13,5271166304
8693,75643231,12888931,88532162,8,0,0,96256,14,10006223727
8694,75651471,11496887,87148358,8,0,0,6656,14,7925386101
8695,75655140,29546848,105201988,7,0,1,13824,1,4793055444
8696,75674910,11739813,87414723,0,0,0,44544,19,1293943879
8697,75678780,12429577,88108357,0,0,0,36864,19,2465954546
8698,75681090,11717347,87398437,7,0,0,37888,1,2120398211
8699,75701730,12937544,88639274,7,0,0,53760,1,7028641244
8700,75703720,29512615,105216335,9,0,1,2560,1,4834757359
8701,75704880,11727898,87432778,6,0,0,12288,2,10023775807
8702,75735000,11742852,87477852,3,0,0,20480,5,3188057694
8703,75742390,12027087,87769477,3,0,0,8704,5,1971376990
8704,75754710,29461648,105216358,5,0,1,3584,9,6240055555
8705,75758090,29458291,105216381,9,0,1,512,1,9020192160
8706,75769430,29622851,105392281,9,0,1,37376,1,3259021496
8707,75780430,11824252,87604682,7,0,0,37888,1,10260295275
8708,75781989,12184693,87966682,1,0,0,22528,13,7311610454
8709,75788880,29605667,105394547,6,0,1,3584,2,3876717414
8710,75793160,12083155,87876315,6,0,0,82432,2,5184746084
8711,75797940,13101313,88899253,9,0,0,21504,1,6059516386
8712,75815000,11951802,87766802,0,0,0,11776,19,1064702360
8713,75827280,12111165,87938445,0,0,0,3072,19,54701556
8714,75831280,30331342,106162622,8,0,1,158208,14,7150593687
8715,75834780,12348923,88183703,6,0,0,16384,2,8822357517
8716,75840170,12118994,87959164,5,0,0,3072,9,3135706878
8717,75843990,11986157,87830147,0,0,0,19968,19,6152610585
8718,75845660,30498702,106344362,0,0,1,45056,19,9289984325
8719,75872910,30522255,106395165,0,0,1,48640,19,537538247
8720,75877560,12126358,88003918,6,0,0,7680,2,105572586
8721,75888540,12103346,87991886,6,0,0,3584,2,4241280384
8722,75909630,12536717,88446347,0,0,0,130048,19,8737666450
8723,75919650,11863649,87783299,6,0,0,17920,2,8387931154
8724,75945610,30519825,106465435,9,0,1,25600,1,1686320307
8725,75949680,11974144,87923824,9,0,0,30720,1,912231065
8726,75981760,12146079,88127839,0,0,0,11264,19,3452619014
8727,75988220,12218318,88206538,6,0,0,26112,2,6071940661
8728,75992920,12021666,88014586,4,0,0,22528,9,3754398391
8729,76000470,30572140,106572610,5,0,1,31232,9,8316963754
8730,76009200,12154412,88163612,0,0,0,14336,19,9834153075
8731,76013160,11924264,87937424,6,0,0,4096,2,3789802787
8732,76016510,12141081,88157591,3,0,0,16384,5,10354338337
8733,76032770,11799451,87832221,0,0,0,6656,19,2683779502
8734,76034420,12089964,88124384,3,0,0,48128,5,2517108334
8735,76063580,11814162,87877742,7,0,0,4608,1,5833822394
8736,76067980,30520356,106588336,2,0,1,2048,3,9498380533
8737,76074170,12312849,88387019,3,0,0,37888,5,198009252
8738,76074260,30550619,106624879,4,0,1,1024,9,1348122432
8739,76074980,30878776,106953756,8,0,1,174592,14,7610233790
8740,76101770,30852009,106953779,4,0,1,512,9,8719533465
8741,76125740,11637451,87763191,0,0,0,2560,19,4640172097
8742,76159080,30794722,106953802,2,0,1,1536,3,5048959397
8743,76160260,11894316,88054576,3,0,0,22528,5,9324688211
8744,76173980,30779845,106953825,9,0,1,8192,1,5540614215
8745,76183780,12296478,88480258,6,0,0,14336,2,2855895792
8746,76195570,12279415,88474985,6,0,0,6144,2,10590269219
8747,76196221,11842108,88038329,8,0,0,9216,14,6132615969
8748,76201520,12089540,88291060,9,0,0,15360,1,6278907795
8749,76221540,30868170,107089710,4,0,1,14336,9,6460335363
8750,76229750,30859983,107089733,9,0,1,9216,1,2949269529
8751,76241740,12454623,88696363,0,0,0,12800,19,6959471177
8752,76242720,12876429,89119149,3,0,0,17408,5,7801542144
8753,76247720,11696538,87944258,0,0,0,6144,19,2039818865
8754,76263860,11672293,87936153,3,0,0,7680,5,3180989759
8755,76279330,12474208,88753538,7,0,0,26112,1,2362382419
8756,76281220,12185320,88466540,0,0,0,55808,19,2833462292
8757,76288180,12307587,88595767,6,0,0,59392,2,462113136
8758,76315290,30774466,107089756,8,0,1,9728,14,1941722218
8759,76347850,30748467,107096317,9,0,1,1536,1,8816013970
8760,76361630,12113534,88475164,0,0,0,512,19,8866165557
8761,76362790,12294547,88657337,6,0,0,33280,2,5656059818
8762,76364950,12308002,88672952,3,0,0,19456,5,2379489892
8763,76378161,11840195,88218356,8,0,0,27648,14,513322604
8764,76380550,12412110,88792660,7,0,0,18944,1,9880088360
8765,76380710,11905647,88286357,7,0,0,19456,1,6666309388
8766,76389500,30707163,107096663,7,0,1,512,1,8551075048
8767,76404670,30762284,107166954,5,0,1,14848,9,3017870980
8768,76404991,12217225,88622216,8,0,0,66048,14,1648675154
8769,76405560,30763020,107168580,3,0,1,2560,5,4521095360
8770,76428800,11936622,88365422,0,0,0,35328,19,3048577866
8771,76446370,30727356,107173726,2,0,1,8192,3,2200475004
8772,76447960,31031231,107479191,8,0,1,112640,14,5306720355
8773,76449220,11613647,88062867,6,0,0,27136,2,7048965574
8774,76451230,11944240,88395470,5,0,0,23040,9,5813850504
8775,76484671,12008108,88492779,8,0,0,512,14,5332140762
8776,76487780,12070682,88558462,0,0,0,14336,19,3890921594
8777,76488860,13003548,89492408,7,0,0,3072,1,9774849816
8778,76491371,11853456,88344827,8,0,0,33792,14,5317810731
8779,76507770,11964440,88472210,7,0,0,2560,1,10019362339
8780,76507961,11601667,88109628,8,0,0,4096,14,9071108078
8781,76509831,11621556,88131387,8,0,0,3584,14,6611758278
8782,76543400,31041262,107584662,8,0,1,160768,14,7309133549
8783,76544981,12032636,88577617,8,0,0,10240,14,10054687500
8784,76546481,11827856,88374337,8,0,0,29184,14,7114595374
8785,76547460,12023661,88571121,7,0,0,41472,1,3328699694
8786,76562800,31026368,107589168,7,0,1,7168,1,8450899417
8787,76566160,31071647,107637807,5,0,1,512,9,9690138870
8788,76570131,12201089,88771220,8,0,0,39936,14,5802158099
8789,76576890,31060940,107637830,4,0,1,1024,9,6792753365
8790,76592560,11566505,88159065,5,0,0,2560,9,6537015230
8791,76627610,11854387,88481997,0,0,0,5632,19,8773186188
8792,76633480,31004373,107637853,6,0,1,7680,2,8393644400
8793,76633671,12153194,88786865,8,0,0,40448,14,5113451449
8794,76633780,12316728,88950508,7,0,0,16384,1,4951162891
8795,76643611,12950116,89593727,8,0,0,19456,14,612283183
8796,76657050,12193484,88850534,4,0,0,8192,9,1226281530
8797,76679201,11967973,88647174,8,0,0,7168,14,4840177583
8798,76683620,11956769,88640389,0,0,0,3584,19,2976577746
8799,76700351,11749162,88449513,8,0,0,10240,14,9981568180
8800,76704780,12258098,88962878,7,0,0,18944,1,796634956
8801,76719270,12313820,89033090,5,0,0,10240,9,528907816
8802,76741100,11730307,88471407,0,0,0,15872,19,1660846136
8803,76744420,12083031,88827451,6,0,0,3072,2,8241045895
8804,76785420,12160073,88945493,6,0,0,65024,2,8716257686
8805,76833110,11720961,88554071,6,0,0,71680,2,2477718899
8806,76835010,30802866,107637876,3,0,1,512,5,7491998601
8807,76841270,12484003,89325273,6,0,0,35328,2,2711710474
8808,76851901,11872699,88724600,8,0,0,27648,14,387509613
8809,76860540,12847377,89707917,6,0,0,12800,2,1507742474
8810,76866310,30771589,107637899,5,0,1,6144,9,8699675835
8811,76875190,12147667,89022857,3,0,0,24064,5,5162337222
8812,76900101,12391102,89291203,8,0,0,37888,14,4688853199
8813,76911320,11733647,88644967,5,0,0,14336,9,4956836563
8814,76914970,30731173,107646143,2,0,1,6144,3,1897108005
8815,76921160,11677906,88599066,5,0,0,10752,9,7530404958
8816,76937010,11438442,88375452,7,0,0,3584,1,4383577718
8817,76941400,11633074,88574474,7,0,0,10752,1,10703692333
8818,76964630,11794391,88759021,7,0,0,17920,1,10325253403
8819,76967200,30684493,107651693,6,0,1,7168,2,2861665473
8820,76970580,12436503,89407083,7,0,0,15360,1,5777692715
8821,76972260,12538914,89511174,3,0,0,30208,5,2081415252
8822,76975830,11990393,88966223,0,0,0,8704,19,6714381517
8823,76981840,11790483,88772323,0,0,0,1024,19,909755750
8824,76984181,11677898,88662079,8,0,0,7680,14,5548227215
8825,76992520,30661035,107653555,9,0,1,4608,1,8698476556
8826,76994030,11827758,88821788,0,0,0,10752,19,2636414230
8827,77014390,30673433,107687823,4,0,1,31232,9,8911658343
8828,77029130,11961862,88990992,0,0,0,13824,19,9983365474
8829,77036100,30651746,107687846,6,0,1,1024,2,10616275105
8830,77041350,11930832,88972182,0,0,0,19456,19,5848771450
8831,77051650,30662395,107714045,5,0,1,20480,9,9283835688
8832,77066260,30663040,107729300,4,0,1,5120,9,4587836760
8833,77073200,30656123,107729323,5,0,1,4608,9,7575503089
8834,77074830,12380414,89455244,6,0,0,43520,2,4102417582
8835,77087870,11648127,88735997,3,0,0,34816,5,5494448854
8836,77091401,11510652,88602053,8,0,0,9728,14,9735067828
8837,77095000,30863253,107958253,8,0,1,182784,14,6566267642
8838,77100630,30857646,107958276,4,0,1,1536,9,7097585193
8839,77115900,30842399,107958299,9,0,1,1024,1,358025833
8840,77117410,30840912,107958322,2,0,1,10752,3,294742020
8841,77134060,11611499,88745559,0,0,0,31232,19,3044483255
8842,77137441,11485430,88622871,8,0,0,2048,14,483823299
8843,77147500,30811804,107959304,6,0,1,9728,2,2152979712
8844,77165640,11494076,88659716,6,0,0,7680,2,559715
8845,77181070,11799767,88980837,3,0,0,6144,5,8060097744
8846,77203541,12216224,89419765,8,0,0,3072,14,14845183
8847,77207570,30753118,107960688,6,0,1,6144,2,1706153388
8848,77207620,30777737,107985357,6,0,1,16384,2,10047638633
8849,77218100,12029699,89247799,7,0,0,62976,1,5680753432
8850,77225411,11455676,88681087,8,0,0,26624,14,3402184936
8851,77225840,30759540,107985380,2,0,1,512,3,2346343037
8852,77228750,30756653,107985403,3,0,1,8704,5,6205310245
8853,77260650,30749192,108009842,8,0,1,6144,14,10518657562
8854,77261970,11695113,88957083,0,0,0,21504,19,423228846
8855,77275590,30780204,108055794,9,0,1,4096,1,3994359031
8856,77301530,11339038,88640568,6,0,0,512,2,5877198448
8857,77303310,12482265,89785575,7,0,0,21504,1,6439825247
8858,77313970,30741847,108055817,2,0,1,3072,3,4005236433
8859,77320020,12171429,89491449,0,0,0,49152,19,1539799565
8860,77326240,11939732,89265972,0,0,0,28672,19,1869520016
8861,77333640,30722200,108055840,7,0,1,7680,1,9551633852
8862,77338770,11726960,89065730,5,0,0,6656,9,8577632628
8863,77354920,30803927,108158847,7,0,1,10752,1,3603777401
8864,77365550,30793320,108158870,5,0,1,3584,9,1011356524
8865,77386050,11842522,89228572,0,0,0,6144,19,5276911479
8866,77390190,30768703,108158893,4,0,1,3584,9,2018650046
8867,77390820,30768096,108158916,4,0,1,1536,9,1500651610
8868,77408970,11516688,88925658,5,0,0,42496,9,1631056770
8869,77422220,11721925,89144145,6,0,0,30720,2,8887995523
8870,77423470,11469208,88892678,6,0,0,20480,2,8684178468
8871,77426210,11772942,89199152,5,0,0,19968,9,2231361353
8872,77451571,11926958,89378529,8,0,0,46592,14,2874727811
8873,77454480,11843635,89298115,3,0,0,5120,5,5902641918
8874,77476490,30682449,108158939,2,0,1,512,3,9680760983
8875,77516310,12307996,89824306,3,0,0,43520,5,6464575948
8876,77554080,30621078,108175158,4,0,1,20480,9,6247335499
8877,77555130,30638842,108193972,4,0,1,9216,9,4107819065
8878,77563850,12063868,89627718,7,0,0,8192,1,5047619645
8879,77564980,11530183,89095163,5,0,0,8192,9,4265766867
8880,77589790,11213053,88802843,0,0,0,1024,19,285606117
8881,77608920,11519600,89128520,9,0,0,25088,1,8559757360
8882,77614270,11588961,89203231,5,0,0,13312,9,2792397167
8883,77617880,11741448,89359328,0,0,0,8192,19,8102732159
8884,77618420,11344637,88963057,3,0,0,512,5,1285971955
8885,77625310,12034609,89659919,4,0,0,17920,9,2174253410
8886,77635050,11979346,89614396,3,0,0,23552,5,3488510470
8887,77642221,11696328,89338549,8,0,0,29696,14,9156531278
8888,77659910,12087708,89747618,5,0,0,36864,9,8947616020
8889,77665300,12004516,89669816,0,0,0,32256,19,4448971297
8890,77670790,30523848,108194638,3,0,1,1024,5,5428307931
8891,77672390,11577148,89249538,0,0,0,5632,19,1918094642
8892,77680281,12098719,89779000,8,0,0,16384,14,9468397727
8893,77682010,11299786,88981796,6,0,0,3072,2,9681367011
8894,77684711,11734095,89418806,8,0,0,38400,14,3334656604
8895,77692520,12190913,89883433,5,0,0,4096,9,6398579731
8896,77704060,11870901,89574961,5,0,0,76800,9,7247125640
8897,77723220,11875522,89598742,6,0,0,16384,2,6858176338
8898,77727490,11743038,89470528,5,0,0,4096,9,3085945670
8899,77732040,11231508,88963548,7,0,0,1536,1,5307579103
8900,77743880,11422524,89166404,5,0,0,33280,9,3591452942
8901,77781680,11648443,89430123,3,0,0,3072,5,4218254010
8902,77799000,30397264,108196264,6,0,1,2560,2,2888771107
8903,77799710,11557099,89356809,6,0,0,12800,2,6261135138
8904,77812850,12284414,90097264,3,0,0,93696,5,3643106645
8905,77818391,11510805,89329196,8,0,0,12800,14,2342574846
8906,77818700,30378230,108196930,2,0,1,1024,3,8395655178
8907,77823250,11433963,89257213,3,0,0,25088,5,6873464517
8908,77833000,11393677,89226677,3,0,0,71168,5,7436204688
8909,77833610,11371360,89204970,5,0,0,5632,9,7869920036
8910,77851840,12127697,89979537,0,0,0,32256,19,9068175555
8911,77871410,11423708,89295118,5,0,0,11776,9,4772667294
8912,77877810,30320426,108198236,6,0,1,2048,2,7457824459
8913,77905150,30304640,108209790,2,0,1,3584,3,2999683978
8914,77912040,30302935,108214975,7,0,1,16384,1,9755076757
8915,77912480,11149171,89061651,6,0,0,3072,2,10560025294
8916,77913350,11693839,89607189,5,0,0,27648,9,860361722
8917,77920610,11667166,89587776,6,0,0,41984,2,8955203976
8918,77928470,11458412,89386882,6,0,0,21504,2,6369362112
8919,77933680,30371750,108305430,5,0,1,512,9,9610515306
8920,77982001,11643190,89625191,8,0,0,35328,14,4713748829
8921,77986610,30323006,108309616,2,0,1,6656,3,592401987
8922,78008200,30301762,108309962,4,0,1,512,9,8270714593
8923,78022131,11479816,89501947,8,0,0,31232,14,7207030370
8924,78039190,30342235,108381425,5,0,1,12800,9,139936603
8925,78040560,12073915,90114475,6,0,0,11776,2,8514589820
8926,78047340,11845343,89892683,6,0,0,4608,2,608982163
8927,78067600,30323989,108391589,5,0,1,3584,9,8288748775
8928,78134370,11327605,89461975,5,0,0,22016,9,1186059694
8929,78136930,30279827,108416757,5,0,1,2560,9,5998577748
8930,78139880,11200252,89340132,0,0,0,5120,19,1451898228
8931,78141810,11381590,89523400,7,0,0,11264,1,4536291905
8932,78143320,11622355,89765675,6,0,0,19968,2,1419349899
8933,78150120,11401418,89551538,3,0,0,21504,5,5600749944
8934,78152061,11492996,89645057,8,0,0,56832,14,1017094548
8935,78162530,30254250,108416780,9,0,1,9216,1,423526595
8936,78178370,11965862,90144232,5,0,0,4608,9,459636893
8937,78180300,30342630,108522930,6,0,1,2048,2,540962563
8938,78180470,30345119,108525589,8,0,1,25600,14,4321670947
8939,78183850,30435878,108619728,8,0,1,7680,14,7533516106
8940,78192750,11739340,89932090,7,0,0,33280,1,1476742969
8941,78193110,12025272,90218382,7,0,0,4096,1,8460728456
8942,78221470,11654429,89875899,7,0,0,102400,1,1545481136
8943,78231660,11497391,89729051,0,0,0,10752,19,4697169087
8944,78283340,11229733,89513073,0,0,0,1536,19,2519591906
8945,78294050,11422470,89716520,2,0,0,28160,3,4283537292
8946,78297320,11754922,90052242,5,0,0,18944,9,9588688703
8947,78310790,30311204,108621994,7,0,1,3584,1,3390444901
8948,78313550,11851003,90164553,0,0,0,19968,19,7855446563
8949,78331640,11575014,89906654,0,0,0,18432,19,8952800155
8950,78352530,11680650,90033180,3,0,0,25600,5,1807114004
8951,78358030,30264950,108622980,2,0,1,1536,3,4982147110
8952,78361780,11175238,89537018,0,0,0,4096,19,4335286124
8953,78369680,31414995,109784675,3,0,1,638976,5,440991029
8954,78370410,11331691,89702101,0,0,0,31744,19,10453805986
8955,78390650,11406492,89797142,5,0,0,37888,9,5412358181
8956,78421100,11572500,89993600,7,0,0,46080,1,3779521096
8957,78460871,11184989,89645860,8,0,0,2560,14,6336801028
8958,78465001,11918665,90383666,8,0,0,40960,14,4738600244
8959,78465350,11499839,89965189,7,0,0,15360,1,8594806759
8960,78476060,11839261,90315321,2,0,0,23552,3,2621669374
8961,78478420,11331630,89810050,0,0,0,16896,19,2585628415
8962,78489410,31306247,109795657,2,0,1,7168,3,10223056121
8963,78508510,11592053,90100563,3,0,0,10752,5,8621855900
8964,78511880,11736463,90248343,7,0,0,61952,1,8756001501
8965,78517570,11853593,90371163,3,0,0,32768,5,9414736837
8966,78517900,11174506,89692406,0,0,0,9216,19,4453851114
8967,78521330,11652161,90173491,2,0,0,15360,3,7739690930
8968,78523920,11685051,90208971,3,0,0,16896,5,7381785269
8969,78530730,31383061,109913791,8,0,1,9728,14,454542107
8970,78544650,11790818,90335468,0,0,0,66048,19,475484276
8971,78560370,11361557,89921927,5,0,0,46592,9,5273519247
8972,78575770,11604795,90180565,6,0,0,15360,2,4751971811
8973,78577300,11649611,90226911,2,0,0,10752,3,2686267812
8974,78582430,31332187,109914617,4,0,1,11776,9,1050793702
8975,78613950,11351900,89965850,0,0,0,2048,19,696531691
8976,78617080,11279974,89897054,0,0,0,2048,19,8371877587
8977,78631250,11250912,89882162,0,0,0,20480,19,6343337190
8978,78674350,11334886,90009236,3,0,0,6144,5,5541388731
8979,78712431,11701523,90413954,8,0,0,30720,14,2420416894
8980,78713451,11395050,90108501,8,0,0,24064,14,4809540051
8981,78721400,10998138,89719538,7,0,0,9728,1,9333718082
8982,78724110,31190530,109914640,6,0,1,3584,2,3642860251
8983,78744760,31301573,110046333,3,0,1,98816,5,1859238055
8984,78753670,31292686,110046356,9,0,1,1024,1,5397998509
8985,78754270,11390141,90144411,3,0,0,512,5,4202642188
8986,78758490,11132766,89891256,0,0,0,25600,19,9152878620
8987,78759560,11416294,90175854,2,0,0,7680,3,2407982069
8988,78776280,31270099,110046379,5,0,1,8704,9,3800994576
8989,78780561,11334733,90115294,8,0,0,2560,14,10318619092
8990,78801940,11140859,89942799,7,0,0,9728,1,6506241835
8991,78825950,11671420,90497370,0,0,0,14336,19,7389544333
8992,78846889,11627012,90473901,1,0,0,22528,13,3502610477
8993,78855331,11701721,90557052,8,0,0,28672,14,4556047833
8994,78878680,31167722,110046402,5,0,1,512,9,5454537472
8995,78880450,31184062,110064512,5,0,1,18944,9,8317203112
8996,78909630,11085865,89995495,0,0,0,6144,19,5116960948
8997,78910220,31174911,110085131,9,0,1,3072,1,1631961722
8998,78911700,31195496,110107196,2,0,1,7168,3,8288149350
8999,78934351,11196453,90130804,8,0,0,32256,14,3545029261
9000,78947780,11189333,90137113,7,0,0,17408,1,10338042714
9001,78951820,31155407,110107227,6,0,1,1536,2,8411646685
9002,78957899,31149351,110107250,1,0,1,10752,13,2041330540
9003,78958010,11002476,89960486,0,0,0,4608,19,7577497837
9004,78975510,31150706,110126216,8,0,1,6144,14,938693432
9005,78988690,11502082,90490772,3,0,0,55296,5,10723534946
9006,79000320,31125919,110126239,8,0,1,5120,14,8284955870
9007,79003991,11544294,90548285,8,0,0,12288,14,6196297586
9008,79017290,31164083,110181373,7,0,1,18432,1,9675461900
9009,79032851,11068272,90101123,8,0,0,512,14,10452249952
9010,79046820,11514147,90560967,6,0,0,9728,2,796745513
9011,79087490,11609455,90696945,7,0,0,11264,1,9588477744
9012,79093660,11007238,90100898,0,0,0,1024,19,1882518869
9013,79105240,11311857,90417097,2,0,0,10240,3,176919371
9014,79118359,31098218,110216577,1,0,1,8192,13,3039537631
9015,79140430,11428624,90569054,3,0,0,19456,5,5664539302
9016,79156010,31092845,110248855,7,0,1,19456,1,1961060247
9017,79159180,31186720,110345900,2,0,1,9216,3,2158600338
9018,79160110,31222764,110382874,6,0,1,24064,2,6777082619
9019,79171250,31211826,110383076,8,0,1,14336,14,587940905
9020,79178791,11080183,90258974,8,0,0,34816,14,5975028424
9021,79203880,10906984,90110864,2,0,0,7680,3,3036499494
9022,79212990,31176692,110389682,7,0,1,8192,1,10538997621
9023,79239590,11189028,90428618,2,0,0,22528,3,8792884223
9024,79260930,10907858,90168788,3,0,0,13824,5,7611765096
9025,79264031,10867755,90131786,8,0,0,3072,14,8906905992
9026,79267950,11122143,90390093,0,0,0,20992,19,8091212517
9027,79301740,31108133,110409873,4,0,1,8704,9,4949084552
9028,79339820,11054508,90394328,3,0,0,13824,5,8264473124
9029,79356409,11148266,90504675,1,0,0,15872,13,9990599469
9030,79357010,31088860,110445870,5,0,1,17920,9,4729541650
9031,79361810,11042761,90404571,4,0,0,16896,9,158559651
9032,79362661,11466566,90829227,8,0,0,10752,14,8643786510
9033,79377510,11436810,90814320,2,0,0,30720,3,7009214760
9034,79387360,31091908,110479268,6,0,1,4096,2,286347157
9035,79387539,11280397,90667936,1,0,0,10752,13,478083244
9036,79399770,31088280,110488050,6,0,1,9216,2,271213939
9037,79403081,11038859,90441940,8,0,0,17920,14,5818603921
9038,79410460,31329041,110739501,3,0,1,139776,5,1059838786
9039,79414870,11029597,90444467,3,0,0,8192,5,3954358905
9040,79440330,11320778,90761108,4,0,0,43520,9,9816891706
9041,79441850,11056011,90497861,2,0,0,1536,3,2648178217
9042,79462070,11285732,90747802,4,0,0,34816,9,1242566802
9043,79465520,11027459,90492979,2,0,0,7168,3,1212918845
9044,79469550,10952181,90421731,2,0,0,8704,3,2762327840
9045,79482680,11752759,91235439,0,0,0,14336,19,592214350
9046,79503230,10933219,90436449,4,0,0,25600,9,1451465416
9047,79544510,11365785,90910295,7,0,0,47104,1,2660600563
9048,79547621,11256576,90804197,8,0,0,20992,14,7040669367
9049,79562570,31212636,110775206,4,0,1,15872,9,5883790412
9050,79571670,11041437,90613107,3,0,0,24576,5,8562447647
9051,79624000,31164237,110788237,4,0,1,2048,9,9994100493
9052,79632760,10953295,90586055,3,0,0,5120,5,9028026126
9053,79644890,10918213,90563103,4,0,0,6656,9,8575739962
9054,79661900,11027390,90689290,4,0,0,4096,9,9771297685
9055,79689610,11374159,91063769,2,0,0,39936,3,2772316177
9056,79695160,10849358,90544518,0,0,0,15872,19,9692725708
9057,79711870,31097964,110809834,4,0,1,24064,9,9702941388
9058,79722270,11219769,90942039,4,0,0,58368,9,1557377254
9059,79750930,11020832,90771762,0,0,0,34816,19,6494498177
9060,79763360,11231297,90994657,4,0,0,153600,9,1353595811
9061,79766650,31043207,110809857,2,0,1,7168,3,7403694023
9062,79768290,11623388,91391678,4,0,0,56320,9,4578852614
9063,79769730,11474381,91244111,2,0,0,28160,3,6383875340
9064,79783031,11211805,90994836,8,0,0,512,14,1763552910
9065,79792640,11214582,91007222,3,0,0,27648,5,4438766592
9066,79799240,10838874,90638114,2,0,0,62976,3,1091016295
9067,79811550,11214305,91025855,4,0,0,1024,9,2935638443
9068,79813100,30996780,110809880,2,0,1,4608,3,5771161030
9069,79815299,31019676,110834975,1,0,1,7168,13,5826520348
9070,79842240,31006465,110848705,2,0,1,7680,3,5879649323
9071,79847500,11220052,91067552,4,0,0,12288,9,5641008811
9072,79852730,31004638,110857368,6,0,1,7680,2,2959454268
9073,79862840,10985123,90847963,2,0,0,512,3,9213071723
9074,79868250,11157270,91025520,0,0,0,54784,19,6372510322
9075,79874330,11237836,91112166,0,0,0,11776,19,2113025359
9076,79878220,11224079,91102299,9,0,0,22016,1,6387230171
9077,79883210,11168360,91051570,3,0,0,65536,5,5876377614
9078,79887520,11208048,91095568,2,0,0,31744,3,7598149403
9079,79888480,30968911,110857391,2,0,1,10752,3,8954330613
9080,79893550,10897531,90791081,0,0,0,8192,19,10037036960
9081,79895660,30961754,110857414,5,0,1,512,9,1433028582
9082,79896400,10880541,90776941,0,0,0,16896,19,3452617196
9083,79899441,11391672,91291113,8,0,0,56320,14,9229248255
9084,79907470,30983155,110890625,5,0,1,3584,9,5843912410
9085,79910660,10977235,90887895,7,0,0,41984,1,7998077958
9086,79927800,10965890,90893690,3,0,0,18944,5,4179394163
9087,79961190,11368635,91329825,7,0,0,57344,1,4828513831
9088,79966720,11032055,90998775,4,0,0,12800,9,7771584942
9089,79968860,10978974,90947834,2,0,0,18944,3,8906076622
9090,79973631,11035174,91008805,8,0,0,5120,14,1089079169
9091,79978551,11107322,91085873,8,0,0,1536,14,3965016735
9092,79985040,11514484,91499524,0,0,0,3072,19,6795402036
9093,79991040,30899841,110890881,8,0,1,9216,14,5285131961
9094,80009230,11065677,91074907,2,0,0,24064,3,468526318
9095,80010750,11120734,91131484,2,0,0,21504,3,2935032704
9096,80014540,10881357,90895897,7,0,0,7168,1,2657002465
9097,80031720,11053662,91085382,2,0,0,34304,3,6813203037
9098,80033270,11085788,91119058,0,0,0,8704,19,8707194066
9099,80034790,10996789,91031579,4,0,0,18432,9,2646179787
9100,80037121,11233588,91270709,8,0,0,31744,14,9074309790
9101,80050680,30857076,110907756,7,0,1,6144,1,3871971797
9102,80052290,11507985,91560275,5,0,0,51200,9,7950822461
9103,80058041,11236261,91294302,8,0,0,10240,14,5356089418
9104,80078900,11141829,91220729,9,0,0,18944,1,7473098904
9105,80079940,30887987,110967927,7,0,1,10752,1,1659779955
9106,80089930,30891604,110981534,6,0,1,512,2,5049346525
9107,80090110,30894970,110985080,8,0,1,5632,14,7168551108
9108,80108050,30888059,110996109,2,0,1,5120,3,7026618158
9109,80109750,30887345,110997095,2,0,1,1536,3,10328208228
9110,80127740,30901054,111028794,5,0,1,22528,9,1822607311
9111,80129720,11101328,91231048,4,0,0,33792,9,3022614659
9112,80149241,11511447,91660688,8,0,0,31232,14,9370897453
9113,80153790,30963807,111117597,3,0,1,39936,5,595117188
9114,80155440,11322974,91478414,7,0,0,31232,1,6524565539
9115,80159930,31524176,111684106,7,0,1,246272,1,445256706
9116,80164450,11350422,91514872,2,0,0,33280,3,5149954785
9117,80172090,10959573,91131663,4,0,0,512,9,2754253850
9118,80172990,31511462,111684452,8,0,1,512,14,4141203480
9119,80176870,31507928,111684798,7,0,1,512,1,4005819240
9120,80179210,11286876,91466086,2,0,0,20480,3,10520014344
9121,80190850,11114348,91305198,3,0,0,17920,5,3738829271
9122,80205760,11232732,91438492,0,0,0,8192,19,5045050738
9123,80227590,11579106,91806696,5,0,0,17408,9,6925990679
9124,80228350,31460314,111688664,3,0,1,6144,5,7759789849
9125,80230370,10981213,91211583,0,0,0,1536,19,640796117
9126,80234579,31460674,111695253,1,0,1,22016,13,10369300391
9127,80242720,31463525,111706245,9,0,1,3584,1,7037768925
9128,80248070,11178296,91426366,0,0,0,1024,19,548116271
9129,80249430,11113525,91362955,4,0,0,30720,9,10728905564
9130,80251470,11000259,91251729,3,0,0,6144,5,1795030734
9131,80258270,31542453,111800723,3,0,1,121856,5,3753323075
9132,80261989,31539975,111801964,1,0,1,2560,13,6134320119
9133,80270571,11274081,91544652,8,0,0,1024,14,6283718241
9134,80284460,11363252,91647712,3,0,0,21504,5,9190127354
9135,80285880,31780172,112066052,3,0,1,197120,5,2182996874
9136,80309940,31773110,112083050,7,0,1,16896,1,8066407869
9137,80329340,31753733,112083073,5,0,1,3072,9,7123274620
9138,80332271,11256647,91588918,8,0,0,29696,14,8829728123
9139,80332380,31943118,112275498,3,0,1,237568,5,10181640840
9140,80339190,11636624,91975814,4,0,0,28672,9,9794613018
9141,80345440,11508937,91854377,2,0,0,37376,3,10282734760
9142,80354550,31979524,112334074,7,0,1,12288,1,9052831551
9143,80357090,31979048,112336138,2,0,1,2048,3,7019879694
9144,80364320,32017933,112382253,5,0,1,15872,9,6880438174
9145,80364420,32020357,112384777,2,0,1,3584,3,1627369149
9146,80366090,11336840,91702930,9,0,0,23552,1,1528982636
9147,80367620,11923917,92291537,9,0,0,66048,1,6086654691
9148,80369490,11744145,92113635,2,0,0,145920,3,2588163438
9149,80373680,32015603,112389283,6,0,1,7168,2,10519614346
9150,80380910,11563249,91944159,2,0,0,35328,3,4130644041
9151,80409660,32073782,112483442,8,0,1,27136,14,2356930417
9152,80430400,11412566,91842966,2,0,0,29696,3,5581119693
9153,80438011,11203126,91641137,8,0,0,24576,14,4836602253
9154,80443181,11944839,92388020,8,0,0,92672,14,3661801374
9155,80446000,32039708,112485708,8,0,1,3584,14,8963896944
9156,80465431,11673747,92139178,8,0,0,22016,14,820927281
9157,80484040,11349855,91833895,4,0,0,54272,9,1076056286
9158,80493720,32005574,112499294,8,0,1,8192,14,4491655013
9159,80505240,11891741,92396981,9,0,0,3072,1,8478863160
9160,80561271,11133902,91695173,8,0,0,3072,14,8921123740
9161,80579650,31919667,112499317,2,0,1,4608,3,6688236480
9162,80579710,31919630,112499340,4,0,1,10240,9,694862156
9163,80582550,11298595,91881145,7,0,0,1536,1,3443718342
9164,80586010,11545322,92131332,7,0,0,48640,1,1929001650
9165,80612720,31886643,112499363,6,0,1,2048,2,5098390526
9166,80616340,11840662,92457002,7,0,0,31744,1,9630375066
9167,80622120,12288935,92911055,0,0,0,112640,19,2015643977
9168,80628020,11264237,91892257,2,0,0,12800,3,9530252456
9169,80633210,11089422,91722632,9,0,0,7680,1,10672861007
9170,80662690,11320479,91983169,7,0,0,24064,1,5989811721
9171,80674390,11394762,92069152,9,0,0,11264,1,2164936506
9172,80678990,10924459,91603449,9,0,0,47616,1,5114195885
9173,80688750,11455303,92144053,7,0,0,15872,1,9068742692
9174,80689830,32004014,112693844,3,0,1,137728,5,10213418658
9175,80700990,31995760,112696750,6,0,1,4608,2,1337129736
9176,80701240,11607525,92308765,0,0,0,4096,19,10417521091
9177,80704270,11227043,91931313,9,0,0,14336,1,9294263407
9178,80704500,11411989,92116489,0,0,0,9216,19,6901562496
9179,80719980,11508727,92228707,7,0,0,4608,1,3373037015
9180,80730730,11229817,91960547,7,0,0,3584,1,8597015450
9181,80741220,32020606,112761826,9,0,1,14336,1,3651769189
9182,80747091,11186273,91933364,8,0,0,6656,14,584348818
9183,80774500,32146918,112921418,8,0,1,101376,14,4990165078
9184,80779920,11423787,92203707,0,0,0,23040,19,4510201930
9185,80802600,32193430,112996030,5,0,1,2560,9,3214383042
9186,80810820,11254877,92065697,7,0,0,14848,1,8366402451
9187,80827680,11618281,92445961,5,0,0,12800,9,8989288475
9188,80829390,32450306,113279696,0,0,1,216576,19,5773566899
9189,80838510,10974453,91812963,7,0,0,5120,1,3245370474
9190,80839191,11785433,92624624,8,0,0,66560,14,2559748517
9191,80848900,32431142,113280042,6,0,1,512,2,1654928840
9192,80855721,11359648,92215369,8,0,0,19456,14,83491587
9193,80866320,11874149,92740469,9,0,0,25088,1,6045086629
9194,80871760,10846922,91718682,9,0,0,3072,1,1669710354
9195,80872230,11597275,92469505,2,0,0,40960,3,1491920185
9196,80930570,11461529,92392099,2,0,0,13312,3,4668913394
9197,80938940,10967662,91906602,7,0,0,4096,1,5184941074
9198,80939350,32342318,113281668,6,0,1,2560,2,6008576807
9199,80947330,32415170,113362500,0,0,1,49664,19,9474121740
9200,80949650,12165717,93115367,2,0,0,80896,3,9609514243
9201,80955541,11063274,92018815,8,0,0,3584,14,628336600
9202,80959100,32404066,113363166,5,0,1,1024,9,6337931388
9203,80959300,11312090,92271390,9,0,0,44032,1,5739275402
9204,80978590,11442024,92420614,2,0,0,23552,3,3690187718
9205,80997250,32374288,113371538,9,0,1,13312,1,7631552014
9206,80999921,11132526,92132447,8,0,0,3584,14,4794176910
9207,81015850,11208746,92224596,7,0,0,30208,1,10256172215
9208,81036310,11160354,92196664,0,0,0,17920,19,9830826363
9209,81038540,10818668,91857208,7,0,0,9216,1,4779001875
9210,81047650,11200194,92247844,9,0,0,24576,1,9965357423
9211,81053141,11876008,92929149,8,0,0,27648,14,6517007241
9212,81120340,11469258,92589598,7,0,0,9216,1,8906083486
9213,81133100,11874733,93007833,0,0,0,45056,19,8528405635
9214,81133860,11201444,92335304,9,0,0,20480,1,7959298387
9215,81137280,32236844,113374124,5,0,1,4096,9,6062734651
9216,81141360,32239216,113380576,2,0,1,10240,3,3736127539
9217,81149300,11024932,92174232,9,0,0,33792,1,7735035079
9218,81159150,32240051,113399201,2,0,1,8192,3,8416366234
9219,81161650,11361982,92523632,3,0,0,41472,5,4578036765
9220,81163460,32259509,113422969,4,0,1,10752,9,9509673352
9221,81167351,11272082,92439433,8,0,0,18432,14,1798773437
9222,81169930,11364369,92534299,4,0,0,9216,9,3212302627
9223,81180780,11300713,92481493,9,0,0,38400,1,1370278644
9224,81196450,11499039,92695489,3,0,0,113664,5,6181354517
9225,81237690,11175725,92413415,4,0,0,10240,9,3081727178
9226,81243370,11075740,92319110,0,0,0,26624,19,2613905637
9227,81254740,11155532,92410272,0,0,0,43520,19,10057547395
9228,81261290,32174034,113435324,8,0,1,30208,14,517727748
9229,81262400,32195209,113457609,2,0,1,8704,3,10578554711
9230,81278150,11155644,92433794,0,0,0,24576,19,1326295507
9231,81278560,11117462,92396022,9,0,0,12800,1,9179753073
9232,81282150,11283026,92565176,4,0,0,32768,9,4583015835
9233,81302870,32172197,113475067,9,0,1,4096,1,4518265959
9234,81304240,11343853,92648093,7,0,0,21504,1,9706256799
9235,81305670,11939554,93245224,7,0,0,48128,1,6246966180
9236,81308711,11031080,92339791,8,0,0,13312,14,947376675
9237,81331039,11542218,92873257,1,0,0,47104,13,159652921
9238,81337830,32442968,113780798,3,0,1,231424,5,2904144851
9239,81341671,11308660,92650331,8,0,0,5120,14,4173170523
9240,81345490,11785344,93130834,2,0,0,50688,3,6478598957
9241,81353040,11153698,92506738,7,0,0,18944,1,5487352667
9242,81373369,11278857,92652226,1,0,0,6144,13,5265036419
9243,81380660,32400599,113781259,9,0,1,10240,1,3075660933
9244,81398280,32426459,113824739,1,0,1,7168,13,9586553900
9245,81403700,11610419,93014119,2,0,0,10752,3,9114108986
9246,81409360,11575932,92985292,7,0,0,24064,1,3519899010
9247,81434620,11145648,92580268,0,0,0,2048,19,306078336
9248,81439420,11473904,92913324,7,0,0,7168,1,6833908362
9249,81440400,11385847,92826247,9,0,0,58880,1,7272550953
9250,81444550,11091332,92535882,9,0,0,5120,1,4483028576
9251,81445400,32468338,113913738,3,0,1,38912,5,9657997691
9252,81459771,11113248,92573019,8,0,0,12288,14,7395539043
9253,81468670,11172848,92641518,5,0,0,32768,9,7746677185
9254,81475220,11228404,92703624,4,0,0,26624,9,2812540764
9255,81480040,11002568,92482608,7,0,0,3584,1,6188382484
9256,81480300,11151211,92631511,2,0,0,22528,3,9262504406
9257,81506121,11692039,93198160,8,0,0,14848,14,2100608145
9258,81510561,11534179,93044740,8,0,0,57856,14,2060279384
9259,81515450,11715087,93230537,4,0,0,23552,9,9204123925
9260,81515741,11360971,92876712,8,0,0,11264,14,398404400
9261,81536410,11112338,92648748,2,0,0,2048,3,6789705442
9262,81556350,32357411,113913761,8,0,1,4608,14,9291288821
9263,81601140,11592202,93193342,7,0,0,50688,1,5014711781
9264,81602010,11710996,93313006,3,0,0,7680,5,7979547668
9265,81608710,32312741,113921451,4,0,1,15872,9,7978064383
9266,81608760,11481913,93090673,0,0,0,107520,19,262313671
9267,81614320,32307154,113921474,9,0,1,1536,1,8540690635
9268,81616800,11303099,92919899,2,0,0,21504,3,6385447069
9269,81624220,11675583,93299803,9,0,0,30720,1,9138175857
9270,81630120,11299277,92929397,3,0,0,512,5,8247073554
9271,81634780,32286717,113921497,8,0,1,25088,14,551240522
9272,81638119,11292759,92930878,1,0,0,4608,13,326805172
9273,81648050,12132329,93780379,0,0,0,25600,19,3288784505
9274,81681771,11829102,93510873,8,0,0,512,14,1338274012
9275,81691500,32255873,113947373,8,0,1,13312,14,4862483181
9276,81706911,11541924,93248835,8,0,0,11776,14,5309702262
9277,81722580,11136302,92858882,0,0,0,69120,19,3529866044
9278,81759210,11464128,93223338,9,0,0,46080,1,10733988151
9279,81784500,10959112,92743612,6,0,0,10240,2,8531012579
9280,81796840,11611893,93408733,4,0,0,29184,9,10633043060
9281,81820620,11357239,93177859,6,0,0,52224,2,7038627327
9282,81844670,11310835,93155505,7,0,0,80896,1,4852354068
9283,81847830,32103089,113950919,8,0,1,5632,14,1200142048
9284,81859960,11798651,93658611,0,0,0,20480,19,10381448596
9285,81904590,32046995,113951585,4,0,1,1024,9,1667597053
9286,81916450,11245474,93161924,9,0,0,20992,1,7220931275
9287,81917791,11527290,93445081,8,0,0,17408,14,2666229125
9288,81924560,32029291,113953851,9,0,1,3584,1,9358022544
9289,81927430,11654493,93581923,3,0,0,6656,5,4606200455
9290,81932370,11276889,93209259,4,0,0,36352,9,1064131185
9291,81948910,32038425,113987335,5,0,1,2560,9,9159751148
9292,81948970,11108897,93057867,6,0,0,43008,2,5013783495
9293,81950280,32037078,113987358,6,0,1,10240,2,9862985088
9294,81955039,10965663,92920702,1,0,0,2560,13,3395497170
9295,81959819,11619920,93579739,1,0,0,65024,13,4359847217
9296,81962080,32058286,114020366,9,0,1,7680,1,755298288
9297,82025070,32006418,114031488,5,0,1,4608,9,9881210228
9298,82027650,11651656,93679306,6,0,0,7680,2,9219495830
9299,82034030,11159583,93193613,9,0,0,512,1,9776735567
9300,82041960,32004082,114046042,5,0,1,33792,9,1753612805
9301,82044200,32013432,114057632,7,0,1,1536,1,5304402270
9302,82045330,32012325,114057655,1,0,1,7168,13,8321872321
9303,82046540,12079608,94126148,0,0,0,20480,19,1520513380
9304,82047150,32011955,114059105,9,0,1,512,1,394184679
9305,82052320,11251314,93303634,6,0,0,7168,2,6830367533
9306,82058530,12015483,94074013,4,0,0,58368,9,6640578617
9307,82059650,11810469,93870119,3,0,0,3072,5,1086823298
9308,82074820,10936000,93010820,4,0,0,9728,9,3102843368
9309,82075150,31987544,114062694,9,0,1,16896,1,10108926686
9310,82084710,31981242,114065952,6,0,1,1536,2,6120166862
9311,82090250,11266821,93357071,9,0,0,13312,1,7086922116
9312,82106400,31998246,114104646,5,0,1,16384,9,4666322103
9313,82134810,32027887,114162697,7,0,1,2560,1,8502104835
9314,82142790,11111187,93253977,9,0,0,13824,1,9976104394
9315,82169830,11289376,93459206,6,0,0,36352,2,6684365342
9316,82175260,12128952,94304212,0,0,0,43520,19,673179021
9317,82190819,11449776,93640595,1,0,0,25088,13,5175590152
9318,82197070,11414091,93611161,3,0,0,10752,5,9040035479
9319,82203950,11766905,93970855,7,0,0,13312,1,7194957438
9320,82213040,11120954,93333994,3,0,0,40960,5,3301157029
9321,82217300,11125308,93342608,0,0,0,7680,19,4459338322
9322,82224510,12458706,94683216,7,0,0,63488,1,7053461581
9323,82226050,12315877,94541927,9,0,0,1024,1,8055114136
9324,82229370,11779423,94008793,4,0,0,5632,9,8631518067
9325,82232800,11529233,93762033,4,0,0,56320,9,4957565558
9326,82236840,11318013,93554853,6,0,0,25600,2,4741701698
9327,82248231,11605119,93853350,8,0,0,75776,14,7534472648
9328,82249200,11297830,93547030,3,0,0,57344,5,6610576713
9329,82264740,11099476,93364216,7,0,0,13312,1,10596038672
9330,82288730,12159986,94448716,3,0,0,8192,5,4892378006
9331,82289790,11063202,93352992,9,0,0,22016,1,7758165238
9332,82321501,11547659,93869160,8,0,0,51712,14,7464796558
9333,82340219,10980484,93320703,1,0,0,19968,13,8297993154
9334,82352301,11024133,93376434,8,0,0,2048,14,6320971742
9335,82358300,11059036,93417336,0,0,0,28160,19,2167653955
9336,82372341,11089540,93461881,8,0,0,8704,14,5349611086
9337,82372600,31790120,114162720,5,0,1,7680,9,9009833820
9338,82372790,31789953,114162743,5,0,1,7168,9,10336350440
9339,82378840,11670674,94049514,6,0,0,17920,2,10351521620
9340,82382460,11007868,93390328,3,0,0,13312,5,4662215189
9341,82385629,11603669,93989298,1,0,0,6144,13,7991184040
9342,82390210,11779338,94169548,0,0,0,23552,19,1022568288
9343,82406680,11790035,94196715,4,0,0,89088,9,1948680910
9344,82410429,11266514,93676943,1,0,0,13312,13,2507716898
9345,82413950,11688954,94102904,2,0,0,9728,3,7987623543
9346,82418540,31786979,114205519,7,0,1,2560,1,251748058
9347,82422800,31798577,114221377,5,0,1,23040,9,1821447656
9348,82424690,11075708,93500398,6,0,0,25600,2,6507857689
9349,82426649,11502532,93929181,1,0,0,30208,13,9240014014
9350,82434600,11013468,93448068,6,0,0,9728,2,106444330
9351,82447419,11335479,93782898,1,0,0,8192,13,9687751148
9352,82450300,11469585,93919885,3,0,0,58880,5,6622694218
9353,82451770,12374274,94826044,9,0,0,136704,1,1928200548
9354,82453430,31826318,114279748,4,0,1,18944,9,9091202654
9355,82460970,31828184,114289154,8,0,1,8704,14,1878969896
9356,82495390,11457148,93952538,0,0,0,27136,19,5287949563
9357,82501110,11057510,93558620,4,0,0,12288,9,1526614011
9358,82504310,11976767,94481077,7,0,0,56320,1,5656668072
9359,82515230,11167449,93682679,3,0,0,8704,5,2012849382
9360,82518920,31982240,114501160,3,0,1,150528,5,4761325427
9361,82543740,11767850,94311590,4,0,0,24064,9,7264036385
9362,82546680,12451180,94997860,7,0,0,43008,1,2531898958
9363,82558160,11421833,93979993,7,0,0,1536,1,1634525942
9364,82579120,11500220,94079340,0,0,0,17408,19,3758979299
9365,82586270,11307184,93893454,6,0,0,46080,2,7776535292
9366,82599420,11846777,94446197,7,0,0,40960,1,1931074429
9367,82604280,11327592,93931872,0,0,0,8704,19,6247039723
9368,82607279,11683650,94290929,1,0,0,109056,13,7763420579
9369,82612200,31984268,114596468,7,0,1,5120,1,8654897958
9370,82614290,31992083,114606373,8,0,1,6144,14,1813032520
9371,82634410,11067707,93702117,4,0,0,20992,9,8567551905
9372,82638860,11387300,94026160,4,0,0,33280,9,9956155605
9373,82663110,11339672,94002782,3,0,0,30720,5,4059049492
9374,82671870,32145774,114817644,3,0,1,57856,5,3239376346
9375,82678900,32172183,114851083,9,0,1,17408,1,8032624061
9376,82693459,11564219,94257678,1,0,0,55296,13,7088106333
9377,82718500,32132737,114851237,9,0,1,8704,1,7751298935
9378,82718690,11512258,94230948,9,0,0,50176,1,2154239830
9379,82728940,11703015,94431955,0,0,0,92160,19,3396914465
9380,82743110,32121966,114865076,2,0,1,6144,3,1999287891
9381,82764001,11746465,94510466,8,0,0,2048,14,8199211166
9382,82779601,11545139,94324740,8,0,0,24576,14,3854341913
9383,82789141,11425537,94214678,8,0,0,58880,14,3091365019
9384,82801429,32101396,114902825,1,0,1,6144,13,2224012337
9385,82805870,32097301,114903171,5,0,1,512,9,6657131092
9386,82820860,12054642,94875502,7,0,0,30720,1,9688575816
9387,82820909,11681530,94502439,1,0,0,2560,13,5413602653
9388,82823940,32196007,115019947,1,0,1,39936,13,4082468535
9389,82824210,32200563,115024773,8,0,1,7680,14,4182797703
9390,82830330,11789639,94619969,9,0,0,29184,1,4415229304
9391,82831499,32196500,115027999,1,0,1,5120,13,6494196956
9392,82835029,32193956,115028985,1,0,1,1536,13,2799084848
9393,82863260,11352377,94215637,9,0,0,3072,1,6879057688
9394,82870780,32737202,115607982,3,0,1,252928,5,3626251094
9395,82872300,11591571,94463871,5,0,0,49664,9,660008489
9396,82886759,11467269,94354028,1,0,0,66048,13,3850498550
9397,82891710,32718694,115610404,2,0,1,4608,3,9428521844
9398,82892700,12209180,95101880,7,0,0,9216,1,1332521368
9399,82897030,11697699,94594729,9,0,0,39424,1,3132385023
9400,82901679,11762170,94663849,1,0,0,15872,13,2348673434
9401,82920640,12257004,95177644,7,0,0,40448,1,1474675011
9402,82934480,11306327,94240807,6,0,0,32256,2,2078906575
9403,82934920,11754879,94689799,4,0,0,21504,9,1107101113
9404,82947430,32663320,115610750,9,0,1,512,1,3058081349
9405,82949089,11817616,94766705,1,0,0,9216,13,1399875606
9406,82956100,32676902,115633002,6,0,1,2560,2,10266543006
9407,82973280,11524901,94498181,4,0,0,3584,9,3387219565
9408,82975591,12344331,95319922,8,0,0,78336,14,8741786866
9409,82993760,12399281,95393041,7,0,0,44032,1,5658478408
9410,82999820,12229299,95229119,9,0,0,83456,1,10281867399
9411,83002181,11483607,94485788,8,0,0,15360,14,3813913452
9412,83002940,11604587,94607527,6,0,0,9728,2,10575122778
9413,83010330,12178170,95188500,7,0,0,35328,1,3102703151
9414,83015490,11691648,94707138,4,0,0,56832,9,1001276421
9415,83016810,32637766,115654576,9,0,1,8704,1,81077488
9416,83069219,11248010,94317229,1,0,0,18432,13,8257371760
9417,83076780,11637869,94714649,6,0,0,24576,2,6415880054
9418,83082840,11918163,95001003,3,0,0,10240,5,4278196290
9419,83084660,11314060,94398720,7,0,0,4608,1,7149984766
9420,83090349,11343345,94433694,1,0,0,5632,13,7665696972
9421,83106881,12505085,95611966,8,0,0,41472,14,4905030999
9422,83111410,12446832,95558242,6,0,0,81920,2,181808375
9423,83113290,32590697,115703987,6,0,1,6656,2,6230777970
9424,83117580,11794586,94912166,9,0,0,52224,1,62362079
9425,83118640,11645234,94763874,0,0,0,17408,19,5160879387
9426,83124461,12000851,95125312,8,0,0,36352,14,1619105312
9427,83126640,11364943,94491583,4,0,0,18944,9,1376086222
9428,83131630,32572380,115704010,2,0,1,8192,3,5709945302
9429,83141950,11359686,94501636,3,0,0,11264,5,4862711043
9430,83144471,12087190,95231661,8,0,0,8192,14,4377823018
9431,83145990,12185369,95331359,6,0,0,17408,2,4969078859
9432,83146460,11612087,94758547,4,0,0,58368,9,3914913447
9433,83150910,11809928,94960838,9,0,0,15360,1,3373699345
9434,83162610,11921017,95083627,9,0,0,24064,1,8057395623
9435,83162680,11758401,94921081,6,0,0,29184,2,3314949806
9436,83163290,12530637,95693927,9,0,0,12800,1,7360664168
9437,83173020,11324046,94497066,3,0,0,17920,5,6907569578
9438,83175340,12278377,95453717,9,0,0,21504,1,6247397687
9439,83175840,32528209,115704049,8,0,1,7168,14,920549885
9440,83184750,12462522,95647272,7,0,0,27136,1,2676619832
9441,83185180,12504816,95689996,6,0,0,27136,2,7119234135
9442,83203280,11516486,94719766,3,0,0,15872,5,6029292952
9443,83212160,11618899,94831059,6,0,0,16384,2,6852516267
9444,83213120,32535875,115748995,2,0,1,8704,3,7176751053
9445,83215650,12507400,95723050,9,0,0,512,1,9900820377
9446,83221890,11730936,94952826,7,0,0,61952,1,20435660
9447,83249499,11672541,94922040,1,0,0,3072,13,996575055
9448,83269620,12557010,95826630,9,0,0,33280,1,4433857355
9449,83273739,12421533,95695272,1,0,0,1536,13,8010225012
9450,83275570,11584992,94860562,7,0,0,22016,1,8684561006
9451,83280340,12534756,95815096,0,0,0,34304,19,3518163075
9452,83289651,11480821,94770472,8,0,0,12288,14,10426698955
9453,83312750,32436268,115749018,2,0,1,512,3,9333156868
9454,83330730,11932162,95262892,9,0,0,43520,1,6640166506
9455,83365990,12158126,95524116,3,0,0,33280,5,1080680973
9456,83387909,11711140,95099049,1,0,0,41472,13,9540178679
9457,83395730,11538189,94933919,9,0,0,38912,1,483115117
9458,83405280,32343761,115749041,9,0,1,3584,1,8637371688
9459,83406180,32440297,115846477,3,0,1,55296,5,977036980
9460,83415071,12082768,95497839,8,0,0,79360,14,3361642384
9461,83417491,11940212,95357703,8,0,0,50176,14,1670811400
9462,83418220,32475063,115893283,5,0,1,7680,9,1261387666
9463,83422400,32474109,115896509,6,0,1,5120,2,2002930575
9464,83424290,32474165,115898455,2,0,1,3072,3,6149982952
9465,83435031,12330415,95765446,8,0,0,512,14,357168441
9466,83454440,11710765,95165205,6,0,0,97280,2,4110147055
9467,83468081,12104617,95572698,8,0,0,15360,14,4810899498
9468,83480860,32419861,115900721,1,0,1,3584,13,7831382986
9469,83493640,32410947,115904587,8,0,1,6144,14,7208676470
9470,83494470,11709190,95203660,0,0,0,12800,19,2137885557
9471,83504009,11694810,95198819,1,0,0,33792,13,1077931737
9472,83505330,11601721,95107051,3,0,0,16896,5,2055615330
9473,83513110,11686448,95199558,4,0,0,2048,9,6188947413
9474,83519089,12007546,95526635,1,0,0,8192,13,9334792278
9475,83538730,32367483,115906213,4,0,1,2560,9,3972956708
9476,83546000,11700175,95246175,0,0,0,29184,19,7225047287
9477,83569400,32337069,115906469,3,0,1,9216,5,8097348259
9478,83572650,32399168,115971818,4,0,1,24576,9,26773847
9479,83575300,12055588,95630888,4,0,0,56832,9,6937287128
9480,83581910,12340208,95922118,7,0,0,51712,1,10253652587
9481,83602230,12536470,96138700,3,0,0,45568,5,7646909549
9482,83610890,11768712,95379602,9,0,0,36352,1,3315835320
9483,83624549,11575188,95199737,1,0,0,512,13,1273943524
9484,83644820,11629069,95273889,4,0,0,3072,9,2718837027
9485,83651700,32320141,115971841,5,0,1,4096,9,8747909641
9486,83664540,12004851,95669391,7,0,0,37888,1,1912029757
9487,83669349,11786731,95456080,1,0,0,7680,13,1720114345
9488,83669580,11650833,95320413,0,0,0,1536,19,188262875
9489,83687590,11841252,95528842,7,0,0,7168,1,9738305580
9490,83741780,12272870,96014650,4,0,0,32768,9,119199612
9491,83750790,12477401,96228191,4,0,0,9728,9,5775401871
9492,83752080,11929556,95681636,6,0,0,39936,2,8797234907
9493,83769880,13011509,96781389,9,0,0,4608,1,4519351370
9494,83774490,11654402,95428892,5,0,0,25600,9,4535250857
9495,83776380,11755784,95532164,2,0,0,4096,3,8536295975
9496,83781831,12334653,96116484,8,0,0,13312,14,8613735539
9497,83785380,11964592,95749972,5,0,0,2048,9,3704479108
9498,83792200,12302983,96095183,4,0,0,170496,9,668022277
9499,83808770,11849023,95657793,4,0,0,21504,9,4050073207
9500,83810270,11703348,95513618,5,0,0,51712,9,1068505027
9501,83814800,32164006,115978806,7,0,1,4608,1,4087648128
9502,83828420,13046191,96874611,9,0,0,27136,1,802997846
9503,83829630,11783919,95613549,3,0,0,5120,5,2118735444
9504,83832241,11698652,95530893,8,0,0,6656,14,4010683331
9505,83835720,11724128,95559848,0,0,0,4608,19,9440086499
9506,83840870,32138558,115979428,8,0,1,11264,14,4177461995
9507,83842040,11716381,95558421,6,0,0,512,2,10103930358
9508,83842881,11671072,95513953,8,0,0,1024,14,7983507414
9509,83842890,11722122,95565012,0,0,0,13824,19,8092501478
9510,83846800,11804418,95651218,4,0,0,8704,9,2010302397
9511,83854960,32125134,115980094,4,0,1,1024,9,6740784958
9512,83855700,12545955,96401655,7,0,0,26112,1,1609159778
9513,83858030,12387524,96245554,9,0,0,27136,1,3278364752
9514,83869410,12294330,96163740,9,0,0,67584,1,6956868589
9515,83874760,32107920,115982680,6,0,1,4096,2,1885090293
9516,83896000,12243347,96139347,9,0,0,2048,1,397925251
9517,83898399,11866868,95765267,1,0,0,11776,13,8328445548
9518,83905290,13080874,96986164,6,0,0,46592,2,9314644493
9519,83917960,32074650,115992610,8,0,1,16896,14,926477573
9520,83918090,12125122,96043212,6,0,0,21504,2,6109491220
9521,83932920,32123985,116056905,4,0,1,7680,9,4487593974
9522,83935221,11646804,95582025,8,0,0,512,14,4711502049
9523,83967119,11897459,95864578,1,0,0,47616,13,5574229960
9524,83982660,12237209,96219869,6,0,0,10752,2,3690738207
9525,84009750,11820023,95829773,6,0,0,10240,2,1686807503
9526,84011080,32045848,116056928,6,0,1,6144,2,6557109555
9527,84022280,11626263,95648543,5,0,0,4096,9,9909258723
9528,84023520,12072310,96095830,0,0,0,2048,19,1646285630
9529,84024180,32032771,116056951,7,0,1,6144,1,430880367
9530,84025630,11668476,95694106,7,0,0,512,1,9491701271
9531,84045851,11922881,95968732,8,0,0,10240,14,4129858544
9532,84057580,11978652,96036232,6,0,0,43008,2,6943783261
9533,84058750,11964347,96023097,9,0,0,27648,1,2787517667
9534,84061490,32004719,116066209,7,0,1,15872,1,6648021594
9535,84074130,12031885,96106015,4,0,0,22016,9,8862291140
9536,84083681,11796088,95879769,8,0,0,3072,14,6402996954
9537,84086680,11674976,95761656,4,0,0,2048,9,2250426672
9538,84105870,12389946,96495816,3,0,0,3584,5,10647419228
9539,84107230,11757527,95864757,5,0,0,512,9,6285031071
9540,84114470,11831968,95946438,0,0,0,2048,19,3706962241
9541,84116670,12242225,96358895,7,0,0,7168,1,462091564
9542,84126780,12052583,96179363,3,0,0,51200,5,5773180339
9543,84134600,31936320,116070920,3,0,1,10240,5,1271804200
9544,84144910,12085800,96230710,3,0,0,8192,5,10457291630
9545,84158310,31947807,116106117,9,0,1,3072,1,6386652375
9546,84160870,12232806,96393676,7,0,0,63488,1,3013494798
9547,84166540,12161868,96328408,6,0,0,66048,2,2320421441
9548,84170480,13225156,97395636,2,0,0,129536,3,995280348
9549,84171800,31936903,116108703,9,0,1,4096,1,912009044
9550,84173170,11661306,95834476,6,0,0,15360,2,5479555749
9551,84175110,12914878,97089988,7,0,0,39936,1,470016561
9552,84184010,12586008,96770018,4,0,0,54784,9,7434712848
9553,84202120,12427800,96629920,0,0,0,64512,19,3917559148
9554,84202151,12995758,97197909,8,0,0,20992,14,6087621956
9555,84208060,11715797,95923857,9,0,0,5632,1,7941413862
9556,84218900,31932938,116151838,8,0,1,12800,14,2811158551
9557,84219059,12241001,96460060,1,0,0,23552,13,8352128779
9558,84222020,12290546,96512566,4,0,0,24064,9,1982625679
9559,84222190,31929671,116151861,9,0,1,2560,1,8682048559
9560,84225870,11985686,96211556,2,0,0,19968,3,10001694645
9561,84239610,12611989,96851599,6,0,0,2048,2,1463144330
9562,84243310,11949295,96192605,5,0,0,27136,9,4245427718
9563,84246971,12355892,96602863,8,0,0,70144,14,10481138694
9564,84249780,31902104,116151884,6,0,1,1536,2,6759183225
9565,84266930,12579909,96846839,4,0,0,19968,9,10737013111
9566,84269700,11928116,96197816,7,0,0,5120,1,5576562614
9567,84277320,11918896,96196216,5,0,0,11776,9,1747133445
9568,84282520,11942676,96225196,5,0,0,17408,9,7635552166
9569,84290161,11808385,96098546,8,0,0,3072,14,6531940512
9570,84296600,31855531,116152131,6,0,1,11264,2,9241200140
9571,84297780,12726182,97023962,4,0,0,11264,9,3455645819
9572,84300951,11992644,96293595,8,0,0,4608,14,7630706092
9573,84346170,12625775,96971945,3,0,0,61440,5,3756518651
9574,84359250,11982185,96341435,6,0,0,2560,2,6417327704
9575,84366070,12283560,96649630,6,0,0,37888,2,1758278442
9576,84374930,11902808,96277738,5,0,0,12800,9,5574520048
9577,84375770,31786639,116162409,5,0,1,7680,9,7149651070
9578,84381071,12102743,96483814,8,0,0,50688,14,5772176263
9579,84383510,31787916,116171426,4,0,1,3072,9,3688748065
9580,84386069,12500466,96886535,1,0,0,25088,13,1326586672
9581,84395280,11949503,96344783,2,0,0,2560,3,691997465
9582,84419201,12032919,96452120,8,0,0,11264,14,5559252220
9583,84420770,12009166,96429936,7,0,0,21504,1,5663192905
9584,84435560,12001382,96436942,2,0,0,12800,3,6945936256
9585,84461680,11906442,96368122,9,0,0,30208,1,3113885616
9586,84471610,31711546,116183156,2,0,1,2560,3,314971305
9587,84495330,11953335,96448665,5,0,0,38400,9,3721690035
9588,84503490,31851548,116355038,2,0,1,1536,3,697235669
9589,84513490,12009083,96522573,9,0,0,32768,1,246506710
9590,84514280,12095938,96610218,9,0,0,24064,1,4559424516
9591,84523850,12623897,97147747,0,0,0,5120,19,3862665372
9592,84524350,11809804,96334154,2,0,0,1024,3,8779583918
9593,84570730,12125392,96696122,6,0,0,7168,2,9839305328
9594,84574000,12590402,97164402,9,0,0,34304,1,8811655266
9595,84577289,12932496,97509785,1,0,0,20480,13,9862888012
9596,84578430,31776631,116355061,7,0,1,8704,1,7007208734
9597,84598840,11862062,96460902,5,0,0,1024,9,7188424821
9598,84600860,11945725,96546585,5,0,0,33280,9,5698260119
9599,84606970,31898324,116505294,5,0,1,19968,9,8861770313
9600,84613650,11724233,96337883,5,0,0,5120,9,2258838025
9601,84619730,12133573,96753303,4,0,0,38400,9,9957838616
9602,84619800,31994189,116613989,7,0,1,6656,1,1895592250
9603,84624830,31989418,116614248,2,0,1,10240,3,9672856086
9604,84629640,31986874,116616514,5,0,1,3584,9,2283380323
9605,84642210,11848359,96490569,9,0,0,10752,1,4203337383
9606,84654860,12365647,97020507,0,0,0,112640,19,9361359505
9607,84666101,12999926,97666027,8,0,0,53760,14,5874669633
9608,84672800,31957979,116630779,5,0,1,12288,9,9713233522
9609,84698570,13132608,97831178,7,0,0,27136,1,5491942479
9610,84700460,31930985,116631445,9,0,1,1024,1,3765487458
9611,84701680,11936383,96638063,9,0,0,26624,1,1277770940
9612,84711450,11941228,96652678,9,0,0,2048,1,3355943200
9613,84715680,11845744,96561424,7,0,0,6144,1,8134619444
9614,84719009,31953013,116672022,1,0,1,2560,13,7215731958
9615,84728869,12175210,96904079,1,0,0,41472,13,3653212760
9616,84736100,12569068,97305168,3,0,0,41472,5,9053894757
9617,84741339,11952576,96693915,1,0,0,22528,13,191108394
9618,84776049,11998539,96774588,1,0,0,5120,13,3404895635
9619,84785630,31890578,116676208,7,0,1,6656,1,3225283069
9620,84794071,12143286,96937357,8,0,0,5120,14,5371271048
9621,84794960,12010713,96805673,9,0,0,17920,1,6960820241
9622,84796080,11945500,96741580,9,0,0,48640,1,1740726627
9623,84806510,31873884,116680394,8,0,1,6656,14,1646956087
9624,84825900,13212639,98038539,7,0,0,33792,1,3874786092
9625,84831780,12593253,97425033,5,0,0,46592,9,4306520694
9626,84839820,31842621,116682441,9,0,1,3072,1,1996629313
9627,84840330,12305834,97146164,0,0,0,116736,19,466627814
9628,84847640,11929550,96777190,7,0,0,5120,1,3685164483
9629,84848860,12340111,97188971,4,0,0,33280,9,7854490772
9630,84850850,12389096,97239946,7,0,0,8192,1,5185048873
9631,84869180,11903825,96773005,7,0,0,9728,1,8607680000
9632,84878349,31830512,116708861,1,0,1,2560,13,3534753096
9633,84891621,12509966,97401587,8,0,0,19456,14,823800830
9634,84908590,12000215,96908805,5,0,0,5120,9,6481038408
9635,84911030,12333574,97244604,7,0,0,9728,1,8972236429
9636,84933210,12664729,97597939,5,0,0,104448,9,10265100805
9637,84937351,12299811,97237162,8,0,0,12800,14,5365060983
9638,84937490,12395091,97332581,0,0,0,24576,19,2276035190
9639,84947561,11959661,96907222,8,0,0,10240,14,151596263
9640,84956120,12104269,97060389,2,0,0,11776,3,3071755174
9641,84960000,12070849,97030849,0,0,0,22528,19,10580465603
9642,84962379,31746505,116708884,1,0,1,512,13,2634319713
9643,84967360,12483459,97450819,0,0,0,39936,19,8604107793
9644,84972919,12083859,97056778,1,0,0,25600,13,7230413547
9645,84975020,12361640,97336660,9,0,0,13312,1,8553413681
9646,84982400,31728558,116710958,2,0,1,4096,3,10443395543
9647,84988880,12116830,97105710,4,0,0,8704,9,1362564279
9648,84994650,31717138,116711788,5,0,1,3584,9,3186643613
9649,84997870,31718647,116716517,2,0,1,1024,3,7257299088
9650,85006940,31728576,116735516,2,0,1,512,3,3303643504
9651,85010549,12467936,97478485,1,0,0,73728,13,4927772282
9652,85014080,12049920,97064000,5,0,0,11776,9,5550380228
9653,85017470,12421158,97438628,2,0,0,44544,3,8480076069
9654,85021720,12458504,97480224,3,0,0,5632,5,18224150
9655,85046820,12363994,97410814,2,0,0,30208,3,4589086992
9656,85074920,12158319,97233239,4,0,0,26624,9,10140290814
9657,85079039,12376951,97455990,1,0,0,16896,13,517642142
9658,85080251,12111239,97191490,8,0,0,8192,14,4207925231
9659,85081870,12410241,97492111,9,0,0,38912,1,6756407164
9660,85084641,12171963,97256604,8,0,0,3072,14,8156520309
9661,85085540,12270605,97356145,9,0,0,2048,1,2270213164
9662,85102390,31636352,116738742,2,0,1,5120,3,8569486217
9663,85116510,12387012,97503522,4,0,0,37376,9,10146491864
9664,85125439,12440320,97565759,1,0,0,35328,13,557677493
9665,85135681,12480891,97616572,8,0,0,3584,14,4343563176
9666,85141409,12474048,97615457,1,0,0,26112,13,8824837213
9667,85146030,31800903,116946933,3,0,1,4608,5,3927691789
9668,85152820,31797021,116949841,8,0,1,3072,14,10677527118
9669,85156110,12544861,97700971,3,0,0,82432,5,132035732
9670,85162230,12609194,97771424,5,0,0,54784,9,1103693090
9671,85167140,32027495,117194635,5,0,1,57856,9,10251431137
9672,85180250,12454183,97634433,4,0,0,1024,9,1339491744
9673,85185150,12369822,97554972,7,0,0,39424,1,9761316619
9674,85185850,12523412,97709262,0,0,0,27136,19,4008421291
9675,85194660,12668629,97863289,3,0,0,6656,5,5492562246
9676,85196260,12515856,97712116,7,0,0,3584,1,4945162099
9677,85212720,12421378,97634098,2,0,0,53248,3,9757122254
9678,85219349,12388129,97607478,1,0,0,31232,13,5189236153
9679,85219420,12295224,97514644,2,0,0,15872,3,4902443018
9680,85219990,12397853,97617843,3,0,0,4096,5,8566948860
9681,85224730,12833656,98058386,7,0,0,15360,1,1524012817
9682,85225600,32017232,117242832,7,0,1,9728,1,2765580535
9683,85235569,12712866,97948435,1,0,0,31744,13,3859071162
9684,85238569,12700171,97938740,1,0,0,61440,13,6947729929
9685,85256839,31989219,117246058,1,0,1,5120,13,9723529619
9686,85265459,12595779,97861238,1,0,0,76800,13,2595433741
9687,85272870,12869642,98142512,3,0,0,63488,5,5720602897
9688,85277769,12720342,97998111,1,0,0,53760,13,10655870522
9689,85294619,12870346,98164965,1,0,0,29184,13,1575999001
9690,85296371,12484904,97781275,8,0,0,32256,14,2838980229
9691,85303289,12759800,98063089,1,0,0,15360,13,9515053464
9692,85312140,12597885,97910025,3,0,0,12800,5,6110917482
9693,85314530,12931488,98246018,9,0,0,23040,1,1842227994
9694,85319390,31953004,117272394,4,0,1,13312,9,9944906170
9695,85327220,12632361,97959581,0,0,0,8704,19,535633009
9696,85329460,12399894,97729354,0,0,0,3584,19,1670581982
9697,85329740,12535600,97865340,5,0,0,6656,9,3272589532
9698,85330940,31942120,117273060,2,0,1,1024,3,10221633473
9699,85333150,12839014,98172164,2,0,0,23552,3,5195560524
9700,85338079,31942309,117280388,1,0,1,3584,13,2299350634
9701,85342520,12659693,98002213,2,0,0,13312,3,4931227551
9702,85378410,31923575,117301985,9,0,1,23040,1,6712763073
9703,85380200,31975932,117356132,6,0,1,19456,2,5341999654
9704,85384370,12727354,98111724,7,0,0,12800,1,1301153164
9705,85388760,31968345,117357105,6,0,1,12800,2,2925610594
9706,85396799,31976380,117373179,1,0,1,4608,13,7471943178
9707,85407340,12615496,98022836,5,0,0,15360,9,9770443736
9708,85410549,12540561,97951110,1,0,0,8704,13,6294308890
9709,85416190,12593634,98009824,4,0,0,20992,9,10543479514
9710,85421870,12979705,98401575,5,0,0,1536,9,4754698141
9711,85428790,31948780,117377570,4,0,1,4096,9,2995533333
9712,85445760,31931951,117377711,8,0,1,3072,14,4925198375
9713,85447270,12906994,98354264,7,0,0,41984,1,7844180057
9714,85448650,12623656,98072306,7,0,0,10240,1,2480451299
9715,85457810,31984835,117442645,7,0,1,22528,1,7836226694
9716,85459870,31982806,117442676,2,0,1,18944,3,10149857488
9717,85464689,12630847,98095536,1,0,0,12288,13,6777160296
9718,85502850,12456910,97959760,4,0,0,512,9,8124158472
9719,85508550,31961339,117469889,3,0,1,3584,5,5988304786
9720,85522410,12716565,98238975,5,0,0,37888,9,1636543939
9721,85523610,12580857,98104467,7,0,0,8192,1,4849988170
9722,85523890,12544416,98068306,9,0,0,16896,1,6539925940
9723,85549870,12733956,98283826,5,0,0,12288,9,5807781319
9724,85566850,12880019,98446869,9,0,0,23040,1,8607411546
9725,85594200,12511904,98106104,4,0,0,4096,9,9410751966
9726,85600090,31928278,117528368,9,0,1,5120,1,7658405841
9727,85611950,12838686,98450636,5,0,0,12288,9,1609145768
9728,85623090,12564202,98187292,0,0,0,4096,19,4223741378
9729,85630200,12680311,98310511,9,0,0,24576,1,3227612659
9730,85634370,12705970,98340340,4,0,0,35328,9,8575807358
9731,85648730,12627775,98276505,5,0,0,8704,9,10626983401
9732,85654570,12970488,98625058,3,0,0,21504,5,6271914167
9733,85654999,12715223,98370222,1,0,0,19968,13,4771441793
9734,85659540,12725837,98385377,9,0,0,49664,1,8053319786
9735,85677320,12647521,98324841,0,0,0,5632,19,9747629330
9736,85680840,31898924,117579764,6,0,1,14848,2,8947624354
9737,85710050,12592950,98303000,0,0,0,35328,19,4444554761
9738,85713160,12608195,98321355,7,0,0,28160,1,2184723268
9739,85714430,12649685,98364115,0,0,0,32256,19,4246761015
9740,85723300,12599794,98323094,7,0,0,5632,1,4207522499
9741,85724870,31855970,117580840,8,0,1,13312,14,421501573
9742,85731280,32050619,117781899,5,0,1,28672,9,7900921245
9743,85737640,12717855,98455495,0,0,0,15872,19,6210262759
9744,85739860,32087092,117826952,5,0,1,1536,9,10015295272
9745,85751791,12643281,98395072,8,0,0,31744,14,4379150036
9746,85785861,12742284,98528145,8,0,0,49664,14,604410217
9747,85801650,32025325,117826975,5,0,1,2048,9,9311050702
9748,85811299,12782673,98593972,1,0,0,26624,13,3917441046
9749,85830330,12567604,98397934,9,0,0,7680,1,1543475494
9750,85839361,12701684,98541045,8,0,0,12288,14,9871537509
9751,85854780,12550114,98404894,2,0,0,4096,3,625868478
9752,85860790,12714857,98575647,3,0,0,17920,5,2824472238
9753,85866660,12769075,98635735,9,0,0,5632,1,4980978572
9754,85871590,12523981,98395571,7,0,0,1536,1,7174987866
9755,85878610,12601880,98480490,2,0,0,26624,3,3755765796
9756,85891180,12689159,98580339,3,0,0,3072,5,2761480368
9757,85900870,12559664,98460534,3,0,0,12800,5,5210717953
9758,85901990,12744199,98646189,9,0,0,19968,1,2351319094
9759,85921940,12710161,98632101,0,0,0,23040,19,7528756985
9760,85923149,12777370,98700519,1,0,0,24064,13,2028266443
9761,85933240,12900409,98833649,3,0,0,49152,5,4661182717
9762,85943301,12776608,98719909,8,0,0,63488,14,7388077140
9763,85946860,12912138,98858998,7,0,0,40960,1,1306846587
9764,85958610,31868388,117826998,4,0,1,2048,9,6264562692
9765,85960429,12571880,98532309,1,0,0,9728,13,9607872451
9766,85966560,12569829,98536389,4,0,0,2048,9,6150296464
9767,85998250,12724419,98722669,4,0,0,4608,9,2767242943
9768,86003420,12735349,98738769,4,0,0,29184,9,2536689696
9769,86006000,12487096,98493096,4,0,0,1536,9,4024949368
9770,86017060,31809969,117827029,7,0,1,20992,1,6001241071
9771,86030400,12769975,98800375,9,0,0,10752,1,3756854439
9772,86032530,32159079,118191609,9,0,1,20992,1,2642945307
9773,86043770,12590226,98633996,3,0,0,6144,5,1690169530
9774,86058260,32137743,118196003,5,0,1,1024,9,7596134910
9775,86065761,12768223,98833984,8,0,0,1024,14,2483860002
9776,86075439,12645787,98721226,1,0,0,4096,13,1460694214
9777,86100150,12647194,98747344,0,0,0,18432,19,2549481630
9778,86126069,32071493,118197562,1,0,1,16896,13,9558976308
9779,86138860,12913787,99052647,0,0,0,6144,19,3297578110
9780,86147790,12815349,98963139,0,0,0,10752,19,4632826130
9781,86166830,12630246,98797076,6,0,0,18432,2,3596887007
9782,86178600,12886011,99064611,7,0,0,7168,1,4562061243
9783,86185519,12873570,99059089,1,0,0,3584,13,2118152252
9784,86188170,12821519,99009689,3,0,0,19968,5,7578831464
9785,86190460,12693653,98884113,7,0,0,5632,1,1303352250
9786,86196900,12552982,98749882,5,0,0,5632,9,177286749
9787,86208460,12693572,98902032,3,0,0,24576,5,506406095
9788,86217090,12665284,98882374,2,0,0,33280,3,5977625132
9789,86233661,12696353,98930014,8,0,0,38400,14,9627929839
9790,86236520,12859367,99095887,3,0,0,25088,5,6490753614
9791,86254780,12965977,99220757,5,0,0,18432,9,6695214611
9792,86255500,12802474,99057974,7,0,0,17408,1,2741326618
9793,86275940,32060884,118336824,8,0,1,33792,14,6868680138
9794,86281570,12843558,99125128,7,0,0,82432,1,2506048816
9795,86286270,12549788,98836058,2,0,0,6656,3,7444395536
9796,86301200,12747010,99048210,3,0,0,39424,5,6315186845
9797,86303250,12515400,98818650,9,0,0,4096,1,5186183359
9798,86310960,32044704,118355664,6,0,1,18432,2,2312203800
9799,86320219,12639621,98959840,1,0,0,17920,13,3628142509
9800,86327180,32134072,118461252,8,0,1,3584,14,2552792972
9801,86329471,12640307,98969778,8,0,0,18944,14,7898328253
9802,86331321,12802768,99134089,8,0,0,12800,14,1831419819
9803,86343480,12639566,98983046,9,0,0,4096,1,10400936009
9804,86353600,32469907,118823507,6,0,1,23040,2,7666707413
9805,86368580,12878021,99246601,9,0,0,51200,1,7376043328
9806,86372450,12727516,99099966,0,0,0,13312,19,3544617255
9807,86384900,12502668,98887568,4,0,0,11264,9,2914072290
9808,86389320,12623044,99012364,0,0,0,8704,19,6570565717
9809,86392140,32432135,118824275,6,0,1,11776,2,4510325858
9810,86398429,32454475,118852904,1,0,1,7680,13,395579788
9811,86399610,12650027,99049637,2,0,0,4608,3,4202481763
9812,86405890,32534254,118940144,2,0,1,12288,3,3365291751
9813,86406670,32575055,118981725,6,0,1,7680,2,9786838101
9814,86415881,12962041,99377922,8,0,0,41472,14,6224516474
9815,86423780,32570026,118993806,6,0,1,11776,2,3334025598
9816,86448750,32622073,119070823,2,0,1,15872,3,1323629357
9817,86453350,12701273,99154623,2,0,0,15872,3,2331412629
9818,86487790,12923179,99410969,0,0,0,35328,19,8752869221
9819,86513040,12751957,99264997,2,0,0,10752,3,1230602156
9820,86516819,12613324,99130143,1,0,0,16384,13,5723185379
9821,86525280,12688585,99213865,0,0,0,79872,19,2217808306
9822,86528290,32542597,119070887,6,0,1,12288,2,1929107688
9823,86531560,32631627,119163187,7,0,1,3584,1,9488798925
9824,86539640,12967037,99506677,0,0,0,10240,19,8370339492
9825,86540490,32638275,119178765,8,0,1,512,14,7567119016
9826,86544959,12632118,99177077,1,0,0,6144,13,423626271
9827,86547660,12514728,99062388,5,0,0,10752,9,4198204269
9828,86562879,12586885,99149764,1,0,0,2048,13,3227682671
9829,86566070,12738453,99304523,0,0,0,55296,19,3262583518
9830,86571449,12771410,99342859,1,0,0,7680,13,1670490058
9831,86588490,12776773,99365263,2,0,0,4608,3,9313914334
9832,86589180,12774656,99363836,2,0,0,45056,3,2520452153
9833,86597130,12453622,99050752,4,0,0,3584,9,6570296564
9834,86597940,32580848,119178788,5,0,1,2048,9,10129275766
9835,86601680,13061261,99662941,0,0,0,6656,19,838366881
9836,86610990,13202883,99813873,7,0,0,52736,1,7187196328
9837,86612600,12862121,99474721,9,0,0,22528,1,5835793119
9838,86615090,12783938,99399028,0,0,0,62976,19,6678478902
9839,86616640,12783511,99400151,4,0,0,3584,9,7134904854
9840,86625969,12631794,99257763,1,0,0,1024,13,9654573822
9841,86626880,32566483,119193363,3,0,1,13824,5,5053738825
9842,86636080,32557629,119193709,6,0,1,512,2,3770290452
9843,86637970,12971407,99609377,0,0,0,3584,19,879556
9844,86644450,12893043,99537493,5,0,0,77312,9,7382131812
9845,86646870,32613110,119259980,9,0,1,10240,1,5341996469
9846,86653130,12765470,99418600,9,0,0,512,1,9433617799
9847,86669239,13111493,99780732,1,0,0,87552,13,5209175380
9848,86672089,12917850,99589939,1,0,0,5120,13,8111122588
9849,86674610,13230918,99905528,2,0,0,31232,3,7170301772
9850,86700070,12646020,99346090,5,0,0,5632,9,2755820927
9851,86711080,13110754,99821834,4,0,0,4096,9,7242978491
9852,86749271,12630546,99379817,8,0,0,6144,14,6728531908
9853,86755090,12800052,99555142,7,0,0,47104,1,10091998543
9854,86765300,12830846,99596146,9,0,0,2560,1,3121455840
9855,86766180,12885599,99651779,5,0,0,30720,9,3892508888
9856,86771930,12643016,99414946,2,0,0,12800,3,5348725842
9857,86795599,13001848,99797447,1,0,0,54784,13,1115422789
9858,86805781,12914835,99720616,8,0,0,24064,14,8292518158
9859,86810960,12831101,99642061,4,0,0,8704,9,7883281312
9860,86815810,32447076,119262886,5,0,1,4608,9,3570798252
9861,86816580,32473978,119290558,5,0,1,7680,9,447662246
9862,86817089,13078900,99895989,1,0,0,81408,13,6838795165
9863,86820360,13046842,99867202,5,0,0,1536,9,336398476
9864,86856870,12683881,99540751,4,0,0,10240,9,901558297
9865,86857490,13378458,100235948,3,0,0,89088,5,2895420668
9866,86858780,12736563,99595343,7,0,0,15872,1,3351810668
9867,86869760,13086792,99956552,7,0,0,19456,1,1885658227
9868,86885660,32453069,119338729,9,0,1,6656,1,3838826903
9869,86886980,12932445,99819425,3,0,0,16896,5,494419122
9870,86896700,32550927,119447627,2,0,1,24064,3,4466476446
9871,86904191,12849006,99753197,8,0,0,4096,14,968647552
9872,86911020,32542148,119453168,7,0,1,16896,1,291181587
9873,86912370,32559897,119472267,7,0,1,1536,1,4681348050
9874,86929341,12637135,99566476,8,0,0,5120,14,2811398595
9875,86966180,12984421,99950601,9,0,0,99328,1,6639049940
9876,86970261,13058674,100028935,8,0,0,20992,14,7892033247
9877,86981440,12885271,99866711,7,0,0,62976,1,1015634698
9878,86989060,13132118,100121178,5,0,0,46592,9,7306387181
9879,86991380,32481553,119472933,8,0,1,1024,14,978898743
9880,86996191,12662342,99658533,8,0,0,22016,14,6636059889
9881,87009190,13044039,100053229,3,0,0,73216,5,7467700357
9882,87009970,12804082,99814052,7,0,0,512,1,4420676166
9883,87018840,12964489,99983329,3,0,0,64000,5,8416945409
9884,87019160,12778622,99797782,5,0,0,1024,9,3159660146
9885,87021810,12973686,99995496,4,0,0,26112,9,6139667489
9886,87031180,32498076,119529256,2,0,1,7168,3,7296116983
9887,87032940,13332220,100365160,3,0,0,55296,5,3988243975
9888,87046800,12961207,100008007,4,0,0,12800,9,5019043058
9889,87054670,12759561,99814231,7,0,0,512,1,5712400818
9890,87061390,32468852,119530242,6,0,1,1536,2,9655204328
9891,87080651,12830994,99911645,8,0,0,2048,14,5078866027
9892,87094380,13143151,100237531,7,0,0,5120,1,10280037672
9893,87100610,12719953,99820563,4,0,0,3584,9,4230779147
9894,87103900,13003059,100106959,7,0,0,512,1,1624037142
9895,87129560,13314994,100444554,9,0,0,44544,1,3935353239
9896,87138330,13056473,100194803,7,0,0,17920,1,2542506026
9897,87140871,13330918,100471789,8,0,0,68096,14,2154900156
9898,87149580,32381008,119530588,9,0,1,512,1,5417788839
9899,87150970,13038350,100189320,9,0,0,27648,1,7365605009
9900,87153240,13342798,100496038,4,0,0,23040,9,550017396
9901,87159580,13436898,100596478,7,0,0,11776,1,4439504678
9902,87174681,13673207,100847888,8,0,0,26112,14,140227923
9903,87186561,13406306,100592867,8,0,0,17408,14,8650006767
9904,87201720,13190162,100391882,9,0,0,82944,1,8702714270
9905,87202901,13213036,100415937,8,0,0,78848,14,8103973145
9906,87211250,13577364,100788614,5,0,0,69632,9,6986421274
9907,87214220,12693983,99908203,5,0,0,8704,9,7383757459
9908,87241540,32291634,119533174,7,0,1,4096,1,2579466617
9909,87242690,32291150,119533840,9,0,1,1024,1,399351340
9910,87252960,12804901,100057861,3,0,0,12800,5,1318439601
9911,87276070,12824915,100100985,3,0,0,86528,5,2283360082
9912,87279580,13578159,100857739,9,0,0,32256,1,5412075089
9913,87283530,32253536,119537066,6,0,1,5120,2,7454517194
9914,87288420,13523561,100811981,7,0,0,18944,1,8686645526
9915,87301730,13123434,100425164,4,0,0,30208,9,8717224836
9916,87340741,13184741,100525482,8,0,0,29184,14,7627977400
9917,87343910,12762870,100106780,9,0,0,18944,1,1289352800
9918,87346540,13280134,100626674,3,0,0,19456,5,5535241682
9919,87347970,32255437,119603407,6,0,1,2560,2,6432516405
9920,87349230,13188443,100537673,9,0,0,39936,1,7968454483
9921,87365379,13109553,100474932,1,0,0,10240,13,4377178391
9922,87376890,12945350,100322240,2,0,0,49664,3,3542754132
9923,87377010,13329735,100706745,0,0,0,66560,19,1222492865
9924,87396580,12798870,100195450,9,0,0,2048,1,7246314751
9925,87438850,12898925,100337775,2,0,0,18432,3,7915617727
9926,87442420,13217737,100660157,7,0,0,3072,1,193042377
9927,87447760,13353403,100801163,3,0,0,34304,5,4349269428
9928,87460110,13444654,100904764,9,0,0,110080,1,6490571338
9929,87475660,13182891,100658551,2,0,0,42496,3,6437964952
9930,87475689,12955270,100430959,1,0,0,18944,13,8380402720
9931,87481871,12884716,100366587,8,0,0,4608,14,5095842809
9932,87487129,13029430,100516559,1,0,0,67072,13,7453735174
9933,87487460,13001535,100488995,2,0,0,46080,3,1178862428
9934,87497230,13426377,100923607,9,0,0,18944,1,2966288990
9935,87498520,12742129,100240649,4,0,0,7168,9,1768595521
9936,87505240,32113657,119618897,6,0,1,1536,2,7821848573
9937,87511489,13243096,100754585,1,0,0,43008,13,4913410368
9938,87519979,13286199,100806178,1,0,0,16384,13,4676849867
9939,87528870,32223994,119752864,4,0,1,13312,9,2701119603
9940,87536000,13171080,100707080,7,0,0,1024,1,5172330924
9941,87550050,13519511,101069561,7,0,0,81408,1,78008454
9942,87553510,13105688,100659198,2,0,0,2048,3,7555948088
9943,87562660,13267999,100830659,9,0,0,44544,1,1815499610
9944,87563970,13307231,100871201,0,0,0,20992,19,9770778311
9945,87564730,13564093,101128823,2,0,0,31232,3,6167931877
9946,87573311,13344424,100917735,8,0,0,42496,14,7571103885
9947,87577820,13457207,101035027,7,0,0,38912,1,2112272872
9948,87580040,13353160,100933200,3,0,0,27648,5,7426362905
9949,87581340,32248154,119829494,4,0,1,15360,9,9211339298
9950,87583020,13094200,100677220,0,0,0,22016,19,7884016925
9951,87595050,32343458,119938508,5,0,1,12288,9,6643684442
9952,87627460,32395383,120022843,3,0,1,8192,5,8666874867
9953,87630370,32393139,120023509,5,0,1,1024,9,8428132788
9954,87631241,13488043,101119284,8,0,0,33792,14,6846528632
9955,87636440,13288305,100924745,0,0,0,3584,19,5146883490
9956,87638949,13612850,101251799,1,0,0,53760,13,302780285
9957,87648220,12996076,100644296,3,0,0,25600,5,5479742575
9958,87658630,13131255,100789885,7,0,0,4096,1,8005709576
9959,87676989,32410434,120087423,1,0,1,10240,13,726661369
9960,87679570,13416846,101096416,0,0,0,88064,19,507396028
9961,87691700,13606479,101298179,5,0,0,6656,9,4670730126
9962,87693890,12903235,100597125,9,0,0,2048,1,7424211899
9963,87695590,32448942,120144532,8,0,1,14336,14,428811818
9964,87696420,32448135,120144555,3,0,1,512,5,1861979991
9965,87706710,13564300,101271010,2,0,0,62976,3,673694366
9966,87707901,13082787,100790688,8,0,0,2560,14,1439831900
9967,87717080,32472693,120189773,3,0,1,17920,5,2177413758
9968,87728000,13136782,100864782,5,0,0,23040,9,1766556315
9969,87763360,13732380,101495740,3,0,0,59904,5,7775926380
9970,87764970,13796956,101561926,2,0,0,49152,3,3993987716
9971,87767510,13236868,101004378,2,0,0,5120,3,5939795200
9972,87770710,13890366,101661076,0,0,0,25600,19,9795464532
9973,87784040,32406079,120190119,9,0,1,512,1,4269431299
9974,87785580,13184246,100969826,4,0,0,47104,9,3628060936
9975,87798530,13302589,101101119,3,0,0,15360,5,399054620
9976,87807970,13006226,100814196,9,0,0,7168,1,977356251
9977,87836280,13166515,101002795,2,0,0,44032,3,8059982838
9978,87843030,13588842,101431872,2,0,0,6144,3,4001296814
9979,87847159,12864888,100712047,1,0,0,4096,13,2626145708
9980,87850850,13254504,101105354,5,0,0,13824,9,8125228631
9981,87858890,13916336,101775226,9,0,0,56320,1,7226291332
9982,87875980,32322160,120198140,8,0,1,7168,14,9784326714
9983,87883200,13554729,101437929,7,0,0,17408,1,1466782409
9984,87885370,13321596,101206966,4,0,0,29184,9,7825861923
9985,87891291,13303548,101194839,8,0,0,14336,14,7307546685
9986,87908650,32304577,120213227,4,0,1,7680,9,5018733748
9987,87914690,32298883,120213573,4,0,1,512,9,6170967801
9988,87920840,13610987,101531827,7,0,0,44544,1,4866947170
9989,87921681,13822110,101743791,8,0,0,4608,14,61937123
9990,87924339,13206730,101131069,1,0,0,4608,13,3868537109
9991,87934430,13353599,101288029,3,0,0,1536,5,726873468
9992,87936330,32402453,120338783,3,0,1,25088,5,2121703866
9993,87938590,32400539,120339129,9,0,1,512,1,1228960535
9994,87940659,14086234,102026893,1,0,0,75776,13,8357677969
9995,87948070,13267150,101215220,3,0,0,4096,5,8748307029
9996,87963840,13577526,101541366,4,0,0,31232,9,474353604
9997,87977690,32362105,120339795,9,0,1,1024,1,9982670540
9998,87993190,13308607,101301797,9,0,0,3072,1,8522563902
9999,87995950,13547631,101543581,0,0,0,7168,19,8263096560
10000,87999110,13461677,101460787,0,0,0,68096,19,5337597865
10001,88009290,13504533,101513823,4,0,0,13312,9,1874242272
10002,88013680,13331712,101345392,4,0,0,33792,9,3109634266
10003,88025350,14149362,102174712,3,0,0,32256,5,4824104318
10004,88033000,13824341,101857341,7,0,0,38400,1,4693623762
10005,88038850,32303531,120342381,8,0,1,4096,14,3397846976
10006,88039480,13069485,101108965,2,0,0,11776,3,7651051487
10007,88042981,13310719,101353700,8,0,0,7680,14,4774787418
10008,88044030,13627521,101671551,2,0,0,34304,3,3465339625
10009,88046200,32321858,120368058,8,0,1,512,14,5685292080
10010,88052351,13594988,101647339,8,0,0,37888,14,9851585477
10011,88053610,13078129,101131739,0,0,0,2048,19,1549249414
10012,88073370,13148392,101221762,2,0,0,7168,3,4944870693
10013,88088120,32381846,120469966,6,0,1,31232,2,4426005915
10014,88089890,13874144,101964034,9,0,0,59392,1,6632799351
10015,88108550,13178988,101287538,0,0,0,23552,19,348305232
10016,88109460,32362452,120471912,7,0,1,3072,1,3317930206
10017,88112150,13017492,101129642,2,0,0,2560,3,4640351371
10018,88114450,13492875,101607325,3,0,0,54272,5,5830454380
10019,88121399,32354699,120476098,1,0,1,6656,13,3496664876
10020,88139760,13913620,102053380,7,0,0,38400,1,212283893
10021,88144421,13226369,101370790,8,0,0,5120,14,6501331991
10022,88145300,32352007,120497307,5,0,1,4096,9,8724237974
10023,88148820,13320795,101469615,4,0,0,17920,9,279744120
10024,88158130,32339200,120497330,6,0,1,2560,2,4669638042
10025,88158640,13242100,101400740,9,0,0,15872,1,5792577621
10026,88162930,32350202,120513132,6,0,1,2048,2,1929426108
10027,88168221,13705055,101873276,8,0,0,52224,14,6199151351
10028,88185490,13604157,101789647,7,0,0,36352,1,1211894775
10029,88186490,13204577,101391067,4,0,0,5632,9,6438436804
10030,88191440,13480758,101672198,3,0,0,2048,5,10226241435
10031,88192271,14045854,102238125,8,0,0,3584,14,4015843765
10032,88192780,13380017,101572797,3,0,0,4096,5,7378395634
10033,88192900,32320263,120513163,8,0,1,7680,14,8858247389
10034,88217170,13290316,101507486,0,0,0,28672,19,8176829491
10035,88219820,32596316,120816136,4,0,1,28672,9,1049458767
10036,88220920,13243166,101464086,7,0,0,10752,1,8710992668
10037,88241590,13935352,102176942,0,0,0,7168,19,8925090260
10038,88248050,32568109,120816159,4,0,1,5120,9,7520454801
10039,88279930,13101379,101381309,5,0,0,6144,9,1315155089
10040,88281760,13689363,101971123,0,0,0,16384,19,3316456060
10041,88301449,13449619,101751068,1,0,0,16384,13,2800583452
10042,88306070,13258531,101564601,3,0,0,8704,5,3605588740
10043,88309910,13389208,101699118,7,0,0,3584,1,5244750917
10044,88313540,13185187,101498727,3,0,0,9728,5,10128066413
10045,88320331,13666093,101986424,8,0,0,10240,14,280003863
10046,88326750,13470618,101797368,9,0,0,15872,1,9587674780
10047,88329890,13462611,101792501,4,0,0,9216,9,8895030714
10048,88339030,32523904,120862934,3,0,1,3072,5,5589348250
10049,88347019,13548143,101895162,1,0,0,16384,13,6246849864
10050,88363170,13564579,101927749,0,0,0,35840,19,7659402786
10051,88369079,13409446,101778525,1,0,0,10752,13,7365258746
10052,88378640,13833857,102212497,2,0,0,16384,3,10067333443
10053,88384960,32477997,120862957,9,0,1,6656,1,5389247592
10054,88389100,13556815,101945915,5,0,0,43008,9,3228252414
10055,88391580,13498567,101890147,0,0,0,55296,19,6809560863
10056,88392470,32470510,120862980,8,0,1,9216,14,706764448
10057,88394940,13253670,101648610,4,0,0,4096,9,1983950098
10058,88428870,32530969,120959839,8,0,1,7168,14,3646557271
10059,88429780,13472737,101902517,0,0,0,24064,19,6354140120
10060,88448470,32528033,120976503,4,0,1,5120,9,3237005651
10061,88450710,13348278,101798988,2,0,0,2560,3,8228930135
10062,88450760,32640300,121091060,7,0,1,7680,1,949747766
10063,88489300,13868244,102357544,2,0,0,32768,3,1815664067
10064,88490990,13620887,102111877,5,0,0,26624,9,9810199883
10065,88496180,13468033,101964213,2,0,0,512,3,8023907699
10066,88496310,13420473,101916783,5,0,0,30720,9,5252157692
10067,88496580,13410804,101907384,2,0,0,15872,3,3675922329
10068,88535060,13568682,102103742,7,0,0,126976,1,7254876033
10069,88537850,13699160,102237010,0,0,0,512,19,106628173
10070,88543271,13600869,102144140,8,0,0,21504,14,9703864608
10071,88546310,13078200,101624510,9,0,0,20992,1,2101159798
10072,88549240,13146069,101695309,9,0,0,7680,1,4340954302
10073,88559360,13569644,102129004,0,0,0,4608,19,8262936127
10074,88587750,13238029,101825779,3,0,0,6656,5,1656598683
10075,88589960,13376148,101966108,0,0,0,6144,19,2984909726
10076,88595660,13716677,102312337,7,0,0,14336,1,9167602537
10077,88604330,13632501,102236831,5,0,0,13824,9,6405212139
10078,88629090,32537003,121166093,6,0,1,17920,2,2577949246
10079,88637661,13705930,102343591,8,0,0,16384,14,10210952335
10080,88643450,13746447,102389897,9,0,0,19968,1,9727799797
10081,88648100,13469283,102117383,2,0,0,15360,3,2946317216
10082,88657629,33226809,121884438,1,0,1,11776,13,4697033329
10083,88671030,33225959,121896989,6,0,1,11776,2,5152805810
10084,88672090,13448600,102120690,9,0,0,10752,1,252103522
10085,88676120,33220892,121897012,9,0,1,10240,1,5072838391
10086,88702390,13775457,102477847,2,0,0,77312,3,1971848219
10087,88707490,13525098,102232588,7,0,0,36352,1,5820744130
10088,88713260,13328397,102041657,7,0,0,13312,1,2115961865
10089,88713820,13479480,102193300,4,0,0,32768,9,7335506793
10090,88718070,13309314,102027384,5,0,0,1536,9,4084112938
10091,88734120,33313151,122047271,5,0,1,10752,9,8628547451
10092,88737310,13601258,102338568,4,0,0,86016,9,1211571465
10093,88761070,13269145,102030215,0,0,0,9216,19,1499404501
10094,88769080,13805616,102574696,3,0,0,13824,5,10478760272
10095,88789609,33257685,122047294,1,0,1,1024,13,3941351576
10096,88809030,13318547,102127577,2,0,0,22528,3,4480379062
10097,88810380,13566003,102376383,4,0,0,9216,9,6285260033
10098,88811540,13955120,102766660,0,0,0,161792,19,8982388513
10099,88824160,13724962,102549122,3,0,0,51712,5,2743115724
10100,88833360,14259728,103093088,5,0,0,46592,9,8070586162
10101,88835560,13466709,102302269,6,0,0,16384,2,2932163387
10102,88837870,13560313,102398183,3,0,0,17408,5,6828077750
10103,88838260,13274420,102112680,6,0,0,2560,2,7027171422
10104,88841190,33742067,122583257,0,0,1,71168,19,7388119555
10105,88848600,13372881,102221481,4,0,0,19456,9,4984369008
10106,88851200,13653338,102504538,9,0,0,19968,1,5530150671
10107,88858750,14102593,102961343,5,0,0,55808,9,8993695446
10108,88870800,13692697,102563497,3,0,0,47104,5,8727974405
10109,88876561,13652194,102528755,8,0,0,19456,14,2976046191
10110,88876580,33708623,122585203,3,0,1,3072,5,6677007469
10111,88878100,33707449,122585549,3,0,1,512,5,2281323329
10112,88888360,33700382,122588742,4,0,1,2560,9,111812973
10113,88894030,13384620,102278650,3,0,0,14336,5,9569364131
10114,88894920,13452617,102347537,9,0,0,1024,1,106734187
10115,88895660,13819125,102714785,3,0,0,12800,5,1355477492
10116,88907790,13971581,102879371,5,0,0,49664,9,936519702
10117,88913780,13584651,102498431,0,0,0,32256,19,4602068913
10118,88914271,13301213,102215484,8,0,0,9728,14,3306148727
10119,88935681,13464865,102400546,8,0,0,7680,14,4473654525
10120,88944760,13402442,102347202,2,0,0,11776,3,10228934722
10121,88960730,13815344,102776074,3,0,0,2560,5,2360355369
10122,88964960,13892109,102857069,3,0,0,7680,5,4845366251
10123,88965800,33624248,122590048,6,0,1,2048,2,2615359111
10124,88971380,13513523,102484903,9,0,0,9728,1,9065416010
10125,88981870,13679387,102661257,3,0,0,15360,5,5126748929
10126,88989820,14210264,103200084,2,0,0,6656,3,4373994785
10127,88997390,13434717,102432107,7,0,0,12800,1,1324308649
10128,88999100,14043318,103042418,0,0,0,48128,19,9527658996
10129,89021290,13753981,102775271,7,0,0,28160,1,9158841221
10130,89021361,13494923,102516284,8,0,0,2560,14,6582927663
10131,89023600,33569354,122592954,7,0,1,4608,1,7599704256
10132,89073470,13405492,102478962,0,0,0,3584,19,10360198438
10133,89074420,13899067,102973487,7,0,0,30720,1,3255914173
10134,89091790,33510903,122602693,2,0,1,3072,3,4554284615
10135,89093390,33701740,122795130,9,0,1,23040,1,4481392919
10136,89096010,13883740,102979750,0,0,0,20480,19,1647725640
10137,89111399,13262130,102373529,1,0,0,1536,13,7982821366
10138,89119829,33726040,122845869,1,0,1,16384,13,7487561965
10139,89129030,14068957,103197987,7,0,0,45056,1,5660161988
10140,89132071,13523027,102655098,8,0,0,4096,14,5209766329
10141,89143600,14171234,103314834,4,0,0,41984,9,1926835921
10142,89150230,14183009,103333239,6,0,0,18944,2,2372481777
10143,89155130,33723153,122878283,6,0,1,12800,2,8810491444
10144,89179210,13386182,102565392,0,0,0,6144,19,2989290945
10145,89183150,13450726,102633876,4,0,0,17920,9,10051098814
10146,89186560,33842648,123029208,4,0,1,9728,9,1440064152
10147,89186911,13835020,103021931,8,0,0,6144,14,7368746843
10148,89189470,33887157,123076627,4,0,1,1536,9,306758630
10149,89194350,13979520,103173870,9,0,0,90624,1,9026441128
10150,89210190,13446364,102656554,3,0,0,4096,5,6130544701
10151,89215630,33993315,123208945,4,0,1,53248,9,1403844120
10152,89216020,13696417,102912437,0,0,0,24064,19,7652781530
10153,89223950,13291531,102515481,7,0,0,35840,1,5172599916
10154,89228669,34029516,123258185,1,0,1,1024,13,5968554293
10155,89238980,13768400,103007380,2,0,0,29696,3,7876534265
10156,89240940,34017268,123258208,7,0,1,1024,1,4933833226
10157,89247680,13641409,102889089,3,0,0,30208,5,7684278327
10158,89261800,14123412,103385212,2,0,0,1536,3,5257207082
10159,89261880,34081586,123343466,7,0,1,6656,1,7340446317
10160,89265270,13370969,102636239,9,0,0,7680,1,6700727591
10161,89273170,13943908,103217078,6,0,0,5632,2,3763620116
10162,89274520,13958732,103233252,2,0,0,12288,3,3338431029
10163,89275620,13907969,103183589,2,0,0,31744,3,1425886459
10164,89288380,13841378,103129758,7,0,0,76800,1,5604886895
10165,89290190,13970476,103260666,2,0,0,5120,3,7054990604
10166,89295650,13702659,102998309,2,0,0,20480,3,7177302093
10167,89330860,13334534,102665394,4,0,0,7168,9,2058756208
10168,89339640,13560373,102900013,5,0,0,21504,9,4720172916
10169,89342880,13374461,102717341,9,0,0,1024,1,9400928538
10170,89352130,33991359,123343489,4,0,1,23552,9,822718381
10171,89357180,33993718,123350898,3,0,1,3584,5,9139798478
10172,89363750,33988875,123352625,9,0,1,23552,1,4011176507
10173,89372120,34023196,123395316,1,0,1,3072,13,1853979341
10174,89375971,13301780,102677751,8,0,0,6656,14,793740840
10175,89378920,13324637,102703557,2,0,0,14848,3,4152971171
10176,89383420,14234600,103618020,2,0,0,15360,3,3709084703
10177,89415020,13529296,102944316,7,0,0,30208,1,6639441840
10178,89418850,14063366,103482216,3,0,0,25600,5,479201560
10179,89419010,14212942,103631952,0,0,0,5632,19,3324288544
10180,89422940,33972703,123395643,3,0,1,3072,5,9206286243
10181,89425740,13720426,103146166,4,0,0,24064,9,7702988915
10182,89435720,13242366,102678086,2,0,0,1024,3,4243414942
10183,89449330,13935391,103384721,9,0,0,31744,1,842714197
10184,89462940,13590695,103053635,4,0,0,29184,9,802616689
10185,89467130,13547316,103014446,6,0,0,10752,2,2648021605
10186,89478940,33920249,123399189,9,0,1,5632,1,292873221
10187,89480690,14290570,103771260,6,0,0,22016,2,10554528800
10188,89508910,33893185,123402095,6,0,1,4608,2,293824077
10189,89512980,13498167,103011147,6,0,0,12288,2,6973082289
10190,89528120,33876561,123404681,3,0,1,4096,5,5182433482
10191,89538780,13240289,102779069,9,0,0,9728,1,5968773151
10192,89545790,33874024,123419814,3,0,1,9728,5,7711508116
10193,89551110,13429287,102980397,3,0,0,2048,5,10511978926
10194,89572720,13244559,102817279,2,0,0,8192,3,7756499305
10195,89586420,13332917,102919337,3,0,0,21504,5,10099799510
10196,89599240,13381804,102981044,9,0,0,2048,1,4121771937
10197,89601720,14496954,104098674,9,0,0,23040,1,1514478389
10198,89603360,13963509,103566869,4,0,0,12288,9,5202156081
10199,89613570,14256611,103870181,7,0,0,39936,1,1099256096
10200,89638180,13781343,103419523,7,0,0,23552,1,5779040796
10201,89649800,33792437,123442237,9,0,1,12800,1,7668863109
10202,89653510,33789393,123442903,8,0,1,1024,14,8648304669
10203,89670510,13209352,102879862,4,0,0,1536,9,5149641942
10204,89676771,13789988,103466759,8,0,0,27648,14,8324523350
10205,89694960,33751169,123446129,2,0,1,5120,3,4195358757
10206,89695210,13519006,103214216,2,0,0,15872,3,3538275317
10207,89695710,33853140,123548850,4,0,1,15360,9,3406321477
10208,89702161,14007941,103710102,8,0,0,24064,14,2538850859
10209,89704750,33844123,123548873,9,0,1,3072,1,3184509293
10210,89708490,33853111,123561601,5,0,1,3072,9,1529786978
10211,89716200,33845424,123561624,6,0,1,2560,2,5950720177
10212,89717690,14516916,104234606,9,0,0,8704,1,8832601869
10213,89734901,13676932,103411833,8,0,0,33792,14,2931349241
10214,89736710,13751301,103488011,3,0,0,18944,5,4262620682
10215,89741080,13390729,103131809,4,0,0,6656,9,3795900894
10216,89756690,14538394,104295084,2,0,0,20480,3,2869630998
10217,89758429,33816683,123575112,1,0,1,7680,13,10333212113
10218,89761610,14091833,103853443,0,0,0,39936,19,9832842221
10219,89779490,13359206,103138696,7,0,0,22528,1,2111500639
10220,89786840,33789898,123576738,5,0,1,2560,9,814866828
10221,89793690,33784034,123577724,4,0,1,1536,9,1104343282
10222,89797390,13863299,103660689,3,0,0,35840,5,7136345810
10223,89803679,33778871,123582550,1,0,1,7680,13,4260840550
10224,89804880,13412385,103217265,9,0,0,512,1,9483621957
10225,89806220,13403137,103209357,2,0,0,30208,3,3266196629
10226,89807500,33847739,123655239,6,0,1,7168,2,697478966
10227,89808140,13741952,103550092,2,0,0,10240,3,4629037034
10228,89812020,13900601,103712621,0,0,0,8192,19,5501911028
10229,89817380,33856653,123674033,4,0,1,512,9,7377996273
10230,89828140,14046900,103875040,4,0,0,15872,9,4962608681
10231,89839770,13486459,103326229,2,0,0,12288,3,1075324566
10232,89842270,13236599,103078869,5,0,0,14848,9,5368893089
10233,89844880,13396574,103241454,0,0,0,2560,19,3201619475
10234,89849860,33824839,123674699,4,0,1,11264,9,7201945102
10235,89860390,13708530,103568920,2,0,0,6656,3,4136269661
10236,89867270,14559976,104427246,7,0,0,59904,1,6056174076
10237,89869060,33840180,123709240,5,0,1,18944,9,1032582450
10238,89872190,33922418,123794608,5,0,1,6656,9,2715321602
10239,89879140,33915814,123794954,8,0,1,512,14,967646168
10240,89889440,14054638,103944078,2,0,0,18432,3,8166632723
10241,89899560,13603913,103503473,3,0,0,20992,5,3901926227
10242,89921530,13478413,103399943,3,0,0,9728,5,1236110983
10243,89926510,14282312,104208822,5,0,0,68608,9,7861519087
10244,89928640,13492934,103421574,7,0,0,6656,1,1112632727
10245,89941390,33953635,123895025,3,0,1,12288,5,9997444741
10246,89962051,13222185,103184236,8,0,0,2048,14,10442357458
10247,89965560,13249779,103215339,7,0,0,3584,1,2472542383
10248,89971540,13675531,103647071,9,0,0,42496,1,8259161630
10249,89972730,13481043,103453773,9,0,0,8192,1,9752689609
10250,89987550,13848774,103836324,4,0,0,11776,9,9040949741
10251,90017120,13529829,103546949,3,0,0,37376,5,2269060735
10252,90019360,33937146,123956506,8,0,1,2048,14,9550400630
10253,90026240,33932852,123959092,4,0,1,4096,9,9574447099
10254,90043580,33990594,124034174,9,0,1,2048,1,3022049184
10255,90048060,13171383,103219443,2,0,0,512,3,7005892032
10256,90058361,14096072,104154433,8,0,0,36352,14,4842980806
10257,90059930,14678780,104738710,6,0,0,17408,2,9522012966
10258,90071691,13377584,103449275,8,0,0,512,14,3573337171
10259,90072910,13589526,103662436,6,0,0,5632,2,9013420013
10260,90074120,14113775,104187895,5,0,0,53248,9,653020538
10261,90075460,13507398,103582858,4,0,0,3072,9,1474443128
10262,90105660,13388949,103494609,7,0,0,21504,1,5517482616
10263,90108250,33965765,124074015,9,0,1,12288,1,4559986508
10264,90108680,13347156,103455836,6,0,0,4608,2,3052489402
10265,90122990,13502385,103625375,4,0,0,24064,9,8197842118
10266,90126330,13454756,103581086,7,0,0,11264,1,5701048745
10267,90130171,13615357,103745528,8,0,0,1024,14,3775603600
10268,90132200,13517546,103649746,2,0,0,8704,3,6373162939
10269,90133900,33965996,124099896,2,0,1,3584,3,2133884937
10270,90152510,14244576,104397086,7,0,0,52224,1,8528033341
10271,90156090,13644497,103800587,0,0,0,9728,19,4578032722
10272,90166960,14415499,104582459,2,0,0,34304,3,7324385761
10273,90169301,13855038,104024339,8,0,0,51200,14,10240657173
10274,90219350,13192974,103412324,2,0,0,1536,3,2137808271
10275,90222200,14277484,104499684,4,0,0,39424,9,6494087712
10276,90229760,33896987,124126747,9,0,1,4608,1,10346196439
10277,90249000,13807795,104056795,4,0,0,18432,9,4502273475
10278,90255140,13504826,103759966,5,0,0,22528,9,4550575479
10279,90267290,13979850,104247140,6,0,0,13824,2,110307321
10280,90268220,13589770,103857990,9,0,0,14848,1,9299302204
10281,90271490,14005753,104277243,3,0,0,11264,5,1733436777
10282,90274670,33852743,124127413,9,0,1,1024,1,8623372108
10283,90274810,13837325,104112135,6,0,0,25088,2,10385381232
10284,90296631,13513334,103809965,8,0,0,6656,14,5066931938
10285,90306150,13967638,104273788,3,0,0,44544,5,2331969221
10286,90309170,13739684,104048854,7,0,0,80384,1,5458112281
10287,90313590,13404364,103717954,6,0,0,5632,2,8438871135
10288,90319170,14354129,104673299,5,0,0,45056,9,5889414973
10289,90341610,13945973,104287583,3,0,0,30720,5,2963960109
10290,90341660,14039491,104381151,9,0,0,13824,1,1137155560
10291,90351120,13469451,103820571,6,0,0,28672,2,7442528191
10292,90357490,33836693,124194183,3,0,1,34304,5,6013726958
10293,90360420,13445116,103805536,2,0,0,4608,3,3944991604
10294,90362660,13990061,104352721,3,0,0,38400,5,28012876
10295,90367080,13551385,103918465,2,0,0,10240,3,5915956234
10296,90368770,13891196,104259966,9,0,0,16896,1,3741635428
10297,90371520,14028584,104400104,9,0,0,8704,1,7305137973
10298,90379990,13459165,103839155,5,0,0,9216,9,4155658599
10299,90403130,14389756,104792886,6,0,0,45568,2,6531389914
10300,90408280,13491830,103900110,6,0,0,10240,2,1720552491
10301,90424290,14119951,104544241,2,0,0,25088,3,3584219772
10302,90426970,14043883,104470853,0,0,0,13824,19,7359840561
10303,90463970,33793982,124257952,8,0,1,2048,14,36191937
10304,90488130,14037813,104525943,4,0,0,5632,9,7054710004
10305,90489590,13455291,103944881,9,0,0,2560,1,585285466
10306,90496510,33761465,124257975,3,0,1,2560,5,3288546490
10307,90500950,13866739,104367689,3,0,0,22016,5,5021986689
10308,90503050,14520057,105023107,3,0,0,48640,5,6907521074
10309,90507380,13650976,104158356,4,0,0,12800,9,298035473
10310,90513410,13434146,103947556,9,0,0,8704,1,7328331613
10311,90537400,14358859,104896259,2,0,0,4096,3,4995067798
10312,90539170,13521861,104061031,9,0,0,8192,1,9353974026
10313,90540250,33776581,124316831,9,0,1,7168,1,9009008403
10314,90544470,33773655,124318125,7,0,1,1536,1,5298461036
10315,90552670,33780367,124333037,5,0,1,15872,9,6410475547
10316,90553470,13584655,104138125,9,0,0,63488,1,4738950809
10317,90566681,13983675,104550356,8,0,0,19968,14,1987630677
10318,90583890,13403252,103987142,5,0,0,5120,9,258516412
10319,90589520,33743540,124333060,8,0,1,23040,14,2713427530
10320,90590680,13769864,104360544,6,0,0,25600,2,7911494408
10321,90600240,13625788,104226028,5,0,0,56320,9,1200316577
10322,90619690,14578393,105198083,3,0,0,17920,5,810911023
10323,90622830,13209883,103832713,9,0,0,7168,1,3435618467
10324,90634750,13866673,104501423,3,0,0,5632,5,9132300922
10325,90641710,13735206,104376916,4,0,0,30208,9,7263299994
10326,90653340,13354284,104007624,6,0,0,512,2,2801228265
10327,90654280,13962838,104617118,0,0,0,5632,19,1632820814
10328,90657540,14237448,104894988,5,0,0,61952,9,7126805024
10329,90673230,33678518,124351748,6,0,1,1536,2,2371602054
10330,90674770,13466989,104141759,0,0,0,11776,19,6522008520
10331,90674900,13443605,104118505,4,0,0,3072,9,2523793649
10332,90677570,33740145,124417715,6,0,1,15872,2,4484860006
10333,90677671,13826115,104503786,8,0,0,7680,14,2778990909
10334,90681020,13826541,104507561,6,0,0,12288,2,3733757405
10335,90684780,13406851,104091631,0,0,0,11776,19,2867301855
10336,90691300,13540631,104231931,4,0,0,17920,9,2735326135
10337,90695961,14567833,105263794,8,0,0,24576,14,9390521590
10338,90698630,13527756,104226386,3,0,0,1024,5,3000644364
10339,90713860,14391198,105105058,9,0,0,512,1,3481512994
10340,90749271,13683481,104432752,8,0,0,3584,14,1398155818
10341,90749750,33694910,124444660,8,0,1,8704,14,3639246859
10342,90756800,33689806,124446606,6,0,1,3072,2,302860353
10343,90769560,14137688,104907248,4,0,0,31744,9,7660759267
10344,90776930,33762277,124539207,7,0,1,11776,1,7739148315
10345,90777400,14308613,105086013,5,0,0,70144,9,5530411997
10346,90785440,13457457,104242897,0,0,0,27136,19,7118689870
10347,90788410,33879466,124667876,4,0,1,9216,9,4639126861
10348,90788621,13747953,104536574,8,0,0,34816,14,7560151494
10349,90789690,13734514,104524204,4,0,0,51200,9,7389375076
10350,90801550,13931833,104733383,2,0,0,95744,3,2671907513
10351,90813741,13749118,104562859,8,0,0,40960,14,8804031114
10352,90816550,13344393,104160943,0,0,0,5120,19,6654776040
10353,90845720,14312658,105158378,4,0,0,27136,9,7204696343
10354,90865519,14506034,105371553,1,0,0,5120,13,7792563256
10355,90871290,13526139,104397429,4,0,0,1024,9,10318339151
10356,90871970,33795929,124667899,8,0,1,2560,14,1488436322
10357,90890850,14403001,105293851,4,0,0,17408,9,2982090468
10358,90891710,14300890,105192600,2,0,0,30208,3,7256330442
10359,90894571,13537066,104431637,8,0,0,14336,14,4693471598
10360,90895130,13862666,104757796,5,0,0,29184,9,2827860078
10361,90895660,13715172,104610832,2,0,0,66048,3,10077230166
10362,90918290,13647400,104565690,3,0,0,9216,5,2671059939
10363,90929200,13730348,104659548,2,0,0,53248,3,9418321566
10364,90951290,13688451,104639741,5,0,0,16384,9,1699598664
10365,90951330,13535628,104486958,4,0,0,7168,9,8274374088
10366,90953240,14072854,105026094,6,0,0,9728,2,3607691016
10367,90964300,33707104,124671404,2,0,1,13312,3,3874742131
10368,90970880,13601104,104571984,2,0,0,14336,3,8850467009
10369,91008570,13559015,104567585,0,0,0,6144,19,2926705742
10370,91028260,13825224,104853484,5,0,0,43520,9,6146386520
10371,91034890,13580489,104615379,0,0,0,14848,19,8103706802
10372,91046940,33625450,124672390,5,0,1,1536,9,5909783493
10373,91073160,33602456,124675616,7,0,1,5120,1,5816874810
10374,91090650,13531639,104622289,2,0,0,16896,3,7865184015
10375,91095210,13717955,104813165,4,0,0,34816,9,5050649748
10376,91095610,13838983,104934593,4,0,0,18944,9,2222174308
10377,91101210,14181379,105282589,0,0,0,4608,19,642342243
10378,91105760,13817841,104923601,4,0,0,33280,9,1822584217
10379,91115610,33617570,124733180,2,0,1,1024,3,1218887738
10380,91117330,14032757,105150087,5,0,0,32768,9,4685878502
10381,91118970,33634848,124753818,7,0,1,21504,1,4860371626
10382,91122170,14411217,105533387,5,0,0,65536,9,540266746
10383,91137600,14358232,105495832,7,0,0,54272,1,10655692531
10384,91150680,33616981,124767661,4,0,1,15872,9,5484982811
10385,91164200,13425645,104589845,5,0,0,22528,9,10542650526
10386,91168670,14159965,105328635,6,0,0,512,2,9167202881
10387,91174390,14048144,105222534,9,0,0,3584,1,10105567285
10388,91186900,13627380,104814280,2,0,0,3584,3,9211375133
10389,91209540,33558144,124767684,9,0,1,10752,1,4510627663
10390,91217360,13585174,104802534,2,0,0,6656,3,8941496352
10391,91229900,14421227,105651127,5,0,0,80896,9,9666124297
10392,91238930,13732585,104971515,9,0,0,41472,1,3937116365
10393,91252380,33533040,124785420,1,0,1,2048,13,6157536420
10394,91253380,13495493,104748873,9,0,0,33280,1,3436533977
10395,91270890,14272683,105543573,9,0,0,30720,1,892156370
10396,91278480,33506963,124785443,6,0,1,5120,2,3047080352
10397,91283320,13541297,104824617,4,0,0,4096,9,9754803217
10398,91286810,33521219,124808029,7,0,1,4096,1,5415770584
10399,91315420,14299157,105614577,2,0,0,94720,3,6131268501
10400,91320640,33567540,124888180,1,0,1,18944,13,8389870554
10401,91331950,13564956,104896906,4,0,0,2048,9,8916375757
10402,91333690,14344553,105678243,4,0,0,5120,9,425957667
10403,91356100,13633378,104989478,6,0,0,58880,2,4366079519
10404,91366190,13812670,105178860,2,0,0,16896,3,511905665
10405,91366660,13696687,105063347,0,0,0,56320,19,5918212768
10406,91374810,33513393,124888203,3,0,1,2048,5,7963778946
10407,91376610,33513043,124889653,7,0,1,8704,1,9377551483
10408,91389709,13371230,104760939,1,0,0,10240,13,7128830534
10409,91392350,13711813,105104163,0,0,0,42496,19,6594344511
10410,91400800,13663818,105064618,4,0,0,4096,9,5502407733
10411,91402530,33492005,124894535,4,0,1,32768,9,728621625
10412,91406920,13684272,105091192,4,0,0,16896,9,6560641199
10413,91414460,13381569,104796029,5,0,0,10240,9,481285738
10414,91417610,13687269,105104879,9,0,0,2048,1,6131038168
10415,91424460,33503392,124927852,2,0,1,1024,3,766701819
10416,91429690,13467863,104897553,4,0,0,2048,9,274197249
10417,91451490,33476823,124928313,5,0,1,10240,9,9237802629
10418,91458319,33489938,124948257,1,0,1,7168,13,5348385160
10419,91465120,13646424,105111544,6,0,0,10752,2,3420589384
10420,91467050,33522935,124989985,7,0,1,512,1,7499565791
10421,91474640,14189770,105664410,6,0,0,43520,2,1846263232
10422,91476610,13464973,104941583,0,0,0,16384,19,9351857112
10423,91478530,33693588,125172118,7,0,1,34816,1,2381898559
10424,91505450,13668239,105173689,9,0,0,50176,1,5662209496
10425,91523150,13855349,105378499,3,0,0,10752,5,281876827
10426,91537970,33636734,125174704,3,0,1,4096,5,3781343918
10427,91549750,33654844,125204594,3,0,1,8192,5,1735430511
10428,91566820,13649492,105216312,3,0,0,42496,5,6227863959
10429,91572980,13859427,105432407,2,0,0,17920,3,6679144114
10430,91574940,13938456,105513396,4,0,0,2560,9,4381724120
10431,91579380,33740386,125319766,9,0,1,10240,1,7341881145
10432,91601340,13617716,105219056,5,0,0,8704,9,8748574906
10433,91607950,13726601,105334551,0,0,0,15872,19,4154099990
10434,91617490,13603929,105221419,6,0,0,7680,2,8081857492
10435,91623090,13735201,105358291,3,0,0,25088,5,5052963404
10436,91624910,13854363,105479273,6,0,0,129024,2,1657099036
10437,91627430,13613737,105241167,6,0,0,11776,2,7840268797
10438,91629660,33697574,125327234,5,0,1,3072,9,5529148315
10439,91642030,14047670,105689700,5,0,0,8192,9,8550885874
10440,91662320,13517663,105179983,6,0,0,3584,2,3142978052
10441,91669520,33684059,125353579,6,0,1,4096,2,1643863852
10442,91669800,14277651,105947451,3,0,0,13312,5,1531474483
10443,91670380,33684185,125354565,4,0,1,1536,9,1372907181
10444,91677700,13578583,105256283,2,0,0,13312,3,951980697
10445,91690150,13822264,105512414,6,0,0,45568,2,4868866631
10446,91691759,14002432,105694191,1,0,0,1024,13,303886936
10447,91693970,13633539,105327509,0,0,0,27648,19,4433901217
10448,91694590,14459250,106153840,3,0,0,107520,5,8355040829
10449,91722920,33631799,125354719,9,0,1,8704,1,5458267550
10450,91743050,13944131,105687181,5,0,0,20480,9,196611603
10451,91747870,14061041,105808911,6,0,0,14848,2,6844672889
10452,91750080,13979617,105729697,5,0,0,31744,9,9285942999
10453,91750591,13996816,105747407,8,0,0,13824,14,1162923957
10454,91750660,33650983,125401643,3,0,1,9728,5,4047122103
10455,91760070,33661744,125421814,4,0,1,4096,9,154594305
10456,91776900,13735693,105512593,5,0,0,512,9,7610559593
10457,91779190,14329605,106108795,2,0,0,76288,3,7350636681
10458,91789800,13765394,105555194,5,0,0,27136,9,3422267703
10459,91791820,13779950,105571770,4,0,0,10752,9,2445966455
10460,91798760,13699747,105498507,4,0,0,8704,9,2577773801
10461,91824420,13975389,105799809,6,0,0,13824,2,6726316854
10462,91833140,13565777,105398917,2,0,0,1024,3,8156194682
10463,91834420,14105403,105939823,0,0,0,23552,19,6760511735
10464,91851530,33600845,125452375,1,0,1,13824,13,9162402884
10465,91851690,13682500,105534190,0,0,0,2560,19,951213979
10466,91858650,33593826,125452476,5,0,1,11776,9,8664055999
10467,91862100,33668234,125530334,2,0,1,4096,3,4935401299
10468,91867741,14217787,106085528,8,0,0,36352,14,1453854404
10469,91874280,35200936,127075216,0,0,1,479744,19,9049978484
10470,91879170,35201192,127080362,8,0,1,8192,14,2015081907
10471,91906660,14350280,106256940,2,0,0,8704,3,5662930160
10472,91908970,14478037,106387007,5,0,0,135168,9,467828425
10473,91911871,13714585,105626456,8,0,0,38912,14,10159293001
10474,91914330,14327089,106241419,5,0,0,58368,9,2146788026
10475,91937151,13609752,105546903,8,0,0,6656,14,9794410654
10476,91942670,14172388,106115058,4,0,0,20480,9,2002818214
10477,91960630,13907965,105868595,2,0,0,29184,3,7354446991
10478,91966790,13951201,105917991,9,0,0,35840,1,7335910951
10479,91980730,35206273,127187003,9,0,1,19968,1,461905789
10480,91981900,13562952,105544852,3,0,0,4096,5,8560609472
10481,91987710,14477702,106465412,2,0,0,31232,3,9521131579
10482,91989250,13691668,105680918,9,0,0,8704,1,8547037093
10483,91993630,13677846,105671476,4,0,0,21504,9,7112429504
10484,92001680,14252577,106254257,3,0,0,22016,5,148403922
10485,92004130,35193018,127197148,8,0,1,4608,14,7539749618
10486,92004450,13799906,105804356,2,0,0,14848,3,5401752350
10487,92005530,13714472,105720002,0,0,0,5632,19,7714652776
10488,92010180,13896860,105907040,3,0,0,103424,5,1177409322
10489,92015841,14058588,106074429,8,0,0,9216,14,4233908797
10490,92020661,14183105,106203766,8,0,0,3072,14,1974615623
10491,92023280,13848302,105871582,5,0,0,9728,9,5419955356
10492,92046330,14361361,106407691,6,0,0,7168,2,8499228155
10493,92046790,14145505,106192295,9,0,0,5120,1,5320112151
10494,92047079,35165567,127212646,1,0,1,14336,13,1216947587
10495,92050040,13614861,105664901,9,0,0,1536,1,9331341660
10496,92054150,13661157,105715307,4,0,0,14336,9,3865421495
10497,92059480,13711149,105770629,5,0,0,13824,9,60042445
10498,92069890,14274449,106344339,4,0,0,37888,9,5506246218
10499,92076570,14600398,106676968,4,0,0,42496,9,1496671768
10500,92087340,14331619,106418959,9,0,0,17408,1,6918060487
10501,92094431,13874752,105969183,8,0,0,60416,14,8699783395
10502,92106590,35190678,127297268,7,0,1,5632,1,10051410675
10503,92108740,13582403,105691143,9,0,0,4608,1,242541753
10504,92113699,14048900,106162599,1,0,0,28672,13,815661054
10505,92132860,14491996,106624856,2,0,0,60928,3,10338610843
10506,92150040,13834520,105984560,5,0,0,28672,9,5710888253
10507,92167890,13562610,105730500,2,0,0,2560,3,4703507319
10508,92180751,13745640,105926391,8,0,0,9728,14,2951521879
10509,92193710,13877888,106071598,0,0,0,39936,19,3690911335
10510,92196820,14287066,106483886,3,0,0,5120,5,6450966838
10511,92204000,13914536,106118536,9,0,0,4096,1,5676362584
10512,92210490,13665015,105875505,0,0,0,12800,19,6766119861
10513,92211010,14090864,106301874,9,0,0,65024,1,2990142962
10514,92211600,14062332,106273932,3,0,0,12800,5,8851748775
10515,92215920,14347926,106563846,4,0,0,27648,9,6859512107
10516,92234530,35062761,127297291,5,0,1,10240,9,7436562650
10517,92244470,35064644,127309114,4,0,1,18944,9,8205135673
10518,92252680,35057100,127309780,4,0,1,1024,9,2864770454
10519,92255379,13861886,106117265,1,0,0,7168,13,5114655352
10520,92264360,13795047,106059407,3,0,0,17920,5,8722787456
10521,92268040,14255858,106523898,6,0,0,57856,2,10311780565
10522,92282570,13636068,105918638,3,0,0,2048,5,2120401313
10523,92306050,13715767,106021817,2,0,0,1536,3,6387936171
10524,92309790,13680276,105990066,3,0,0,14336,5,6417923008
10525,92330070,13857205,106187275,2,0,0,41984,3,4273385132
10526,92335040,14167950,106502990,9,0,0,55296,1,10190162843
10527,92357390,34954976,127312366,2,0,1,4096,3,4543956106
10528,92357890,14037252,106395142,6,0,0,26624,2,1110309881
10529,92359700,13625975,105985675,6,0,0,3584,2,6293357188
10530,92361500,14398730,106760230,6,0,0,37376,2,8413618705
10531,92361860,14288488,106650348,5,0,0,10752,9,6081753536
10532,92366670,34954456,127321126,9,0,1,2560,1,2679349612
10533,92390681,14196889,106587570,8,0,0,27648,14,8682647479
10534,92398230,14571295,106969525,0,0,0,34304,19,9937432065
10535,92411920,35097350,127509270,0,0,1,124928,19,7110184469
10536,92412130,14001502,106413632,9,0,0,5120,1,10361859049
10537,92422570,13824956,106247526,9,0,0,19968,1,2904697879
10538,92430380,35079200,127509580,5,0,1,3072,9,2504177253
10539,92455980,14330793,106786773,6,0,0,87040,2,1484380815
10540,92456380,14236268,106692648,2,0,0,23552,3,455374763
10541,92464890,14073633,106538523,4,0,0,36864,9,3252470817
10542,92470490,35053381,127523871,9,0,1,7680,1,10041260273
10543,92478550,14705631,107184181,5,0,0,17920,9,5217515724
10544,92479550,14002753,106482303,0,0,0,3584,19,995216683
10545,92486990,14527733,107014723,2,0,0,17408,3,10315199437
10546,92490870,13914614,106405484,9,0,0,33792,1,9904688300
10547,92512510,14385207,106897717,6,0,0,32768,2,10075647888
10548,92515150,14288080,106803230,2,0,0,4608,3,4561883869
10549,92515440,13790603,106306043,0,0,0,1024,19,5306048648
10550,92525150,14847599,107372749,5,0,0,24576,9,9234765465
10551,92550091,14539596,107089687,8,0,0,117248,14,7154944704
10552,92560270,34965547,127525817,7,0,1,3072,1,7679283526
10553,92563170,14233298,106796468,3,0,0,31744,5,4871403997
10554,92588100,14365633,106953733,6,0,0,55296,2,9201911708
10555,92592740,34938223,127530963,6,0,1,8192,2,8315232174
10556,92607690,14044978,106652668,9,0,0,3072,1,2520999443
10557,92609590,13846283,106455873,2,0,0,7168,3,8918289819
10558,92610170,34924339,127534509,7,0,1,5632,1,8707546569
10559,92615410,14390015,107005425,9,0,0,41472,1,7392677346
10560,92616610,34935693,127552303,5,0,1,8192,9,1195420352
10561,92631360,13938870,106570230,3,0,0,15872,5,5347622813
10562,92636781,14102029,106738810,8,0,0,22528,14,4143109887
10563,92642630,14542042,107184672,0,0,0,1536,19,2772775119
10564,92655900,34896426,127552326,9,0,1,9216,1,1724382571
10565,92668280,14847709,107515989,5,0,0,12288,9,10318584776
10566,92712010,34890487,127602497,5,0,1,25088,9,2510822246
10567,92712800,14093105,106805905,4,0,0,8704,9,2905158167
10568,92725070,13816440,106541510,5,0,0,9728,9,5511594344
10569,92757010,13969060,106726070,0,0,0,4608,19,6683948461
10570,92764420,14615060,107379480,5,0,0,22016,9,8012191245
10571,92781390,13958535,106739925,3,0,0,3584,5,67067824
10572,92834120,14003877,106837997,0,0,0,2048,19,7575383384
10573,92842990,13758124,106601114,6,0,0,9216,2,3529578591
10574,92850840,13775622,106626462,9,0,0,5120,1,3314632393
10575,92875650,13926153,106801803,5,0,0,17408,9,10194771835
10576,92887510,34799054,127686564,2,0,1,1536,3,9867103313
10577,92891080,14553791,107444871,4,0,0,42496,9,9397459473
10578,92899770,13842748,106742518,4,0,0,6144,9,9064041520
10579,92910720,34787122,127697842,7,0,1,4608,1,4852748264
10580,92928640,14683693,107612333,5,0,0,68608,9,4505997260
10581,92934070,14056645,106990715,2,0,0,68608,3,4673319191
10582,92936349,13803911,106740260,1,0,0,1024,13,1973200960
10583,92939530,14168403,107107933,0,0,0,35328,19,8422170405
10584,92943850,13925946,106869796,6,0,0,19456,2,920399923
10585,92947470,14074022,107021492,9,0,0,7168,1,5091903981
10586,92966690,34731818,127698508,8,0,1,11264,14,1817060096
10587,92977430,34721949,127699379,9,0,1,12288,1,9230422670
10588,92994420,13831300,106825720,9,0,0,9216,1,9482035970
10589,93018690,34716622,127735312,7,0,1,12800,1,6764335506
10590,93031520,13801581,106833101,4,0,0,6144,9,3998947142
10591,93034510,13972030,107006540,3,0,0,3584,5,6115725513
10592,93042330,14609340,107651670,4,0,0,7168,9,5651838039
10593,93056820,14466992,107523812,2,0,0,25600,3,6847791757
10594,93089760,14482812,107572572,3,0,0,15872,5,6896427354
10595,93092899,34662119,127755018,1,0,1,512,13,2513539144
10596,93099320,14538464,107637784,4,0,0,83456,9,8550297521
10597,93110940,34644904,127755844,5,0,1,6656,9,2907583058
10598,93127420,13913082,107040502,4,0,0,24064,9,4772412191
10599,93128920,14102470,107231390,6,0,0,2048,2,5936937444
10600,93132820,14109357,107242177,0,0,0,1024,19,8136698657
10601,93142379,34613488,127755867,1,0,1,512,13,6365985062
10602,93152131,14648794,107800925,8,0,0,117248,14,442870581
10603,93152970,14394345,107547315,2,0,0,3072,3,8717132500
10604,93155440,34600450,127755890,8,0,1,512,14,5192720108
10605,93157270,34600642,127757912,6,0,1,7680,2,3513292545
10606,93175659,34602950,127778609,1,0,1,20992,13,203751343
10607,93180390,14624614,107805004,6,0,0,13312,2,6646287631
10608,93197790,14337894,107535684,4,0,0,31232,9,6051399186
10609,93214190,34572568,127786758,9,0,1,4608,1,7272864568
10610,93220480,13888880,107109360,4,0,0,4608,9,1109469608
10611,93225731,13767035,106992766,8,0,0,6656,14,1879352527
10612,93225840,14192156,107417996,5,0,0,23552,9,1343229377
10613,93226610,14178330,107404940,5,0,0,56320,9,10728363378
10614,93227869,14061877,107289746,1,0,0,32256,13,9510980810
10615,93233629,14696280,107929909,1,0,0,112640,13,6060315124
10616,93240050,14633173,107873223,6,0,0,9728,2,10273612854
10617,93240950,14717280,107958230,5,0,0,56320,9,8089802708
10618,93241610,14075372,107316982,9,0,0,73216,1,7213368411
10619,93242749,14622063,107864812,1,0,0,7168,13,8781950454
10620,93247700,14490123,107737823,0,0,0,11264,19,7004725785
10621,93253240,14567869,107821109,4,0,0,11264,9,3413921809
10622,93253880,14685576,107939456,0,0,0,31232,19,3048167483
10623,93258420,14197687,107456107,3,0,0,25600,5,4896432516
10624,93263090,34524654,127787744,6,0,1,1536,2,1363490601
10625,93270770,34517230,127788000,4,0,1,9216,9,10503474725
10626,93284390,14480788,107765178,4,0,0,16384,9,6451653942
10627,93288680,13954877,107243557,2,0,0,512,3,9794513186
10628,93293660,14762111,108055771,9,0,0,17920,1,6966447325
10629,93305490,14013699,107319189,0,0,0,7168,19,4415716575
10630,93329420,14399857,107729277,6,0,0,49664,2,77598370
10631,93368790,34447791,127816581,5,0,1,2048,9,8626111476
10632,93379770,14597117,107976887,6,0,0,28160,2,6567207121
10633,93382260,34443096,127825356,6,0,1,512,2,5430282379
10634,93382790,34445472,127828262,6,0,1,4608,2,3407545695
10635,93390490,34439398,127829888,6,0,1,2560,2,9010734252
10636,93391320,14100830,107492150,2,0,0,8704,3,7494234107
10637,93396960,34458813,127855773,7,0,1,4096,1,348247558
10638,93397230,14089820,107487050,2,0,0,2048,3,9280287718
10639,93425990,34431089,127857079,2,0,1,2048,3,4411930059
10640,93435000,14012234,107447234,0,0,0,7680,19,5345173657
10641,93441420,14517861,107959281,5,0,0,3072,9,2346104881
10642,93442219,34416486,127858705,1,0,1,2560,13,3276529070
10643,93452160,14189194,107641354,0,0,0,11264,19,5144272500
10644,93482960,14195449,107678409,0,0,0,48128,19,2635494486
10645,93486870,14544418,108031288,9,0,0,23040,1,6090840480
10646,93513650,34348921,127862571,2,0,1,6144,3,10203344803
10647,93522191,13975190,107497381,8,0,0,8704,14,6998458765
10648,93528040,14202554,107730594,0,0,0,4096,19,6535061302
10649,93546391,14738044,108284435,8,0,0,16896,14,7616608495
10650,93547660,14140132,107687792,5,0,0,30720,9,7972061094
10651,93552280,14252903,107805183,3,0,0,512,5,8990639701
10652,93556100,14485088,108041188,4,0,0,5120,9,2380405958
10653,93561360,34367717,127929077,5,0,1,6144,9,9384836041
10654,93564710,14450047,108014757,3,0,0,2048,5,7984823867
10655,93573659,14292521,107866180,1,0,0,4096,13,6344930474
10656,93578750,14580074,108158824,5,0,0,32256,9,9554398966
10657,93591640,34363099,127954739,4,0,1,6144,9,78915645
10658,93594570,34383221,127977791,8,0,1,10240,14,7049510284
10659,93609720,34473932,128083652,3,0,1,6656,5,5824515486
10660,93624880,14696848,108321728,6,0,0,17920,2,6805332242
10661,93641149,34471173,128112322,1,0,1,1024,13,5754361370
10662,93649759,14335575,107985334,1,0,0,27648,13,7386072129
10663,93650770,14834152,108484922,0,0,0,52224,19,930508099
10664,93652440,14624773,108277213,9,0,0,22528,1,10116731469
10665,93652450,14288589,107941039,9,0,0,5120,1,9755347812
10666,93654600,14598356,108252956,2,0,0,35328,3,1157910584
10667,93659870,34506993,128166863,9,0,1,9728,1,5694783549
10668,93663550,14906211,108569761,9,0,0,25088,1,6411945229
10669,93666770,34519662,128186432,9,0,1,1536,1,9898457699
10670,93667560,14461382,108128942,6,0,0,3584,2,10293471247
10671,93694950,34494492,128189442,8,0,1,29696,14,449014103
10672,93696930,14198636,107895566,2,0,0,20480,3,3965472617
10673,93704680,34499050,128203730,9,0,1,1024,1,1984094643
10674,93710910,34492843,128203753,4,0,1,11776,9,2088327439
10675,93734920,14649360,108384280,0,0,0,6144,19,1428171227
10676,93735800,34468321,128204121,6,0,1,6656,2,9799015230
10677,93736550,14527973,108264523,3,0,0,37888,5,1063536358
10678,93738089,14139525,107877614,1,0,0,14336,13,1819838945
10679,93740110,34508051,128248161,3,0,1,512,5,8101823925
10680,93752400,14607226,108359626,6,0,0,52736,2,9173649624
10681,93759079,14613564,108372643,1,0,0,10240,13,10334443735
10682,93760770,14289518,108050288,5,0,0,23040,9,7103340885
10683,93766899,14242817,108009716,1,0,0,51200,13,4185297774
10684,93772080,14673758,108445838,5,0,0,70144,9,1910243264
10685,93795000,14436768,108231768,0,0,0,50176,19,3006181547
10686,93796329,15094195,108890524,1,0,0,43008,13,4698955298
10687,93796530,14566395,108362925,4,0,0,10752,9,796885576
10688,93802949,14886274,108689223,1,0,0,87552,13,2231332543
10689,93805981,14432362,108238343,8,0,0,21504,14,28215459
10690,93813720,34436067,128249787,6,0,1,2560,2,2782361962
10691,93818190,14598544,108416734,5,0,0,78848,9,6419829204
10692,93823940,14557462,108381402,2,0,0,28672,3,235270004
10693,93829219,34470757,128299976,1,0,1,20992,13,6112852287
10694,93829640,34481725,128311365,5,0,1,8704,9,8367897786
10695,93845371,14612133,108457504,8,0,0,19968,14,243307061
10696,93860910,14586066,108446976,4,0,0,2560,9,6610484838
10697,93865830,34448121,128313951,6,0,1,4096,2,7531973370
10698,93888230,14685454,108573684,5,0,0,12800,9,774841898
10699,93897600,14686091,108583691,9,0,0,32768,1,8914181457
10700,93911550,14849082,108760632,2,0,0,29696,3,4295950760
10701,93921961,14600946,108522907,8,0,0,24064,14,4328483110
10702,93945291,14717233,108662524,8,0,0,30208,14,3632822324
10703,93946090,34368015,128314105,8,0,1,8704,14,4568508554
10704,93947740,14421760,108369500,0,0,0,21504,19,5929391753
10705,93947931,14322395,108270326,8,0,0,18944,14,5024400771
10706,93948820,14330444,108279264,2,0,0,6656,3,10666665395
10707,93949430,34609677,128559107,6,0,1,3584,2,4806536941
10708,93961730,34600283,128562013,2,0,1,4608,3,2729031406
10709,93968010,14545015,108513025,2,0,0,92160,3,9077420128
10710,93969550,34593449,128562999,4,0,1,1536,9,7333539482
10711,93976690,14731931,108708621,0,0,0,48128,19,5625211715
10712,93991830,35330741,129322571,0,0,1,153088,19,8255217871
10713,94001050,14949042,108950092,5,0,0,10752,9,9490312104
10714,94001540,14896963,108898503,0,0,0,26112,19,3736752916
10715,94004740,35320737,129325477,4,0,1,4608,9,6548953416
10716,94015390,14731875,108747265,4,0,0,30720,9,1428804054
10717,94019900,35308189,129328089,4,0,1,4096,9,10569225145
10718,94021830,35367329,129389159,5,0,1,15872,9,5969958810
10719,94037780,14568061,108605841,2,0,0,4608,3,4731211859
10720,94041810,35347372,129389182,7,0,1,12800,1,5273769211
10721,94045720,35376369,129422089,2,0,1,1536,3,6457415454
10722,94055880,14934866,108990746,5,0,0,9728,9,7667989747
10723,94063060,14789597,108852657,2,0,0,51200,3,2136889518
10724,94067520,14940788,109008308,5,0,0,11264,9,8796599238
10725,94072630,15113140,109185770,4,0,0,1536,9,5493334043
10726,94092001,14519526,108611527,8,0,0,14848,14,2705872144
10727,94094490,14351683,108446173,4,0,0,1024,9,3474556798
10728,94101170,14988973,109090143,9,0,0,18432,1,1961139292
10729,94106890,35318428,129425318,4,0,1,1536,9,2845113193
10730,94117420,14471465,108588885,4,0,0,16384,9,3061566091
10731,94123420,35304804,129428224,6,0,1,4608,2,7205440303
10732,94126400,14389152,108515552,9,0,0,8192,1,4198891158
10733,94128610,15110951,109239561,2,0,0,5120,3,7933593864
10734,94137520,14583829,108721349,3,0,0,17920,5,10510288946
10735,94147790,14452061,108599851,5,0,0,10240,9,3760524412
10736,94159380,35269510,129428890,4,0,1,1024,9,4455031815
10737,94172090,35258106,129430196,2,0,1,2048,3,10240697057
10738,94173470,14548066,108721536,2,0,0,512,3,1100528019
10739,94183800,15150087,109333887,3,0,0,48128,5,4148847128
10740,94188130,15177389,109365519,9,0,0,64512,1,4422827927
10741,94189640,14990445,109180085,9,0,0,60416,1,8317744209
10742,94191660,14340622,108532282,3,0,0,7168,5,6777405222
10743,94199731,14762864,108962595,8,0,0,40960,14,525792421
10744,94203990,14347094,108551084,2,0,0,4608,3,10215295682
10745,94237649,14566466,108804115,1,0,0,1536,13,5492750885
10746,94264261,14340145,108604406,8,0,0,14848,14,10485463540
10747,94273670,14546099,108819769,9,0,0,11264,1,8850593000
10748,94280700,14434831,108715531,6,0,0,17408,2,10027402214
10749,94280779,35154909,129435688,1,0,1,8704,13,7560051984
10750,94288149,35199869,129488018,1,0,1,8704,13,3182973697
10751,94308260,35179781,129488041,6,0,1,512,2,9466256977
10752,94312590,14381344,108693934,3,0,0,15360,5,3480582263
10753,94320640,14276068,108596708,3,0,0,25600,5,10250014585
10754,94335770,14380096,108715866,0,0,0,1024,19,5657313474
10755,94337430,35150634,129488064,5,0,1,9728,9,407847298
10756,94337870,14602274,108940144,7,0,0,44544,1,8302789922
10757,94346190,14237680,108583870,3,0,0,512,5,8886503895
10758,94352200,35155378,129507578,5,0,1,16896,9,5261038480
10759,94353550,35255947,129609497,3,0,1,512,5,6344607624
10760,94354381,15099776,109454157,8,0,0,65536,14,9777697733
10761,94362800,14388232,108751032,4,0,0,12288,9,8871679591
10762,94365010,35285101,129650111,2,0,1,15872,3,7098406636
10763,94365430,15196957,109562387,5,0,0,149504,9,9452540774
10764,94370260,14574743,108945003,3,0,0,15872,5,3697470867
10765,94387430,14797849,109185279,6,0,0,9216,2,9650021499
10766,94391320,35258814,129650134,3,0,1,7680,5,3808924633
10767,94395160,14511166,108906326,5,0,0,25600,9,440686016
10768,94399200,14985497,109384697,4,0,0,29696,9,10012874978
10769,94400000,35250157,129650157,3,0,1,3072,5,8682079913
10770,94400560,14309644,108710204,3,0,0,5120,5,9508954653
10771,94402790,14390601,108793391,0,0,0,9216,19,2764039085
10772,94413340,35236848,129650188,5,0,1,1536,9,7860825036
10773,94415240,15204181,109619421,0,0,0,7680,19,302800963
10774,94422931,14989557,109412488,8,0,0,91136,14,527918936
10775,94424360,35279815,129704175,6,0,1,21504,2,9802346931
10776,94424900,15036924,109461824,6,0,0,25088,2,10128680725
10777,94432961,14613536,109046497,8,0,0,32256,14,9318743280
10778,94438570,14566283,109004853,3,0,0,16896,5,7750796874
10779,94444760,35264032,129708792,2,0,1,20480,3,10010025427
10780,94446881,14972142,109419023,8,0,0,5120,14,9559380017
10781,94450400,14630498,109080898,0,0,0,10240,19,3729615013
10782,94458680,14672339,109131019,2,0,0,2560,3,78517488
10783,94464770,35246928,129711698,5,0,1,4608,9,4777991833
10784,94470560,14591760,109062320,4,0,0,8704,9,5303776307
10785,94471221,14576859,109048080,8,0,0,5120,14,6769943954
10786,94480140,14796639,109276779,5,0,0,22016,9,676070172
10787,94498980,15160682,109659662,2,0,0,44032,3,7833381809
10788,94500430,35216957,129717387,4,0,1,1024,9,6059976881
10789,94500701,14424909,108925610,8,0,0,7680,14,4823361810
10790,94500841,15015971,109516812,8,0,0,68096,14,8625914737
10791,94505600,35211941,129717541,9,0,1,8704,1,9928967009
10792,94505680,35214767,129720447,4,0,1,4608,9,721154116
10793,94519610,15236839,109756449,5,0,0,100864,9,8114206610
10794,94533031,14516008,109049039,8,0,0,3072,14,1680803120
10795,94539630,14622024,109161654,3,0,0,60928,5,5009427743
10796,94543080,15243646,109786726,0,0,0,6656,19,10623915319
10797,94549960,14477493,109027453,4,0,0,8704,9,5305260955
10798,94553860,14924078,109477938,2,0,0,41984,3,6265626484
10799,94571150,14555576,109126726,4,0,0,5120,9,9447259737
10800,94576111,14474511,109050622,8,0,0,5120,14,3420972722
10801,94596060,35133619,129729679,4,0,1,5632,9,8251650061
10802,94600750,14581698,109182448,9,0,0,7680,1,4215936201
10803,94604590,15163605,109768195,3,0,0,4096,5,411224008
10804,94646380,35107104,129753484,9,0,1,3072,1,9135981370
10805,94647070,35138671,129785741,4,0,1,7168,9,5886777242
10806,94666110,15247658,109913768,4,0,0,28160,9,9204295763
10807,94676040,35111007,129787047,8,0,1,2048,14,9462158941
10808,94693630,35095683,129789313,4,0,1,3584,9,9580984839
10809,94694620,14611974,109306594,0,0,0,7168,19,5677764972
10810,94706280,14512897,109219177,9,0,0,512,1,1593451914
10811,94716830,14883295,109600125,4,0,0,19968,9,1864338216
10812,94719180,14597955,109317135,6,0,0,31744,2,2344759265
10813,94723850,35146640,129870490,6,0,1,4608,2,7156878265
10814,94729610,14960586,109690196,0,0,0,14848,19,1763356792
10815,94736890,14833499,109570389,2,0,0,22528,3,5614669816
10816,94744980,14720143,109465123,2,0,0,10752,3,6619077078
10817,94749460,35121053,129870513,4,0,1,2048,9,50326287
10818,94765940,15360253,110126193,2,0,0,36352,3,7394988859
10819,94768450,14602371,109370821,9,0,0,4096,1,896086631
10820,94771060,14914589,109685649,0,0,0,4608,19,10629763140
10821,94790090,35080446,129870536,3,0,1,17920,5,1500691997
10822,94806500,14978144,109784644,5,0,0,46080,9,2002122185
10823,94809160,35063599,129872759,8,0,1,5632,14,1685435372
10824,94813680,14956901,109770581,6,0,0,6144,2,3656063063
10825,94821930,14753497,109575427,5,0,0,5120,9,5051133141
10826,94861950,14711894,109573844,0,0,0,11264,19,2276319085
10827,94869880,14693622,109563502,5,0,0,3584,9,7459736761
10828,94873950,15161550,110035500,9,0,0,30720,1,10199370185
10829,94896960,14869964,109766924,3,0,0,34304,5,7695693678
10830,94906170,14766182,109672352,5,0,0,11776,9,122164758
10831,94907930,35033885,129941815,8,0,1,11264,14,6231264898
10832,94915050,14715480,109630530,9,0,0,33792,1,1203570416
10833,94925860,14742873,109668733,6,0,0,29696,2,1584241056
10834,94938971,14766674,109705645,8,0,0,24576,14,7201160301
10835,94955600,15249241,110204841,4,0,0,47104,9,679752750
10836,94977381,15325665,110303046,8,0,0,33792,14,7583344585
10837,95001971,14999107,110001078,8,0,0,34816,14,7429826060
10838,95034570,14918525,109953095,9,0,0,11264,1,4507962998
10839,95037310,14867847,109905157,6,0,0,81408,2,10352779145
10840,95041330,14905588,109946918,9,0,0,86528,1,7932987586
10841,95050020,14819703,109869723,3,0,0,6656,5,2484368259
10842,95052170,14815502,109867672,4,0,0,25600,9,3734570086
10843,95056060,34959358,130015418,8,0,1,4608,14,7139010744
10844,95059420,14709266,109768686,4,0,0,1536,9,477885410
10845,95071450,34943991,130015441,3,0,1,6656,5,3131658383
10846,95072930,35022847,130095777,6,0,1,19456,2,3234578409
10847,95078360,15028813,110107173,4,0,0,58880,9,803429827
10848,95099220,14889365,109988585,2,0,0,5632,3,7842495338
10849,95103240,35020814,130124054,5,0,1,1024,9,8065134914
10850,95108281,14976827,110085108,8,0,0,62464,14,8444118683
10851,95138110,35091646,130229756,9,0,1,34304,1,2488782350
10852,95147640,14992226,110139866,6,0,0,11776,2,6886927038
10853,95150370,35157197,130307567,7,0,1,3072,1,9209339818
10854,95164200,35145461,130309661,3,0,1,2560,5,3154070424
10855,95164490,14881820,110046310,0,0,0,17920,19,3195502966
10856,95168670,15036662,110205332,7,0,0,1536,1,4478578931
10857,95173299,35324519,130497818,1,0,1,19968,13,2471023453
10858,95179401,14791375,109970776,8,0,0,13312,14,7730220078
10859,95192000,14688330,109880330,9,0,0,4096,1,3606647232
10860,95194991,14719603,109914594,8,0,0,2560,14,7135163505
10861,95200250,15204273,110404523,0,0,0,18432,19,157157496
10862,95202330,14838497,110040827,2,0,0,17408,3,5865018035
10863,95220720,15051861,110272581,9,0,0,55808,1,3415411030
10864,95227370,14988522,110215892,4,0,0,3072,9,926565083
10865,95229610,14859600,110089210,4,0,0,13312,9,4141919597
10866,95269259,35237111,130506370,1,0,1,1536,13,8812268775
10867,95280670,15042209,110322879,5,0,0,34304,9,1931061692
10868,95283940,15005980,110289920,6,0,0,56832,2,8978634526
10869,95286830,14919617,110206447,2,0,0,3584,3,56196080
10870,95296581,14915973,110212554,8,0,0,19968,14,7704528830
10871,95340180,15139065,110479245,5,0,0,56320,9,4803156531
10872,95350411,14955934,110306345,8,0,0,10752,14,6439393610
10873,95371040,15019445,110390485,4,0,0,2560,9,4936697194
10874,95379750,14966127,110345877,9,0,0,20992,1,2931343900
10875,95380370,15002481,110382851,6,0,0,94208,2,592502516
10876,95389200,14801266,110190466,2,0,0,9216,3,9617170839
10877,95389440,15235781,110625221,6,0,0,8704,2,9828721746
10878,95390760,15174499,110565259,4,0,0,18944,9,5882489139
10879,95392850,14794785,110187635,2,0,0,8704,3,6054980834
10880,95400440,14989211,110389651,6,0,0,21504,2,3440527049
10881,95422570,15018886,110441456,9,0,0,31232,1,5678027822
10882,95450430,14932623,110383053,9,0,0,512,1,6531399293
10883,95456380,35051015,130507395,6,0,1,3072,2,7740810644
10884,95456880,14959017,110415897,4,0,0,9728,9,8977849133
10885,95457590,15143596,110601186,9,0,0,35328,1,3646972412
10886,95460700,15027327,110488027,9,0,0,28672,1,9883011201
10887,95461319,35062800,130524119,1,0,1,4096,13,9662389504
10888,95464121,14945729,110409850,8,0,0,17408,14,5509238194
10889,95466330,35066136,130532466,6,0,1,12800,2,332457809
10890,95491160,14931624,110422784,5,0,0,22528,9,7064264704
10891,95501960,35031082,130533042,8,0,1,12288,14,10472796250
10892,95505160,15458546,110963706,6,0,0,28160,2,9914907779
10893,95509930,15061592,110571522,9,0,0,20480,1,4714381223
10894,95533409,35047635,130581044,1,0,1,1536,13,4264133449
10895,95537951,14769509,110307460,8,0,0,3584,14,5504626604
10896,95539570,35041497,130581067,4,0,1,5632,9,1258627249
10897,95551670,35132360,130684030,9,0,1,17920,1,7125270875
10898,95554820,15211647,110766467,0,0,0,11776,19,4929273480
10899,95555060,14981487,110536547,5,0,0,20992,9,10293272935
10900,95556940,15057299,110614239,3,0,0,12288,5,1728031591
10901,95564080,15111291,110675371,6,0,0,13824,2,1151250612
10902,95568430,14991034,110559464,0,0,0,58368,19,8027600235
10903,95573930,35112046,130685976,8,0,1,3072,14,3491569954
10904,95579910,15531066,111110976,5,0,0,163840,9,2448444624
10905,95582050,14941259,110523309,3,0,0,8192,5,1883419846
10906,95585480,35102122,130687602,9,0,1,2560,1,7523764221
10907,95593111,14852736,110445847,8,0,0,14336,14,5068320916
10908,95597570,15093710,110691280,2,0,0,26112,3,7715415205
10909,95602600,15389330,110991930,5,0,0,6144,9,6960732038
10910,95609330,35079578,130688908,9,0,1,2048,1,3716300699
10911,95637570,35055524,130693094,9,0,1,6656,1,3504412094
10912,95643490,15474084,111117574,3,0,0,16384,5,4512279250
10913,95653140,15176700,110829840,3,0,0,42496,5,3017997209
10914,95663950,15059999,110723949,9,0,0,13312,1,2823617637
10915,95666390,15129795,110796185,5,0,0,19968,9,3988104477
10916,95666431,15288672,110955103,8,0,0,55808,14,7296292225
10917,95670050,35045472,130715522,9,0,1,512,1,8293817129
10918,95683850,15133019,110816869,5,0,0,13312,9,3119285920
10919,95687760,15366130,111053890,2,0,0,19456,3,8418481328
10920,95689860,35025685,130715545,8,0,1,6144,14,8428644213
10921,95710170,15008430,110718600,9,0,0,2560,1,5621519408
10922,95750010,15368078,111118088,0,0,0,1536,19,9333899450
10923,95757629,15163050,110920679,1,0,0,34304,13,2959098479
10924,95768380,14839141,110607521,9,0,0,1024,1,905192256
10925,95794860,14984181,110779041,3,0,0,2560,5,10488331109
10926,95800780,34914788,130715568,5,0,1,512,9,10476029075
10927,95807691,14891065,110698756,8,0,0,15360,14,8160155349
10928,95812140,14853622,110665762,6,0,0,17408,2,606720648
10929,95824189,15020451,110844640,1,0,0,5120,13,2983417154
10930,95825280,14984523,110809803,9,0,0,18944,1,2518311459
10931,95825450,15005823,110831273,9,0,0,1536,1,10412146812
10932,95831929,34887429,130719358,1,0,1,3072,13,8476707924
10933,95848309,34871072,130719381,1,0,1,512,13,5995552764
10934,95873300,15662497,111535797,0,0,0,73728,19,9302526024
10935,95874670,34844734,130719404,3,0,1,5120,5,427087592
10936,95874820,14929188,110804008,0,0,0,25600,19,1918520556
10937,95878020,15282892,111160912,2,0,0,55296,3,7294119897
10938,95891520,34879410,130770930,4,0,1,1536,9,603334846
10939,95904140,34882055,130786195,5,0,1,14336,9,10651293485
10940,95910469,15542637,111453106,1,0,0,24576,13,9145589900
10941,95920030,15011124,110931154,4,0,0,34304,9,10099332940
10942,95936539,14920806,110857345,1,0,0,16384,13,2695379974
10943,95939430,15271102,111210532,3,0,0,56832,5,7528923247
10944,95946680,15175666,111122346,5,0,0,13312,9,6702262541
10945,95950581,14957152,110907733,8,0,0,19968,14,10252563497
10946,95962350,34823868,130786218,8,0,1,3072,14,10532011655
10947,95964620,15173707,111138327,3,0,0,47104,5,2469360627
10948,95970540,15342771,111313311,4,0,0,45056,9,7709740751
10949,95977390,14922745,110900135,3,0,0,4608,5,9731293074
10950,95994010,34792231,130786241,6,0,1,1024,2,5423080115
10951,95994570,14990148,110984718,2,0,0,512,3,6230871535
10952,95997519,14969486,110967005,1,0,0,10752,13,6182995299
10953,96000370,34785894,130786264,9,0,1,1536,1,3400193219
10954,96005050,34781716,130786766,3,0,1,5120,5,9467936130
10955,96007560,15588150,111595710,9,0,0,49664,1,5661514474
10956,96040339,15077928,111118267,1,0,0,512,13,5978592345
10957,96056500,15744200,111800700,3,0,0,37888,5,5301371233
10958,96070110,34719588,130789698,1,0,1,14848,13,1194444778
10959,96098450,15414852,111513302,6,0,0,13824,2,5379484034
10960,96105050,15542466,111647516,5,0,0,35840,9,1962835954
10961,96129320,14901761,111031081,4,0,0,1536,9,1419498826
10962,96131880,34793396,130925276,4,0,1,27648,9,9079488492
10963,96146580,34851853,130998433,3,0,1,17408,5,2622546626
10964,96147880,15588991,111736871,6,0,0,91136,2,3210821775
10965,96148820,15849957,111998777,3,0,0,66048,5,6985185234
10966,96160200,15088110,111248310,9,0,0,28672,1,4919350141
10967,96161630,14872815,111034445,5,0,0,1024,9,3411461471
10968,96161780,15392182,111553962,4,0,0,29184,9,4066490316
10969,96173570,14950382,111123952,3,0,0,2560,5,9443704436
10970,96184020,15325047,111509067,9,0,0,36864,1,10382206120
10971,96197160,15066262,111263422,2,0,0,27648,3,8929082017
10972,96206270,34941563,131147833,6,0,1,3072,2,2443058300
10973,96218610,15706076,111924686,3,0,0,3072,5,7313516484
10974,96233490,14991796,111225286,9,0,0,5632,1,8832600133
10975,96255190,34999249,131254439,8,0,1,31232,14,10304155173
10976,96258480,14864669,111123149,9,0,0,2560,1,1910718101
10977,96268551,15273041,111541592,8,0,0,18944,14,9640979591
10978,96270270,15488487,111758757,5,0,0,70656,9,7682369974
10979,96291580,15265837,111557417,6,0,0,11264,2,779884624
10980,96295170,15683460,111978630,4,0,0,23040,9,5153649036
10981,96310170,15152319,111462489,0,0,0,30720,19,1531549020
10982,96312990,14799569,111112559,9,0,0,5120,1,4125066410
10983,96313680,15116204,111429884,5,0,0,5632,9,5723629764
10984,96324330,35020273,131344603,9,0,1,15872,1,7172819935
10985,96329560,15065308,111394868,0,0,0,10752,19,2862184746
10986,96370111,14913713,111283824,8,0,0,18432,14,10473315155
10987,96370809,15017543,111388352,1,0,0,32256,13,10579508798
10988,96373611,15321619,111695230,8,0,0,20480,14,1728704641
10989,96375070,15499765,111874835,3,0,0,82944,5,4030839146
10990,96383011,15045134,111428145,8,0,0,22528,14,10288873328
10991,96410190,15717506,112127696,6,0,0,25600,2,5747626370
10992,96414840,15048140,111462980,2,0,0,1536,3,10894774
10993,96416161,14936765,111352926,8,0,0,7168,14,1917320299
10994,96421840,14999418,111421258,3,0,0,18944,5,4528912377
10995,96436460,15196004,111632464,4,0,0,25600,9,5732092845
10996,96444590,15388644,111833234,9,0,0,13824,1,9058619645
10997,96444890,15435896,111880786,3,0,0,19456,5,7995477994
10998,96463380,15748766,112212146,9,0,0,44544,1,6344741441
10999,96464770,15296662,111761432,0,0,0,8704,19,6876859386
11000,96466790,15362209,111828999,3,0,0,34304,5,5784382956
11001,96478490,15405127,111883617,9,0,0,9216,1,1304170944
11002,96498300,15046747,111545047,2,0,0,11264,3,5231013998
11003,96499180,15551073,112050253,5,0,0,4608,9,4253206210
11004,96514060,15394317,111908377,2,0,0,11776,3,3627119793
11005,96515270,15662599,112177869,7,0,0,19968,1,520110279
11006,96521200,34824682,131345882,9,0,1,1536,1,9501177734
11007,96535790,35145095,131680885,2,0,1,34304,3,10017653736
11008,96586510,35094734,131681244,9,0,1,9728,1,3421363843
11009,96617140,15171993,111789133,4,0,0,42496,9,1321453184
11010,96618560,35173385,131791945,8,0,1,1024,14,6775490171
11011,96626210,35174023,131800233,6,0,1,11264,2,10723562856
11012,96657650,35163377,131821027,6,0,1,19968,2,404147665
11013,96667590,15571689,112239279,3,0,0,38912,5,1041685705
11014,96683120,35265251,131948371,9,0,1,42496,1,839766916
11015,96697850,35313657,132011507,3,0,1,1024,5,4627551332
11016,96713900,35305765,132019665,8,0,1,18944,14,7471291192
11017,96719540,35470144,132189684,5,0,1,14848,9,2070595601
11018,96721191,15519203,112240394,8,0,0,3584,14,2578503831
11019,96732040,15005166,111737206,5,0,0,1024,9,3941011252
11020,96745520,15178207,111923727,4,0,0,5632,9,3358248992
11021,96749350,15333677,112083027,0,0,0,43520,19,10600682816
11022,96753939,35441095,132195034,1,0,1,7168,13,10560882326
11023,96756040,15179709,111935749,9,0,0,4096,1,2205065942
11024,96789809,15025087,111814896,1,0,0,28672,13,3401754655
11025,96791241,15238725,112029966,8,0,0,30208,14,6566345838
11026,96794289,35416211,132210500,1,0,1,9728,13,9287643410
11027,96801580,35451672,132253252,4,0,1,21504,9,1671516984
11028,96803500,15083536,111887036,4,0,0,3584,9,9679457990
11029,96809220,15101422,111910642,0,0,0,512,19,9405198201
11030,96817530,15197719,112015249,5,0,0,25088,9,3687685908
11031,96821210,15320424,112141634,3,0,0,8704,5,3702183541
11032,96827870,15179712,112007582,4,0,0,6144,9,4609441955
11033,96831290,15131992,111963282,0,0,0,4608,19,8390420481
11034,96831539,15490775,112322314,1,0,0,6656,13,5552642764
11035,96834870,15167986,112002856,4,0,0,13312,9,2300191249
11036,96836350,35420911,132257261,5,0,1,5632,9,1700747765
11037,96837740,35424475,132262215,2,0,1,9216,3,5689690089
11038,96840720,15189893,112030613,7,0,0,2048,1,2573884147
11039,96845380,15202233,112047613,2,0,0,4608,3,8769158586
11040,96869920,15218819,112088739,6,0,0,16896,2,6386001957
11041,96872930,15227686,112100616,0,0,0,21504,19,9197684184
11042,96873030,15343819,112216849,3,0,0,15360,5,7530677939
11043,96884710,35401837,132286547,3,0,1,4096,5,8510206759
11044,96891540,15352803,112244343,4,0,0,5120,9,3853277908
11045,96891821,15152299,112044120,8,0,0,6656,14,6347837445
11046,96892561,15113126,112005687,8,0,0,9216,14,4180576605
11047,96915869,15357532,112273401,1,0,0,10240,13,1467097627
11048,96918509,15220442,112138951,1,0,0,36864,13,4037661978
11049,96924920,15235729,112160649,4,0,0,12800,9,2923137529
11050,96926470,15175729,112102199,2,0,0,5120,3,1675779658
11051,96927570,35359963,132287533,4,0,1,1536,9,9241893654
11052,96952470,35348450,132300920,8,0,1,5120,14,2021983301
11053,96958810,15227621,112186431,2,0,0,512,3,9760743702
11054,96978690,15668943,112647633,7,0,0,11776,1,6948427797
11055,96991010,15173585,112164595,5,0,0,12288,9,3416305514
11056,97008900,15319856,112328756,5,0,0,15872,9,1779716358
11057,97020831,15453561,112474392,8,0,0,22016,14,1083883500
11058,97023790,15325817,112349607,6,0,0,7168,2,41023533
11059,97036210,35302360,132338570,4,0,1,512,9,1028124607
11060,97056470,35291194,132347664,2,0,1,4608,3,2822784063
11061,97061089,15271278,112332367,1,0,0,11776,13,5115334952
11062,97065670,15316560,112382230,5,0,0,41984,9,8883694011
11063,97098890,15358207,112457097,0,0,0,26112,19,10257547515
11064,97104971,15341163,112446134,8,0,0,47104,14,1703780608
11065,97107600,35267026,132374626,2,0,1,512,3,1554641307
11066,97111060,15309490,112420550,2,0,0,512,3,677281902
11067,97121609,15408915,112530524,1,0,0,24064,13,3263673888
11068,97123880,15306366,112430246,4,0,0,3584,9,9139655247
11069,97126990,35247659,132374649,6,0,1,3072,2,2323616890
11070,97131560,15418799,112550359,2,0,0,65024,3,1802433709
11071,97139390,15343446,112482836,3,0,0,5120,5,6574467837
11072,97181720,15546349,112728069,3,0,0,30208,5,5043561179
11073,97196290,35180315,132376605,2,0,1,6144,3,2086833245
11074,97198709,15406005,112604714,1,0,0,73216,13,3245245756
11075,97198740,15300531,112499271,4,0,0,37376,9,1614094132
11076,97204550,15060763,112265313,5,0,0,2560,9,4587936162
11077,97205780,15312283,112518063,5,0,0,7168,9,8005620664
11078,97210340,15534060,112744400,6,0,0,23040,2,6293429280
11079,97213120,35500796,132713916,0,0,1,131584,19,4702951306
11080,97225730,35505835,132731565,6,0,1,4096,2,2393252953
11081,97235830,15346553,112582383,0,0,0,25600,19,5172205874
11082,97236171,15270414,112506585,8,0,0,8704,14,7274675560
11083,97237430,15242946,112480376,2,0,0,9216,3,829507682
11084,97251560,35480028,132731588,5,0,1,2560,9,9015597200
11085,97278220,15337889,112616109,6,0,0,4096,2,9298337582
11086,97287520,15267550,112555070,0,0,0,15360,19,3175695337
11087,97313820,15492026,112805846,4,0,0,28160,9,10082891934
11088,97314570,15415238,112729808,3,0,0,5632,5,228057086
11089,97317480,15186430,112503910,4,0,0,14848,9,2814646417
11090,97317920,15458053,112775973,9,0,0,26112,1,5747437556
11091,97323169,15287964,112611133,1,0,0,20992,13,5174547390
11092,97347180,35426251,132773431,4,0,1,11264,9,4720696752
11093,97361740,35524891,132886631,6,0,1,14336,2,6847421646
11094,97361789,15339354,112701143,1,0,0,3584,13,1463956713
11095,97368870,15427250,112796120,6,0,0,66048,2,6378478432
11096,97387040,35500257,132887297,6,0,1,1024,2,401787706
11097,97393050,35495233,132888283,2,0,1,1536,3,5791349324
11098,97399221,15316703,112715924,8,0,0,10240,14,8136320056
11099,97407399,15638597,113045996,1,0,0,10752,13,3065722085
11100,97408120,15746277,113154397,5,0,0,87552,9,3075222583
11101,97410599,15822312,113232911,1,0,0,35328,13,2638719184
11102,97413050,15544139,112957189,4,0,0,52736,9,10185633362
11103,97418560,15661913,113080473,2,0,0,17408,3,2145732747
11104,97433960,15562047,112996007,5,0,0,51200,9,5701232638
11105,97436110,16338075,113774185,6,0,0,49152,2,4713618285
11106,97437150,15685269,113122419,2,0,0,12800,3,8495695760
11107,97456900,15730070,113186970,2,0,0,72192,3,2734114260
11108,97460000,15628140,113088140,9,0,0,25088,1,6486927393
11109,97460070,15504630,112964700,9,0,0,24576,1,6482855107
11110,97461390,15748691,113210081,3,0,0,75776,5,8709857601
11111,97470931,15219637,112690568,8,0,0,7680,14,808486724
11112,97476421,16425064,113901485,8,0,0,86016,14,8150964663
11113,97486060,15519621,113005681,9,0,0,9216,1,4738624695
11114,97487120,15310115,112797235,2,0,0,3584,3,2303552351
11115,97487170,35402099,132889269,1,0,1,1536,13,5196099564
11116,97487619,15403223,112890842,1,0,0,14848,13,301910853
11117,97488600,35437365,132925965,2,0,1,10240,3,8778687819
11118,97501200,15564269,113065469,6,0,0,47616,2,4665126558
11119,97506450,15496400,113002850,2,0,0,20992,3,10522639175
11120,97510959,15711157,113222116,1,0,0,39424,13,9993710988
11121,97518850,35408101,132926951,2,0,1,1536,3,10139591390
11122,97552060,35376197,132928257,5,0,1,2048,9,8308284325
11123,97558279,15451793,113010072,1,0,0,14336,13,5668072751
11124,97561040,35375248,132936288,5,0,1,10752,9,1677755103
11125,97569220,35423022,132992242,6,0,1,11264,2,5884718039
11126,97576300,15661002,113237302,6,0,0,14336,2,2712240283
11127,97577940,15686554,113264494,6,0,0,4096,2,2618831488
11128,97593960,16564479,114158439,6,0,0,83456,2,1848377785
11129,97607639,35409203,133016842,1,0,1,14848,13,8748479140
11130,97607800,15841764,113449564,2,0,0,6144,3,8652776426
11131,97616680,15541484,113158164,2,0,0,12288,3,4146195657
11132,97625770,35437074,133062844,6,0,1,1536,2,3069712470
11133,97646800,15427116,113073916,6,0,0,27648,2,7822063401
11134,97658030,15506921,113164951,4,0,0,5120,9,7037767149
11135,97660270,15452155,113112425,9,0,0,8704,1,2963421202
11136,97661890,35400977,133062867,3,0,1,6144,5,5291500621
11137,97663120,15680091,113343211,2,0,0,17408,3,179610946
11138,97671291,16041759,113713050,8,0,0,23040,14,10690710303
11139,97684450,16604681,114289131,9,0,0,30720,1,4734803858
11140,97685550,15587719,113273269,9,0,0,2048,1,1400024832
11141,97686169,15651715,113337884,1,0,0,9216,13,10095773538
11142,97707901,15577377,113285278,8,0,0,9728,14,6484671447
11143,97708820,35439349,133148169,9,0,1,22016,1,10175544648
11144,97710710,15863564,113574274,3,0,0,16896,5,6964512839
11145,97715460,15603960,113319420,0,0,0,15872,19,3549419433
11146,97728800,15919065,113647865,5,0,0,13312,9,8274806750
11147,97737330,15831773,113569103,6,0,0,28160,2,8397021152
11148,97738171,15534451,113272622,8,0,0,8704,14,6664994379
11149,97741570,16708705,114450275,6,0,0,29184,2,1416973685
11150,97758020,15589738,113347758,0,0,0,14848,19,1793799401
11151,97775610,15940115,113715725,0,0,0,8704,19,7586913480
11152,97786560,15612618,113399178,5,0,0,49664,9,4286580377
11153,97803430,16029519,113832949,0,0,0,9216,19,1996044611
11154,97814160,15619266,113433426,3,0,0,15872,5,8433469088
11155,97819930,16055324,113875254,3,0,0,41472,5,485483590
11156,97825019,35422905,133247924,1,0,1,4096,13,2883778275
11157,97852630,15773253,113625883,4,0,0,7168,9,3734963626
11158,97856530,15902011,113758541,3,0,0,23040,5,6067867092
11159,97867900,15820286,113688186,2,0,0,27136,3,5718123301
11160,97868180,16163285,114031465,4,0,0,36352,9,4228610710
11161,97886530,16701281,114587811,2,0,0,29696,3,8446684245
11162,97899350,35348597,133247947,3,0,1,10240,5,3883743682
11163,97910170,35380961,133291131,6,0,1,2048,2,5525664284
11164,97920740,35376748,133297488,5,0,1,6144,9,9583697674
11165,97929810,35385089,133314899,6,0,1,6144,2,2319698284
11166,97932020,15978396,113910416,9,0,0,29184,1,3354286901
11167,97939670,16106349,114046019,3,0,0,47616,5,7103312852
11168,97949569,16623844,114573413,1,0,0,44032,13,1951886731
11169,97957440,15695674,113653114,3,0,0,11776,5,6493102063
11170,97967820,15945895,113913715,9,0,0,10752,1,6272941530
11171,97981799,15879993,113861792,1,0,0,62976,13,7680900759
11172,97999050,15922378,113921428,6,0,0,25088,2,2543166715
11173,98002180,35411165,133413345,8,0,1,26624,14,88885367
11174,98004610,16013214,114017824,2,0,0,64000,3,55805949
11175,98033389,15698573,113731962,1,0,0,14848,13,7629897853
11176,98033840,15760509,113794349,3,0,0,14848,5,4452739252
11177,98034320,16216198,114250518,6,0,0,64512,2,8518052727
11178,98036090,16068533,114104623,4,0,0,10240,9,9292471473
11179,98036911,15714587,113751498,8,0,0,33280,14,1920903958
11180,98037630,16568720,114606350,9,0,0,17920,1,3971363453
11181,98040440,15796559,113836999,2,0,0,7168,3,1454094238
11182,98042080,15820515,113862595,3,0,0,2560,5,4847422993
11183,98059020,15928292,113987312,0,0,0,54272,19,2425218983
11184,98071950,16028883,114100833,5,0,0,90112,9,2845785063
11185,98074490,15983119,114057609,2,0,0,37888,3,5095180054
11186,98084460,15913841,113998301,2,0,0,35840,3,10363548786
11187,98090820,15929523,114020343,0,0,0,8192,19,8421697046
11188,98112710,35300658,133413368,6,0,1,8192,2,2642894037
11189,98129630,35283761,133413391,1,0,1,5120,13,9596523682
11190,98133370,35328791,133462161,9,0,1,12288,1,2513627470
11191,98138170,35377383,133515553,9,0,1,5632,1,2103170360
11192,98142130,15985466,114127596,5,0,0,10240,9,5499982496
11193,98143060,35372516,133515576,8,0,1,2560,14,7140673501
11194,98147870,16065530,114213400,6,0,0,2048,2,445593452
11195,98163240,15961213,114124453,5,0,0,22528,9,9066070271
11196,98167500,16256195,114423695,6,0,0,27648,2,6117398232
11197,98190770,16535734,114726504,5,0,0,24576,9,9232525433
11198,98192050,15881304,114073354,9,0,0,17408,1,1088535142
11199,98196140,16167859,114363999,6,0,0,1024,2,4708389699
11200,98197060,16107165,114304225,5,0,0,20480,9,1323930885
11201,98219719,16102868,114322587,1,0,0,37376,13,9044439876
11202,98219990,15942684,114162674,9,0,0,13824,1,1725271680
11203,98227430,35288169,133515599,9,0,1,12800,1,708749980
11204,98248660,35453642,133702302,4,0,1,2048,9,2892177925
11205,98269410,16547486,114816896,2,0,0,10240,3,8484465797
11206,98293880,15982858,114276738,2,0,0,54784,3,3171001068
11207,98300251,16452422,114752673,8,0,0,15360,14,1690923423
11208,98300670,16155088,114455758,4,0,0,17920,9,10587438193
11209,98307730,16211562,114519292,0,0,0,37888,19,1140905757
11210,98311329,16565789,114877118,1,0,0,5120,13,8177541240
11211,98312720,16091610,114404330,6,0,0,30720,2,899783250
11212,98314781,16064042,114378823,8,0,0,3584,14,7273306894
11213,98319780,16209642,114529422,5,0,0,19456,9,5737147841
11214,98326700,16068247,114394947,4,0,0,39424,9,10102951449
11215,98338130,15777399,114115529,9,0,0,3584,1,8316920027
11216,98341730,15717352,114059082,5,0,0,4608,9,5634703361
11217,98344990,15829241,114174231,3,0,0,23040,5,7118998561
11218,98388890,16529620,114918510,6,0,0,26624,2,4727613308
11219,98401570,16013537,114415107,0,0,0,14848,19,6868378898
11220,98428931,16434649,114863580,8,0,0,13824,14,2581368502
11221,98431070,15670410,114101480,0,0,0,2048,19,2721475776
11222,98431330,16348728,114780058,4,0,0,38400,9,5807858380
11223,98431350,16316620,114747970,0,0,0,45568,19,150314953
11224,98439920,16160939,114600859,0,0,0,14336,19,4000133817
11225,98441850,15903203,114345053,2,0,0,2560,3,10273930739
11226,98447921,16184063,114631984,8,0,0,12288,14,6231945221
11227,98456620,15967410,114424030,4,0,0,1024,9,1203517368
11228,98461520,15979131,114440651,6,0,0,7680,2,9685391581
11229,98467100,35277737,133744837,2,0,1,16896,3,9622628450
11230,98471290,35275173,133746463,5,0,1,2560,9,4844390748
11231,98484080,15957062,114441142,7,0,0,1536,1,7285736503
11232,98490180,15982828,114473008,2,0,0,6656,3,9316183920
11233,98495289,35298399,133793688,1,0,1,2560,13,9800120851
11234,98507630,16628301,115135931,3,0,0,32768,5,7293334195
11235,98541210,15738515,114279725,6,0,0,9728,2,211657097
11236,98547080,16207184,114754264,6,0,0,5120,2,3629023717
11237,98555991,16036063,114592054,8,0,0,13824,14,2945302052
11238,98561541,16363388,114924929,8,0,0,20992,14,8687722680
11239,98562830,15861691,114424521,3,0,0,1536,5,3396278693
11240,98565400,35269159,133834559,2,0,1,13312,3,9393914349
11241,98571090,35319403,133890493,4,0,1,1536,9,1252167396
11242,98581670,16665875,115247545,5,0,0,50688,9,306916434
11243,98582480,15971978,114554458,9,0,0,40960,1,8949660498
11244,98585999,15955637,114541636,1,0,0,10240,13,7322593561
11245,98631960,15964485,114596445,2,0,0,14336,3,3174160704
11246,98648970,15889523,114538493,5,0,0,29696,9,254637379
11247,98661070,16697610,115358680,3,0,0,18944,5,5890452237
11248,98664660,35349890,134014550,8,0,1,17920,14,2562741263
11249,98677270,15987312,114664582,0,0,0,40960,19,1928939848
11250,98679291,15877292,114556583,8,0,0,5632,14,6009567946
11251,98680610,15993511,114674121,2,0,0,31232,3,6081020170
11252,98720290,16285052,115005342,2,0,0,52736,3,2250875296
11253,98723750,15956790,114680540,0,0,0,20992,19,7486102915
11254,98728140,16776004,115504144,4,0,0,34816,9,10193011019
11255,98733550,15734982,114468532,3,0,0,2048,5,6908849546
11256,98733920,16456101,115190021,4,0,0,56832,9,2946484652
11257,98743820,16344377,115088197,3,0,0,80384,5,6107724729
11258,98762630,15816110,114578740,3,0,0,17408,5,6119372294
11259,98770230,16633440,115403670,5,0,0,21504,9,10724082727
11260,98779940,16468876,115248816,0,0,0,4096,19,951400727
11261,98783380,16025108,114808488,2,0,0,19968,3,217363231
11262,98790750,35227429,134018179,4,0,1,4608,9,9545215406
11263,98803040,16080801,114883841,5,0,0,2048,9,2121477668
11264,98807640,16484263,115291903,4,0,0,3584,9,479129746
11265,98812590,16096666,114909256,5,0,0,2560,9,7858533896
11266,98822290,16810689,115632979,9,0,0,72192,1,4471329325
11267,98823830,16381970,115205800,3,0,0,51712,5,7906315546
11268,98827850,16451535,115279385,0,0,0,21504,19,5845779015
11269,98828230,15810360,114638590,2,0,0,9216,3,6792228068
11270,98838960,35181813,134020773,8,0,1,3584,14,2525750917
11271,98847080,16853897,115700977,2,0,0,17920,3,9849739542
11272,98862380,16394126,115256506,0,0,0,6656,19,5951771183
11273,98864390,16238673,115103063,4,0,0,46592,9,2707517556
11274,98900359,16754194,115654553,1,0,0,70656,13,2585712604
11275,98918911,16335544,115254455,8,0,0,18432,14,2173853
11276,98919630,16287753,115207383,2,0,0,5120,3,5447196333
11277,98930580,16560258,115490838,9,0,0,96768,1,2321535114
11278,98947040,16178884,115125924,9,0,0,26112,1,9953602428
11279,98964430,16153515,115117945,6,0,0,32256,2,2010235424
11280,98965890,16380077,115345967,9,0,0,38400,1,4648626658
11281,98973400,35121594,134094994,9,0,1,2048,1,4940442503
11282,98975021,16133065,115108086,8,0,0,16384,14,712865978
11283,98975050,35119967,134095017,5,0,1,512,9,7913121702
11284,98984010,16060332,115044342,4,0,0,18944,9,10507686562
11285,98985871,16842288,115828159,8,0,0,43008,14,5253834961
11286,98986310,35108738,134095048,9,0,1,7168,1,7523571927
11287,99006390,35089308,134095698,5,0,1,5120,9,4604521582
11288,99010880,16283920,115294800,0,0,0,3072,19,8831881248
11289,99013960,16593999,115607959,0,0,0,6144,19,4384695790
11290,99023480,35076084,134099564,9,0,1,6144,1,3374337112
11291,99033631,16838162,115871793,8,0,0,8704,14,3330910713
11292,99044440,35060702,134105142,5,0,1,1536,9,2389706510
11293,99045600,16556712,115602312,9,0,0,9216,1,328653887
11294,99049089,16303796,115352885,1,0,0,19968,13,7906162336
11295,99076230,16317745,115393975,5,0,0,10240,9,7561425531
11296,99080320,16832937,115913257,6,0,0,1024,2,9666554682
11297,99094660,16136690,115231350,3,0,0,20480,5,2886095506
11298,99094699,35042734,134137433,1,0,1,512,13,9223171199
11299,99104120,35035259,134139379,5,0,1,3072,9,1292216068
11300,99114940,15810168,114925108,9,0,0,512,1,8031089123
11301,99116380,16243579,115359959,4,0,0,4096,9,6880507818
11302,99117600,16861183,115978783,2,0,0,9216,3,5568239915
11303,99118540,16228238,115346778,4,0,0,2560,9,10419716568
11304,99123240,16416931,115540171,3,0,0,12288,5,2295289252
11305,99140360,16700325,115840685,5,0,0,8192,9,1422178425
11306,99162670,16141130,115303800,6,0,0,22528,2,9343254842
11307,99171200,16101610,115272810,5,0,0,37888,9,114938161
11308,99174550,34967095,134141645,5,0,1,3584,9,10119403934
11309,99179100,16187278,115366378,6,0,0,20992,2,2103837251
11310,99188370,16305143,115493513,6,0,0,8704,2,1309684781
11311,99197190,34954143,134151333,4,0,1,4096,9,7733746398
11312,99197210,16387043,115584253,5,0,0,4608,9,6864026556
11313,99200401,15888443,115088844,8,0,0,2048,14,465557131
11314,99207600,16126644,115334244,6,0,0,11264,2,1788018377
11315,99218260,16530712,115748972,5,0,0,60928,9,6987868883
11316,99227620,16197133,115424753,3,0,0,69120,5,7854434388
11317,99237180,16458314,115695494,3,0,0,22016,5,942525303
11318,99242320,16318419,115560739,4,0,0,9216,9,4820323248
11319,99248010,16213321,115461331,0,0,0,35840,19,3158700908
11320,99253440,16265079,115518519,5,0,0,47104,9,4194561382
11321,99255300,16559394,115814694,4,0,0,10240,9,5916343797
11322,99255779,16182436,115438215,1,0,0,41472,13,6942642416
11323,99258090,34897429,134155519,9,0,1,6656,1,10003347353
11324,99258390,16261122,115519512,3,0,0,2048,5,5550315980
11325,99267520,34942391,134209911,4,0,1,512,9,2771806013
11326,99269280,16706672,115975952,5,0,0,13312,9,7586771980
11327,99282970,16142586,115425556,2,0,0,2560,3,6251551775
11328,99286010,34924878,134210888,9,0,1,2048,1,6977619696
11329,99287909,16158637,115446546,1,0,0,13312,13,5119853891
11330,99303030,34929385,134232415,5,0,1,10240,9,2786901512
11331,99311290,34943412,134254702,9,0,1,1536,1,6624232067
11332,99315860,16613382,115929242,4,0,0,27648,9,582073316
11333,99318191,16452446,115770637,8,0,0,47104,14,1593542044
11334,99325900,16835215,116161115,3,0,0,27136,5,10175488461
11335,99348671,16340092,115688763,8,0,0,112128,14,1670885781
11336,99363200,16703656,116066856,6,0,0,2048,2,4540004643
11337,99383160,16768655,116151815,3,0,0,73728,5,2129277925
11338,99396680,16193315,115589995,4,0,0,7680,9,6913334760
11339,99420770,16625949,116046719,9,0,0,48640,1,7243659733
11340,99427250,34991706,134418956,9,0,1,17920,1,5461801204
11341,99427560,16276404,115703964,3,0,0,9728,5,6094785740
11342,99430009,16453417,115883426,1,0,0,18432,13,8973032122
11343,99432890,35081585,134514475,8,0,1,7168,14,4576335262
11344,99447140,35079840,134526980,4,0,1,12800,9,2425055678
11345,99452750,16743291,116196041,9,0,0,31232,1,7791981032
11346,99455210,16390201,115845411,9,0,0,4608,1,9704545679
11347,99464670,16373496,115838166,0,0,0,32768,19,4319632322
11348,99464990,16661729,116126719,0,0,0,21504,19,4984916200
11349,99471620,16594558,116066178,3,0,0,30208,5,7315333217
11350,99479509,35070151,134549660,1,0,1,10240,13,4987527285
11351,99488980,16784275,116273255,0,0,0,14848,19,10247430142
11352,99538790,16305194,115843984,5,0,0,10752,9,3445561674
11353,99541530,16409136,115950666,6,0,0,69632,2,919030876
11354,99546350,35043942,134590292,5,0,1,512,9,2183180622
11355,99554250,35266616,134820866,9,0,1,104448,1,10468689951
11356,99563370,16402919,115966289,3,0,0,51200,5,8858822240
11357,99565989,16245562,115811551,1,0,0,10752,13,1341458315
11358,99572181,16340741,115912922,8,0,0,3584,14,6681891655
11359,99590290,16466592,116056882,5,0,0,33280,9,7343140533
11360,99592260,35228629,134820889,9,0,1,2048,1,1720542085
11361,99609340,16895931,116505271,6,0,0,40448,2,9593196451
11362,99611099,35365229,134976328,1,0,1,15360,13,10092148323
11363,99617450,35363278,134980728,5,0,1,5632,9,10232996373
11364,99618060,16817537,116435597,5,0,0,37376,9,3591620557
11365,99626530,16129732,115756262,5,0,0,11776,9,8155035683
11366,99630070,16401182,116031252,9,0,0,55296,1,333738576
11367,99634440,35933175,135567615,5,0,1,281088,9,6413883548
11368,99640169,16391574,116031743,1,0,0,1536,13,2908870835
11369,99647370,35920268,135567638,6,0,1,6656,2,569823711
11370,99657180,16355306,116012486,0,0,0,15360,19,10579476849
11371,99661810,16987293,116649103,0,0,0,6144,19,1241720829
11372,99683390,17577327,117260717,9,0,0,39424,1,10040911826
11373,99695900,35886048,135581948,8,0,1,1536,14,10249061420
11374,99698370,16273425,115971795,2,0,0,7168,3,364931991
11375,99699240,16880231,116579471,0,0,0,19456,19,7996208372
11376,99720010,16670906,116390916,3,0,0,20992,5,2963310124
11377,99727380,16265174,115992554,5,0,0,17920,9,8336871994
11378,99737020,35930191,135667211,4,0,1,35840,9,6933867405
11379,99744640,16224948,115969588,5,0,0,10752,9,752414012
11380,99748200,35921709,135669909,8,0,1,14336,14,8900266890
11381,99757280,16814501,116571781,6,0,0,512,2,4007474667
11382,99759821,16634082,116393903,8,0,0,9728,14,9873606370
11383,99762950,35906982,135669932,5,0,1,28672,9,938649703
11384,99769830,35909401,135679231,8,0,1,1536,14,10003392930
11385,99787600,16332544,116120144,2,0,0,4608,3,8718359681
11386,99793390,16220991,116014381,2,0,0,6144,3,4144889361
11387,99804670,35896763,135701433,4,0,1,3584,9,3034475943
11388,99813170,16871019,116684189,0,0,0,4096,19,4910107421
11389,99824630,35893607,135718237,3,0,1,5632,5,8178432747
11390,99834400,16711122,116545522,2,0,0,5120,3,9277138363
11391,99834620,35895859,135730479,3,0,1,5632,5,819842154
11392,99843790,36650100,136493890,5,0,1,388608,9,10477624406
11393,99843850,16354866,116198716,0,0,0,8704,19,8326726668
11394,99859470,16497514,116356984,2,0,0,6144,3,9021409343
11395,99862280,17510187,117372467,2,0,0,16896,3,3076590568
11396,99867030,16397330,116264360,9,0,0,4608,1,7034425206
11397,99868520,36626548,136495068,8,0,1,13824,14,1863641242
11398,99872240,16309320,116181560,2,0,0,17408,3,6860268127
11399,99879390,36635533,136514923,4,0,1,7168,9,6008488064
11400,99879399,36681728,136561127,1,0,1,6144,13,5652945422
11401,99881931,16884824,116766755,8,0,0,47104,14,2582635969
11402,99908320,17302864,117211184,0,0,0,28160,19,3352751353
11403,99911290,16311517,116222807,0,0,0,512,19,2863258392
11404,99921960,36645908,136567868,2,0,1,8192,3,4199513264
11405,99922920,16862089,116785009,3,0,0,57856,5,9413225422
11406,99928170,16481629,116409799,6,0,0,26112,2,7607224616
11407,99928710,16233676,116162386,3,0,0,4096,5,5076135968
11408,99929089,16425926,116355015,1,0,0,25600,13,8063671467
11409,99940110,16303052,116243162,3,0,0,11776,5,244789143
11410,99952470,16371147,116323617,2,0,0,2048,3,9332902729
11411,99955330,16367640,116322970,2,0,0,18432,3,6041620801
11412,99999700,16317631,116317331,6,0,0,25088,2,2088069263
11413,100001230,16103266,116104496,2,0,0,8704,3,10443131772
11414,100009541,16509527,116519068,8,0,0,10240,14,319711063
11415,100015950,16499975,116515925,2,0,0,34816,3,7340646285
11416,100015981,16354714,116370695,8,0,0,38912,14,2398298495
11417,100016090,16444469,116460559,0,0,0,4608,19,7171278293
11418,100018120,16185025,116203145,0,0,0,7680,19,9329728519
11419,100019930,36547961,136567891,3,0,1,10240,5,18564648
11420,100022360,16391327,116413687,9,0,0,3584,1,5960060222
11421,100027430,16206529,116233959,0,0,0,3584,19,1908905935
11422,100062960,16273160,116336120,3,0,0,25600,5,665540937
11423,100064410,16751733,116816143,5,0,0,7680,9,934009567
11424,100069170,16598182,116667352,3,0,0,38400,5,3089895222
11425,100074270,16218485,116292755,0,0,0,25088,19,980401810
11426,100078120,16190475,116268595,2,0,0,13824,3,3401305163
11427,100082079,16589820,116671899,1,0,0,14848,13,8513860152
11428,100085230,36563810,136649040,8,0,1,17920,14,1599243143
11429,100088130,17037909,117126039,4,0,0,14848,9,9359442127
11430,100092300,16519508,116611808,4,0,0,19968,9,1289723280
11431,100093031,16520935,116613966,8,0,0,3584,14,8029534240
11432,100098320,16610518,116708838,3,0,0,13312,5,7757590459
11433,100103970,16731971,116835941,9,0,0,20992,1,5504872203
11434,100109700,16837210,116946910,5,0,0,160256,9,3581389481
11435,100165331,16711802,116877133,8,0,0,4608,14,6562700207
11436,100169700,36480006,136649706,2,0,1,1024,3,7873179801
11437,100169940,16230694,116400634,2,0,0,22016,3,8964633073
11438,100174810,16723249,116898059,4,0,0,27136,9,9641556190
11439,100178060,16504358,116682418,2,0,0,1024,3,6340005238
11440,100186180,16357759,116543939,9,0,0,20480,1,5025289819
11441,100187340,16760404,116947744,9,0,0,2560,1,8950950064
11442,100190590,36459680,136650270,5,0,1,10752,9,8105000641
11443,100197269,16204012,116401281,1,0,0,2048,13,5650242959
11444,100215750,17064615,117280365,6,0,0,23040,2,6563959771
11445,100252861,16232866,116485727,8,0,0,20992,14,3935580788
11446,100254839,36458097,136712936,1,0,1,2048,13,3317215699
11447,100295151,16292634,116587785,8,0,0,26112,14,8415511185
11448,100303279,16343612,116646891,1,0,0,1536,13,8423076305
11449,100317180,17211165,117528345,3,0,0,46592,5,853873349
11450,100322560,16208179,116530739,0,0,0,10752,19,6139406083
11451,100329230,16386305,116715535,9,0,0,11776,1,9160150872
11452,100330800,16510515,116841315,9,0,0,12288,1,9496342994
11453,100330960,36415674,136746634,5,0,1,34816,9,9056689056
11454,100331410,16373349,116704759,0,0,0,6656,19,2951986756
11455,100332630,17096483,117429113,4,0,0,104448,9,2286812515
11456,100348480,36441052,136789532,9,0,1,19968,1,3837664682
11457,100374361,16972639,117347000,8,0,0,6656,14,7543902183
11458,100391440,16596541,116987981,9,0,0,76800,1,8115492356
11459,100395120,16937942,117333062,5,0,0,15360,9,4845842163
11460,100403780,17601630,118005410,0,0,0,55296,19,5529854683
11461,100407029,16172777,116579806,1,0,0,1024,13,5409868118
11462,100424520,16286415,116710935,9,0,0,6656,1,10051271213
11463,100426760,17014435,117441195,3,0,0,30720,5,1197600901
11464,100433160,16354992,116788152,9,0,0,10240,1,4127752176
11465,100461130,16645968,117107098,5,0,0,37376,9,10183840574
11466,100462460,16487023,116949483,3,0,0,5632,5,7856651461
11467,100462670,16335933,116798603,5,0,0,20992,9,1028099152
11468,100482240,16742851,117225091,4,0,0,45568,9,551679545
11469,100497890,16490426,116988316,0,0,0,1024,19,5917261051
11470,100502131,16186505,116688636,8,0,0,512,14,4866328125
11471,100510290,16834659,117344949,3,0,0,38912,5,7992000091
11472,100526090,16802269,117328359,9,0,0,37376,1,8871338975
11473,100528469,36261086,136789555,1,0,1,512,13,8373745634
11474,100535869,17231158,117767027,1,0,0,11776,13,10289417746
11475,100561950,16699570,117261520,2,0,0,2560,3,7684823977
11476,100564430,36225148,136789578,4,0,1,6144,9,7877761219
11477,100578480,17510038,118088518,0,0,0,35840,19,726020303
11478,100586740,16278259,116864999,2,0,0,23040,3,2774698625
11479,100588229,36201372,136789601,1,0,1,512,13,7955214099
11480,100597170,16119324,116716494,5,0,0,3072,9,8427732395
11481,100613269,16445117,117058386,1,0,0,51200,13,7578502930
11482,100615150,17322943,117938093,5,0,0,15360,9,4498286850
11483,100634210,17013547,117647757,2,0,0,28672,3,3418377413
11484,100634501,16879625,117514126,8,0,0,16896,14,8685147073
11485,100650859,16858096,117508955,1,0,0,97280,13,95059467
11486,100651850,16443837,117095687,5,0,0,36864,9,7973103688
11487,100670000,16442113,117112113,2,0,0,16384,3,1773845287
11488,100683130,17353267,118036397,6,0,0,45568,2,7044591104
11489,100707380,16023488,116730868,5,0,0,7680,9,3404568169
11490,100712360,16452321,117164681,5,0,0,9216,9,9197086843
11491,100715270,17425627,118140897,9,0,0,1024,1,777169685
11492,100727980,36061644,136789624,6,0,1,22016,2,6003001673
11493,100730450,16346182,117076632,5,0,0,4096,9,2499929140
11494,100742170,36066186,136808356,8,0,1,5632,14,4111025967
11495,100747249,36152672,136899921,1,0,1,34816,13,6253658623
11496,100754860,17193211,117948071,5,0,0,18944,9,8929642777
11497,100763240,16679382,117442622,9,0,0,4608,1,3507434848
11498,100767740,16808585,117576325,9,0,0,23552,1,2206376737
11499,100771950,16231282,117003232,3,0,0,9216,5,1655646670
11500,100779650,16531562,117311212,4,0,0,30208,9,491250160
11501,100784000,17384586,118168586,4,0,0,50176,9,1250999454
11502,100786740,16917275,117704015,5,0,0,14336,9,2891682656
11503,100786790,36560164,137346954,9,0,1,187392,1,4188529078
11504,100812950,17511231,118324181,4,0,0,50176,9,9093824707
11505,100819080,16130738,116949818,2,0,0,1024,3,7060787659
11506,100828340,16473622,117301962,0,0,0,51200,19,4682270047
11507,100844910,36502067,137346977,8,0,1,512,14,7208175826
11508,100863010,36489941,137352951,5,0,1,24064,9,3620834095
11509,100863300,17062750,117926050,5,0,0,13824,9,2718930131
11510,100880869,17292108,118172977,1,0,0,14336,13,8046263559
11511,100928310,16386669,117314979,2,0,0,12288,3,10036974973
11512,100932780,16660685,117593465,0,0,0,30720,19,7807235922
11513,100948270,36404704,137352974,3,0,1,7680,5,1061550112
11514,100960741,16491162,117451903,8,0,0,30208,14,557535739
11515,100972950,16263803,117236753,5,0,0,9728,9,1485546880
11516,100976179,16493687,117469866,1,0,0,58880,13,8875384662
11517,100979950,17251903,118231853,3,0,0,14336,5,9525141230
11518,100989830,16691622,117681452,9,0,0,10752,1,7140237190
11519,101001610,17495744,118497354,5,0,0,12288,9,9091242977
11520,101001810,16812928,117814738,2,0,0,38912,3,9332056015
11521,101011280,16530706,117541986,4,0,0,43520,9,1636384416
11522,101016430,36367848,137384278,3,0,1,4096,5,1708594243
11523,101022190,17261574,118283764,9,0,0,85504,1,2798333174
11524,101039470,16246869,117286339,2,0,0,19456,3,10003687488
11525,101061281,16616872,117678153,8,0,0,19968,14,2077103886
11526,101070600,16710317,117780917,2,0,0,28672,3,9992927577
11527,101070730,16585069,117655799,2,0,0,13312,3,3656428445
11528,101072260,16904065,117976325,2,0,0,52736,3,10716054833
11529,101074429,36310515,137384944,1,0,1,1024,13,9633500841
11530,101076529,36309081,137385610,1,0,1,1024,13,6152817339
11531,101076730,16612404,117689134,7,0,0,2560,1,10197153692
11532,101079960,16796435,117876395,4,0,0,8192,9,9868337239
11533,101081171,16285230,117366401,8,0,0,3584,14,2069874291
11534,101082650,17202385,118285035,4,0,0,4096,9,8989591747
11535,101098761,17280955,118379716,8,0,0,28672,14,3961016553
11536,101107480,16674396,117781876,5,0,0,3072,9,7650282928
11537,101110310,17536160,118646470,7,0,0,42496,1,3072128497
11538,101110730,16266817,117377547,4,0,0,12288,9,9860019684
11539,101118020,16959555,118077575,9,0,0,51200,1,9320449133
11540,101127861,16767752,117895613,8,0,0,512,14,2463025064
11541,101130040,16478943,117608983,7,0,0,3584,1,6736478545
11542,101132920,16905083,118038003,6,0,0,2560,2,10327818779
11543,101146100,16595595,117741695,6,0,0,14336,2,5720525799
11544,101148520,17595048,118743568,0,0,0,7168,19,4064623315
11545,101153130,16109037,117262167,3,0,0,2048,5,2664759475
11546,101171190,36297586,137468776,9,0,1,44544,1,7639297779
11547,101178080,17358930,118537010,6,0,0,34304,2,3418285018
11548,101196429,16475617,117672046,1,0,0,53248,13,4440792955
11549,101203890,17533457,118737347,7,0,0,1024,1,7180651519
11550,101211149,16220639,117431788,1,0,0,8704,13,788567909
11551,101223999,16867046,118091045,1,0,0,8192,13,4506600063
11552,101258610,16528859,117787469,3,0,0,7168,5,5428872177
11553,101259880,17406205,118666085,2,0,0,10240,3,2843507225
11554,101266750,17358189,118624939,9,0,0,36864,1,4806976984
11555,101277300,17447897,118725197,7,0,0,37888,1,10050828239
11556,101292780,36201203,137493983,8,0,1,19456,14,2919166318
11557,101293300,17794411,119087711,4,0,0,41472,9,9379535088
11558,101298720,16330833,117629553,7,0,0,12288,1,3833491235
11559,101303700,16225003,117528703,0,0,0,1024,19,4894802776
11560,101313590,17313244,118626834,3,0,0,6144,5,9655171850
11561,101319380,16481020,117800400,4,0,0,30720,9,3998189929
11562,101328020,16498909,117826929,3,0,0,39936,5,5254065188
11563,101331790,17856248,119188038,4,0,0,25088,9,8393999595
11564,101343710,16214704,117558414,3,0,0,6144,5,2855402128
11565,101365420,36612090,137977510,9,0,1,274944,1,1452849354
11566,101365910,16830070,118195980,5,0,0,13824,9,1205805722
11567,101370091,16609221,117979312,8,0,0,9728,14,3189524666
11568,101371380,16319509,117690889,0,0,0,4096,19,2173605439
11569,101372820,36604713,137977533,8,0,1,3584,14,8534980513
11570,101373410,36604146,137977556,4,0,1,2048,9,10616147222
11571,101391310,16852326,118243636,5,0,0,12288,9,1808477241
11572,101402350,16634850,118037200,2,0,0,2560,3,1680472112
11573,101413290,16270213,117683503,5,0,0,6656,9,1718507462
11574,101423680,17069907,118493587,5,0,0,17408,9,6269450154
11575,101424370,16469137,117893507,6,0,0,11264,2,4241556457
11576,101447690,36529889,137977579,3,0,1,2048,5,7490892242
11577,101450340,36537269,137987609,2,0,1,13312,3,9911271858
11578,101461050,16764826,118225876,3,0,0,3584,5,1372621491
11579,101462260,16526279,117988539,6,0,0,30208,2,5163355000
11580,101465950,16540887,118006837,2,0,0,4608,3,6508104962
11581,101466490,16686785,118153275,7,0,0,19456,1,9255090069
11582,101467239,17797628,119264867,1,0,0,5632,13,7431436025
11583,101477460,17504226,118981686,6,0,0,74752,2,3001188573
11584,101484169,18118880,119603049,1,0,0,87552,13,9750970167
11585,101490950,36496682,137987632,8,0,1,7680,14,5734519200
11586,101502730,16637832,118140562,5,0,0,84480,9,5489248074
11587,101510330,16423060,117933390,7,0,0,17408,1,109758316
11588,101521050,17997234,119518284,0,0,0,72704,19,3867033716
11589,101533130,16511462,118044592,9,0,0,16384,1,8361200053
11590,101540730,36780737,138321467,9,0,1,219136,1,1607687199
11591,101543540,17837973,119381513,2,0,0,110080,3,1261184929
11592,101545970,36775520,138321490,4,0,1,2048,9,1373034620
11593,101552649,16562150,118114799,1,0,0,19456,13,9884556815
11594,101564460,16613844,118178304,5,0,0,17408,9,8068744655
11595,101564470,16647283,118211753,4,0,0,18944,9,82722310
11596,101566660,16202574,117769234,4,0,0,7168,9,3680650670
11597,101566881,16340383,117907264,8,0,0,11776,14,10520946733
11598,101572670,16435758,118008428,4,0,0,5120,9,1619517827
11599,101579510,16634450,118213960,6,0,0,7168,2,6976994123
11600,101581970,16804789,118386759,3,0,0,23040,5,4096615449
11601,101621049,16836726,118457775,1,0,0,16384,13,7216114245
11602,101646530,16460217,118106747,2,0,0,4608,3,8572039873
11603,101679790,17198813,118878603,0,0,0,24064,19,9011731220
11604,101685379,18247311,119932690,1,0,0,19968,13,3356445125
11605,101692200,16640948,118333148,7,0,0,23040,1,3673283504
11606,101699801,16447523,118147324,8,0,0,20992,14,5812061076
11607,101725129,16175229,117900358,1,0,0,5120,13,1370703605
11608,101747760,16203610,117951370,4,0,0,10752,9,3565285959
11609,101750990,36570523,138321513,3,0,1,1536,5,4798839439
11610,101760580,16664773,118425353,5,0,0,5632,9,2204880812
11611,101765470,17346121,119111591,0,0,0,11776,19,8281634065
11612,101770729,17854454,119625183,1,0,0,17408,13,1898662117
11613,101805250,16419511,118224761,7,0,0,18944,1,9061428553
11614,101810521,16480646,118291167,8,0,0,4096,14,3375179856
11615,101812590,16675670,118488260,0,0,0,35840,19,4892522600
11616,101821070,36522953,138344023,3,0,1,6656,5,10014482620
11617,101840560,36503486,138344046,7,0,1,1536,1,6816723126
11618,101864750,36485894,138350644,8,0,1,6144,14,4534694682
11619,101930580,16727145,118657725,3,0,0,36864,5,8896677004
11620,101954440,36396227,138350667,4,0,1,9216,9,3823219444
11621,101957071,17134407,119091478,8,0,0,12288,14,6098937372
11622,101958390,17710638,119669028,3,0,0,5632,5,9187452894
11623,101958791,16640951,118599742,8,0,0,20992,14,10508570886
11624,101968110,16397208,118365318,7,0,0,28160,1,4605181550
11625,101973210,36377971,138351181,5,0,1,2048,9,3739277961
11626,101979940,16472820,118452760,5,0,0,46080,9,899279874
11627,101980269,16596881,118577150,1,0,0,18944,13,5356408960
11628,101982921,16729635,118712556,8,0,0,20992,14,4390635132
11629,101991910,17334597,119326507,4,0,0,26112,9,1677858525
11630,101997900,16553311,118551211,5,0,0,9728,9,2203082869
11631,102011670,16376984,118388654,2,0,0,6144,3,311814020
11632,102014511,16615310,118629821,8,0,0,9728,14,5568929366
11633,102027620,36323592,138351212,4,0,1,14848,9,5472982555
11634,102040420,16781041,118821461,2,0,0,3072,3,3614075953
11635,102043100,36604881,138647981,9,0,1,230912,1,9604917663
11636,102045870,16429174,118475044,0,0,0,11776,19,9379018246
11637,102054910,36630100,138685010,2,0,1,2048,3,6090879284
11638,102069820,16456715,118526535,6,0,0,33280,2,8405899592
11639,102073860,17102519,119176379,6,0,0,37888,2,9961634583
11640,102081249,16289708,118370957,1,0,0,18432,13,6923950141
11641,102094490,17296250,119390740,7,0,0,30208,1,1691549469
11642,102098670,36603351,138702021,7,0,1,29696,1,2556312807
11643,102099610,16324004,118423614,5,0,0,38912,9,6953766024
11644,102118340,16512596,118630936,5,0,0,3584,9,3388397483
11645,102119170,16558602,118677772,7,0,0,13824,1,9631121462
11646,102124360,36588791,138713151,2,0,1,4096,3,2771625203
11647,102125090,16306296,118431386,6,0,0,1536,2,7468636066
11648,102144280,16516588,118660868,2,0,0,10240,3,4665091935
11649,102151970,16259600,118411570,5,0,0,14848,9,6797785308
11650,102155729,16627899,118783628,1,0,0,13824,13,1846921582
11651,102167009,16167410,118334419,1,0,0,4096,13,193554996
11652,102171960,36696689,138868649,5,0,1,68608,9,3253655906
11653,102173420,36697495,138870915,8,0,1,3584,14,4504306914
11654,102175101,16622301,118797402,8,0,0,29184,14,6681362869
11655,102181040,36706168,138887208,2,0,1,7680,3,10297990890
11656,102192899,16500343,118693242,1,0,0,32256,13,9964678592
11657,102200010,36790145,138990155,5,0,1,35840,9,5535948954
11658,102214660,36775518,138990178,8,0,1,14336,14,6783928637
11659,102223461,16735426,118958887,8,0,0,61440,14,7447187245
11660,102227340,17586714,119814054,5,0,0,36864,9,8004827066
11661,102234300,36804562,139038862,3,0,1,5632,5,9886855176
11662,102239971,16969198,119209169,8,0,0,13312,14,6408316944
11663,102260909,16673261,118934170,1,0,0,182272,13,3513250448
11664,102262010,36780718,139042728,3,0,1,6144,5,4631170748
11665,102278470,17728870,120007340,5,0,0,15872,9,1764336881
11666,102281439,16712165,118993604,1,0,0,38912,13,6951687371
11667,102300330,17143289,119443619,0,0,0,3072,19,6453566995
11668,102310899,16494358,118805257,1,0,0,18432,13,482220361
11669,102322171,16980266,119302437,8,0,0,38912,14,10159983123
11670,102335880,16604241,118940121,7,0,0,19456,1,4940441814
11671,102340980,16676896,119017876,5,0,0,15872,9,532236328
11672,102357430,17434922,119792352,6,0,0,7680,2,10644581385
11673,102391670,16222014,118613684,0,0,0,6656,19,9438360991
11674,102392510,16648945,119041455,5,0,0,77312,9,8298037861
11675,102407090,16911438,119318528,6,0,0,52736,2,9862292836
11676,102409069,16729402,119138471,1,0,0,21504,13,5890741844
11677,102414190,16598827,119013017,9,0,0,62976,1,6030443337
11678,102417650,17705863,120123513,0,0,0,82944,19,4203487972
11679,102418380,36625654,139044034,7,0,1,2048,1,8789611933
11680,102419080,17105779,119524859,3,0,0,21504,5,2905423831
11681,102419480,16672177,119091657,0,0,0,512,19,557401780
11682,102422040,16366447,118788487,4,0,0,15872,9,1717915462
11683,102430020,36615640,139045660,7,0,1,2560,1,3480508259
11684,102431170,16621573,119052743,0,0,0,3072,19,10636764448
11685,102444180,16612955,119057135,3,0,0,6656,5,1919431386
11686,102446690,16680508,119127198,6,0,0,10240,2,2521541052
11687,102457569,16410224,118867793,1,0,0,34816,13,2536919838
11688,102458110,17367097,119825207,4,0,0,11776,9,5802712885
11689,102458960,36591206,139050166,2,0,1,7168,3,9811603636
11690,102463630,16716741,119180371,2,0,0,5120,3,1712215224
11691,102467400,16603400,119070800,4,0,0,4096,9,6121444751
11692,102481390,17137484,119618874,6,0,0,50688,2,8476064104
11693,102494090,16796445,119290535,9,0,0,39424,1,1922766146
11694,102494990,36560439,139055429,7,0,1,2560,1,4099019179
11695,102503460,36551992,139055452,2,0,1,5632,3,8221949520
11696,102509480,16724384,119233864,2,0,0,61440,3,5172102696
11697,102512750,16926098,119438848,7,0,0,31232,1,3696065818
11698,102567550,17403007,119970557,5,0,0,28160,9,678757688
11699,102583979,36472985,139056964,1,0,1,2560,13,6916344698
11700,102598661,16272587,118871248,8,0,0,11264,14,6367123042
11701,102615869,17048526,119664395,1,0,0,41984,13,8848566621
11702,102617950,36456115,139074065,2,0,1,5632,3,6220252984
11703,102621890,17298430,119920320,5,0,0,122368,9,9957381005
11704,102637060,17450340,120087400,7,0,0,96256,1,5831888683
11705,102639400,36434688,139074088,3,0,1,9216,5,1886611505
11706,102645240,16348543,118993783,4,0,0,512,9,6564326594
11707,102670201,17062891,119733092,8,0,0,2048,14,4618060660
11708,102686699,17558796,120245495,1,0,0,10240,13,10509326897
11709,102687790,16548719,119236509,5,0,0,5120,9,2769509762
11710,102689570,17304776,119994346,0,0,0,26624,19,7935164114
11711,102694910,16348752,119043662,3,0,0,7168,5,5379046729
11712,102701480,36372631,139074111,8,0,1,7168,14,5207273352
11713,102703300,36461785,139165085,0,0,1,52736,19,4081343360
11714,102707420,16631286,119338706,7,0,0,39936,1,872843771
11715,102708810,17876747,120585557,7,0,0,68608,1,2201090552
11716,102713500,17248454,119961954,0,0,0,18432,19,284906925
11717,102720180,36645500,139365680,9,0,1,137216,1,10460114899
11718,102738941,16439801,119178742,8,0,0,7680,14,5172910524
11719,102739200,17359010,120098210,0,0,0,35328,19,1867424183
11720,102757020,36610286,139367306,4,0,1,2560,9,3286075170
11721,102760470,36636128,139396598,2,0,1,8704,3,3604972235
11722,102764021,17057388,119821409,8,0,0,24064,14,9837200387
11723,102772440,17869048,120641488,5,0,0,34304,9,2902325795
11724,102777990,17005606,119783596,3,0,0,13312,5,6478696275
11725,102798089,16599717,119397806,1,0,0,9728,13,6596063453
11726,102811650,17386467,120198117,3,0,0,17920,5,8542606763
11727,102820930,16520006,119340936,3,0,0,7168,5,2721463184
11728,102823310,17133005,119956315,4,0,0,58368,9,261681225
11729,102826870,16792986,119619856,9,0,0,3072,1,549438853
11730,102835940,17090643,119926583,0,0,0,20480,19,4221428353
11731,102836490,16616655,119453145,6,0,0,3072,2,9636137624
11732,102851650,17421306,120272956,5,0,0,24576,9,5175108555
11733,102864519,17121684,119986203,1,0,0,41984,13,9023938293
11734,102864540,16694007,119558547,6,0,0,35328,2,7481577870
11735,102870430,16571093,119441523,9,0,0,8704,1,6053027118
11736,102870790,17362808,120233598,5,0,0,5632,9,8089248981
11737,102888310,16506509,119394819,9,0,0,13312,1,10640738144
11738,102925750,17932598,120858348,3,0,0,115712,5,8590330946
11739,102926100,17284917,120211017,9,0,0,15872,1,5709318389
11740,102948050,36449854,139397904,3,0,1,2048,5,6357007392
11741,102952810,16615068,119567878,0,0,0,25088,19,233967417
11742,102954350,17413685,120368035,6,0,0,29696,2,7166085639
11743,102959940,17701383,120661323,3,0,0,65024,5,7893761936
11744,102961801,17578817,120540618,8,0,0,35840,14,3183546839
11745,102968210,16806782,119774992,5,0,0,15872,9,10677097513
11746,102972250,17966016,120938266,2,0,0,35328,3,10206441980
11747,102973439,16659499,119632938,1,0,0,10240,13,3350043483
11748,102974171,17326549,120300720,8,0,0,27648,14,9566608857
11749,102979049,16842539,119821588,1,0,0,512,13,2951841508
11750,103002839,17329447,120332286,1,0,0,100352,13,1971690317
11751,103008531,16620219,119628750,8,0,0,5632,14,4044738550
11752,103009969,17196189,120206158,1,0,0,25600,13,302478399
11753,103025970,16806106,119832076,5,0,0,1024,9,4076375142
11754,103028470,36369780,139398250,3,0,1,512,5,6923997209
11755,103041711,17749567,120791278,8,0,0,20992,14,3714459670
11756,103047280,36352250,139399530,5,0,1,14336,9,5096296599
11757,103056390,17082457,120138847,7,0,0,46592,1,9006328315
11758,103056620,17548060,120604680,0,0,0,9728,19,2662548174
11759,103056960,18096755,121153715,9,0,0,45056,1,4374103845
11760,103077870,36337016,139414886,3,0,1,1024,5,3441624440
11761,103092330,16467332,119559662,2,0,0,3584,3,5683035661
11762,103093540,36322652,139416192,4,0,1,2048,9,8428208382
11763,103107050,36309296,139416346,5,0,1,8704,9,9099985027
11764,103107590,36349206,139456796,6,0,1,5120,2,7949107169
11765,103113140,17434840,120547980,7,0,0,4608,1,8196689255
11766,103126750,16476634,119603384,5,0,0,1024,9,144310787
11767,103136210,16440140,119576350,7,0,0,27648,1,3072752804
11768,103144711,16562355,119707066,8,0,0,15872,14,8914048539
11769,103153520,17343117,120496637,6,0,0,16384,2,791832940
11770,103159520,16533655,119693175,3,0,0,36352,5,8045182611
11771,103164260,36330247,139494507,8,0,1,10752,14,3220213220
11772,103165840,16544717,119710557,3,0,0,1536,5,10383713150
11773,103170660,17119002,120289662,0,0,0,16384,19,3128781621
11774,103176870,17545230,120722100,7,0,0,74752,1,5083687754
11775,103187610,18108881,121296491,5,0,0,37376,9,2148388382
11776,103188890,36305640,139494530,6,0,1,1536,2,5855553111
11777,103215889,16757499,119973388,1,0,0,9216,13,1543762098
11778,103219380,17601950,120821330,5,0,0,16896,9,4302050023
11779,103229810,16894818,120124628,5,0,0,3584,9,5177014473
11780,103245840,17676000,120921840,6,0,0,31232,2,6331749897
11781,103252000,16937313,120189313,5,0,0,5120,9,7368872371
11782,103252650,17162094,120414744,9,0,0,27136,1,3651424432
11783,103281400,16861058,120142458,7,0,0,11776,1,4048888976
11784,103293930,17490929,120784859,2,0,0,43008,3,576991742
11785,103294930,16722192,120017122,7,0,0,17408,1,1461793391
11786,103304080,17187542,120491622,5,0,0,36352,9,10242152665
11787,103317540,36177013,139494553,5,0,1,9728,9,9425896767
11788,103340300,16925145,120265445,2,0,0,24576,3,6315678575
11789,103349340,16662258,120011598,5,0,0,9728,9,2614648136
11790,103369780,16964869,120334649,4,0,0,7680,9,9153149651
11791,103388260,17629941,121018201,0,0,0,5632,19,674620993
11792,103391580,16546905,119938485,4,0,0,18944,9,1068609221
11793,103401530,16607081,120008611,3,0,0,4096,5,9819871151
11794,103438830,18002939,121441769,0,0,0,34304,19,7617592285
11795,103454740,16547741,120002481,9,0,0,26624,1,3324776515
11796,103464940,36029636,139494576,8,0,1,3584,14,4577609286
11797,103472380,17919920,121392300,0,0,0,28160,19,1708362676
11798,103478691,17293041,120771732,8,0,0,7680,14,3048149222
11799,103481320,16855380,120336700,3,0,0,6656,5,9011366974
11800,103488010,17076620,120564630,4,0,0,13824,9,3892337387
11801,103491250,16867714,120358964,3,0,0,30720,5,4693176957
11802,103492180,17171849,120664029,3,0,0,6144,5,66232767
11803,103493890,17465926,120959816,2,0,0,38912,3,9748295170
11804,103511249,35983350,139494599,1,0,1,10240,13,5674819661
11805,103516991,16655459,120172450,8,0,0,10752,14,9994569827
11806,103529050,16984059,120513109,6,0,0,51712,2,6157844840
11807,103544640,35949982,139494622,2,0,1,14336,3,7047733066
11808,103546000,17223369,120769369,3,0,0,40960,5,4661776328
11809,103561510,35937211,139498721,2,0,1,10752,3,6776437568
11810,103576450,17419983,120996433,0,0,0,12288,19,8814968258
11811,103587040,16557469,120144509,0,0,0,6656,19,10201312127
11812,103602550,16894734,120497284,5,0,0,2048,9,3302826042
11813,103603900,17894534,121498434,3,0,0,10752,5,4316866317
11814,103608050,17004802,120612852,5,0,0,16384,9,9736554144
11815,103610599,17464449,121075048,1,0,0,91648,13,4132079207
11816,103613250,16902588,120515838,3,0,0,8704,5,7187386538
11817,103619760,16975180,120594940,9,0,0,30720,1,7291249276
11818,103619781,17196332,120816113,8,0,0,81408,14,2362382315
11819,103619900,17690365,121310265,2,0,0,30720,3,1252181764
11820,103633500,17732311,121365811,6,0,0,30720,2,4944280833
11821,103654521,16647158,120301679,8,0,0,3072,14,3778409343
11822,103675480,35835929,139511409,5,0,1,15360,9,2311731795
11823,103683830,17190116,120873946,0,0,0,27136,19,1211147638
11824,103685520,17842265,121527785,6,0,0,96256,2,2892931261
11825,103687520,17355658,121043178,5,0,0,55296,9,162294470
11826,103690321,17987304,121677625,8,0,0,27648,14,3426355758
11827,103696160,16848069,120544229,2,0,0,11776,3,4259922521
11828,103700620,17456550,121157170,5,0,0,11264,9,3421645884
11829,103702340,17225139,120927479,5,0,0,18432,9,4237322171
11830,103710490,17155165,120865655,5,0,0,8704,9,10153185597
11831,103718051,17388476,121106527,8,0,0,50688,14,6710773958
11832,103722280,17411073,121133353,2,0,0,13312,3,4220007490
11833,103738360,35773203,139511563,5,0,1,8704,9,8777616161
11834,103740070,17199623,120939693,6,0,0,4608,2,9074325189
11835,103747860,16914274,120662134,9,0,0,2560,1,8849233003
11836,103750840,17848832,121599672,4,0,0,15872,9,752843737
11837,103753640,17383186,121136826,4,0,0,9728,9,8819266019
11838,103768230,17355488,121123718,0,0,0,56320,19,4023752331
11839,103772270,17443174,121215444,4,0,0,20992,9,2485647420
11840,103776480,17524402,121300882,9,0,0,14336,1,837921120
11841,103779980,16833987,120613967,0,0,0,3584,19,1450152863
11842,103800801,17817879,121618680,8,0,0,7680,14,3763805681
11843,103801240,17613207,121414447,4,0,0,25088,9,6030048085
11844,103809570,16928132,120737702,2,0,0,2048,3,3156593734
11845,103817370,17229731,121047101,7,0,0,12800,1,2334392257
11846,103817720,17005349,120823069,3,0,0,5632,5,10196711517
11847,103829490,35701373,139530863,6,0,1,512,2,164876692
11848,103833111,18035029,121868140,8,0,0,41984,14,9236106398
11849,103850360,17434720,121285080,0,0,0,41472,19,4704605151
11850,103853320,17047958,120901278,6,0,0,4096,2,1955748966
11851,103853321,16899601,120752922,8,0,0,23552,14,4564668735
11852,103879970,17837383,121717353,4,0,0,21504,9,10256922860
11853,103885440,35645937,139531377,8,0,1,3584,14,9660449445
11854,103902420,35977349,139879769,9,0,1,152576,1,8801595696
11855,103904460,16649382,120553842,4,0,0,8704,9,3543378689
11856,103913340,17054172,120967512,7,0,0,3584,1,8629874540
11857,103913471,17465022,121378493,8,0,0,10240,14,671031076
11858,103948880,35948889,139897769,6,0,1,11264,2,4016736381
11859,103957110,16671189,120628299,4,0,0,12800,9,3807883398
11860,103963260,16920069,120883329,6,0,0,30720,2,387467147
11861,103967610,17868458,121836068,0,0,0,11776,19,10203746514
11862,103968130,16756021,120724151,6,0,0,6656,2,5040926080
11863,103974089,17234936,121209025,1,0,0,32256,13,3583103646
11864,103981170,35938691,139919861,4,0,1,10752,9,8163916879
11865,103983469,17263564,121247033,1,0,0,43520,13,4234691708
11866,103984590,16906757,120891347,7,0,0,512,1,3072121477
11867,103993320,17382030,121375350,5,0,0,31232,9,6160044342
11868,104015000,17149782,121164782,3,0,0,8192,5,4421300137
11869,104017340,16707458,120724798,9,0,0,2048,1,6975522760
11870,104031761,17324659,121356420,8,0,0,36352,14,9521607059
11871,104039829,17051208,121091037,1,0,0,18432,13,3585981695
11872,104052409,16810486,120862895,1,0,0,14848,13,5424087189
11873,104063700,17063473,121127173,7,0,0,11264,1,7144986222
11874,104067900,17313580,121381480,0,0,0,9728,19,5814691194
11875,104070760,16824898,120895658,7,0,0,6656,1,1050813330
11876,104075880,16815272,120891152,6,0,0,25600,2,6476653482
11877,104085620,16647231,120732851,4,0,0,9216,9,703105568
11878,104095640,35827134,139922774,2,0,1,17408,3,5048288506
11879,104097230,17155985,121253215,3,0,0,17408,5,2101025594
11880,104098139,17215269,121313408,1,0,0,10240,13,1709629262
11881,104113410,17110325,121223735,9,0,0,27136,1,9919712063
11882,104119640,35859654,139979294,6,0,1,11264,2,3518368536
11883,104120491,16843427,120963918,8,0,0,13312,14,2003647106
11884,104122850,17372285,121495135,2,0,0,49152,3,8940608997
11885,104165830,17804911,121970741,7,0,0,27136,1,47126783
11886,104175820,35814856,139990676,5,0,1,8192,9,4531381215
11887,104177420,16802763,120980183,9,0,0,2048,1,1872249897
11888,104190750,17043000,121233750,0,0,0,32768,19,5958705650
11889,104198109,17254314,121452423,1,0,0,3072,13,9207584003
11890,104203781,17445406,121649187,8,0,0,15360,14,8426128429
11891,104211790,35797078,140008868,9,0,1,24576,1,987074216
11892,104213790,17321841,121535631,4,0,0,12288,9,9010302740
11893,104226430,17176969,121403399,9,0,0,36352,1,2661906335
11894,104245870,35820350,140066220,4,0,1,512,9,2954053760
11895,104253219,17415959,121669178,1,0,0,65536,13,8331819697
11896,104259859,16823644,121083503,1,0,0,27648,13,1097058438
11897,104267721,17304556,121572277,8,0,0,54784,14,4733136211
11898,104282030,17680420,121962450,2,0,0,21504,3,8845567960
11899,104296150,35773093,140069243,9,0,1,2048,1,3063937674
11900,104303240,17391793,121695033,3,0,0,5632,5,3045703725
11901,104306520,16778878,121085398,0,0,0,6144,19,7291159214
11902,104307509,17782009,122089518,1,0,0,14848,13,8652512449
11903,104308880,17159993,121468873,9,0,0,40960,1,5755874927
11904,104310930,17498370,121809300,6,0,0,126976,2,9069409822
11905,104316960,35752485,140069445,4,0,1,2560,9,4289330737
11906,104323101,17784034,122107135,8,0,0,44544,14,8756978149
11907,104333700,17091612,121425312,0,0,0,25600,19,5391353832
11908,104341580,35732718,140074298,7,0,1,8192,1,365949952
11909,104351270,35767987,140119257,7,0,1,1536,1,1848417971
11910,104356060,17843816,122199876,5,0,0,23040,9,2795881925
11911,104359720,17177828,121537548,3,0,0,3584,5,3081785624
11912,104370290,17323004,121693294,6,0,0,2560,2,10001815340
11913,104387020,17509946,121896966,2,0,0,28672,3,212985646
11914,104425701,17444662,121870363,8,0,0,7168,14,6963178529
11915,104442810,35691313,140134123,3,0,1,512,5,5411500411
11916,104445080,17602168,122047248,9,0,0,48640,1,8186824673
11917,104445360,35688794,140134154,5,0,1,8192,9,7169539373
11918,104452120,17379534,121831654,6,0,0,29184,2,2945225026
11919,104454100,17077764,121531864,7,0,0,13312,1,4967148477
11920,104470810,17255926,121726736,2,0,0,30720,3,7145065604
11921,104487460,16827063,121314523,0,0,0,3584,19,4059932263
11922,104492020,16853301,121345321,3,0,0,17920,5,2299476558
11923,104492081,17590502,122082583,8,0,0,8192,14,5637301850
11924,104503570,17224289,121727859,9,0,0,3584,1,7257832912
11925,104517261,17249428,121766689,8,0,0,30208,14,8396625014
11926,104530790,17787213,122318003,5,0,0,44032,9,2710386386
11927,104532239,17290500,121822739,1,0,0,44032,13,2751454909
11928,104536630,17688004,122224634,6,0,0,24576,2,10050225961
11929,104540260,35593917,140134177,8,0,1,512,14,5636378488
11930,104541560,17431084,121972644,2,0,0,6144,3,5628694035
11931,104554350,17427240,121981590,4,0,0,15872,9,9032421170
11932,104560420,17272037,121832457,4,0,0,2560,9,8657615611
11933,104571969,17117691,121689660,1,0,0,39424,13,9214149737
11934,104571990,17549761,122121751,9,0,0,16896,1,2258805773
11935,104575440,16904688,121480128,7,0,0,36864,1,823298968
11936,104593600,16857864,121451464,5,0,0,31744,9,6593254491
11937,104595820,35538380,140134200,7,0,1,7680,1,10547661124
11938,104598199,17518342,122116541,1,0,0,19968,13,5789453213
11939,104604040,17372691,121976731,7,0,0,13312,1,7135812691
11940,104604130,17457227,122061357,3,0,0,46080,5,6254185502
11941,104609800,17672714,122282514,7,0,0,15872,1,685541610
11942,104610560,35567372,140177932,5,0,1,10752,9,7383607059
11943,104627210,17677354,122304564,6,0,0,44544,2,6687890455
11944,104631960,17223365,121855325,4,0,0,33792,9,4269666452
11945,104638600,17652361,122290961,0,0,0,27648,19,478623765
11946,104638800,17792461,122431261,4,0,0,24064,9,7129201903
11947,104667980,35512538,140180518,8,0,1,4096,14,4342221588
11948,104670679,17826292,122496971,1,0,0,84992,13,1035993083
11949,104693610,17378386,122071996,5,0,0,34816,9,3815511735
11950,104706540,17138466,121845006,3,0,0,20480,5,10676082255
11951,104712550,35505690,140218240,4,0,1,4096,9,4775543858
11952,104712769,16931715,121644484,1,0,0,28160,13,2491265161
11953,104713070,17889600,122602670,6,0,0,17920,2,6529412356
11954,104713350,35692806,140406156,9,0,1,3584,1,10173431180
11955,104715140,17611988,122327128,4,0,0,14336,9,8701506350
11956,104726500,17742010,122468510,5,0,0,66560,9,4441501942
11957,104726590,16847505,121574095,9,0,0,2048,1,5091831497
11958,104727096,17609096,122336192,3,0,0,4096,5,1367826854
11959,104730390,16998748,121729138,4,0,0,4096,9,3171928992
11960,104734239,17221636,121955875,1,0,0,58368,13,5038513220
11961,104738200,17810585,122548785,5,0,0,12800,9,4255542179
11962,104742210,17648724,122390934,0,0,0,13824,19,2027013110
11963,104750891,18016789,122767680,8,0,0,7168,14,848518227
11964,104755960,16868175,121624135,7,0,0,2048,1,1652572789
11965,104769810,35716227,140486037,8,0,1,512,14,780647394
11966,104775110,16994566,121769676,6,0,0,9728,2,6476141491
11967,104777230,17734311,122511541,4,0,0,19968,9,2740383990
11968,104790260,16902231,121692491,9,0,0,9216,1,4253057663
11969,104794070,17137031,121931101,9,0,0,20992,1,10381418914
11970,104795940,17801247,122597187,3,0,0,9216,5,10557797020
11971,104809310,35694368,140503678,8,0,1,4608,14,2094071293
11972,104813400,35690944,140504344,3,0,1,11264,5,9917755460
11973,104816620,17936818,122753438,4,0,0,11776,9,8873769528
11974,104823170,35871162,140694332,8,0,1,10240,14,5364062223
11975,104828480,17411077,122239557,3,0,0,14336,5,5716750270
11976,104842500,16996243,121838743,6,0,0,8704,2,8375359612
11977,104845340,35893389,140738729,4,0,1,3072,9,7727516518
11978,104859070,35905616,140764686,3,0,1,17920,5,2062870046
11979,104869560,16841218,121710778,2,0,0,7680,3,3169808263
11980,104880030,17115178,121995208,4,0,0,6656,9,6699605681
11981,104881459,17228975,122110434,1,0,0,10752,13,3519481268
11982,104891250,17925351,122816601,0,0,0,16896,19,2223298894
11983,104892040,17759434,122651474,0,0,0,24576,19,7550494226
11984,104927341,16978371,121905712,8,0,0,3072,14,509639809
11985,104931380,17802512,122733892,4,0,0,65024,9,7424778884
11986,104940170,17938090,122878260,6,0,0,1536,2,7899496262
11987,104949920,35822874,140772794,9,0,1,17920,1,5496468120
11988,104963700,17900318,122864018,0,0,0,34304,19,5348215788
11989,104966710,17356027,122322737,0,0,0,1536,19,8162538950
11990,104969850,17840800,122810650,9,0,0,48640,1,791127971
11991,104975181,17717833,122693014,8,0,0,18944,14,8416502142
11992,104980330,17583250,122563580,5,0,0,24576,9,4848128295
11993,104984960,17008197,121993157,3,0,0,37888,5,5366740106
11994,104988950,17776523,122765473,3,0,0,39424,5,1479662940
11995,104993840,17390374,122384214,4,0,0,4608,9,215549150
11996,105013110,16887981,121901091,7,0,0,13312,1,8617647722
11997,105029090,17394816,122423906,9,0,0,86528,1,1244016785
11998,105034240,17756944,122791184,5,0,0,68608,9,1278263057
11999,105047230,35801636,140848866,9,0,1,6656,1,4752649918
12000,105049220,17700607,122749827,5,0,0,52224,9,4603610876
12001,105056790,35817863,140874653,6,0,1,2048,2,10088838832
12002,105063060,17141675,122204735,0,0,0,15872,19,5792930409
12003,105089640,35785036,140874676,2,0,1,2048,3,8238488540
12004,105098050,17036890,122134940,6,0,0,11264,2,10015484840
12005,105102199,17775570,122877769,1,0,0,45056,13,4281404276
12006,105122580,17315256,122437836,2,0,0,21504,3,3743125362
12007,105128420,17263222,122391642,7,0,0,1024,1,7163574290
12008,105139800,17699198,122838998,3,0,0,37888,5,6599385146
12009,105145690,17359744,122505434,6,0,0,27648,2,355024073
12010,105158470,35716229,140874699,3,0,1,3072,5,3097404121
12011,105165720,17449678,122615398,3,0,0,11264,5,4930510811
12012,105167480,35710512,140877992,3,0,1,10752,5,7183716687
12013,105173800,17941979,123115779,5,0,0,10240,9,8323891486
12014,105190630,35710912,140901542,5,0,1,9216,9,7390503133
12015,105223430,35757994,140981424,8,0,1,19456,14,9471674879
12016,105224560,17955924,123180484,9,0,0,76288,1,1767130495
12017,105228211,18072319,123300530,8,0,0,126464,14,9254584544
12018,105234880,17211270,122446150,4,0,0,12288,9,3966859010
12019,105237741,17204642,122442383,8,0,0,14848,14,10505101932
12020,105246209,16933649,122179858,1,0,0,7168,13,5239496049
12021,105249120,35803898,141053018,2,0,1,7680,3,4339177324
12022,105249491,17285389,122534880,8,0,0,11264,14,7903912194
12023,105289650,17914725,123204375,4,0,0,78336,9,1848923687
12024,105306290,35748111,141054401,5,0,1,6656,9,2675393130
12025,105310609,35748298,141058907,1,0,1,7168,13,6043123644
12026,105315629,17617869,122933498,1,0,0,45568,13,7578109432
12027,105331330,16990916,122322246,2,0,0,13824,3,805709960
12028,105342410,17262334,122604744,6,0,0,6656,2,1391815943
12029,105348240,17992216,123340456,4,0,0,9728,9,17369645
12030,105359520,35764991,141124511,9,0,1,3584,1,1873068840
12031,105361190,17966241,123327431,6,0,0,65536,2,8187843837
12032,105363780,17248163,122611943,2,0,0,23552,3,3674044822
12033,105372030,35752504,141124534,2,0,1,11264,3,7724249591
12034,105389400,17497174,122886574,0,0,0,27136,19,295680565
12035,105397401,18497243,123894644,8,0,0,109568,14,2730731267
12036,105444360,17024485,122468845,0,0,0,1024,19,789891777
12037,105444829,17935746,123380575,1,0,0,55296,13,3311203809
12038,105466620,35661173,141127793,2,0,1,8192,3,7877492083
12039,105473190,17195006,122668196,9,0,0,11264,1,3730781557
12040,105485950,16887140,122373090,0,0,0,10752,19,6121043395
12041,105494469,17451688,122946157,1,0,0,41472,13,4945203671
12042,105495520,35672842,141168362,3,0,1,5632,5,7842405923
12043,105497430,17075377,122572807,4,0,0,30208,9,1597320055
12044,105506530,35664842,141171372,8,0,1,17408,14,1133122472
12045,105508110,35663285,141171395,2,0,1,3072,3,2112579712
12046,105513051,16958001,122471052,8,0,0,7168,14,803183444
12047,105516549,17640660,123157209,1,0,0,77312,13,9452492741
12048,105522580,35649953,141172533,5,0,1,11776,9,3725866790
12049,105535359,17478343,123013702,1,0,0,32256,13,9625985980
12050,105544150,35661205,141205355,5,0,1,2048,9,1317532775
12051,105546571,18080754,123627325,8,0,0,27648,14,6752461830
12052,105548979,17846306,123395285,1,0,0,20992,13,3843567263
12053,105550530,17343563,122894093,9,0,0,24576,1,392787822
12054,105557580,17785863,123343443,3,0,0,9728,5,5034803133
12055,105562790,35643235,141206025,8,0,1,7680,14,6749715262
12056,105567080,17852711,123419791,0,0,0,32768,19,2285595645
12057,105578360,35629895,141208255,4,0,1,512,9,5316605928
12058,105583030,16968274,122551304,0,0,0,8192,19,4001165417
12059,105595610,17457206,123052816,6,0,0,11264,2,8798048295
12060,105605420,16906456,122511876,9,0,0,1024,1,9500182698
12061,105612900,35595378,141208278,2,0,1,1024,3,10308753995
12062,105627820,17581102,123208922,9,0,0,14848,1,102727900
12063,105630191,17930116,123560307,8,0,0,15872,14,10588127730
12064,105689711,17871867,123561578,8,0,0,4096,14,9577246496
12065,105694370,35521442,141215812,8,0,1,3072,14,9346729307
12066,105696050,35519785,141215835,3,0,1,7168,5,3049469295
12067,105700051,17848776,123548827,8,0,0,99328,14,9639587561
12068,105702400,17431230,123133630,9,0,0,29696,1,4495623513
12069,105724030,17297718,123021748,2,0,0,6144,3,769305034
12070,105735180,17729490,123464670,5,0,0,53760,9,71669076
12071,105750190,17507964,123258154,9,0,0,77824,1,3239315726
12072,105751270,35482179,141233449,5,0,1,3072,9,10462694678
12073,105757200,17200859,122958059,4,0,0,13824,9,6951218084
12074,105767001,17880361,123647362,8,0,0,41984,14,4980117168
12075,105773140,17782308,123555448,0,0,0,21504,19,2335278751
12076,105787380,35518130,141305510,8,0,1,14848,14,3894050641
12077,105787440,35519056,141306496,2,0,1,1536,3,103688085
12078,105794860,35557785,141352645,4,0,1,8192,9,8317020030
12079,105809160,17825387,123634547,0,0,0,20992,19,5980994809
12080,105811900,17141924,122953824,2,0,0,25088,3,7645019544
12081,105812840,16982267,122795107,0,0,0,12800,19,2372016076
12082,105816489,17520980,123337469,1,0,0,22016,13,7202025288
12083,105846101,17071434,122917535,8,0,0,10752,14,6606260319
12084,105851860,17361320,123213180,9,0,0,13824,1,3219519412
12085,105859230,17194701,123053931,3,0,0,3584,5,4002043574
12086,105871050,17363369,123234419,0,0,0,69632,19,3185168447
12087,105880531,17381444,123261975,8,0,0,12288,14,8265541597
12088,105894290,35458378,141352668,6,0,1,6656,2,9724532888
12089,105897770,35458435,141356205,4,0,1,9216,9,4912340282
12090,105899250,17853536,123752786,2,0,0,33280,3,9668110602
12091,105903180,35554471,141457651,8,0,1,23040,14,308637967
12092,105915421,17435446,123350867,8,0,0,8704,14,10619929065
12093,105916170,17180987,123097157,2,0,0,7680,3,9157786784
12094,105925940,17119772,123045712,7,0,0,3072,1,3173590851
12095,105927070,17380370,123307440,0,0,0,14336,19,9821935514
12096,105934030,17185564,123119594,4,0,0,4096,9,5593366380
12097,105939010,18094650,124033660,2,0,0,50688,3,6059744500
12098,105944510,35870400,141814910,0,0,1,163840,19,2986728527
12099,105959059,35867083,141826142,1,0,1,1024,13,6352074468
12100,105969410,35856755,141826165,8,0,1,2048,14,1115457077
12101,105982530,17004575,122987105,9,0,0,1024,1,9650444907
12102,105991380,17663836,123655216,5,0,0,19968,9,9156520363
12103,105993740,17729680,123723420,7,0,0,17408,1,3757542816
12104,106001511,17893312,123894823,8,0,0,512,14,3551468588
12105,106008450,17748883,123757333,6,0,0,14848,2,8470559121
12106,106012231,17506309,123518540,8,0,0,39424,14,7001567682
12107,106015480,35812883,141828363,3,0,1,5632,5,2328654668
12108,106028060,17885731,123913791,4,0,0,57856,9,149559666
12109,106050300,17297892,123348192,4,0,0,15360,9,8795595902
12110,106079730,35759184,141838914,5,0,1,2560,9,3011873168
12111,106082920,17347213,123430133,9,0,0,33792,1,27748815
12112,106100360,35739079,141839439,3,0,1,4608,5,193034356
12113,106103070,17512821,123615891,3,0,0,13824,5,1882150654
12114,106112980,17275886,123388866,9,0,0,27136,1,4987932078
12115,106130740,17951915,124082655,4,0,0,11264,9,6271391781
12116,106137140,17689763,123826903,6,0,0,39424,2,1490704658
12117,106137880,35702225,141840105,2,0,1,1024,3,1321377129
12118,106146250,35697401,141843651,8,0,1,5632,14,6223689553
12119,106150469,35775815,141926284,1,0,1,34816,13,1576902017
12120,106156280,17282337,123438617,6,0,0,512,2,2324593296
12121,106156321,17146728,123303049,8,0,0,8192,14,1153331334
12122,106180760,17149978,123330738,4,0,0,10752,9,1233505977
12123,106181500,35744807,141926307,5,0,1,8704,9,4631057152
12124,106214960,17466541,123681501,0,0,0,11264,19,3003456520
12125,106227729,17781994,124009723,1,0,0,14848,13,5003114140
12126,106234740,35691590,141926330,9,0,1,5120,1,4979277960
12127,106234940,17199272,123434212,2,0,0,13312,3,1629824517
12128,106243760,17900701,124144461,2,0,0,16384,3,10477710853
12129,106246510,17793007,124039517,4,0,0,17408,9,9310179724
12130,106255110,17818882,124073992,9,0,0,19456,1,6948899826
12131,106266510,18027343,124293853,2,0,0,51712,3,9759768659
12132,106268700,35761168,142029868,3,0,1,33280,5,3228600399
12133,106281100,17154601,123435701,5,0,0,1024,9,2326220167
12134,106284890,35769148,142054038,7,0,1,1536,1,7918255894
12135,106296660,17535437,123832097,0,0,0,3072,19,5287919282
12136,106296820,17322058,123618878,4,0,0,9728,9,9362153352
12137,106315270,17312858,123628128,0,0,0,2560,19,3379564827
12138,106316360,17603428,123919788,0,0,0,11776,19,4420050409
12139,106331599,17926330,124257929,1,0,0,42496,13,358093535
12140,106342440,18390717,124733157,6,0,0,11776,2,8375130112
12141,106367659,17239214,123606873,1,0,0,27136,13,4803122314
12142,106370380,35683681,142054061,9,0,1,1024,1,3050529908
12143,106374470,35701343,142075813,3,0,1,2560,5,558087686
12144,106381280,17726419,124107699,5,0,0,12800,9,9616455437
12145,106385400,17445738,123831138,7,0,0,13824,1,4905494933
12146,106388160,17928648,124316808,5,0,0,75264,9,4271368992
12147,106391020,35685459,142076479,2,0,1,11264,3,7899565159
12148,106392920,35694025,142086945,4,0,1,6656,9,4168400678
12149,106393890,18012039,124405929,2,0,0,10240,3,3202645541
12150,106397650,17522941,123920591,5,0,0,2560,9,8450665388
12151,106416790,17816757,124233547,2,0,0,71680,3,4808429141
12152,106416950,17849339,124266289,4,0,0,15872,9,7913164594
12153,106429680,35669861,142099541,8,0,1,8192,14,7297002005
12154,106431949,17493501,123925450,1,0,0,15872,13,5042105170
12155,106435721,17408331,123844052,8,0,0,9728,14,6466369640
12156,106448300,17200809,123649109,3,0,0,5632,5,9304797656
12157,106450970,18414856,124865826,4,0,0,51200,9,5102727592
12158,106454300,18230647,124684947,3,0,0,5120,5,10151508537
12159,106473010,18020069,124493079,0,0,0,48128,19,7765236794
12160,106473409,18144044,124617453,1,0,0,31744,13,9160801583
12161,106478370,35650106,142128476,9,0,1,1024,1,3295691609
12162,106483520,17605855,124089375,7,0,0,3072,1,8913107489
12163,106484470,17430436,123914906,0,0,0,3584,19,8451192715
12164,106491910,35636925,142128835,4,0,1,9728,9,3694578028
12165,106516250,17815649,124331899,0,0,0,37888,19,10167959602
12166,106528890,35655332,142184222,4,0,1,2560,9,214910506
12167,106529300,35654945,142184245,3,0,1,512,5,8709557024
12168,106530420,17438923,123969343,5,0,0,18432,9,8410435476
12169,106539380,35644888,142184268,5,0,1,1536,9,1730911720
12170,106542220,17373957,123916177,4,0,0,4096,9,303744116
12171,106545691,17269177,123814868,8,0,0,9728,14,6719151711
12172,106560200,17779435,124339635,6,0,0,21504,2,9280362890
12173,106565300,17831136,124396436,2,0,0,28160,3,2812199608
12174,106568830,17372060,123940890,0,0,0,1536,19,6254856127
12175,106573720,35613410,142187130,6,0,1,18432,2,10376106404
12176,106589880,35598774,142188654,5,0,1,6656,9,6456013647
12177,106591880,17188414,123780294,5,0,0,31232,9,8926066620
12178,106592110,17396099,123988209,7,0,0,512,1,6258303099
12179,106597451,17332406,123929857,8,0,0,14336,14,4688339840
12180,106598710,18381188,124979898,7,0,0,25088,1,6532938456
12181,106609089,18360090,124969179,1,0,0,38400,13,6647072737
12182,106614249,17419902,124034151,1,0,0,1536,13,6459292629
12183,106618290,17902112,124520402,9,0,0,89600,1,8343235994
12184,106626629,17691473,124318102,1,0,0,4096,13,345152238
12185,106637480,17258660,123896140,0,0,0,3584,19,5805818052
12186,106645150,17737438,124382588,2,0,0,23040,3,7520304054
12187,106649770,35648702,142298472,3,0,1,7680,5,4529534360
12188,106654280,18240232,124894512,9,0,0,15872,1,8411128851
12189,106658590,17515309,124173899,0,0,0,10752,19,10079531493
12190,106662331,17865582,124527913,8,0,0,24576,14,9636649713
12191,106674390,18527619,125202009,2,0,0,43008,3,7139107843
12192,106683760,17938708,124622468,0,0,0,16384,19,3175011977
12193,106684680,17332398,124017078,4,0,0,24064,9,2002404295
12194,106688591,17748339,124436930,8,0,0,8704,14,10535389607
12195,106691010,18091392,124782402,9,0,0,17408,1,1293559093
12196,106698770,17196232,123895002,7,0,0,512,1,1368913769
12197,106707770,17643947,124351717,4,0,0,29696,9,3986225459
12198,106709310,35623837,142333147,5,0,1,23040,9,2866419596
12199,106711589,18353204,125064793,1,0,0,50688,13,926397365
12200,106712630,17892056,124604686,5,0,0,14848,9,3338910094
12201,106724759,18576062,125300821,1,0,0,34816,13,8405307640
12202,106735411,17352673,124088084,8,0,0,8704,14,8184060288
12203,106747929,17417326,124165255,1,0,0,18944,13,7851204236
12204,106749700,35685518,142435218,7,0,1,28160,1,4202403424
12205,106759569,35788572,142548141,1,0,1,2560,13,66289720
12206,106760450,17506954,124267404,2,0,0,3584,3,7741117882
12207,106765040,17774136,124539176,5,0,0,36864,9,10711580711
12208,106782800,17422611,124205411,7,0,0,512,1,341067601
12209,106785310,17413578,124198888,3,0,0,8704,5,9699970565
12210,106800250,17217943,124018193,2,0,0,3584,3,2176799958
12211,106812050,17855803,124667853,3,0,0,35840,5,5634563342
12212,106824830,17344348,124169178,0,0,0,12800,19,5639118458
12213,106826460,17434970,124261430,9,0,0,11264,1,5362649037
12214,106834570,35713594,142548164,5,0,1,3072,9,2764358297
12215,106835340,35712847,142548187,6,0,1,10752,2,9340463669
12216,106836500,35711710,142548210,7,0,1,6656,1,290976532
12217,106843291,17910504,124753795,8,0,0,67584,14,7879148053
12218,106849400,35724909,142574309,6,0,1,15872,2,9615350662
12219,106866740,18276754,125143494,3,0,0,45568,5,7573761810
12220,106869889,17375069,124244958,1,0,0,37376,13,8538253630
12221,106879690,17306392,124186082,4,0,0,1536,9,4573187207
12222,106881460,17536232,124417692,4,0,0,8192,9,8340070467
12223,106887550,17210976,124098526,7,0,0,3072,1,3820288779
12224,106900050,17442596,124342646,3,0,0,9728,5,6740166098
12225,106900860,17432154,124333014,5,0,0,3584,9,7035322233
12226,106901040,35913870,142814910,0,0,1,82432,19,9093945910
12227,106904710,36020162,142924872,5,0,1,2560,9,2475725361
12228,106916470,17851168,124767638,9,0,0,18432,1,1586896275
12229,106917570,17402762,124320332,0,0,0,7168,19,6504812126
12230,106925630,36001940,142927570,5,0,1,10240,9,3292334124
12231,106932110,35995483,142927593,2,0,1,10240,3,2414131966
12232,106940290,36089271,143029561,0,0,1,11264,19,9119997900
12233,106947950,17409465,124357415,4,0,0,16384,9,2730601153
12234,106948890,17891691,124840581,4,0,0,5632,9,3887582255
12235,106969631,18272414,125242045,8,0,0,28672,14,3652796689
12236,106982240,36049587,143031827,2,0,1,3584,3,4360085107
12237,106992550,36111050,143103600,7,0,1,7168,1,9819456821
12238,106993420,17445249,124438669,0,0,0,5632,19,5206563081
12239,106993510,36110113,143103623,4,0,1,3072,9,3919826830
12240,106996230,18517296,125513526,0,0,0,16896,19,880607526
12241,107023239,36120657,143143896,1,0,1,10752,13,584155152
12242,107023640,17705906,124729546,7,0,0,41984,1,6668182355
12243,107041830,36102089,143143919,3,0,1,9216,5,9186033682
12244,107045870,17609677,124655547,7,0,0,3072,1,5225368388
12245,107049010,18304487,125353497,4,0,0,3584,9,213782818
12246,107049741,18480570,125530311,8,0,0,33280,14,8543663926
12247,107050920,17780097,124831017,6,0,0,29696,2,8366358034
12248,107054160,36095199,143149359,9,0,1,11264,1,3786204759
12249,107060850,18086567,125147417,9,0,0,12800,1,1154816406
12250,107066750,17848400,124915150,2,0,0,67584,3,7398412150
12251,107077920,36118549,143196469,5,0,1,9216,9,10310116012
12252,107078130,36132358,143210488,5,0,1,8192,9,10484847024
12253,107083280,36193484,143276764,3,0,1,7680,5,5428578575
12254,107085780,36275499,143361279,7,0,1,512,1,1992704654
12255,107089960,17612548,124702508,3,0,0,19968,5,207660952
12256,107090540,17797617,124888157,7,0,0,73216,1,8503147164
12257,107100320,36260982,143361302,4,0,1,4608,9,2954148093
12258,107110310,17939008,125049318,6,0,0,79360,2,4885220249
12259,107116170,17483969,124600139,9,0,0,9216,1,7971930068
12260,107122200,36239125,143361325,7,0,1,2560,1,9841991925
12261,107134020,17627020,124761040,7,0,0,8704,1,3660228176
12262,107134369,18276056,125410425,1,0,0,18432,13,7610791447
12263,107137730,18278490,125416220,9,0,0,18944,1,486950658
12264,107144540,17632535,124777075,6,0,0,30720,2,5239742045
12265,107145820,36217891,143363711,8,0,1,5120,14,4406688197
12266,107182150,17449624,124631774,9,0,0,10752,1,3161328566
12267,107193740,36169994,143363734,3,0,1,2048,5,5379009821
12268,107203600,17378219,124581819,7,0,0,3072,1,1730056776
12269,107218970,36194301,143413271,3,0,1,16896,5,4120173439
12270,107220690,17345154,124565844,0,0,0,1024,19,2647049203
12271,107220870,17564519,124785389,0,0,0,9728,19,2998874017
12272,107232280,18336617,125568897,5,0,0,32768,9,3152396771
12273,107246330,36167197,143413527,4,0,1,9216,9,1284937662
12274,107251400,36284097,143535497,0,0,1,13824,19,1019688615
12275,107254780,17827079,125081859,3,0,0,43008,5,670352850
12276,107258910,17321059,124579969,7,0,0,5120,1,1884079755
12277,107260710,18051990,125312700,5,0,0,38912,9,8846758930
12278,107261150,17570732,124831882,9,0,0,2560,1,7914399295
12279,107263271,17584875,124848146,8,0,0,17920,14,323440541
12280,107265489,17496510,124761999,1,0,0,3072,13,8312276184
12281,107266550,36269933,143536483,0,0,1,1536,19,3032404634
12282,107267030,36434219,143701249,3,0,1,13312,5,10008168535
12283,107282530,17740534,125023064,2,0,0,36352,3,3730561174
12284,107285419,36503219,143788638,1,0,1,3584,13,4628361638
12285,107288870,36499791,143788661,6,0,1,2048,2,6854289149
12286,107303300,36485384,143788684,5,0,1,9216,9,5736848202
12287,107311860,17577770,124889630,2,0,0,4608,3,8121159489
12288,107313750,17976440,125290190,7,0,0,82944,1,7289265222
12289,107321460,36486654,143808114,9,0,1,5120,1,6870499171
12290,107340150,17418215,124758365,6,0,0,14848,2,2343258316
12291,107347179,36541906,143889085,1,0,1,16384,13,5686951795
12292,107347660,18104692,125452352,2,0,0,34304,3,3373346715
12293,107350670,17776590,125127260,7,0,0,33280,1,6350620284
12294,107357350,18044270,125401620,2,0,0,72704,3,1989832636
12295,107363240,36639014,144002254,6,0,1,2048,2,1602083668
12296,107366650,36635627,144002277,3,0,1,6144,5,6712959162
12297,107373629,17634007,125007636,1,0,0,4096,13,8346955283
12298,107377290,36794612,144171902,8,0,1,17408,14,2994182281
12299,107382039,36939307,144321346,1,0,1,18944,13,10661369883
12300,107382060,36939440,144321500,0,0,1,8704,19,4534042930
12301,107408510,17574219,124982729,6,0,0,9216,2,95151936
12302,107412080,17654189,125066269,5,0,0,1536,9,3082767505
12303,107421179,36906687,144327866,1,0,1,512,13,10127234641
12304,107424350,17669238,125093588,9,0,0,9216,1,4412894577
12305,107425609,18285769,125711378,1,0,0,80384,13,1529049262
12306,107446270,17756854,125203124,4,0,0,3584,9,7585042722
12307,107454240,17779046,125233286,0,0,0,67584,19,1636763467
12308,107463599,18223264,125686863,1,0,0,51712,13,5675600374
12309,107488710,36850247,144338957,7,0,1,5120,1,8330723976
12310,107506160,18331237,125837397,6,0,0,84992,2,8961853574
12311,107507631,18364061,125871692,8,0,0,12800,14,2530034093
12312,107507860,18099045,125606905,3,0,0,22016,5,2409723272
12313,107529820,17495295,125025115,7,0,0,6656,1,565709179
12314,107530540,17725910,125256450,4,0,0,10752,9,7618378735
12315,107532149,36912572,144444721,1,0,1,5632,13,8546961987
12316,107539700,17448241,124987941,7,0,0,3072,1,7986535205
12317,107554520,17765223,125319743,7,0,0,23040,1,4653967809
12318,107560090,18609059,126169149,9,0,0,44032,1,4710831722
12319,107564340,17979260,125543600,4,0,0,21504,9,5089293820
12320,107570230,18062750,125632980,9,0,0,85504,1,6122763808
12321,107586851,18167077,125753928,8,0,0,6656,14,82170844
12322,107591700,17494394,125086094,9,0,0,13824,1,4641182805
12323,107598871,18129268,125728139,8,0,0,16384,14,1869978509
12324,107605000,18426514,126031514,4,0,0,58880,9,7359055772
12325,107625630,17749920,125375550,0,0,0,20992,19,1332771030
12326,107627420,18324232,125951652,5,0,0,18944,9,8539631917
12327,107628690,18239079,125867769,6,0,0,69632,2,8922444740
12328,107643680,18350623,125994303,9,0,0,55296,1,1064924057
12329,107644310,18085880,125730190,7,0,0,6656,1,10111059908
12330,107645570,17679046,125324616,9,0,0,2560,1,690318430
12331,107693810,17881907,125575717,7,0,0,20480,1,8166878139
12332,107700830,36743914,144444744,9,0,1,512,1,8079630282
12333,107704101,17804254,125508355,8,0,0,42496,14,6566779313
12334,107705770,18346488,126052258,4,0,0,20480,9,7065554941
12335,107705790,18752604,126458394,5,0,0,54272,9,3307155888
12336,107706720,18608651,126315371,3,0,0,16896,5,9140647050
12337,107720190,18013455,125733645,6,0,0,11264,2,6273963556
12338,107723550,17749484,125473034,9,0,0,11776,1,9630330117
12339,107726160,17925188,125651348,2,0,0,14336,3,3744971917
12340,107736710,17668076,125404786,9,0,0,10240,1,6799488165
12341,107736720,17800305,125537025,6,0,0,19456,2,2604910959
12342,107738090,18207767,125945857,5,0,0,58368,9,9389815414
12343,107751550,18426233,126177783,7,0,0,25088,1,6074928096
12344,107757590,36693112,144450702,8,0,1,21504,14,4978137773
12345,107764770,17749871,125514641,9,0,0,3584,1,1708692320
12346,107777669,36679434,144457103,1,0,1,4096,13,2651636503
12347,107792660,18349411,126142071,5,0,0,8704,9,405749749
12348,107850100,18219173,126069273,9,0,0,17920,1,8731462628
12349,107867300,18363885,126231185,6,0,0,30720,2,2114728474
12350,107907960,17522016,125429976,5,0,0,18432,9,5581167167
12351,107911370,18749948,126661318,5,0,0,46592,9,2080429468
12352,107913680,36596257,144509937,9,0,1,9728,1,6262307675
12353,107921001,17802123,125723124,8,0,0,24064,14,2814461228
12354,107930710,36579250,144509960,0,0,1,2560,19,9018742886
12355,107965770,17520939,125486709,0,0,0,512,19,796192400
12356,107973601,18464935,126438536,8,0,0,81408,14,10580499944
12357,107975981,18018813,125994794,8,0,0,1536,14,8297058516
12358,107979020,17490403,125469423,2,0,0,17920,3,10266722120
12359,107983530,36762363,144745893,6,0,1,12288,2,6203409932
12360,108009779,17627748,125637527,1,0,0,14848,13,4721973381
12361,108016040,36729876,144745916,6,0,1,4608,2,9990221381
12362,108033470,17849663,125883133,0,0,0,13312,19,7588886923
12363,108041870,17735941,125777811,7,0,0,4096,1,7982387011
12364,108047040,36722809,144769849,5,0,1,14848,9,4977662870
12365,108060390,18731714,126792104,7,0,0,24576,1,8317354130
12366,108080040,17435872,125515912,6,0,0,4096,2,4478031905
12367,108085700,17630069,125715769,9,0,0,14336,1,517994047
12368,108088049,36731421,144819470,1,0,1,8704,13,7557720144
12369,108090750,17878305,125969055,6,0,0,16896,2,5859391508
12370,108094220,18319489,126413709,6,0,0,82432,2,9311308674
12371,108098980,36742007,144840987,9,0,1,1024,1,8601203796
12372,108106989,19004811,127111800,1,0,0,5632,13,2951701917
12373,108109641,18805741,126915382,8,0,0,17920,14,587485449
12374,108112420,17999286,126111706,0,0,0,54272,19,1322184188
12375,108129500,17657494,125786994,9,0,0,8192,1,6109496827
12376,108130150,17714134,125844284,7,0,0,22528,1,6951753984
12377,108154900,17483430,125638330,7,0,0,2560,1,4938970659
12378,108155120,17583112,125738232,5,0,0,512,9,675111667
12379,108162640,19034485,127197125,6,0,0,29696,2,3579581803
12380,108168450,37719295,145887745,2,0,1,477696,3,9393259581
12381,108169500,18550300,126719800,5,0,0,91136,9,7295123173
12382,108175260,18134940,126310200,2,0,0,512,3,10708449747
12383,108175750,17936291,126112041,2,0,0,1024,3,5947567518
12384,108196591,17930940,126127531,8,0,0,47616,14,7277416632
12385,108196600,17959110,126155710,6,0,0,37376,2,7502632442
12386,108197190,37735571,145932761,6,0,1,15872,2,2755966568
12387,108218840,37713944,145932784,3,0,1,1536,5,5417675832
12388,108223020,37709787,145932807,2,0,1,512,3,2654229900
12389,108224470,37708360,145932830,3,0,1,1536,5,6834049648
12390,108236150,17824399,126060549,0,0,0,27136,19,9906734509
12391,108238900,37693953,145932853,5,0,1,6656,9,4083493034
12392,108239249,18372384,126611633,1,0,0,64512,13,2995679200
12393,108250920,37681956,145932876,3,0,1,2560,5,6029558300
12394,108253240,18393851,126647091,2,0,0,75264,3,4071143219
12395,108272870,18627623,126900493,5,0,0,180736,9,2122737653
12396,108281130,37651769,145932899,8,0,1,16384,14,3824656052
12397,108283580,18040394,126323974,2,0,0,28160,3,8573059761
12398,108285800,17953494,126239294,0,0,0,8192,19,2933265497
12399,108286740,18285200,126571940,7,0,0,51712,1,396881591
12400,108292780,37640142,145932922,9,0,1,2048,1,7632062697
12401,108298199,37640379,145938578,1,0,1,9728,13,10306706613
12402,108299871,18292083,126591954,8,0,0,38400,14,1815406496
12403,108300540,18248422,126548962,5,0,0,76288,9,7361666145
12404,108329470,18009777,126339247,2,0,0,40448,3,5623357305
12405,108360280,37633757,145994037,2,0,1,20480,3,8839886025
12406,108376820,37627815,146004635,4,0,1,2048,9,6876104722
12407,108376840,17885188,126262028,9,0,0,1024,1,821636937
12408,108377050,18179111,126556161,3,0,0,23552,5,2727533319
12409,108379660,17873793,126253453,6,0,0,6144,2,9684202078
12410,108380129,37626772,146006901,1,0,1,3584,13,5973059126
12411,108391800,37617278,146009078,0,0,1,14336,19,7395323385
12412,108402440,17907581,126310021,5,0,0,94720,9,2829204202
12413,108411710,37622645,146034355,8,0,1,13824,14,1672840466
12414,108414320,17800391,126214711,9,0,0,6144,1,6932599153
12415,108421860,17691140,126113000,6,0,0,3072,2,5971033837
12416,108426600,18197536,126624136,6,0,0,40960,2,7104678098
12417,108449870,18300568,126750438,5,0,0,82432,9,5794166908
12418,108452440,37610580,146063020,3,0,1,2560,5,5626514935
12419,108457630,18834592,127292222,3,0,0,39424,5,1185088631
12420,108463040,17978795,126441835,6,0,0,10752,2,1307549520
12421,108465350,18058910,126524260,6,0,0,29184,2,3381444683
12422,108472440,37605969,146078409,6,0,1,9728,2,10251956148
12423,108482110,37602337,146084447,4,0,1,15360,9,7221476330
12424,108495360,18084871,126580231,9,0,0,27136,1,7097940765
12425,108495429,18443967,126939396,1,0,0,9216,13,8996607725
12426,108495779,18196230,126692009,1,0,0,7168,13,1740131800
12427,108500140,18225159,126725299,0,0,0,17920,19,10622552823
12428,108510810,18500493,127011303,0,0,0,31744,19,9400550357
12429,108519490,18170133,126689623,9,0,0,11776,1,8607761493
12430,108524279,18405391,126929670,1,0,0,33280,13,2432916674
12431,108529130,37555881,146085011,9,0,1,10752,1,8061079937
12432,108539561,18266673,126806234,8,0,0,38912,14,2806285303
12433,108557750,18226843,126784593,9,0,0,45056,1,7136198465
12434,108560239,18285163,126845402,1,0,0,71680,13,7537872483
12435,108575030,17938275,126513305,0,0,0,14848,19,6369792142
12436,108577950,37532304,146110254,7,0,1,6656,1,3902515039
12437,108589101,18320798,126909899,8,0,0,1536,14,2101875029
12438,108593920,18087545,126681465,2,0,0,66048,3,6839992626
12439,108593940,18750080,127344020,9,0,0,18432,1,2087915928
12440,108609280,18080522,126689802,6,0,0,512,2,476500584
12441,108611590,18148075,126759665,7,0,0,30208,1,6446658705
12442,108627550,18323881,126951431,0,0,0,39424,19,4352178534
12443,108630671,18055341,126686012,8,0,0,14848,14,8178948317
12444,108656929,18305936,126962865,1,0,0,14336,13,1468038666
12445,108668040,18299887,126967927,6,0,0,5120,2,9894675201
12446,108675170,18439305,127114475,0,0,0,8704,19,2080753905
12447,108686070,18724185,127410255,7,0,0,6656,1,4976541352
12448,108695370,18214038,126909408,7,0,0,29184,1,7315338371
12449,108697970,18599275,127297245,7,0,0,16384,1,5160418840
12450,108700450,37411750,146112200,9,0,1,3072,1,6152734118
12451,108709540,18227017,126936557,0,0,0,22528,19,853174558
12452,108721179,18245157,126966336,1,0,0,11264,13,4265375633
12453,108735159,18184169,126919328,1,0,0,9216,13,5146829992
12454,108739230,18177267,126916497,3,0,0,3584,5,5600367487
12455,108752870,18270504,127023374,5,0,0,13312,9,2558071464
12456,108757740,37354806,146112546,5,0,1,512,9,4522828035
12457,108776480,18597741,127374221,9,0,0,28160,1,1598380036
12458,108778280,18317040,127095320,0,0,0,31232,19,5204846525
12459,108779990,37362963,146142953,2,0,1,8704,3,5161328025
12460,108793350,18126157,126919507,2,0,0,512,3,22844483
12461,108798020,18160454,126958474,7,0,0,23040,1,1248908745
12462,108815930,37327369,146143299,3,0,1,512,5,5799160758
12463,108818240,18394375,127212615,3,0,0,50688,5,2708583180
12464,108818320,18757362,127575682,9,0,0,32256,1,6341457773
12465,108822730,18628393,127451123,7,0,0,42496,1,9951952830
12466,108835120,18286576,127121696,6,0,0,22016,2,7968860618
12467,108837620,18665809,127503429,6,0,0,60416,2,7342661543
12468,108842120,37646277,146488397,6,0,1,140800,2,9141213595
12469,108845950,18338798,127184748,2,0,0,14336,3,9735816386
12470,108867820,18312537,127180357,2,0,0,16384,3,2307317570
12471,108870149,18236426,127106575,1,0,0,36864,13,8507913055
12472,108880900,18228670,127109570,2,0,0,9728,3,4768075754
12473,108891590,37730855,146622445,3,0,1,35840,5,1850059723
12474,108895240,18457648,127352888,4,0,0,12288,9,2978778563
12475,108896730,18163824,127060554,6,0,0,3584,2,10458627905
12476,108907520,18682849,127590369,7,0,0,48128,1,10021167310
12477,108916480,18359004,127275484,3,0,0,18944,5,4744905270
12478,108940910,18611370,127552280,3,0,0,34304,5,4021429660
12479,108941970,18168091,127110061,5,0,0,1536,9,7451573778
12480,108950511,18708481,127658992,8,0,0,76288,14,690569385
12481,108954400,37686919,146641319,8,0,1,5632,14,6016594106
12482,108956410,18323777,127280187,7,0,0,15360,1,6862136514
12483,108965260,37678005,146643265,9,0,1,3072,1,8819851136
12484,108965820,37683120,146648940,8,0,1,4608,14,590594920
12485,108973320,18170624,127143944,4,0,0,2048,9,8786350455
12486,109000910,37653216,146654126,4,0,1,2560,9,3732854275
12487,109009260,37651111,146660371,8,0,1,26624,14,6862922307
12488,109016690,18647751,127664441,5,0,0,13312,9,5985662493
12489,109039450,18715537,127754987,0,0,0,15360,19,10710161806
12490,109049750,37740110,146789860,5,0,1,11776,9,9788221712
12491,109051450,18433548,127484998,7,0,0,111104,1,4343976889
12492,109067100,18288775,127355875,9,0,0,9728,1,7609642277
12493,109084230,37777054,146861284,4,0,1,2560,9,7411157257
12494,109095060,18414187,127509247,4,0,0,7680,9,4055249937
12495,109097660,37763647,146861307,3,0,1,2560,5,8822780689
12496,109101180,37760150,146861330,0,0,1,15360,19,10094805085
12497,109102610,37770310,146872920,3,0,1,1536,5,10006801979
12498,109109480,37766986,146876466,0,0,1,5632,19,3316115891
12499,109113400,18590149,127703549,9,0,0,13312,1,1735867321
12500,109114350,18806382,127920732,2,0,0,43008,3,1864894762
12501,109131250,37788696,146919946,9,0,1,25088,1,6013149470
12502,109136830,18498103,127634933,5,0,0,22016,9,3628964628
12503,109142140,18729304,127871444,7,0,0,5632,1,9478833409
12504,109143650,18455635,127599285,3,0,0,3072,5,2077942245
12505,109146030,37876245,147022275,5,0,1,9216,9,125951376
12506,109157480,37866741,147024221,2,0,1,3072,3,3452186021
12507,109157581,18712124,127869705,8,0,0,15872,14,7616761802
12508,109162650,19114747,128277397,5,0,0,54784,9,6996691148
12509,109164110,37877469,147041579,9,0,1,2560,1,1219964085
12510,109167790,18896340,128064130,7,0,0,29696,1,10080092815
12511,109170700,37874053,147044753,3,0,1,6656,5,374804964
12512,109191200,18315684,127506884,6,0,0,11264,2,2822669354
12513,109196710,18477666,127674376,7,0,0,15872,1,5785833877
12514,109205110,18740234,127945344,2,0,0,17920,3,1592435474
12515,109206439,37860851,147067290,1,0,1,8704,13,10164225106
12516,109211150,18354681,127565831,5,0,0,33280,9,758037259
12517,109211420,18544401,127755821,9,0,0,2560,1,7162295133
12518,109215780,18534504,127750284,5,0,0,35328,9,9899879971
12519,109227170,37859480,147086650,0,0,1,8704,19,7305619644
12520,109227530,18931323,128158853,5,0,0,40448,9,4160933900
12521,109232831,18282127,127514958,8,0,0,9216,14,375246701
12522,109235430,18650754,127886184,6,0,0,45568,2,2987568395
12523,109239100,18964607,128203707,3,0,0,13824,5,9595634885
12524,109241040,18958432,128199472,0,0,0,29184,19,7971834188
12525,109247370,18939039,128186409,6,0,0,34304,2,4035865822
12526,109254180,18782181,128036361,3,0,0,1024,5,3634015721
12527,109259900,19026724,128286624,0,0,0,30208,19,4887971062
12528,109281200,19170203,128451403,0,0,0,27648,19,10138029776
12529,109314940,18643825,127958765,2,0,0,4608,3,4015827006
12530,109323049,18843783,128166832,1,0,0,26112,13,469014709
12531,109329400,18674185,128003585,9,0,0,48128,1,2273085875
12532,109346970,18424492,127771462,7,0,0,10752,1,5068408730
12533,109351810,18824124,128175934,7,0,0,29696,1,9953580716
12534,109352830,18667360,128020190,5,0,0,8704,9,447539757
12535,109353500,18575554,127929054,4,0,0,17920,9,5521518161
12536,109353830,18946123,128299953,9,0,0,10752,1,1477394164
12537,109355900,18978043,128333943,3,0,0,33792,5,3974912425
12538,109357090,37905846,147262936,6,0,1,40960,2,1093012198
12539,109361420,18459068,127820488,5,0,0,9216,9,4178360741
12540,109365120,37974592,147339712,3,0,1,8192,5,9352042400
12541,109366100,38007085,147373185,4,0,1,1024,9,8338761457
12542,109370290,38002918,147373208,0,0,1,3072,19,1132540954
12543,109385660,18910994,128296654,7,0,0,14848,1,2113460055
12544,109388420,18859696,128248116,3,0,0,27136,5,9300139559
12545,109390730,38139240,147529970,5,0,1,17408,9,6647370012
12546,109397180,38133046,147530226,7,0,1,9216,1,4677873936
12547,109398510,38136222,147534732,0,0,1,7168,19,6006936993
12548,109399500,18618015,128017515,7,0,0,36352,1,3701571651
12549,109407590,18640377,128047967,9,0,0,6144,1,273420549
12550,109412860,18593556,128006416,6,0,0,9216,2,6492680235
12551,109415710,38674984,148090694,6,0,1,135168,2,7918378183
12552,109423620,38674994,148098614,8,0,1,2048,14,6205297114
12553,109424000,18499563,127923563,9,0,0,9216,1,1335756756
12554,109435780,38663500,148099280,2,0,1,1024,3,487685146
12555,109439240,38660386,148099626,8,0,1,512,14,3460271831
12556,109443610,19357229,128800839,4,0,0,35328,9,10653453287
12557,109444490,38655808,148100298,3,0,1,1024,5,252921454
12558,109456030,18498073,127954103,9,0,0,28672,1,321177991
12559,109460950,19081538,128542488,0,0,0,62976,19,3952160394
12560,109463310,18726109,128189419,7,0,0,9728,1,9795711032
12561,109467030,18951301,128418331,4,0,0,35840,9,8694439084
12562,109470111,18515875,127985986,8,0,0,5120,14,7945691857
12563,109474630,18765195,128239825,2,0,0,33280,3,121274282
12564,109485731,19181134,128666865,8,0,0,35328,14,4424411451
12565,109495851,18650655,128146506,8,0,0,31744,14,7948429123
12566,109502010,18821614,128323624,9,0,0,26624,1,4261203476
12567,109503641,18633170,128136811,8,0,0,18944,14,345296771
12568,109504380,38846088,148350468,6,0,1,109056,2,6704405652
12569,109508970,18574266,128083236,3,0,0,11776,5,9869352343
12570,109524360,38829416,148353776,8,0,1,6656,14,1165317281
12571,109528840,19119753,128648593,4,0,0,4608,9,8959205644
12572,109533420,18941643,128475063,6,0,0,21504,2,5589207118
12573,109541029,18982248,128523277,1,0,0,36352,13,3807244718
12574,109549060,19661251,129210311,5,0,0,66560,9,117546789
12575,109550350,19073853,128624203,3,0,0,12800,5,4517294024
12576,109551240,18639317,128190557,6,0,0,3584,2,6845329587
12577,109553480,18877065,128430545,5,0,0,14336,9,5144334449
12578,109554800,38847314,148402114,0,0,1,40960,19,8989228043
12579,109560950,19054709,128615659,5,0,0,76288,9,6910331740
12580,109566719,39270250,148836969,1,0,1,137728,13,8351259465
12581,109570380,19252946,128823326,4,0,0,73728,9,1752718409
12582,109589890,19116179,128706069,6,0,0,43008,2,1425811240
12583,109602819,19124470,128727289,1,0,0,28160,13,843987171
12584,109603670,19354928,128958598,9,0,0,58880,1,3323902978
12585,109608030,19520230,129128260,0,0,0,70144,19,6344189383
12586,109609500,39262751,148872251,4,0,1,9728,9,1295733803
12587,109642110,39249915,148892025,5,0,1,7168,9,2896752271
12588,109645470,18944867,128590337,5,0,0,18944,9,3643214681
12589,109647060,18779094,128426154,2,0,0,25600,3,8121963549
12590,109649709,19455809,129105518,1,0,0,5632,13,5160777372
12591,109651779,18640328,128292107,1,0,0,17920,13,1144896907
12592,109654070,39267450,148921520,7,0,1,21504,1,2399227432
12593,109661510,39674037,149335547,6,0,1,169472,2,5281702663
12594,109663960,19217859,128881819,4,0,0,22016,9,8251930518
12595,109664339,39671231,149335570,1,0,1,6656,13,5465613669
12596,109673400,18880522,128553922,0,0,0,26624,19,7468286700
12597,109673430,18942720,128616150,9,0,0,1536,1,9784584080
12598,109682510,19181257,128863767,0,0,0,52736,19,8757975474
12599,109683330,39861593,149544923,6,0,1,152576,2,10002437285
12600,109693190,19443341,129136531,7,0,0,13312,1,1960306875
12601,109707390,18838397,128545787,3,0,0,10752,5,2236749970
12602,109710641,18847826,128558467,8,0,0,1536,14,4435241
12603,109711670,19324715,129036385,4,0,0,24064,9,7099404223
12604,109713340,19065195,128778535,4,0,0,8704,9,10298176759
12605,109716530,18673528,128390058,3,0,0,7680,5,260969838
12606,109718010,39874443,149592453,0,0,1,12800,19,3717593880
12607,109721191,19560839,129282030,8,0,0,16896,14,8280063577
12608,109736580,18663894,128400474,7,0,0,8704,1,2698004110
12609,109736841,19198627,128935468,8,0,0,27136,14,10263588567
12610,109742371,19122519,128864890,8,0,0,3584,14,4150871116
12611,109746789,19006646,128753435,1,0,0,38912,13,292395575
12612,109751560,19313173,129064733,9,0,0,38912,1,9569487363
12613,109755359,18713129,128468488,1,0,0,15872,13,3534174755
12614,109756560,19413372,129169932,2,0,0,49152,3,4555630662
12615,109770720,39830889,149601609,2,0,1,2048,3,10649272410
12616,109776220,19150957,128927177,9,0,0,68608,1,5312415235
12617,109792150,18799614,128591764,3,0,0,4608,5,8662142899
12618,109794750,19471654,129266404,0,0,0,2048,19,9012805415
12619,109806989,19595632,129402621,1,0,0,44032,13,2363370540
12620,109827200,19659368,129486568,7,0,0,31744,1,2000052275
12621,109835850,19151031,128986881,3,0,0,10752,5,3572658027
12622,109838700,39768156,149606856,0,0,1,8704,19,7463666701
12623,109843820,19060769,128904589,0,0,0,23040,19,8491928816
12624,109853650,18885830,128739480,7,0,0,39936,1,10429939603
12625,109855750,19314829,129170579,0,0,0,2048,19,90538187
12626,109858629,19273823,129132452,1,0,0,5120,13,7923870687
12627,109866510,18575645,128442155,3,0,0,2560,5,9978702163
12628,109883020,19213749,129096769,5,0,0,60928,9,3470621352
12629,109888340,19301652,129189992,5,0,0,4096,9,4161011818
12630,109897120,18686497,128583617,5,0,0,27136,9,6425994308
12631,109898040,18949636,128847676,2,0,0,7168,3,9320702219
12632,109900790,39862614,149763404,6,0,1,90112,2,5850469828
12633,109904430,39906039,149810469,2,0,1,22528,3,7560155128
12634,109911750,19071832,128983582,3,0,0,14848,5,2983175206
12635,109924390,19460503,129384893,3,0,0,31744,5,7176329475
12636,109947460,39867835,149815295,4,0,1,7680,9,7295304446
12637,109952430,18697590,128650020,3,0,0,4608,5,5325922490
12638,109954440,19416991,129371431,7,0,0,8704,1,2821521949
12639,109960390,19056885,129017275,7,0,0,69120,1,3747802257
12640,109970400,19326394,129296794,5,0,0,15872,9,584601094
12641,109971080,18801779,128772859,7,0,0,10240,1,7460192743
12642,109982110,19341574,129323684,2,0,0,512,3,10171326567
12643,109994419,19374337,129368756,1,0,0,113152,13,2465870200
12644,110003140,19167774,129170914,0,0,0,1024,19,4875571155
12645,110003930,39838857,149842787,7,0,1,512,1,5199549634
12646,110025710,19642189,129667899,9,0,0,10240,1,4247994424
12647,110031189,19428727,129459916,1,0,0,14848,13,2847476271
12648,110034570,19574904,129609474,2,0,0,101376,3,10049310460
12649,110035070,19340128,129375198,3,0,0,12288,5,375280109
12650,110036950,19212495,129249445,7,0,0,45568,1,4084183913
12651,110046720,19018192,129064912,5,0,0,512,9,2484599879
12652,110048500,39796479,149844979,7,0,1,15872,1,9981758558
12653,110061940,39788633,149850573,7,0,1,18432,1,747316042
12654,110062570,39812998,149875568,4,0,1,6144,9,9979640531
12655,110066300,19218873,129285173,9,0,0,10240,1,8830010296
12656,110074190,39801401,149875591,4,0,1,1536,9,4959557704
12657,110088419,19379030,129467449,1,0,0,7680,13,3178225355
12658,110089110,19555339,129644449,0,0,0,67072,19,4158151941
12659,110089180,19458270,129547450,0,0,0,69120,19,6561854506
12660,110098230,18784236,128882466,7,0,0,2048,1,9863117545
12661,110111790,19076931,129188721,3,0,0,58368,5,3104506802
12662,110122199,19581953,129704152,1,0,0,10240,13,1423051213
12663,110135620,39758920,149894540,3,0,1,15360,5,934594186
12664,110146480,39790799,149937279,2,0,1,27136,3,8658403120
12665,110182070,19029824,129211894,3,0,0,5120,5,8163088396
12666,110197780,19580272,129778052,3,0,0,27648,5,5362130901
12667,110207810,19625866,129833676,9,0,0,16896,1,1373695558
12668,110209440,19050352,129259792,7,0,0,512,1,3049088808
12669,110228170,19600335,129828505,2,0,0,104960,3,7708514182
12670,110229120,39711521,149940641,3,0,1,3584,5,1581884040
12671,110233820,19063465,129297285,4,0,0,1536,9,6285195783
12672,110239711,19326638,129566349,8,0,0,61952,14,8152757263
12673,110254100,19407359,129661459,5,0,0,36864,9,5533890087
12674,110256590,18897401,129153991,5,0,0,1536,9,1365723489
12675,110259139,19421078,129680217,1,0,0,30720,13,2043951400
12676,110261269,19127859,129389128,1,0,0,13824,13,996077711
12677,110264001,19182124,129446125,8,0,0,13312,14,8072820674
12678,110278199,39663108,149941307,1,0,1,1024,13,9375224028
12679,110286199,19281577,129567776,1,0,0,4608,13,1424191000
12680,110286940,19580345,129867285,0,0,0,91136,19,4621059542
12681,110288960,19116835,129405795,0,0,0,512,19,1763589739
12682,110290840,19888033,130178873,6,0,0,20992,2,3950210096
12683,110296700,19327282,129623982,7,0,0,7168,1,3243052897
12684,110298450,19977178,130275628,6,0,0,41984,2,7556894247
12685,110305690,39635873,149941563,5,0,1,9216,9,1029672622
12686,110309710,40079013,150388723,6,0,1,243712,2,3938659466
12687,110315460,19666998,129982458,5,0,0,84992,9,10696412997
12688,110319989,19258574,129578563,1,0,0,35328,13,6152205732
12689,110322940,40066129,150389069,5,0,1,512,9,1749036785
12690,110323330,19692065,130015395,5,0,0,78848,9,7419250398
12691,110326859,19294916,129621775,1,0,0,37888,13,2701332939
12692,110329030,40078573,150407603,3,0,1,2560,5,10089869392
12693,110329880,40079337,150409217,3,0,1,10752,5,10029301176
12694,110338950,40070610,150409560,9,0,1,3072,1,788433495
12695,110338999,19115103,129454102,1,0,0,5632,13,4800674049
12696,110340690,19999204,130339894,2,0,0,14848,3,2713994300
12697,110344860,19305228,129650088,9,0,0,18432,1,9222905575
12698,110350240,19375072,129725312,6,0,0,10240,2,5635479782
12699,110356780,40060304,150417084,9,0,1,7680,1,2743558257
12700,110363960,19246248,129610208,3,0,0,2048,5,10292068752
12701,110366750,19121245,129487995,5,0,0,4608,9,2685392773
12702,110374810,40722937,151097747,6,0,1,525312,2,8129329729
12703,110381919,19488548,129870467,1,0,0,9728,13,6917252281
12704,110383650,40716043,151099693,3,0,1,3072,5,3680730967
12705,110397980,40707606,151105586,3,0,1,15360,5,215129466
12706,110398310,19124741,129523051,0,0,0,4096,19,548655538
12707,110412329,19509476,129921805,1,0,0,5632,13,2857500192
12708,110430910,40679182,151110092,7,0,1,7168,1,9880119467
12709,110449100,40661658,151110758,8,0,1,1024,14,9426224676
12710,110455060,19485929,129940989,9,0,0,59904,1,848809328
12711,110456390,40655994,151112384,0,0,1,2560,19,10566360008
12712,110457530,19617535,130075065,9,0,0,21504,1,1608464488
12713,110459680,19588594,130048274,5,0,0,6656,9,4149886204
12714,110460130,19607004,130067134,6,0,0,51712,2,4731410524
12715,110465340,40647390,151112730,7,0,1,512,1,7793383288
12716,110480359,19739371,130219730,1,0,0,26112,13,6863945190
12717,110480960,40635316,151116276,5,0,1,5632,9,822243142
12718,110500580,40684695,151185275,8,0,1,35328,14,2203196221
12719,110509280,19661591,130170871,7,0,0,48128,1,1811574379
12720,110527280,19312214,129839494,5,0,0,5632,9,9021042214
12721,110533081,19304674,129837755,8,0,0,13312,14,5777298821
12722,110534660,19507453,130042113,7,0,0,41984,1,956434116
12723,110537260,40648038,151185298,4,0,1,2560,9,6018004205
12724,110537380,19330092,129867472,6,0,0,512,2,3986546278
12725,110544800,19484498,130029298,4,0,0,34816,9,6856156895
12726,110547890,40648602,151196492,2,0,1,22016,3,8262626138
12727,110554520,19592258,130146778,2,0,0,53760,3,4799293410
12728,110566199,19480024,130046223,1,0,0,5632,13,1560799844
12729,110575100,19519228,130094328,7,0,0,5120,1,1156500031
12730,110582890,19405342,129988232,0,0,0,17920,19,6193883797
12731,110607220,40589295,151196515,0,0,1,4096,19,4373439257
12732,110610150,19335432,129945582,5,0,0,12288,9,6740610413
12733,110618120,40578418,151196538,4,0,1,9728,9,5435652947
12734,110619930,19591821,130211751,3,0,0,10240,5,5044564563
12735,110638650,40569176,151207826,5,0,1,6656,9,1484045743
12736,110648239,40616794,151265033,1,0,1,16896,13,3269998343
12737,110652639,20788865,131441504,1,0,0,56832,13,3380943765
12738,110654869,40611790,151266659,1,0,1,2560,13,9635908121
12739,110657740,40609585,151267325,2,0,1,11264,3,7711491346
12740,110658170,40615694,151273864,5,0,1,9216,9,700921821
12741,110665970,40610160,151276130,0,0,1,3584,19,7205908652
12742,110678080,19366396,130044476,0,0,0,7680,19,9597493894
12743,110685380,19461733,130147113,5,0,0,1024,9,5457766426
12744,110688320,19263139,129951459,3,0,0,5120,5,93780853
12745,110706280,19403635,130109915,6,0,0,3584,2,4521945619
12746,110709851,19599787,130309638,8,0,0,3072,14,5183444204
12747,110724630,20471205,131195835,2,0,0,8192,3,4594198771
12748,110725390,19190025,129915415,7,0,0,23040,1,2425126310
12749,110729720,19918365,130648085,9,0,0,71680,1,4986314045
12750,110732029,19209763,129941792,1,0,0,2560,13,8588203285
12751,110735751,19220788,129956539,8,0,0,2560,14,5740198713
12752,110739180,40539536,151278716,0,0,1,4096,19,9267459570
12753,110745910,19751885,130497795,0,0,0,27136,19,8011445839
12754,110746860,20591282,131338142,2,0,0,66560,3,3456230278
12755,110747121,19368774,130115895,8,0,0,8192,14,4466073449
12756,110771889,19571772,130343661,1,0,0,12288,13,4168679025
12757,110777079,40505488,151282567,1,0,1,4608,13,9802247354
12758,110789580,19699924,130489504,5,0,0,40960,9,3572638722
12759,110795441,19297304,130092745,8,0,0,19968,14,47780154
12760,110814030,40468694,151282724,0,0,1,13312,19,930101844
12761,110814110,19643582,130457692,6,0,0,37376,2,4555289616
12762,110814301,19341883,130156184,8,0,0,29696,14,7179571900
12763,110820150,40525741,151345891,4,0,1,20992,9,3211964574
12764,110824150,19356417,130180567,6,0,0,1536,2,4323966383
12765,110826410,40521127,151347537,7,0,1,5120,1,1851578814
12766,110838600,19238048,130076648,2,0,0,5120,3,8587785670
12767,110839270,19482663,130321933,3,0,0,5632,5,1531252642
12768,110843880,40717618,151561498,6,0,1,121344,2,8789446913
12769,110856920,19541550,130398470,3,0,0,7680,5,1979141257
12770,110863009,19852490,130715499,1,0,0,72704,13,6331284002
12771,110866200,19803807,130670007,6,0,0,27648,2,8485561943
12772,110866851,19636762,130503613,8,0,0,18944,14,4195269991
12773,110868410,19457097,130325507,6,0,0,8192,2,6214630141
12774,110871830,19319508,130191338,3,0,0,5632,5,8380516235
12775,110876950,19295504,130172454,6,0,0,5120,2,2757107980
12776,110887231,19374521,130261752,8,0,0,18432,14,7002584790
12777,110897990,19608357,130506347,6,0,0,4608,2,4768216598
12778,110908880,20141224,131050104,9,0,0,7680,1,3761298490
12779,110914010,19365541,130279551,5,0,0,12800,9,26309986
12780,110951750,19482853,130434603,5,0,0,89088,9,9701251285
12781,110957560,19546856,130504416,9,0,0,2560,1,1733660126
12782,110959630,40646997,151606627,2,0,1,7680,3,2673992874
12783,110964099,19616922,130581021,1,0,0,30720,13,7160421646
12784,110967460,40639190,151606650,4,0,1,2560,9,666611734
12785,110970550,19333016,130303566,6,0,0,18432,2,6630077383
12786,110981600,19644622,130626222,0,0,0,42496,19,8283822361
12787,110985960,40623232,151609192,0,0,1,2048,19,783761792
12788,110989830,19623413,130613243,9,0,0,14336,1,5430338435
12789,110995840,20559461,131555301,6,0,0,27648,2,8383611631
12790,111000410,19757815,130758225,7,0,0,12800,1,5091445343
12791,111005210,19527233,130532443,6,0,0,24576,2,8859635071
12792,111009110,20234174,131243284,2,0,0,52736,3,5529823527
12793,111032110,20015631,131047741,6,0,0,128000,2,454666705
12794,111038211,20670161,131708372,8,0,0,4608,14,399747836
12795,111043780,20104030,131147810,0,0,0,72704,19,6200411344
12796,111045771,19708531,130754302,8,0,0,90624,14,6533532506
12797,111050390,20256824,131307214,5,0,0,19456,9,1865412413
12798,111064820,20037350,131102170,3,0,0,4096,5,6658684472
12799,111068380,19920973,130989353,5,0,0,25600,9,5775519949
12800,111071510,20186425,131257935,2,0,0,4608,3,2421696365
12801,111074510,19534342,130608852,7,0,0,56832,1,2842211781
12802,111081640,20404854,131486494,6,0,0,10752,2,8689008195
12803,111095599,19623736,130719335,1,0,0,12288,13,7282594400
12804,111102689,40522834,151625523,1,0,1,30720,13,4145624717
12805,111104820,19743344,130848164,9,0,0,24576,1,1550943727
12806,111105120,40554282,151659402,4,0,1,18944,9,10121810639
12807,111121311,20224548,131345859,8,0,0,3584,14,6893311320
12808,111124559,19974095,131098654,1,0,0,7680,13,8733237806
12809,111135540,19398787,130534327,7,0,0,512,1,7490370215
12810,111136671,19649501,130786172,8,0,0,18944,14,10722786818
12811,111142599,19866119,131008718,1,0,0,26112,13,3499714284
12812,111144250,20019010,131163260,2,0,0,23040,3,8915119581
12813,111193230,40522048,151715278,8,0,1,8704,14,4648880317
12814,111200760,20299209,131499969,6,0,0,39424,2,5167605846
12815,111208740,40506561,151715301,4,0,1,1536,9,4186330608
12816,111218579,19561798,130780377,1,0,0,5632,13,10520087905
12817,111224111,20168767,131392878,8,0,0,2048,14,3155080257
12818,111226660,19736393,130963053,3,0,0,33280,5,7637170271
12819,111253490,19643183,130896673,9,0,0,61440,1,8113849595
12820,111267570,40504020,151771590,5,0,1,38400,9,10548574605
12821,111276360,40502795,151779155,8,0,1,512,14,1420480590
12822,111293830,19617686,130911516,9,0,0,48640,1,2154469697
12823,111300760,20480245,131781005,5,0,0,9728,9,2642528210
12824,111301370,19993033,131294403,2,0,0,18432,3,6705063528
12825,111313750,19667780,130981530,0,0,0,32768,19,6556892129
12826,111328040,19322595,130650635,5,0,0,3584,9,91666132
12827,111332560,19316960,130649520,0,0,0,4608,19,10588405383
12828,111334070,40446263,151780333,4,0,1,13824,9,1258253209
12829,111343660,20539678,131883338,7,0,0,4096,1,9683800803
12830,111359101,19954760,131313861,8,0,0,512,14,2328629353
12831,111363330,19396798,130760128,5,0,0,6144,9,987748004
12832,111384110,19587413,130971523,5,0,0,6144,9,1021998226
12833,111387460,19550008,130937468,7,0,0,7680,1,6346907166
12834,111406860,19840815,131247675,2,0,0,14336,3,9263869190
12835,111414500,19400220,130814720,3,0,0,512,5,3473231356
12836,111422509,19497562,130920071,1,0,0,6144,13,8517446807
12837,111428919,19764397,131193316,1,0,0,75264,13,67734773
12838,111433660,19501445,130935105,7,0,0,8704,1,5585140299
12839,111434820,40351721,151786541,2,0,1,8192,3,8205361875
12840,111446880,19317030,130763910,4,0,0,2560,9,3643877314
12841,111451440,40338366,151789806,5,0,1,14336,9,6288150932
12842,111473820,20091351,131565171,3,0,0,15360,5,4050391156
12843,111477100,20370716,131847816,6,0,0,35840,2,708956671
12844,111478610,19904750,131383360,6,0,0,36352,2,9606313273
12845,111480110,19601034,131081144,2,0,0,35840,3,537000899
12846,111494190,19673149,131167339,2,0,0,13312,3,9377346933
12847,111497130,20209807,131706937,5,0,0,30720,9,2350789447
12848,111520880,19332299,130853179,9,0,0,6656,1,4069462475
12849,111533999,40260992,151794991,1,0,1,16384,13,5218882843
12850,111540120,19611324,131151444,5,0,0,11776,9,5075973296
12851,111541990,40269622,151811612,3,0,1,5120,5,5098544
12852,111560960,40251776,151812736,0,0,1,2048,19,7563045782
12853,111566800,19705342,131272142,2,0,0,11264,3,3069164271
12854,111566959,19431451,130998410,1,0,0,12800,13,337347753
12855,111580910,20411374,131992284,3,0,0,4096,5,9493397046
12856,111586620,20090138,131676758,6,0,0,63488,2,7250701276
12857,111588490,19877604,131466094,5,0,0,49664,9,8806153443
12858,111589350,20479799,132069149,6,0,0,70144,2,2874140598
12859,111592860,40245237,151838097,8,0,1,4096,14,8802317713
12860,111597520,19528115,131125635,9,0,0,28672,1,2709283228
12861,111603450,19739025,131342475,9,0,0,2560,1,7716622450
12862,111606810,19592979,131199789,7,0,0,11264,1,5301380631
12863,111626239,19290916,130917155,1,0,0,18432,13,4944034262
12864,111635110,19922398,131557508,5,0,0,7168,9,2920019453
12865,111660960,19308668,130969628,5,0,0,21504,9,10325116060
12866,111669599,40169581,151839180,1,0,1,1024,13,3740594086
12867,111684900,19677215,131362115,5,0,0,1024,9,3900848150
12868,111694219,20495442,132189661,1,0,0,56832,13,888803822
12869,111706680,40133166,151839846,7,0,1,1024,1,10728497328
12870,111715390,19275234,130990624,6,0,0,4096,2,8454163532
12871,111717889,19828965,131546854,1,0,0,16896,13,10457744438
12872,111729490,40110510,151840000,7,0,1,8704,1,6233431786
12873,111738180,19321381,131059561,7,0,0,5120,1,8142819790
12874,111746650,40103938,151850588,9,0,1,1024,1,3358232634
12875,111749200,19462512,131211712,9,0,0,1024,1,7662638543
12876,111757740,40096394,151854134,0,0,1,5632,19,9631005150
12877,111763660,19504677,131268337,9,0,0,7168,1,2260408003
12878,111766180,19430146,131196326,5,0,0,1536,9,1309740146
12879,111780640,19371607,131152247,9,0,0,2560,1,3881104743
12880,111783230,40071570,151854800,3,0,1,1024,5,15657846
12881,111786730,19849954,131636684,6,0,0,65024,2,10344992380
12882,111790911,19507415,131298326,8,0,0,12800,14,7454610816
12883,111792820,20072023,131864843,5,0,0,55808,9,8134672599
12884,111802860,19975158,131778018,7,0,0,35328,1,2543090538
12885,111820680,20054270,131874950,0,0,0,16896,19,7047296206
12886,111829420,40027646,151857066,3,0,1,3584,5,590562956
12887,111837470,40020262,151857732,7,0,1,1024,1,10585408203
12888,111879670,39979368,151859038,4,0,1,2048,9,6304011755
12889,111883970,39977014,151860984,2,0,1,3072,3,7074752891
12890,111886610,20383674,132270284,0,0,0,23040,19,10120122152
12891,111887090,40461997,152349087,6,0,1,245760,2,3894087726
12892,111888380,19809174,131697554,6,0,0,1536,2,508988904
12893,111888790,19846291,131735081,7,0,0,37888,1,7340101173
12894,111895060,20100271,131995331,6,0,0,5632,2,4024395254
12895,111898520,19643163,131541683,3,0,0,53760,5,10702505120
12896,111911971,20227049,132139020,8,0,0,5120,14,352102114
12897,111945380,20307849,132253229,2,0,0,36864,3,9298409180
12898,111947570,40401540,152349110,8,0,1,4608,14,2864737989
12899,111978810,19926503,131905313,3,0,0,44032,5,1807656956
12900,111981710,19410521,131392231,9,0,0,19456,1,4642625997
12901,111984251,20390352,132374603,8,0,0,35840,14,2084324281
12902,111989100,19938673,131927773,9,0,0,35840,1,7878850571
12903,111992911,19755008,131747919,8,0,0,40960,14,10440904302
12904,111997520,40351613,152349133,2,0,1,5632,3,6551811112
12905,112008309,20476477,132484786,1,0,0,61440,13,8951129781
12906,112019230,40373893,152393123,1,0,1,512,13,3676776290
12907,112024210,19630431,131654641,2,0,0,10240,3,8025195439
12908,112031370,20394964,132426334,9,0,0,16384,1,5441505342
12909,112034010,40359136,152393146,4,0,1,2560,9,1422783446
12910,112042910,19564957,131607867,6,0,0,14336,2,9824281440
12911,112045420,19352819,131398239,3,0,0,4096,5,2395910525
12912,112046150,20292397,132338547,0,0,0,10752,19,10721224500
12913,112053320,19904012,131957332,6,0,0,15872,2,7328113867
12914,112055970,20081467,132137437,5,0,0,38912,9,2084422330
12915,112057781,19960170,132017951,8,0,0,14336,14,7651376110
12916,112068670,40324499,152393169,5,0,1,5120,9,10116729760
12917,112069910,19434606,131504516,6,0,0,14848,2,4827776636
12918,112071691,19939458,132011149,8,0,0,29696,14,10569788044
12919,112072810,19918203,131991013,9,0,0,18432,1,6034310223
12920,112080200,20127867,132208067,3,0,0,18432,5,10430835388
12921,112080660,40384005,152464665,6,0,1,51712,2,10006314262
12922,112088740,40554007,152642747,7,0,1,10752,1,9008695664
12923,112091420,40555398,152646818,7,0,1,19456,1,5055723734
12924,112097000,19581029,131678029,0,0,0,4096,19,9075564073
12925,112115860,20219388,132335248,0,0,0,43008,19,8749610455
12926,112117710,19696489,131814199,2,0,0,28672,3,8240939942
12927,112127180,40539459,152666639,5,0,1,28672,9,1872302246
12928,112130370,40630981,152761351,4,0,1,512,9,6030475894
12929,112133611,19633620,131767231,8,0,0,35840,14,5708205196
12930,112142280,20323763,132466043,2,0,0,116224,3,1147039857
12931,112143180,20178941,132322121,2,0,0,66560,3,6859738874
12932,112159969,19486884,131646853,1,0,0,19968,13,8225588891
12933,112180480,20014531,132195011,3,0,0,17408,5,6261450497
12934,112187781,19760567,131948348,8,0,0,47104,14,3633296243
12935,112189111,19546305,131735416,8,0,0,1024,14,4879031855
12936,112208610,20348369,132556979,7,0,0,27136,1,2769893345
12937,112219100,40542282,152761382,0,0,1,512,19,7778316994
12938,112223680,40537725,152761405,7,0,1,1536,1,5214101177
12939,112242130,20272777,132514907,6,0,0,15872,2,10602962156
12940,112242480,40585840,152828320,4,0,1,20480,9,2453132696
12941,112243350,19882208,132125558,2,0,0,23040,3,908408150
12942,112247761,19575922,131823683,8,0,0,4096,14,2530845706
12943,112253980,40574686,152828666,9,0,1,512,1,8758845957
12944,112263120,19602682,131865802,3,0,0,3072,5,4292839591
12945,112270790,20479192,132749982,7,0,0,512,1,8100006641
12946,112271700,19677942,131949642,2,0,0,4096,3,5542065269
12947,112275970,40553567,152829537,7,0,1,12288,1,4261266777
12948,112306790,20233919,132540709,0,0,0,64000,19,5781908473
12949,112310450,19642023,131952473,9,0,0,9216,1,5694065818
12950,112317730,19653619,131971349,9,0,0,8704,1,7036068360
12951,112328280,19844042,132172322,9,0,0,51200,1,6392281693
12952,112342970,40559389,152902359,9,0,1,13824,1,4384819821
12953,112348581,19680749,132029330,8,0,0,2560,14,2834845304
12954,112359590,19711766,132071356,5,0,0,7168,9,8723852895
12955,112394320,40508295,152902615,7,0,1,9216,1,4616655039
12956,112414250,20602569,133016819,2,0,0,59904,3,9371784941
12957,112419589,40499244,152918833,1,0,1,5632,13,8533757324
12958,112428020,19771405,132199425,7,0,0,14336,1,2540869971
12959,112431390,40490669,152922059,5,0,1,5120,9,9422854712
12960,112432260,19722450,132154710,7,0,0,37376,1,6349879413
12961,112439490,20081688,132521178,0,0,0,20480,19,10580249096
12962,112444439,40497541,152941980,1,0,1,15872,13,691993690
12963,112450650,40495657,152946307,5,0,1,2560,9,10516780367
12964,112461790,20269752,132731542,9,0,0,19456,1,8339462490
12965,112484790,20736552,133221342,3,0,0,10752,5,4154522870
12966,112500420,19511064,132011484,2,0,0,1024,3,181891014
12967,112503790,19926187,132429977,3,0,0,10240,5,3136918636
12968,112523300,19969777,132493077,5,0,0,27136,9,3889296004
12969,112531040,19671372,132202412,3,0,0,9728,5,5792894689
12970,112535230,19812411,132347641,5,0,0,29696,9,1232673884
12971,112551420,19950797,132502217,5,0,0,512,9,3459742956
12972,112579090,40367248,152946338,2,0,1,15360,3,3439762687
12973,112590170,19651512,132241682,3,0,0,36864,5,5541936983
12974,112595251,20216159,132811410,8,0,0,78336,14,5446759276
12975,112596540,19675945,132272485,0,0,0,512,19,7398437013
12976,112601330,20011143,132612473,2,0,0,1536,3,9672941024
12977,112608110,19958603,132566713,7,0,0,11264,1,5564240807
12978,112615950,19884482,132500432,5,0,0,24064,9,1252788093
12979,112647171,19937243,132584414,8,0,0,20480,14,4717528132
12980,112649520,20397944,133047464,3,0,0,58368,5,9895304517
12981,112658990,19554366,132213356,0,0,0,2560,19,3670674754
12982,112674460,19676035,132350495,7,0,0,9216,1,5871510842
12983,112677759,20205026,132882785,1,0,0,14336,13,9029351900
12984,112684811,20462293,133147104,8,0,0,7168,14,10521646713
12985,112694571,19873725,132568296,8,0,0,5120,14,164345843
12986,112700480,20596985,133297465,9,0,0,11264,1,9752278754
12987,112703480,19859778,132563258,9,0,0,20480,1,3761593191
12988,112705170,19983592,132688762,2,0,0,71680,3,2633948584
12989,112711290,19991893,132703183,6,0,0,43008,2,4485604374
12990,112717910,40244850,152962760,0,0,1,4096,19,1793275070
12991,112720500,40256084,152976584,5,0,1,4608,9,104891204
12992,112740610,40235997,152976607,7,0,1,2560,1,4568681361
12993,112744200,40232438,152976638,3,0,1,6144,5,3308085193
12994,112745600,20164694,132910294,5,0,0,17920,9,9139666718
12995,112773029,40210839,152983868,1,0,1,1024,13,10081938621
12996,112787430,19901511,132688941,9,0,0,512,1,2782467899
12997,112794510,19715538,132510048,7,0,0,25600,1,2226307506
12998,112797180,40186711,152983891,7,0,1,12800,1,4368660558
12999,112799430,20263391,133062821,6,0,0,30720,2,2436426778
13000,112801670,19938126,132739796,3,0,0,22528,5,6464691468
13001,112806480,19883576,132690056,3,0,0,3584,5,8216939388
13002,112807440,20298257,133105697,3,0,0,45056,5,10210974733
13003,112810899,40351557,153162456,1,0,1,18944,13,3595707807
13004,112811940,19837991,132649931,2,0,0,22528,3,310417401
13005,112812530,40352832,153165362,3,0,1,4608,5,9242186258
13006,112814810,19810032,132624842,3,0,0,27136,5,2586086727
13007,112815870,40401695,153217565,7,0,1,2560,1,8193477391
13008,112816390,19732298,132548688,5,0,0,26112,9,2467891584
13009,112824350,19945893,132770243,9,0,0,10240,1,6743514287
13010,112824640,19676595,132501235,7,0,0,2560,1,4455512233
13011,112846950,19902853,132749803,5,0,0,32768,9,5420050145
13012,112858600,19965804,132824404,0,0,0,36864,19,909565553
13013,112868820,20123399,132992219,2,0,0,54784,3,3405072053
13014,112877720,40347067,153224787,0,0,1,20480,19,8864099918
13015,112890280,40334530,153224810,4,0,1,1024,9,2935870447
13016,112894070,20266130,133160200,2,0,0,28160,3,8720080705
13017,112906409,19799293,132705702,1,0,0,8192,13,7611486636
13018,112916420,19585618,132502038,5,0,0,2560,9,6510597202
13019,112919440,19747459,132666899,9,0,0,37888,1,3637221772
13020,112920810,19918107,132838917,7,0,0,6656,1,5861235772
13021,112935890,40294161,153230051,6,0,1,10752,2,1673892529
13022,112938900,40291817,153230717,2,0,1,1024,3,7348866466
13023,112941430,19871719,132813149,6,0,0,5632,2,6051907394
13024,112942060,19765069,132707129,2,0,0,4608,3,9340305409
13025,112945800,19926023,132871823,2,0,0,47104,3,7511344834
13026,112947410,19807481,132754891,6,0,0,3072,2,6787636621
13027,112951880,40278991,153230871,8,0,1,8704,14,6570895506
13028,112957599,20295831,133253430,1,0,0,17920,13,6860480580
13029,112958680,40372419,153331099,4,0,1,1536,9,5140962324
13030,112969100,19944961,132914061,5,0,0,12288,9,573896654
13031,112973810,40360835,153334645,2,0,1,5632,3,2670202816
13032,112974470,40361187,153335657,9,0,1,1536,1,9029389658
13033,112979770,19895664,132875434,9,0,0,11776,1,580733167
13034,112982000,20070011,133052011,9,0,0,14848,1,701306380
13035,112994480,20247158,133241638,6,0,0,27136,2,24480597
13036,112994710,20214188,133208898,7,0,0,10240,1,10218191563
13037,113007891,20353596,133361487,8,0,0,109568,14,4314780500
13038,113017870,40318453,153336323,4,0,1,1024,9,10144347666
13039,113021800,19927537,132949337,2,0,0,26624,3,10683022771
13040,113024160,20350165,133374325,0,0,0,21504,19,6740945378
13041,113058150,20269930,133328080,2,0,0,22016,3,6207024899
13042,113078130,19975308,133053438,6,0,0,4608,2,8526953718
13043,113083470,40253007,153336477,7,0,1,8704,1,4470726485
13044,113089730,20367876,133457606,7,0,0,4096,1,8889268966
13045,113092450,20084665,133177115,2,0,0,35328,3,4485292546
13046,113101731,20171473,133273204,8,0,0,3584,14,4101157207
13047,113115750,40221393,153337143,7,0,1,1024,1,4142738972
13048,113121470,20296000,133417470,9,0,0,13312,1,10243170314
13049,113140800,19685031,132825831,2,0,0,4608,3,5380386231
13050,113153150,19975108,133128258,2,0,0,13824,3,6620153549
13051,113156840,19741473,132898313,6,0,0,20480,2,8666448557
13052,113167510,19862147,133029657,0,0,0,41984,19,6052567857
13053,113170169,20618614,133788783,1,0,0,59392,13,4527902524
13054,113178500,19888412,133066912,3,0,0,9728,5,10435910031
13055,113179390,20233932,133413322,6,0,0,69120,2,3522013226
13056,113191741,20323789,133515530,8,0,0,25088,14,10489741878
13057,113193310,20349713,133543023,6,0,0,15360,2,8648088345
13058,113193730,20328334,133522064,9,0,0,4608,1,1663373720
13059,113207150,19988575,133195725,5,0,0,51200,9,2464005996
13060,113232229,19985673,133217902,1,0,0,9728,13,7801506116
13061,113234130,20627890,133862020,5,0,0,33792,9,7485462672
13062,113258760,19907568,133166328,3,0,0,12800,5,1083001084
13063,113261180,19986721,133247901,6,0,0,20480,2,1365638237
13064,113265860,20124255,133390115,3,0,0,31744,5,8493963307
13065,113272690,40064914,153337604,9,0,1,10240,1,6110625449
13066,113275700,20695917,133971617,5,0,0,43008,9,9176437093
13067,113278500,20816471,134094971,4,0,0,9728,9,10402596445
13068,113278980,40187734,153466714,3,0,1,3584,5,8949522631
13069,113293040,19969097,133262137,0,0,0,11264,19,5263741938
13070,113294690,19885412,133180102,4,0,0,9728,9,5752288554
13071,113304850,40330032,153634882,9,0,1,10752,1,5933599932
13072,113305771,19897161,133202932,8,0,0,23552,14,1537513122
13073,113309730,19920533,133230263,2,0,0,4096,3,6518548505
13074,113311090,20189863,133500953,6,0,0,76800,2,792991791
13075,113325600,19944078,133269678,5,0,0,22016,9,7658877883
13076,113328450,20051202,133379652,7,0,0,13824,1,5803382956
13077,113333070,20423687,133756757,3,0,0,30720,5,10073693834
13078,113359010,40275895,153634905,8,0,1,3072,14,8438134819
13079,113360500,20007250,133367750,6,0,0,20480,2,470852218
13080,113364370,40270558,153634928,3,0,1,13312,5,2498357055
13081,113376770,21059883,134436653,7,0,0,32256,1,2693539485
13082,113399200,20371464,133770664,2,0,0,45568,3,9750261884
13083,113436840,20697374,134134214,2,0,0,19456,3,1406598566
13084,113442470,20061782,133504252,3,0,0,10752,5,8040814230
13085,113462510,20853549,134316059,5,0,0,35840,9,9887766951
13086,113468560,20052077,133520637,0,0,0,4608,19,7809557342
13087,113475530,40170977,153646507,4,0,1,3584,9,8581749952
13088,113475870,20062450,133538320,6,0,0,28160,2,3584776936
13089,113492720,40154453,153647173,0,0,1,11264,19,7452280388
13090,113503970,40315100,153819070,6,0,1,4096,2,3052753208
13091,113510220,40308873,153819093,6,0,1,5120,2,789446725
13092,113518590,20159701,133678291,3,0,0,27136,5,4468986438
13093,113540740,20310314,133851054,2,0,0,43008,3,6699721585
13094,113541560,19733414,133274974,7,0,0,5120,1,8491228978
13095,113559839,19963808,133523647,1,0,0,5120,13,6568874010
13096,113560610,20364353,133924963,9,0,0,69120,1,9283372702
13097,113564209,20103873,133668082,1,0,0,145408,13,10659916730
13098,113569510,40249606,153819116,8,0,1,6656,14,1224595387
13099,113574939,19932924,133507863,1,0,0,11776,13,8044748790
13100,113577130,20529297,134106427,3,0,0,2048,5,1713079067
13101,113578840,20948117,134526957,9,0,0,38912,1,7910370392
13102,113585969,19852832,133438801,1,0,0,1024,13,8020516463
13103,113596519,20025847,133622366,1,0,0,10240,13,2222191732
13104,113598390,40241254,153839644,9,0,1,5632,1,1935828912
13105,113601290,20909444,134510734,6,0,0,1024,2,6595046579
13106,113615040,20448964,134064004,4,0,0,24064,9,6228262956
13107,113617880,20391121,134009001,3,0,0,12800,5,4299267325
13108,113619951,20105510,133725461,8,0,0,13824,14,5110264065
13109,113623680,20046320,133670000,9,0,0,4608,1,5486425430
13110,113629440,40210227,153839667,0,0,1,1536,19,1571814345
13111,113639311,20363552,134002863,8,0,0,15872,14,3776613837
13112,113639380,20171900,133811280,0,0,0,19456,19,1217457873
13113,113660420,19897395,133557815,6,0,0,10240,2,3962607911
13114,113663100,20968863,134631963,2,0,0,19456,3,6187737194
13115,113671900,20218570,133890470,2,0,0,76288,3,404740116
13116,113678140,40161550,153839690,0,0,1,3584,19,7680102012
13117,113684990,19983583,133668573,7,0,0,1536,1,6199141677
13118,113701010,20015264,133716274,4,0,0,9216,9,921319702
13119,113704731,19814479,133519210,8,0,0,11776,14,5265057215
13120,113707160,40132561,153839721,6,0,1,2560,2,337414630
13121,113715020,20078645,133793665,2,0,0,12800,3,9663546002
13122,113736620,20127919,133864539,5,0,0,8192,9,3827453753
13123,113736720,20562257,134298977,7,0,0,95744,1,8442815060
13124,113737410,20311368,134048778,7,0,0,4096,1,3778372058
13125,113740440,20264638,134005078,5,0,0,7168,9,4995071147
13126,113751870,40343879,154095749,6,0,1,39936,2,5109553523
13127,113757100,40340255,154097355,6,0,1,1536,2,7765162888
13128,113757260,20240744,133998004,5,0,0,86528,9,214234701
13129,113761111,20090590,133851701,8,0,0,2048,14,6052258271
13130,113761250,20054220,133815470,7,0,0,1536,1,4720744555
13131,113761710,40335668,154097378,3,0,1,12800,5,513261184
13132,113767161,20324823,134091984,8,0,0,38912,14,9911945336
13133,113771460,20611195,134382655,9,0,0,15360,1,7718302546
13134,113784850,20447542,134232392,4,0,0,55808,9,606376041
13135,113785460,20592492,134377952,6,0,0,60416,2,1894910722
13136,113787571,20009884,133797455,8,0,0,12288,14,2872339950
13137,113787720,20161460,133949180,2,0,0,10752,3,10306554954
13138,113791900,40305501,154097401,8,0,1,4608,14,10198481128
13139,113795620,40352821,154148441,5,0,1,6144,9,6512620575
13140,113821840,20661658,134483498,5,0,0,20480,9,7584407017
13141,113825790,19963952,133789742,6,0,0,3072,2,1445415422
13142,113829140,40319324,154148464,3,0,1,2048,5,4165199390
13143,113843290,40305197,154148487,5,0,1,1536,9,10254873970
13144,113843930,20657398,134501328,0,0,0,49664,19,1736636001
13145,113846970,20330482,134177452,0,0,0,61440,19,7912126664
13146,113853391,20596989,134450380,8,0,0,42496,14,4366593094
13147,113858920,20153887,134012807,3,0,0,2048,5,3307582797
13148,113862760,20740175,134602935,0,0,0,19968,19,7925808965
13149,113865320,20841830,134707150,2,0,0,31232,3,10322025788
13150,113889340,20039078,133928418,6,0,0,11264,2,9541702588
13151,113889540,20131210,134020750,4,0,0,4608,9,334139282
13152,113907590,20790021,134697611,3,0,0,26624,5,10709701553
13153,113924660,40376222,154300882,9,0,1,6656,1,4272388946
13154,113928940,21021868,134950808,7,0,0,5632,1,7329849185
13155,113939260,40365488,154304748,5,0,1,6144,9,4591413084
13156,113945999,20066153,134012152,1,0,0,10240,13,8614094071
13157,113951700,20577487,134529187,5,0,0,7168,9,8127180407
13158,113952000,40473970,154425970,5,0,1,3072,9,5448516606
13159,113995170,20195966,134191136,0,0,0,36352,19,2552621168
13160,113995300,20669534,134664834,7,0,0,27648,1,7546507436
13161,114005160,21033807,135038967,7,0,0,80384,1,606851199
13162,114012170,20116093,134128263,6,0,0,16896,2,461620207
13163,114019261,20565361,134584622,8,0,0,15872,14,606070509
13164,114023650,20179074,134202724,2,0,0,13312,3,4600439107
13165,114040720,20282408,134323128,4,0,0,18944,9,9485009110
13166,114056200,20243424,134299624,5,0,0,2048,9,3684395899
13167,114059220,20045899,134105119,6,0,0,17920,2,9964626444
13168,114061170,40365146,154426316,7,0,1,512,1,5291373709
13169,114066429,21109584,135176013,1,0,0,14848,13,3927364954
13170,114079350,19938806,134018156,7,0,0,2560,1,1608339510
13171,114088669,20121219,134209888,1,0,0,23040,13,4482181916
13172,114091350,40336912,154428262,8,0,1,3072,14,2368742940
13173,114099520,20685454,134784974,7,0,0,35328,1,10264662688
13174,114134440,20342795,134477235,5,0,0,88064,9,3990212674
13175,114147370,40452550,154599920,7,0,1,13312,1,4600649395
13176,114149190,20152173,134301363,7,0,0,5632,1,7076083967
13177,114151950,20358449,134510399,6,0,0,29696,2,5733633322
13178,114152370,40600069,154752439,2,0,1,24576,3,2613487960
13179,114152820,40627643,154780463,2,0,1,1024,3,2642621390
13180,114164300,21159655,135323955,2,0,0,45568,3,9216486463
13181,114169640,20157512,134327152,3,0,0,8704,5,2501846138
13182,114188740,20463137,134651877,3,0,0,25600,5,6557349816
13183,114193520,40586966,154780486,4,0,1,3584,9,7390648347
13184,114200670,21240027,135440697,7,0,0,39424,1,9703603227
13185,114214940,40565569,154780509,5,0,1,3584,9,10369877088
13186,114221370,20352130,134573500,6,0,0,28160,2,4298786589
13187,114228620,20530849,134759469,6,0,0,48640,2,8226807075
13188,114236840,20739465,134976305,7,0,0,512,1,6773587412
13189,114239850,40540682,154780532,8,0,1,3072,14,5784807184
13190,114255860,20169078,134424938,3,0,0,16896,5,5365266180
13191,114259200,20646909,134906109,3,0,0,23552,5,7675853153
13192,114260850,21306742,135567592,5,0,0,25088,9,3608681800
13193,114267350,20606517,134873867,7,0,0,28160,1,10529591227
13194,114273420,40507135,154780555,0,0,1,7168,19,95603625
13195,114274700,40508748,154783448,6,0,1,3584,2,6599220817
13196,114279710,20569234,134848944,7,0,0,24064,1,1822235688
13197,114305860,20460496,134766356,5,0,0,22528,9,8269195457
13198,114320410,40463602,154784012,5,0,1,10752,9,9810486261
13199,114337750,20330695,134668445,6,0,0,11776,2,908141820
13200,114348820,40598800,154947620,9,0,1,15872,1,2691990188
13201,114352050,20535279,134887329,3,0,0,36864,5,8443488634
13202,114366260,40623328,154989588,5,0,1,14336,9,4138414233
13203,114368100,20118073,134486173,7,0,0,8704,1,3147182827
13204,114388130,20683609,135071739,3,0,0,26624,5,9156767061
13205,114391139,20808313,135199452,1,0,0,25600,13,10555787905
13206,114396461,20571686,134968147,8,0,0,56832,14,764954004
13207,114399680,40670777,155070457,5,0,1,2560,9,2565399348
13208,114410350,20630200,135040550,3,0,0,5120,5,1168319906
13209,114415999,41590094,156006093,1,0,1,153088,13,5052391557
13210,114416330,20404513,134820843,6,0,0,27136,2,3648414560
13211,114417680,20226374,134644054,7,0,0,31744,1,5923416097
13212,114423340,20319922,134743262,3,0,0,15360,5,7926391582
13213,114425460,21275950,135701410,5,0,0,24576,9,9438007349
13214,114430620,20159649,134590269,5,0,0,18432,9,314985320
13215,114435920,20403978,134839898,5,0,0,3072,9,2411757052
13216,114459180,20993263,135452443,3,0,0,21504,5,3830491813
13217,114466570,41582523,156049093,3,0,1,21504,5,3177306691
13218,114502979,20601282,135104261,1,0,0,4608,13,68523740
13219,114504110,20075653,134579763,6,0,0,20480,2,7512148673
13220,114527670,20856518,135384188,5,0,0,61952,9,10640594867
13221,114532880,20141588,134674468,3,0,0,512,5,4052520212
13222,114553791,20985120,135538911,8,0,0,45056,14,5626175683
13223,114562880,41531769,156094649,9,0,1,12288,1,9537724886
13224,114564290,41530382,156094672,3,0,1,3072,5,2000882404
13225,114574050,21048164,135622214,6,0,0,68608,2,8086984057
13226,114578900,20297174,134876074,0,0,0,7168,19,2223709070
13227,114582930,20366139,134949069,5,0,0,30720,9,1125923090
13228,114593370,20339945,134933315,6,0,0,16384,2,8478222188
13229,114595800,20380326,134976126,0,0,0,26112,19,4603391700
13230,114609600,20527986,135137586,0,0,0,40448,19,9855019170
13231,114618880,20385836,135004716,4,0,0,13824,9,10057292180
13232,114622121,20216818,134838939,8,0,0,20992,14,9076897599
13233,114627461,20845322,135472783,8,0,0,14848,14,2956930354
13234,114639210,41455509,156094719,0,0,1,18944,19,7829810839
13235,114647970,20159620,134807590,5,0,0,512,9,2763575063
13236,114655730,20168098,134823828,6,0,0,7168,2,3981605275
13237,114659220,21195582,135854802,6,0,0,34816,2,10246980222
13238,114677470,41463603,156141073,8,0,1,9728,14,1961857082
13239,114679010,20232747,134911757,7,0,0,10240,1,1703896251
13240,114682700,20428985,135111685,6,0,0,19456,2,3826462220
13241,114696440,20193096,134889536,5,0,0,7168,9,3991258686
13242,114701030,20744838,135445868,4,0,0,16896,9,10361827902
13243,114701920,21172717,135874637,7,0,0,65024,1,6581845744
13244,114707010,20964085,135671095,3,0,0,3072,5,2435705153
13245,114724300,20621819,135346119,4,0,0,22528,9,1189417287
13246,114725659,20429599,135155258,1,0,0,18432,13,5883648756
13247,114726990,41453409,156180399,9,0,1,4096,1,1150793967
13248,114731420,20319449,135050869,7,0,0,33792,1,211328585
13249,114734970,20413270,135148240,6,0,0,26624,2,2767647564
13250,114746360,21164869,135911229,7,0,0,7680,1,9926706597
13251,114748910,41474362,156223272,5,0,1,2560,9,1339471683
13252,114763380,20903808,135667188,6,0,0,68096,2,1561614586
13253,114766391,20161909,134928300,8,0,0,12288,14,10157685813
13254,114781970,20358135,135140105,5,0,0,8192,9,8757785545
13255,114784490,20065257,134849747,7,0,0,2560,1,3868562170
13256,114790150,20473577,135263727,4,0,0,9216,9,1978370934
13257,114790999,20855418,135646417,1,0,0,79360,13,8860959432
13258,114801040,41422255,156223295,5,0,1,1024,9,7997252147
13259,114812730,41410588,156223318,0,0,1,2048,19,6876475467
13260,114828920,41394421,156223341,7,0,1,11264,1,10417424221
13261,114847441,20546286,135393727,8,0,0,31232,14,583158662
13262,114852659,20672501,135525160,1,0,0,16896,13,4416556359
13263,114852940,21394972,136247912,4,0,0,33792,9,2173250479
13264,114854270,41383025,156237295,0,0,1,8192,19,8141493792
13265,114860070,20827477,135687547,5,0,0,6656,9,7346355258
13266,114865770,20394453,135260223,7,0,0,48128,1,4600200239
13267,114868590,20554589,135423179,5,0,0,27136,9,8294287546
13268,114881510,20597380,135478890,7,0,0,19968,1,1080131770
13269,114887540,21185274,136072814,3,0,0,9728,5,7549345211
13270,114907271,20242084,135149355,8,0,0,3584,14,2289703301
13271,114911971,21053196,135965167,8,0,0,19456,14,2802962093
13272,114921020,41336686,156257706,0,0,1,5632,19,8674008517
13273,114928561,21483853,136412414,8,0,0,32256,14,6142011865
13274,114935761,21384170,136319931,8,0,0,10752,14,9404874456
13275,114938590,20731296,135669886,0,0,0,8704,19,6867690179
13276,114982850,20904313,135887163,0,0,0,39936,19,1253838111
13277,114983249,20941703,135924952,1,0,0,13824,13,9815414852
13278,114991561,20565180,135556741,8,0,0,27136,14,9578547095
13279,114995140,21556540,136551680,4,0,0,23552,9,8852472522
13280,114998160,41263412,156261572,2,0,1,6144,3,2069508809
13281,115005559,41899897,156905456,1,0,1,185344,13,943484122
13282,115008140,20495615,135503755,6,0,0,14848,2,4684676796
13283,115009899,21711172,136721071,1,0,0,26624,13,1357929128
13284,115012210,41896152,156908362,7,0,1,4608,1,4479163013
13285,115015829,42265242,157281071,1,0,1,207872,13,10413020273
13286,115025830,20567902,135593732,7,0,0,18944,1,7870458839
13287,115027290,20487013,135514303,7,0,0,4096,1,7738767783
13288,115041960,20643008,135684968,4,0,0,3584,9,8071236586
13289,115056330,21956203,137012533,3,0,0,31744,5,4117583001
13290,115106480,20640462,135746942,5,0,0,43520,9,8334020488
13291,115118399,21671102,136789501,1,0,0,14848,13,967310004
13292,115123199,20280358,135403557,1,0,0,13312,13,7974724957
13293,115130470,20284418,135414888,3,0,0,3584,5,2424742742
13294,115138770,21013012,136151782,7,0,0,17408,1,2244420234
13295,115142070,20406380,135548450,4,0,0,31232,9,8727806449
13296,115219980,42061114,157281094,0,0,1,512,19,754817848
13297,115223949,20603039,135826988,1,0,0,73216,13,3783919762
13298,115227750,42053367,157281117,4,0,1,12288,9,7968006053
13299,115228310,20450898,135679208,3,0,0,19968,5,607168229
13300,115247240,42050147,157297387,6,0,1,26112,2,2038026284
13301,115248780,42048630,157297410,0,0,1,10752,19,10327182281
13302,115258120,42039313,157297433,0,0,1,512,19,3411991728
13303,115292040,20667176,135959216,7,0,0,30208,1,5881201006
13304,115297870,22005826,137303696,9,0,0,50176,1,10041021286
13305,115323470,20406986,135730456,0,0,0,28672,19,6626752003
13306,115326470,20517701,135844171,0,0,0,56320,19,4048820519
13307,115328991,20961120,136290111,8,0,0,11776,14,3802580467
13308,115334880,20800366,136135246,9,0,0,28672,1,10664927627
13309,115338100,20972475,136310575,0,0,0,26624,19,8308607362
13310,115340390,20636971,135977361,9,0,0,32256,1,4397310932
13311,115357079,20874154,136231233,1,0,0,41472,13,7244748750
13312,115381500,20493472,135874972,3,0,0,1024,5,2571378286
13313,115384010,22066258,137450268,3,0,0,21504,5,6062174671
13314,115397530,41899926,157297456,4,0,1,5120,9,6906035502
13315,115414550,41918427,157332977,3,0,1,4096,5,4476648531
13316,115439281,20657089,136096370,8,0,0,20992,14,1460578912
13317,115440590,22265013,137705603,6,0,0,31744,2,9222130366
13318,115443160,22677074,138120234,0,0,0,142848,19,4223254477
13319,115450710,21302031,136752741,3,0,0,19968,5,9671182943
13320,115457731,22008339,137466070,8,0,0,42496,14,933697135
13321,115481921,20536010,136017931,8,0,0,2048,14,1846067589
13322,115493209,21074636,136567845,1,0,0,19456,13,4936630373
13323,115497260,41835740,157333000,6,0,1,2048,2,2682570468
13324,115500750,20516534,136017284,4,0,0,35328,9,9862773021
13325,115501100,21038085,136539185,3,0,0,54272,5,7695803543
13326,115525380,41807651,157333031,0,0,1,7168,19,1617159121
13327,115528770,20896155,136424925,5,0,0,40960,9,4248559458
13328,115538440,20492766,136031206,5,0,0,5632,9,267664440
13329,115540220,20911271,136451491,4,0,0,73728,9,5024402091
13330,115545300,20665753,136211053,7,0,0,3584,1,7948374399
13331,115550500,20653255,136203755,6,0,0,24064,2,8650203933
13332,115554980,20933181,136488161,5,0,0,48128,9,4033525375
13333,115565400,20384589,135949989,4,0,0,23040,9,328766400
13334,115569720,20639663,136209383,0,0,0,12288,19,3550340397
13335,115583040,41792703,157375743,5,0,1,23552,9,8024321148
13336,115586501,22307581,137894082,8,0,0,48128,14,5445285071
13337,115593420,22343004,137936424,5,0,0,29696,9,7184413063
13338,115606910,20746083,136352993,3,0,0,3584,5,2777203013
13339,115614650,20929483,136544133,6,0,0,7168,2,1072120187
13340,115616689,20812315,136429004,1,0,0,13312,13,6490126449
13341,115617919,20659423,136277342,1,0,0,44544,13,1048207650
13342,115645910,20656530,136302440,6,0,0,36352,2,10390246633
13343,115648830,20732319,136381149,9,0,0,19968,1,6542306379
13344,115651490,41724276,157375766,8,0,1,1536,14,514186400
13345,115662660,21122294,136784954,9,0,0,17920,1,4339403451
13346,115663220,21236678,136899898,4,0,0,113664,9,1160512504
13347,115665400,20737163,136402563,4,0,0,45056,9,219737857
13348,115669960,41705829,157375789,7,0,1,8192,1,8042142903
13349,115674140,20943962,136618102,4,0,0,60928,9,6056111346
13350,115679869,21024418,136704287,1,0,0,75776,13,9488265541
13351,115683460,21276939,136960399,4,0,0,25600,9,4083659433
13352,115685131,21026043,136711174,8,0,0,22528,14,7046632510
13353,115685720,22499306,138185026,5,0,0,10752,9,9417210555
13354,115710080,20953737,136663817,5,0,0,11264,9,7910390537
13355,115718861,22631760,138350621,8,0,0,21504,14,10684560316
13356,115726990,21399895,137126885,7,0,0,20992,1,3491681118
13357,115727330,41650461,157377791,2,0,1,18944,3,4320221753
13358,115728570,41710092,157438662,2,0,1,1536,3,5381993603
13359,115754209,21166169,136920378,1,0,0,18432,13,8767254730
13360,115756600,41682085,157438685,7,0,1,8192,1,6074407950
13361,115760390,21415441,137175831,6,0,0,10752,2,10566828457
13362,115769659,21009804,136779463,1,0,0,62976,13,6843279594
13363,115774069,20970335,136744404,1,0,0,46080,13,685220703
13364,115784950,20927963,136712913,0,0,0,5632,19,7064146460
13365,115786591,21296414,137083005,8,0,0,39936,14,2436878735
13366,115805870,41632838,157438708,4,0,1,2048,9,7504524538
13367,115806010,20940601,136746611,4,0,0,7168,9,10736814897
13368,115810290,41628441,157438731,6,0,1,11264,2,4556622909
13369,115822361,20937891,136760252,8,0,0,24576,14,3230868641
13370,115825850,21023546,136849396,7,0,0,44544,1,2846758455
13371,115828330,20980003,136808333,4,0,0,24576,9,5723428100
13372,115869911,21164098,137034009,8,0,0,40448,14,8637010874
13373,115893880,21058696,136952576,3,0,0,15360,5,1896590061
13374,115909280,21228392,137137672,0,0,0,35328,19,6208161050
13375,115922150,20932729,136854879,6,0,0,17920,2,3442141935
13376,115925600,21292746,137218346,6,0,0,68608,2,6259494077
13377,115928020,22773978,138701998,3,0,0,40448,5,955352761
13378,115929450,41531046,157460496,0,0,1,512,19,9495421555
13379,115931340,21036882,136968222,7,0,0,25600,1,9934775786
13380,115939750,41522052,157461802,6,0,1,2048,2,9423547567
13381,115943140,21403791,137346931,0,0,0,64512,19,7580577670
13382,115943270,21028719,136971989,7,0,0,12288,1,9539966269
13383,115969050,41493111,157462161,9,0,1,9728,1,8262079101
13384,115969600,41497137,157466737,8,0,1,512,14,1209665008
13385,115978630,21281601,137260231,0,0,0,84480,19,7769397985
13386,115983630,20942413,136926043,5,0,0,5120,9,5275321926
13387,115991980,41476037,157468017,6,0,1,14336,2,7224289586
13388,115998660,20916079,136914739,6,0,0,18432,2,2474170419
13389,116007960,21647146,137655106,3,0,0,512,5,4098617006
13390,116010270,21263625,137273895,6,0,0,10240,2,6848140272
13391,116010510,22811954,138822464,0,0,0,34816,19,547516037
13392,116023790,21089301,137113091,7,0,0,12800,1,5813135980
13393,116028709,21414984,137443693,1,0,0,154112,13,10474239188
13394,116041790,23075708,139117498,4,0,0,61952,9,3171397574
13395,116044730,21120174,137164904,9,0,0,8192,1,2394826091
13396,116056210,22830975,138887185,7,0,0,32768,1,9317232262
13397,116077370,41400864,157478234,9,0,1,7680,1,7652943507
13398,116085080,41401224,157486304,6,0,1,7680,2,7100163446
13399,116089339,21232187,137321526,1,0,0,18432,13,7585439123
13400,116120210,21261324,137381534,0,0,0,2048,19,9162407353
13401,116135650,21124760,137260410,7,0,0,512,1,1296837734
13402,116139300,23074745,139214045,6,0,0,28672,2,923399824
13403,116140290,21175597,137315887,3,0,0,39936,5,5978759134
13404,116160329,21369803,137530132,1,0,0,26624,13,8655471103
13405,116174260,21096492,137270752,0,0,0,23552,19,8835038579
13406,116174909,21099789,137274698,1,0,0,2560,13,558365417
13407,116175810,21277289,137453099,3,0,0,9216,5,8440732246
13408,116178521,20921588,137100109,8,0,0,5632,14,5933904714
13409,116203400,21028073,137231473,7,0,0,43008,1,29994760
13410,116209930,21295833,137505763,9,0,0,18944,1,478198155
13411,116216970,21149908,137366878,6,0,0,36864,2,8927218717
13412,116220800,21013668,137234468,5,0,0,9728,9,2399556897
13413,116235390,41250937,157486327,9,0,1,9728,1,8020213882
13414,116240870,41245480,157486350,9,0,1,9216,1,9616821758
13415,116243750,41287781,157531531,9,0,1,512,1,10538029410
13416,116249880,21229082,137478962,4,0,0,10240,9,5438876137
13417,116257760,22974111,139231871,6,0,0,3584,2,5684014301
13418,116259600,21003953,137263553,5,0,0,10240,9,6087045764
13419,116268029,21396480,137664509,1,0,0,18432,13,4895191289
13420,116270519,21082409,137352928,1,0,0,19456,13,7016367627
13421,116273660,21248337,137521997,6,0,0,14848,2,982696922
13422,116274000,21214401,137488401,7,0,0,27648,1,9554338879
13423,116279780,41251774,157531554,6,0,1,512,2,1501151369
13424,116292890,41238687,157531577,5,0,1,512,9,4734887308
13425,116308610,21275742,137584352,4,0,0,23040,9,6954032425
13426,116322780,21145965,137468745,0,0,0,8704,19,7642869434
13427,116323270,21476090,137799360,6,0,0,14336,2,497848485
13428,116326590,21166923,137493513,4,0,0,4096,9,4027021158
13429,116339610,41191990,157531600,3,0,1,5120,5,1301995277
13430,116348821,22921120,139269941,8,0,0,43520,14,10689472364
13431,116361920,21467788,137829708,9,0,0,1024,1,798057786
13432,116368220,21184238,137552458,6,0,0,8704,2,10483462265
13433,116379140,21130899,137510039,6,0,0,7168,2,7711234758
13434,116382180,21265080,137647260,3,0,0,30208,5,8187653210
13435,116389790,21265137,137654927,6,0,0,25088,2,3116586543
13436,116395180,21117554,137512734,3,0,0,3584,5,7004897286
13437,116397710,21078109,137475819,9,0,0,23040,1,4518741614
13438,116403110,21076655,137479765,0,0,0,2560,19,5324766774
13439,116429930,21276632,137706562,3,0,0,3072,5,6205425795
13440,116433540,41098083,157531623,2,0,1,11776,3,5727037460
13441,116442210,41097388,157539598,6,0,1,5120,2,5588253386
13442,116444590,21305821,137750411,0,0,0,54784,19,6261163004
13443,116452840,41088125,157540965,6,0,1,12800,2,9158769925
13444,116455630,22867986,139323616,9,0,0,24064,1,5890303129
13445,116477880,21426232,137904112,0,0,0,512,19,6242842701
13446,116478590,41102255,157580845,6,0,1,4096,2,5060410875
13447,116480670,21157363,137638033,7,0,0,48640,1,1794348991
13448,116495740,21474392,137970132,9,0,0,44544,1,9262460873
13449,116510740,41074291,157585031,7,0,1,6656,1,7337624440
13450,116520350,21499137,138019487,7,0,0,61440,1,2846729735
13451,116528210,41060687,157588897,9,0,1,6144,1,3207713763
13452,116531970,21639952,138171922,7,0,0,7680,1,3864814610
13453,116534630,21194037,137728667,9,0,0,7168,1,1583892368
13454,116544320,41087135,157631455,4,0,1,8704,9,10713309050
13455,116550040,21271914,137821954,4,0,0,45568,9,939990409
13456,116550910,21292878,137843788,7,0,0,10240,1,6590032279
13457,116562920,21477357,138040277,3,0,0,3584,5,4932819218
13458,116563190,41068611,157631801,6,0,1,512,2,6090216048
13459,116565380,41069327,157634707,2,0,1,4608,3,10250149149
13460,116578711,21152232,137730943,8,0,0,4608,14,6508361388
13461,116591281,21199486,137790767,8,0,0,13824,14,4691202752
13462,116623640,21327650,137951290,4,0,0,31744,9,5107488160
13463,116629670,41007623,157637293,6,0,1,4096,2,7473308126
13464,116632910,21144044,137776954,5,0,0,55296,9,10245191712
13465,116634910,41005609,157640519,6,0,1,5120,2,9623551806
13466,116650530,21189996,137840526,6,0,0,7168,2,9601367210
13467,116656710,21367745,138024455,4,0,0,7168,9,3779851103
13468,116662090,40982797,157644887,2,0,1,6656,3,8818769520
13469,116673000,40972691,157645691,7,0,1,1536,1,5103958285
13470,116675060,21312526,137987586,5,0,0,32768,9,4168332784
13471,116681371,21373042,138054413,8,0,0,4608,14,8984680444
13472,116715250,21488401,138203651,3,0,0,13312,5,3533157231
13473,116730430,21247057,137977487,3,0,0,24064,5,5925647958
13474,116732801,21171132,137903933,8,0,0,32256,14,6725543230
13475,116733910,41121944,157855854,9,0,1,49152,1,3885969285
13476,116738090,21443637,138181727,2,0,0,22016,3,4226319176
13477,116738950,21202645,137941595,0,0,0,16896,19,8959819983
13478,116740749,21280633,138021382,1,0,0,6144,13,9069476869
13479,116748019,21811911,138559930,1,0,0,36864,13,7705517418
13480,116752340,21539022,138291362,6,0,0,8192,2,7533635088
13481,116757930,22649993,139407923,4,0,0,1024,9,10295086038
13482,116769990,21631393,138401383,0,0,0,94208,19,7008371754
13483,116771030,21550414,138321444,6,0,0,56320,2,2139084151
13484,116771610,21375114,138146724,0,0,0,14848,19,2491082120
13485,116797850,41062066,157859916,7,0,1,1024,1,4526077929
13486,116803380,41061362,157864742,0,0,1,7680,19,10702022469
13487,116807239,41687551,158494790,1,0,1,152576,13,2020642389
13488,116808210,21606735,138414945,9,0,0,29696,1,1945863645
13489,116819700,21531458,138351158,4,0,0,1536,9,8104987631
13490,116830679,41670887,158501566,1,0,1,14848,13,3184247802
13491,116838550,21434384,138272934,2,0,0,1536,3,9562124756
13492,116843779,21391007,138234786,1,0,0,37888,13,2909493313
13493,116846950,21273619,138120569,5,0,0,1024,9,9404124216
13494,116851909,21571639,138423548,1,0,0,28160,13,9428040782
13495,116856980,21580810,138437790,2,0,0,45056,3,2289845372
13496,116861620,21388412,138250032,3,0,0,6144,5,5388726875
13497,116895850,21649925,138545775,7,0,0,29696,1,10700347697
13498,116897780,21735841,138633621,6,0,0,19456,2,1847029797
13499,116904890,21360994,138265884,9,0,0,12800,1,719450415
13500,116909021,21515018,138424039,8,0,0,1536,14,3820542700
13501,116910600,21433400,138344000,5,0,0,73728,9,2794408991
13502,116910900,41632694,158543594,0,0,1,6656,19,9133238125
13503,116915150,41633270,158548420,2,0,1,7680,3,9264114035
13504,116926139,41655154,158581293,1,0,1,1536,13,5316005370
13505,116936800,21788630,138725430,4,0,0,29696,9,1052012702
13506,116951460,41629856,158581316,6,0,1,3072,2,7968715088
13507,116969510,21511892,138481402,5,0,0,23040,9,90873091
13508,116982070,21507065,138489135,3,0,0,5120,5,3527659580
13509,116983270,41629939,158613209,5,0,1,24064,9,420285869
13510,116990360,41622872,158613232,5,0,1,3584,9,8079393924
13511,116993319,41791024,158784343,1,0,1,105984,13,4189844704
13512,116998650,41786073,158784723,9,0,1,2560,1,3922942289
13513,116999880,41800716,158800596,3,0,1,2560,5,838859830
13514,117002670,21835284,138837954,3,0,0,44544,5,2923187466
13515,117004200,21528920,138533120,6,0,0,5632,2,5549179871
13516,117008080,21458864,138466944,3,0,0,17408,5,8094321021
13517,117009700,21436282,138445982,7,0,0,3072,1,8676807146
13518,117022059,21350597,138372656,1,0,0,12800,13,2868121814
13519,117022780,21789045,138811825,9,0,0,83456,1,10486121523
13520,117027459,22551967,139579426,1,0,0,29696,13,3912981446
13521,117043230,22430593,139473823,4,0,0,55808,9,10618058702
13522,117045899,21899769,138945668,1,0,0,24576,13,7860650501
13523,117047950,21587566,138635516,0,0,0,6144,19,4708332517
13524,117059470,21442542,138502012,0,0,0,9216,19,7799601760
13525,117060800,41741742,158802542,6,0,1,3072,2,4947356701
13526,117072480,21827543,138900023,9,0,0,41984,1,6098815245
13527,117085990,41735122,158821112,4,0,1,19456,9,10645542989
13528,117088820,21624300,138713120,9,0,0,36352,1,6162435162
13529,117095539,21748218,138843757,1,0,0,18944,13,995397738
13530,117103550,41760315,158863865,2,0,1,2048,3,3266296370
13531,117128310,21861822,138990132,0,0,0,35840,19,2888104292
13532,117128510,22072912,139201422,5,0,0,47616,9,385263730
13533,117153990,21696202,138850192,3,0,0,20992,5,3689559479
13534,117160190,41753745,158913935,0,0,1,9728,19,1449167382
13535,117192510,21631849,138824359,2,0,0,6144,3,3303035151
13536,117196910,21485863,138682773,4,0,0,7680,9,8487988701
13537,117203760,21582614,138786374,9,0,0,43520,1,6335693963
13538,117203840,21566158,138769998,3,0,0,20480,5,9014170106
13539,117207240,21866802,139074042,7,0,0,48640,1,3738119947
13540,117213500,41709753,158923253,8,0,1,3072,14,5379900679
13541,117224160,41707454,158931614,6,0,1,13312,2,9432900934
13542,117226300,21650878,138877178,3,0,0,20480,5,7463924891
13543,117226889,21828517,139055406,1,0,0,12288,13,1589956367
13544,117249170,22492144,139741314,9,0,0,16896,1,5103025343
13545,117251791,21501137,138752928,8,0,0,58368,14,7112302584
13546,117256350,22393422,139649772,7,0,0,25088,1,9846172336
13547,117257820,21774432,139032252,3,0,0,31744,5,2213603973
13548,117259560,21746397,139005957,0,0,0,51712,19,2677939713
13549,117260981,22575426,139836407,8,0,0,3584,14,6157074876
13550,117264790,41860509,159125299,4,0,1,22016,9,4897295547
13551,117272040,21973894,139245934,7,0,0,46080,1,6905534534
13552,117272370,41933430,159205800,2,0,1,12288,3,6935621396
13553,117280900,21631705,138912605,5,0,0,11264,9,4539505348
13554,117293150,22586596,139879746,3,0,0,10240,5,3172850615
13555,117297720,21933036,139230756,0,0,0,17408,19,8947951703
13556,117323950,41881873,159205823,3,0,1,8704,5,217853987
13557,117326319,21978375,139304694,1,0,0,22016,13,3287623549
13558,117331190,21872595,139203785,0,0,0,7680,19,5815225242
13559,117333540,41872306,159205846,6,0,1,1536,2,8723312232
13560,117337420,41912392,159249812,2,0,1,5632,3,4630881600
13561,117338220,41911938,159250158,8,0,1,512,14,10706331903
13562,117338650,41915374,159254024,8,0,1,6144,14,7562295185
13563,117339570,21908735,139248305,6,0,0,7680,2,2867728287
13564,117343650,41910720,159254370,4,0,1,512,9,6189781817
13565,117345350,21703297,139048647,0,0,0,9728,19,8083834604
13566,117375540,21647017,139022557,0,0,0,12288,19,1771065925
13567,117382340,22112144,139494484,9,0,0,54784,1,1750076739
13568,117383100,21781962,139165062,6,0,0,89600,2,4180366695
13569,117388330,21795386,139183716,9,0,0,9216,1,2875059296
13570,117402760,41852276,159255036,3,0,1,1024,5,1075736098
13571,117404570,41858956,159263526,4,0,1,6144,9,6897640275
13572,117416240,21938660,139354900,6,0,0,46080,2,2707458211
13573,117417260,22029662,139446922,9,0,0,38400,1,6638693708
13574,117417470,21750937,139168407,2,0,0,7168,3,561634123
13575,117418310,22215377,139633687,6,0,0,23552,2,9685807480
13576,117421420,21744780,139166200,7,0,0,3584,1,5470819306
13577,117421430,22185810,139607240,0,0,0,52224,19,2686857803
13578,117445809,41821039,159266848,1,0,1,22528,13,8440660541
13579,117447809,22238202,139686011,1,0,0,9216,13,3676068506
13580,117448620,21771220,139219840,7,0,0,18944,1,1661635561
13581,117457280,22409399,139866679,3,0,0,70144,5,9755516243
13582,117484279,21877673,139361952,1,0,0,1024,13,833040163
13583,117499970,22091335,139591305,9,0,0,38912,1,1079788593
13584,117503430,21745054,139248484,0,0,0,512,19,8638858248
13585,117504640,41765057,159269697,5,0,1,7168,9,6514789647
13586,117505550,21929649,139435199,5,0,0,19968,9,6081478321
13587,117508750,21847265,139356015,4,0,0,3584,9,6850957953
13588,117508850,21796491,139305341,6,0,0,2048,2,7915944503
13589,117513970,41779261,159293231,5,0,1,5120,9,10116086520
13590,117525620,22505295,140030915,4,0,0,51200,9,416310997
13591,117544229,21828065,139372294,1,0,0,5120,13,3265723619
13592,117561720,21895053,139456773,9,0,0,32256,1,7102025485
13593,117568070,21964586,139532656,7,0,0,4096,1,2899771093
13594,117571590,22263702,139835292,5,0,0,36864,9,10262774480
13595,117582090,21892068,139474158,7,0,0,1024,1,5715129964
13596,117587360,41754325,159341685,7,0,1,14336,1,4751444553
13597,117589090,41776040,159365130,5,0,1,8192,9,4380949185
13598,117592970,22347777,139940747,5,0,0,17408,9,6367083579
13599,117603559,41901709,159505268,1,0,1,81920,13,7118136459
13600,117606320,42021932,159628252,4,0,1,1024,9,271231143
13601,117607471,21923883,139531354,8,0,0,1536,14,4712427048
13602,117628280,21849489,139477769,4,0,0,11776,9,7295389273
13603,117651700,21879140,139530840,0,0,0,7680,19,30489363
13604,117658180,42008164,159666344,0,0,1,6656,19,1291787723
13605,117676200,22243638,139919838,4,0,0,6144,9,2700510037
13606,117691611,21873404,139565015,8,0,0,10240,14,5966231191
13607,117693100,41973810,159666910,2,0,1,3072,3,7326068845
13608,117698511,21984669,139683180,8,0,0,27648,14,7616388950
13609,117700940,21827537,139528477,6,0,0,31744,2,3642994151
13610,117701250,22087145,139788395,3,0,0,19456,5,8091773935
13611,117705120,22117663,139822783,6,0,0,3584,2,2474777445
13612,117706450,41961126,159667576,2,0,1,11264,3,9394892596
13613,117709070,21900533,139609603,4,0,0,7680,9,1057661292
13614,117710170,22269101,139979271,2,0,0,11776,3,162729189
13615,117710720,42106645,159817365,5,0,1,512,9,7115017676
13616,117713090,42104298,159817388,3,0,1,6144,5,9146783884
13617,117715260,42108570,159823830,6,0,1,1024,2,5374976007
13618,117721490,21985264,139706754,3,0,0,3072,5,9024591983
13619,117723780,22245149,139968929,2,0,0,40448,3,7980705999
13620,117726650,42097203,159823853,2,0,1,8192,3,9483206648
13621,117740210,22250443,139990653,9,0,0,21504,1,7127553538
13622,117740211,22686287,140426498,8,0,0,13824,14,8429035013
13623,117743870,22191550,139935420,7,0,0,17920,1,66076625
13624,117745890,21914788,139660678,4,0,0,9216,9,10349133081
13625,117746930,22258600,140005530,9,0,0,25088,1,7014391092
13626,117749430,22365717,140115147,4,0,0,30720,9,9981640172
13627,117764959,22382056,140147015,1,0,0,41984,13,10449033631
13628,117769490,21974811,139744301,5,0,0,9728,9,2636064270
13629,117776280,21794075,139570355,0,0,0,2560,19,8240613803
13630,117781821,22033304,139815125,8,0,0,31232,14,7168685940
13631,117787690,22085261,139872951,5,0,0,19456,9,10653191675
13632,117803300,22150079,139953379,3,0,0,4608,5,9151259260
13633,117803751,22234342,140038093,8,0,0,14336,14,10522525334
13634,117809510,22166150,139975660,2,0,0,22016,3,2963195543
13635,117818580,42014390,159832970,5,0,1,17408,9,7438646631
13636,117830530,22084703,139915233,6,0,0,3584,2,10020293816
13637,117834350,22872448,140706798,4,0,0,7680,9,1079571976
13638,117844090,21906369,139750459,9,0,0,16384,1,2183223426
13639,117851340,22807020,140658360,2,0,0,36352,3,4652632035
13640,117853450,22245387,140098837,4,0,0,11264,9,1745762133
13641,117856010,41976983,159832993,3,0,1,1024,5,5676809422
13642,117857879,22548254,140406133,1,0,0,67584,13,9527243546
13643,117861960,41971056,159833016,5,0,1,1024,9,3694744789
13644,117865759,43563112,161428871,1,0,1,616960,13,9647473526
13645,117872920,22189766,140062686,5,0,0,61440,9,2942716134
13646,117887259,22646739,140533998,1,0,0,22528,13,1640958464
13647,117888641,22262633,140151274,8,0,0,13824,14,4948087620
13648,117891829,22227397,140119226,1,0,0,13312,13,5235802297
13649,117913360,43531201,161444561,5,0,1,3584,9,1730061058
13650,117925850,22743297,140669147,6,0,0,35328,2,3305535423
13651,117939490,22230721,140170211,7,0,0,11264,1,6727496125
13652,117942730,43501854,161444584,9,0,1,1024,1,5041509547
13653,117945079,22240248,140185327,1,0,0,6656,13,1021212741
13654,117955340,22178760,140134100,0,0,0,48640,19,7591601467
13655,117961851,21956092,139917943,8,0,0,6144,14,1966745000
13656,117970890,22328142,140299032,3,0,0,62464,5,7308006125
13657,117995009,43477212,161472221,1,0,1,45568,13,4326057858
13658,118000210,43473694,161473904,5,0,1,512,9,8116122114
13659,118000610,21893491,139894101,3,0,0,2048,5,2136670726
13660,118003260,22636342,140639602,3,0,0,50688,5,6114625568
13661,118011119,43547751,161558870,1,0,1,104448,13,7273092533
13662,118026821,22171063,140197884,8,0,0,36864,14,4774868210
13663,118036930,22066106,140103036,4,0,0,11264,9,872903660
13664,118037481,22342569,140380050,8,0,0,70144,14,9278544886
13665,118044520,22024902,140069422,6,0,0,512,2,6791212527
13666,118045750,22821993,140867743,0,0,0,28672,19,4054010897
13667,118052420,22016800,140069220,7,0,0,6144,1,5508090836
13668,118058470,22206386,140264856,6,0,0,11776,2,920980138
13669,118059940,22362307,140422247,0,0,0,52736,19,8759554273
13670,118068920,43502196,161571116,9,0,1,3584,1,3292510246
13671,118079800,22086956,140166756,2,0,0,38912,3,361559912
13672,118086800,22622205,140709005,7,0,0,7168,1,2697439798
13673,118100750,22724293,140825043,2,0,0,24064,3,3629967928
13674,118116750,22334587,140451337,6,0,0,44544,2,10053613876
13675,118132280,22166931,140299211,2,0,0,512,3,4241959514
13676,118132361,22073190,140205551,8,0,0,25088,14,630964343
13677,118141520,22717464,140858984,7,0,0,27648,1,3884224407
13678,118167639,22885356,141052995,1,0,0,44032,13,7297830975
13679,118169060,43403042,161572102,6,0,1,1536,2,1913437572
13680,118170100,22036566,140206666,9,0,0,3584,1,9381655684
13681,118174349,44103625,162277974,1,0,1,445440,13,9959282792
13682,118174679,22404594,140579273,1,0,0,40448,13,9366870605
13683,118181710,44096287,162277997,7,0,1,8704,1,257258740
13684,118187119,22436213,140623332,1,0,0,91136,13,1568284659
13685,118189420,22434715,140624135,6,0,0,2560,2,1664783821
13686,118190580,44104194,162294774,4,0,1,10240,9,10075470605
13687,118191780,22269587,140461367,2,0,0,24576,3,625003631
13688,118195740,22636315,140832055,5,0,0,7168,9,2860465074
13689,118197369,22107481,140304850,1,0,0,18432,13,2465787311
13690,118208020,22666610,140874630,5,0,0,22528,9,4190312841
13691,118232420,22741291,140973711,9,0,0,22528,1,6026368366
13692,118240670,22567912,140808582,6,0,0,94720,2,10628922466
13693,118263179,22905160,141168339,1,0,0,76800,13,2092039769
13694,118278229,22494542,140772771,1,0,0,13824,13,97135702
13695,118300071,22184800,140484871,8,0,0,7680,14,709320967
13696,118304230,23230004,141534234,3,0,0,62976,5,9757252941
13697,118312301,23102085,141414386,8,0,0,53760,14,6092016627
13698,118318460,22704458,141022918,9,0,0,51200,1,7292673954
13699,118328169,22154339,140482508,1,0,0,23552,13,4513392147
13700,118330599,22623410,140954009,1,0,0,109056,13,5614659941
13701,118334100,22232826,140566926,5,0,0,10752,9,2349358541
13702,118335200,22631624,140966824,3,0,0,41984,5,1634114994
13703,118338590,43956207,162294797,4,0,1,1024,9,3641048380
13704,118339550,43955270,162294820,2,0,1,4608,3,8619942415
13705,118347630,22347349,140694979,5,0,0,2048,9,5012287416
13706,118356840,43976151,162332991,2,0,1,18944,3,8671165690
13707,118367270,22086586,140453856,9,0,0,8192,1,10658317857
13708,118368500,22393353,140761853,0,0,0,1024,19,8428172509
13709,118370800,43963471,162334271,7,0,1,14336,1,8790661358
13710,118391950,44002193,162394143,5,0,1,17920,9,3054100923
13711,118401331,22292799,140694130,8,0,0,81920,14,2604521570
13712,118429060,22813768,141242828,5,0,0,12288,9,3946159295
13713,118433200,22596293,141029493,4,0,0,21504,9,227850625
13714,118439980,43982567,162422547,5,0,1,9216,9,4610921771
13715,118449710,22545473,140995183,9,0,0,45056,1,3286790313
13716,118450200,23139537,141589737,3,0,0,30720,5,3653763664
13717,118454579,44232167,162686746,1,0,1,187904,13,1736820952
13718,118455740,44241816,162697556,6,0,1,24064,2,8248787135
13719,118455960,22688956,141144916,7,0,0,52224,1,5658745833
13720,118459181,22522220,140981401,8,0,0,24064,14,2214800720
13721,118459290,22784029,141243319,5,0,0,1536,9,7299164791
13722,118466819,22924101,141390920,1,0,0,2048,13,3690272982
13723,118473509,22168776,140642285,1,0,0,8704,13,3469949755
13724,118493510,22711806,141205316,3,0,0,107520,5,5811110973
13725,118505280,22189029,140694309,7,0,0,512,1,4511409822
13726,118514050,44212733,162726783,9,0,1,35840,1,2265011055
13727,118516150,44245189,162761339,3,0,1,1024,5,1932011945
13728,118526470,44302081,162828551,9,0,1,38400,1,599164017
13729,118530510,22468783,140999293,0,0,0,12800,19,6292959981
13730,118544060,23015968,141560028,6,0,0,54272,2,3772169426
13731,118545259,22807363,141352622,1,0,0,49152,13,673754684
13732,118559010,22327995,140887005,9,0,0,6656,1,6299440685
13733,118575150,44275783,162850933,3,0,1,1536,5,8737276255
13734,118595070,22919953,141515023,9,0,0,31744,1,1827945666
13735,118595610,22994930,141590540,9,0,0,2560,1,2018571476
13736,118599140,22522205,141121345,2,0,0,35840,3,545178812
13737,118612150,44239129,162851279,3,0,1,512,5,5179097164
13738,118633890,22176743,140810633,4,0,0,6656,9,7902117795
13739,118639640,44214545,162854185,2,0,1,4608,3,3111268940
13740,118642230,22482258,141124488,3,0,0,10240,5,5847760178
13741,118644040,44210811,162854851,8,0,1,1024,14,10507612793
13742,118666210,22333574,140999784,3,0,0,1536,5,6893118277
13743,118666259,44288272,162954531,1,0,1,62464,13,9649577663
13744,118672850,23027275,141700125,5,0,0,24064,9,8111845276
13745,118678540,22600809,141279349,2,0,0,4096,3,3319762011
13746,118689820,22767808,141457628,6,0,0,29696,2,8821790310
13747,118701520,22514269,141215789,7,0,0,24576,1,4763806743
13748,118715081,22538471,141253552,8,0,0,13312,14,1042828295
13749,118721520,22273842,140995362,5,0,0,512,9,1268100517
13750,118730320,22934524,141664844,7,0,0,16896,1,5998357390
13751,118730680,22440669,141171349,5,0,0,9728,9,6618824543
13752,118741650,44247675,162989325,3,0,1,26624,5,2510177988
13753,118745080,44247791,162992871,3,0,1,5632,5,5946646317
13754,118748980,23028454,141777434,4,0,0,14336,9,2987329939
13755,118759380,44235437,162994817,4,0,1,3072,9,2499703862
13756,118765690,22208356,140974046,3,0,0,1024,5,5277199753
13757,118776700,22448836,141225536,5,0,0,11264,9,566108039
13758,118799760,22276477,141076237,5,0,0,8704,9,6483952547
13759,118808180,44187623,162995803,8,0,1,1536,14,7609254441
13760,118836831,22261578,141098409,8,0,0,16384,14,6703548590
13761,118838590,44158199,162996789,6,0,1,1536,2,1914788733
13762,118841771,22701690,141543461,8,0,0,30208,14,3132466556
13763,118844390,23081871,141926261,6,0,0,39936,2,2458999978
13764,118858510,22349722,141208232,3,0,0,7168,5,3288701803
13765,118865550,22713065,141578615,0,0,0,60928,19,1222462278
13766,118870860,22821910,141692770,5,0,0,26112,9,1306355503
13767,118885290,22559936,141445226,7,0,0,12800,1,449039823
13768,118893301,22431781,141325082,8,0,0,54272,14,5178182534
13769,118896080,44106598,163002678,7,0,1,22016,1,220542979
13770,118900910,22271600,141172510,3,0,0,3584,5,271909357
13771,118902941,22973799,141876740,8,0,0,84992,14,2128958788
13772,118915500,44145138,163060638,5,0,1,5632,9,10294901041
13773,118929360,22751895,141681255,2,0,0,22528,3,3609710726
13774,118944450,44116211,163060661,5,0,1,13312,9,10540206626
13775,118963559,44097125,163060684,1,0,1,5120,13,10050862311
13776,118970490,22305002,141275492,3,0,0,18944,5,9311642996
13777,118973130,23005905,141979035,7,0,0,15360,1,3578081366
13778,118989760,22476796,141466556,4,0,0,1024,9,10056277714
13779,118994369,22585985,141580354,1,0,0,5632,13,3186940621
13780,119025320,22347642,141372962,7,0,0,45056,1,8843050673
13781,119027560,22596437,141623997,0,0,0,10240,19,6946191600
13782,119027980,22786907,141814887,3,0,0,55296,5,849040629
13783,119032250,44028457,163060707,9,0,1,512,1,2405561511
13784,119039490,22166512,141206002,5,0,0,2048,9,833877276
13785,119048560,22836315,141884875,4,0,0,26624,9,9584429242
13786,119050650,22863420,141914070,4,0,0,95744,9,3310459414
13787,119056880,22982285,142039165,2,0,0,15360,3,8648644558
13788,119060410,22611068,141671478,2,0,0,15360,3,3886612139
13789,119063860,43996870,163060730,2,0,1,1024,3,10560652736
13790,119068550,23018372,142086922,7,0,0,27648,1,2770447442
13791,119089939,22840946,141930885,1,0,0,14848,13,9654998133
13792,119107410,22683582,141790992,4,0,0,1536,9,1973000097
13793,119113260,22521524,141634784,2,0,0,35328,3,10212237319
13794,119123300,22629520,141752820,3,0,0,23552,5,9379080486
13795,119125461,22922404,142047865,8,0,0,3584,14,547682764
13796,119129690,22461029,141590719,3,0,0,512,5,5205958806
13797,119137470,22916545,142054015,5,0,0,19456,9,10135109183
13798,119139750,43921003,163060753,5,0,1,512,9,8160151959
13799,119149050,22231766,141380816,4,0,0,5632,9,345671347
13800,119157320,22668799,141826119,2,0,0,18432,3,5699385309
13801,119163790,43896986,163060776,6,0,1,5120,2,8273114746
13802,119178469,22942449,142120918,1,0,0,36864,13,4713551240
13803,119179699,22850146,142029845,1,0,0,17920,13,4474797774
13804,119185901,22468978,141654879,8,0,0,31744,14,822917802
13805,119195640,22624840,141820480,0,0,0,15360,19,7279547654
13806,119203040,43857759,163060799,6,0,1,16384,2,7244016391
13807,119217190,43852304,163069494,9,0,1,6656,1,9100279871
13808,119221640,22714751,141936391,0,0,0,9216,19,10465788626
13809,119227830,22959269,142187099,5,0,0,9216,9,538450804
13810,119231130,22986815,142217945,5,0,0,23040,9,4087644896
13811,119240030,22541844,141781874,4,0,0,6656,9,3935272571
13812,119242610,22867053,142109663,3,0,0,31744,5,4185177849
13813,119252560,22520483,141773043,0,0,0,41472,19,2252436070
13814,119254430,43815087,163069517,6,0,1,2048,2,9116661312
13815,119279340,22435992,141715332,3,0,0,21504,5,5993971481
13816,119279690,43793773,163073463,9,0,1,6656,1,1255558425
13817,119288230,43817581,163105811,6,0,1,18432,2,5149277904
13818,119292290,22374485,141666775,0,0,0,1536,19,3108213791
13819,119300190,22684783,141984973,7,0,0,10752,1,6377613369
13820,119318910,22409642,141728552,6,0,0,9216,2,3084536696
13821,119323900,22824783,142148683,0,0,0,40960,19,6147581056
13822,119325911,22668788,141994699,8,0,0,6656,14,8524915141
13823,119329190,22461287,141790477,2,0,0,28160,3,7790238216
13824,119332660,22827434,142160094,3,0,0,37376,5,571545917
13825,119335240,43828733,163163973,5,0,1,14848,9,4938750824
13826,119335370,43846637,163182007,4,0,1,5632,9,7124385247
13827,119354849,22706567,142061416,1,0,0,24064,13,1000795491
13828,119365490,22292220,141657710,0,0,0,9216,19,5627674880
13829,119384560,22454331,141838891,3,0,0,16384,5,5989474850
13830,119386770,23022522,142409292,0,0,0,22016,19,4424169168
13831,119386830,43795200,163182030,7,0,1,5120,1,5103632213
13832,119399420,22896666,142296086,0,0,0,28672,19,10344129691
13833,119405620,22996941,142402561,7,0,0,6144,1,9106921300
13834,119406091,23111975,142518066,8,0,0,95232,14,7143274983
13835,119413950,43768906,163182856,5,0,1,16384,9,6888124529
13836,119418220,22282864,141701084,3,0,0,3072,5,8147598903
13837,119419799,44592515,164012314,1,0,1,427520,13,3567133726
13838,119420970,22771609,142192579,6,0,0,8192,2,9727331406
13839,119448420,44594756,164043176,3,0,1,32256,5,9048471679
13840,119458479,22923238,142381717,1,0,0,12800,13,4895986495
13841,119460379,45053958,164514337,1,0,1,328704,13,9770314958
13842,119461620,22704826,142166446,3,0,0,4096,5,4793956468
13843,119475440,22747988,142223428,5,0,0,17920,9,7839549622
13844,119489089,22957071,142446160,1,0,0,7168,13,9939242901
13845,119527520,22717487,142245007,5,0,0,18944,9,3673914942
13846,119537519,23052562,142590081,1,0,0,25600,13,4378819974
13847,119551260,22382300,141933560,3,0,0,8704,5,7072574713
13848,119561710,22462422,142024132,0,0,0,23040,19,1098363042
13849,119565930,22780351,142346281,0,0,0,22528,19,2366035268
13850,119572521,22741078,142313599,8,0,0,15360,14,2489755343
13851,119576760,22858435,142435195,7,0,0,10752,1,482548802
13852,119579840,22994446,142574286,7,0,0,43008,1,5654393348
13853,119590020,22636551,142226571,6,0,0,10240,2,7886522844
13854,119595250,44941463,164536713,4,0,1,9728,9,7823702340
13855,119601670,44947251,164548921,8,0,1,36352,14,3562515665
13856,119609790,22625074,142234864,0,0,0,10752,19,5200530510
13857,119623709,22560490,142184199,1,0,0,40960,13,7016013675
13858,119631520,22431019,142062539,6,0,0,3584,2,5709613246
13859,119650690,22302399,141953089,5,0,0,17408,9,450489042
13860,119659080,44901548,164560628,3,0,1,10752,5,2085973258
13861,119666320,22881790,142548110,2,0,0,29184,3,2177870863
13862,119669220,22909324,142578544,5,0,0,13824,9,8590752998
13863,119678650,22442915,142121565,0,0,0,2048,19,1558339059
13864,119680720,44892970,164573690,9,0,1,1024,1,8017691777
13865,119717750,22445019,142162769,0,0,0,8704,19,10586884049
13866,119725831,22955144,142680975,8,0,0,10240,14,2600352936
13867,119734760,44838953,164573713,0,0,1,512,19,5891601874
13868,119735370,22615614,142350984,4,0,0,15360,9,273253049
13869,119737390,44836346,164573736,0,0,1,5120,19,1698405932
13870,119740871,22820288,142561159,8,0,0,24064,14,910596803
13871,119750480,22993883,142744363,7,0,0,7680,1,7596854104
13872,119752730,22546545,142299275,3,0,0,2560,5,426220755
13873,119761921,22668600,142430521,8,0,0,14848,14,10681093077
13874,119762540,22524787,142287327,6,0,0,37888,2,6234123530
13875,119765029,22533420,142298449,1,0,0,7680,13,236317296
13876,119769700,22273297,142042997,0,0,0,5632,19,143104487
13877,119771131,23150887,142922018,8,0,0,139776,14,3246552209
13878,119779010,44828124,164607134,3,0,1,2560,5,6797918109
13879,119784530,44822627,164607157,2,0,1,14336,3,6300675376
13880,119790790,22904185,142694975,0,0,0,40448,19,4656649878
13881,119805240,44801940,164607180,0,0,1,6656,19,90925602
13882,119808891,22666180,142475071,8,0,0,8704,14,2353941709
13883,119825830,22512669,142338499,3,0,0,14336,5,5621520373
13884,119835411,22800492,142635903,8,0,0,11776,14,5546166904
13885,119836521,22775300,142611821,8,0,0,35840,14,4002191275
13886,119836740,23372865,143209605,5,0,0,25600,9,3507469492
13887,119860330,22835604,142695934,7,0,0,3072,1,8148650003
13888,119861680,22977351,142839031,7,0,0,11264,1,4807637702
13889,119867680,44739523,164607203,0,0,1,2048,19,1532834081
13890,119869770,23057777,142927547,3,0,0,8704,5,6737699517
13891,119873550,22828803,142702353,2,0,0,20992,3,2440785571
13892,119874450,22931119,142805569,3,0,0,5632,5,6740126608
13893,119874750,22892004,142766754,7,0,0,31744,1,3136470512
13894,119888490,22650705,142539195,4,0,0,44032,9,1955832193
13895,119892839,22464473,142357312,1,0,0,2048,13,805731966
13896,119924160,44683066,164607226,5,0,1,2560,9,6042134441
13897,119938590,23023866,142962456,3,0,0,60928,5,7275250678
13898,119961360,22494997,142456357,7,0,0,16896,1,7924817164
13899,119976220,22512807,142489027,6,0,0,26112,2,219342128
13900,119980240,44627009,164607249,6,0,1,1536,2,8702113514
13901,119986670,44632087,164618757,6,0,1,1536,2,2299480788
13902,119988950,22455003,142443953,5,0,0,21504,9,9984940773
13903,119999149,22465596,142464745,1,0,0,4096,13,3272130578
13904,120005230,22613745,142618975,6,0,0,11776,2,8628323655
13905,120013160,22774563,142787723,3,0,0,9728,5,5390435670
13906,120016610,22849001,142865611,5,0,0,12800,9,1384152783
13907,120038790,22486966,142525756,0,0,0,14848,19,2505445013
13908,120042070,44577353,164619423,7,0,1,1024,1,6205652806
13909,120065970,44558279,164624249,2,0,1,7680,3,1171825878
13910,120066230,22785144,142851374,2,0,0,22528,3,3454977252
13911,120066900,22671709,142738609,6,0,0,25600,2,5155832997
13912,120073869,22972528,143046397,1,0,0,35840,13,8299928755
13913,120078221,22917543,142995764,8,0,0,16384,14,3894887147
13914,120086380,23107425,143193805,0,0,0,12800,19,2165323177
13915,120087040,44539155,164626195,6,0,1,3072,2,7415326552
13916,120087759,23027164,143114923,1,0,0,32768,13,3607397038
13917,120096040,22352138,142448178,2,0,0,5120,3,4968793125
13918,120109160,22412049,142521209,3,0,0,10240,5,6752085796
13919,120121879,23291156,143413035,1,0,0,31744,13,1321674620
13920,120138740,44502094,164640834,3,0,1,12288,5,7265321809
13921,120143550,22712828,142856378,0,0,0,8704,19,8047416816
13922,120144090,22650661,142794751,3,0,0,20480,5,5443128308
13923,120155620,22879431,143035051,5,0,0,2048,9,8639760318
13924,120158609,22969885,143128494,1,0,0,11264,13,2363835697
13925,120164479,44489258,164653737,1,0,1,20480,13,10432971513
13926,120170601,22773268,142943869,8,0,0,14336,14,7267765879
13927,120190670,23043383,143234053,7,0,0,13824,1,1410706096
13928,120193460,44479929,164673389,5,0,1,14848,9,9365163275
13929,120198790,22679465,142878255,4,0,0,40448,9,3977473639
13930,120200570,22961393,143161963,2,0,0,9728,3,7761401754
13931,120206960,44472496,164679456,8,0,1,512,14,3260757971
13932,120251861,23079998,143331859,8,0,0,96768,14,7991475232
13933,120257990,22545832,142803822,3,0,0,29696,5,4854683450
13934,120272030,44413123,164685153,7,0,1,18944,1,9749703553
13935,120286800,23054286,143341086,0,0,0,30208,19,10465715675
13936,120291760,22796511,143088271,6,0,0,50688,2,1946582389
13937,120305481,22948792,143254273,8,0,0,34304,14,2418649417
13938,120307690,22817349,143125039,6,0,0,30208,2,2205010883
13939,120316800,23160421,143477221,4,0,0,68608,9,2652698471
13940,120317960,44406967,164724927,0,0,1,11776,19,4711906852
13941,120326559,23225226,143551785,1,0,0,19968,13,867210670
13942,120327640,23045321,143372961,0,0,0,30208,19,5144222910
13943,120336800,23012733,143349533,6,0,0,27648,2,10705471124
13944,120340049,44422093,164762142,1,0,1,44032,13,8154269349
13945,120342150,22597328,142939478,0,0,0,30720,19,8092478776
13946,120345670,23033710,143379380,2,0,0,20992,3,7915867477
13947,120346810,23183882,143530692,2,0,0,69632,3,7205160620
13948,120368730,44444664,164813394,6,0,1,10752,2,2217795772
13949,120369880,44447380,164817260,5,0,1,6144,9,7852228971
13950,120372460,44476738,164849198,5,0,1,512,9,10478047674
13951,120373870,23048759,143422629,3,0,0,22528,5,5854647008
13952,120392479,45059640,165452119,1,0,1,512512,13,8395245238
13953,120421540,23301754,143723294,6,0,0,27648,2,9432718000
13954,120424211,22624861,143049072,8,0,0,8704,14,4050649106
13955,120425530,23214034,143639564,4,0,0,8192,9,9540715763
13956,120428051,22675526,143103577,8,0,0,46080,14,6345594940
13957,120429340,23450128,143879468,0,0,0,47104,19,7308748738
13958,120435440,22823224,143258664,0,0,0,14336,19,321197217
13959,120436200,23318783,143754983,3,0,0,27648,5,765086913
13960,120438870,45013272,165452142,9,0,1,2560,1,8645271957
13961,120441160,22483689,142924849,6,0,0,9216,2,3806134050
13962,120443850,45008315,165452165,3,0,1,18944,5,9259420052
13963,120448770,22914918,143363688,2,0,0,7680,3,9013317000
13964,120454319,23023237,143477556,1,0,0,1024,13,6033622438
13965,120459299,22708472,143167771,1,0,0,3584,13,10035437177
13966,120468930,22892326,143361256,5,0,0,38400,9,2007651689
13967,120477500,23486232,143963732,0,0,0,65536,19,8281125484
13968,120506110,44960896,165467006,2,0,1,10240,3,5908712612
13969,120506279,23208568,143714847,1,0,0,15360,13,5633243051
13970,120513640,44983219,165496859,0,0,1,22016,19,5881821575
13971,120514830,23077287,143592117,5,0,0,6144,9,4243868087
13972,120535000,23636879,144171879,2,0,0,83456,3,4368796439
13973,120541511,23249380,143790891,8,0,0,7168,14,2127010229
13974,120547760,22608484,143156244,0,0,0,8192,19,5777431817
13975,120571381,22557448,143128829,8,0,0,1024,14,656777544
13976,120601510,23486604,144088114,5,0,0,24064,9,9449733839
13977,120612660,44884545,165497205,4,0,1,512,9,10326141809
13978,120615690,23129481,143745171,2,0,0,13312,3,7699810967
13979,120622700,23179960,143802660,3,0,0,13824,5,4034660248
13980,120649130,44925766,165574896,0,0,1,33280,19,968662090
13981,120654009,22931185,143585194,1,0,0,8192,13,2591927283
13982,120662910,44912917,165575827,4,0,1,1536,9,4572963156
13983,120667200,44911213,165578413,6,0,1,4096,2,9402662890
13984,120672030,22471843,143143873,6,0,0,14336,2,9282426695
13985,120678530,22460952,143139482,2,0,0,19456,3,450328099
13986,120681280,24064590,144745870,4,0,0,83456,9,8252877056
13987,120684570,44898029,165582599,6,0,1,6656,2,9784074871
13988,120694080,22864651,143558731,6,0,0,16896,2,8040146277
13989,120705350,22931695,143637045,2,0,0,88064,3,2293179648
13990,120710820,44873059,165583879,7,0,1,14336,1,10297835958
13991,120711471,23121695,143833166,8,0,0,6144,14,8129248449
13992,120713710,23895581,144609291,6,0,0,12288,2,9352389038
13993,120722491,23159987,143882478,8,0,0,4096,14,5357299389
13994,120729950,44861630,165591580,7,0,1,5120,1,8769698709
13995,120731100,22778353,143509453,0,0,0,82944,19,2434670325
13996,120732220,23164576,143896796,4,0,0,7168,9,9208689106
13997,120736720,22690456,143427176,5,0,0,14848,9,5811724035
13998,120739610,23125483,143865093,5,0,0,62976,9,2404467842
13999,120740931,22946605,143687536,8,0,0,10240,14,6327748068
14000,120754510,44946490,165701000,3,0,1,70656,5,8355501571
14001,120783449,24035998,144819447,1,0,0,4096,13,10495872660
14002,120786590,23011835,143798425,7,0,0,5632,1,2291432291
14003,120793140,44917350,165710490,4,0,1,14336,9,9212383036
14004,120803190,22977579,143780769,3,0,0,76800,5,5696671774
14005,120804690,22991996,143796686,3,0,0,18944,5,5223976179
14006,120817120,23378361,144195481,2,0,0,77312,3,932703860
14007,120819020,23941772,144760792,4,0,0,15360,9,2960614021
14008,120829370,22572729,143402099,7,0,0,9728,1,9482793842
14009,120835730,22816649,143652379,5,0,0,41984,9,8581416468
14010,120839601,22728361,143567962,8,0,0,11264,14,10062022989
14011,120842329,22858897,143701226,1,0,0,12288,13,1492091438
14012,120845651,22686975,143532626,8,0,0,5632,14,6686765620
14013,120848360,23203782,144052142,7,0,0,77312,1,4102973397
14014,120853700,44867983,165721683,0,0,1,13312,19,10481155199
14015,120861120,23241353,144102473,4,0,0,38912,9,486722093
14016,120875510,23112541,143988051,0,0,0,6656,19,5226545567
14017,120890430,22819714,143710144,3,0,0,7168,5,504902526
14018,120896930,44916299,165813229,3,0,1,75776,5,10060327974
14019,120900871,23959566,144860437,8,0,0,8704,14,4653887417
14020,120901210,44933363,165834573,0,0,1,1536,19,9941258807
14021,120905980,22799521,143705501,5,0,0,6656,9,4009207641
14022,120911769,22876846,143788615,1,0,0,5632,13,1829433228
14023,120912970,23226994,144139964,4,0,0,61952,9,1521832039
14024,120925880,23144381,144070261,0,0,0,59392,19,9193489554
14025,120932101,24008805,144940906,8,0,0,13312,14,6728622262
14026,120934610,23417394,144352004,0,0,0,29696,19,4332348620
14027,120936810,23301195,144238005,6,0,0,22016,2,9787592428
14028,120941680,22712454,143654134,6,0,0,5632,2,9222093584
14029,120942110,22939097,143881207,6,0,0,5632,2,799602156
14030,120946410,23279849,144226259,2,0,0,54272,3,2725800679
14031,120947520,23262180,144209700,0,0,0,46592,19,1230264373
14032,120964530,24161471,145126001,4,0,0,47104,9,3270991492
14033,120979140,44882207,165861347,0,0,1,24064,19,4501789935
14034,120989000,44885345,165874345,6,0,1,5632,2,2020943219
14035,121016050,22986181,144002231,2,0,0,44544,3,5802659333
14036,121016420,23214854,144231274,2,0,0,16384,3,10665043122
14037,121016950,23343813,144360763,4,0,0,28672,9,6156956283
14038,121032050,22754826,143786876,2,0,0,19968,3,3895952735
14039,121043651,23325311,144368962,8,0,0,18944,14,2575619409
14040,121048340,22971372,144019712,2,0,0,11264,3,4320007151
14041,121057310,23033167,144090477,7,0,0,7680,1,4417649823
14042,121079470,22992062,144071532,4,0,0,4096,9,8860014059
14043,121082490,44792521,165875011,0,0,1,1024,19,7319237785
14044,121088350,22668996,143757346,7,0,0,7680,1,5914384193
14045,121095909,23698813,144794722,1,0,0,18944,13,3659895504
14046,121100110,23291861,144391971,7,0,0,32256,1,565314404
14047,121122600,23192001,144314601,3,0,0,16384,5,1198034578
14048,121133209,24043215,145176424,1,0,0,18432,13,5498150838
14049,121137100,22943659,144080759,4,0,0,30208,9,4817792643
14050,121144300,23115374,144259674,3,0,0,3584,5,9978398185
14051,121170040,23208219,144378259,4,0,0,16896,9,4938188863
14052,121170220,23109776,144279996,3,0,0,44544,5,9925125920
14053,121172000,22795655,143967655,0,0,0,12800,19,4949495267
14054,121174750,23269948,144444698,2,0,0,70656,3,5439474793
14055,121180410,44698147,165878557,9,0,1,5632,1,4857513470
14056,121206190,44751536,165957726,9,0,1,4608,1,6101092634
14057,121207230,22896202,144103432,4,0,0,3072,9,1154497504
14058,121212260,24196821,145409081,2,0,0,61440,3,8217817394
14059,121223450,23594726,144818176,5,0,0,12288,9,2752947034
14060,121227249,23282665,144509914,1,0,0,25600,13,534356507
14061,121227740,44730009,165957749,5,0,1,9216,9,5245055113
14062,121231629,23396395,144628024,1,0,0,49152,13,2328242937
14063,121237910,23241470,144479380,6,0,0,72704,2,10498977100
14064,121255340,44703545,165958885,8,0,1,12288,14,1168517343
14065,121258010,23307822,144565832,3,0,0,83968,5,79888056
14066,121281690,23241783,144523473,2,0,0,29184,3,10066979973
14067,121285860,23397408,144683268,2,0,0,2048,3,7816641397
14068,121287291,22965097,144252388,8,0,0,47104,14,4403819293
14069,121295420,23945699,145241119,3,0,0,109056,5,3115151618
14070,121298760,23080770,144379530,7,0,0,4096,1,2059090864
14071,121304860,23377761,144682621,3,0,0,18432,5,9352420177
14072,121307890,23355965,144663855,3,0,0,19968,5,7462698651
14073,121310040,23453427,144763467,2,0,0,8704,3,6198625611
14074,121328370,23486031,144814401,7,0,0,64512,1,10147188771
14075,121349350,23135357,144484707,0,0,0,17408,19,9405825882
14076,121362180,44600326,165962506,3,0,1,13312,5,8079599527
14077,121365080,23690497,145055577,0,0,0,38912,19,3475339558
14078,121369780,44593072,165962852,5,0,1,512,9,7555811192
14079,121375911,23041504,144417415,8,0,0,3072,14,5258827668
14080,121379339,23154453,144533792,1,0,0,33792,13,2859979138
14081,121386540,23068964,144455504,3,0,0,9216,5,3093724377
14082,121398360,44580768,165979128,9,0,1,18432,1,6379964704
14083,121400660,23231755,144632415,0,0,0,14336,19,7877955031
14084,121401781,23275201,144676982,8,0,0,43008,14,378020618
14085,121412940,44566211,165979151,2,0,1,2048,3,6394457617
14086,121422850,23673007,145095857,5,0,0,18944,9,5171189296
14087,121422909,44569598,165992507,1,0,1,15360,13,426531686
14088,121427910,44616618,166044528,8,0,1,4096,14,10047453548
14089,121431560,22931410,144362970,3,0,0,7168,5,3558958322
14090,121431671,23391254,144822925,8,0,0,11264,14,3202894735
14091,121445920,23447755,144893675,5,0,0,64512,9,8631335420
14092,121447450,44597744,166045194,2,0,1,1024,3,7746767168
14093,121447880,23553559,145001439,4,0,0,1024,9,753435148
14094,121483910,23283672,144767582,7,0,0,11776,1,4512736704
14095,121508840,23269268,144778108,5,0,0,6656,9,5916333218
14096,121526670,23262257,144788927,7,0,0,7168,1,10313437984
14097,121529140,23946193,145475333,7,0,0,66048,1,2888912571
14098,121531290,24202053,145733343,6,0,0,56320,2,9420401062
14099,121539190,23716974,145256164,5,0,0,43008,9,4221861830
14100,121541100,23037391,144578491,2,0,0,10240,3,1340050820
14101,121541420,23422058,144963478,6,0,0,11776,2,4106646703
14102,121549960,23738131,145288091,3,0,0,94208,5,4151688631
14103,121551159,23552767,145103926,1,0,0,22016,13,10092191491
14104,121559190,23623637,145182827,4,0,0,5632,9,624098973
14105,121559980,23297782,144857762,6,0,0,14848,2,9504856963
14106,121564231,24212813,145777044,8,0,0,35840,14,5989070788
14107,121565740,44496068,166061808,5,0,1,7168,9,101242796
14108,121568951,23765195,145334146,8,0,0,8192,14,7983985972
14109,121581240,23858679,145439919,5,0,0,47616,9,3102284052
14110,121586540,23055761,144642301,2,0,0,4608,3,3971474674
14111,121629529,23408662,145038191,1,0,0,12288,13,186407512
14112,121633300,23997536,145630836,5,0,0,55296,9,9402830411
14113,121659920,23547237,145207157,6,0,0,33792,2,7720505646
14114,121663361,23315272,144978633,8,0,0,49664,14,10066071720
14115,121667980,22903179,144571159,4,0,0,17408,9,7854646269
14116,121693430,23432906,145126336,2,0,0,1024,3,6404316573
14117,121695520,24203642,145899162,5,0,0,26624,9,987024815
14118,121727470,22987299,144714769,6,0,0,6656,2,5255678833
14119,121756140,44306014,166062154,5,0,1,512,9,2026184092
14120,121767510,23758452,145525962,5,0,0,4608,9,173120165
14121,121768469,44390065,166158534,1,0,1,21504,13,7629591067
14122,121779430,44380410,166159840,2,0,1,2048,3,5636838386
14123,121797559,23592779,145390338,1,0,0,13312,13,2529449740
14124,121808980,23780179,145589159,0,0,0,16384,19,9992281893
14125,121810729,24005023,145815752,1,0,0,6144,13,1258305945
14126,121811100,24253971,146065071,5,0,0,6656,9,1175813581
14127,121818090,23183014,145001104,0,0,0,48640,19,6292720576
14128,121827810,24180390,146008200,9,0,0,2048,1,1642215855
14129,121838830,44486453,166325283,6,0,1,5120,2,3229026176
14130,121853359,24103530,145956889,1,0,0,2048,13,3710302910
14131,121855410,22846269,144701679,6,0,0,44544,2,1920698636
14132,121856680,23038445,144895125,7,0,0,3072,1,3465524364
14133,121862350,23216080,145078430,2,0,0,6656,3,6203545950
14134,121870880,23785021,145655901,4,0,0,512,9,7303463350
14135,121896380,23027488,144923868,3,0,0,20480,5,6048028729
14136,121898720,44429162,166327882,4,0,1,7680,9,9143547905
14137,121907190,24284494,146191684,5,0,0,97792,9,8411217303
14138,121907510,23915129,145822639,6,0,0,22528,2,3506783042
14139,121914830,23151987,145066817,0,0,0,26624,19,2790986905
14140,121926260,44404528,166330788,6,0,1,4608,2,1430008350
14141,121930680,44400774,166331454,8,0,1,1024,14,4163265287
14142,121933900,44539792,166473692,3,0,1,65024,5,2801810426
14143,121934340,23229394,145163734,0,0,0,10240,19,4991020001
14144,121941100,24319773,146260873,5,0,0,25600,9,8676910553
14145,121943740,24136464,146080204,6,0,0,1024,2,7228094781
14146,121956150,23119894,145076044,2,0,0,30208,3,4955054825
14147,121963770,22930396,144894166,0,0,0,1536,19,2176249102
14148,121966960,44597433,166564393,0,0,1,4608,19,9288498256
14149,121971350,22940290,144911640,3,0,0,512,5,8785025065
14150,121979270,23168679,145147949,6,0,0,23552,2,6207765558
14151,121982130,23357260,145339390,2,0,0,13824,3,4650077561
14152,121990230,24219463,146209693,3,0,0,16896,5,4164723754
14153,121992200,44572216,166564416,9,0,1,1536,1,8124125260
14154,122006120,44558319,166564439,7,0,1,3072,1,2697600668
14155,122008620,23546165,145554785,6,0,0,30720,2,4236072241
14156,122013980,44604569,166618549,2,0,1,6144,3,429374717
14157,122021690,23149087,145170777,3,0,0,23040,5,3971210673
14158,122021809,22981057,145002866,1,0,0,4608,13,3412743614
14159,122030850,23065654,145096504,7,0,0,2048,1,8127187682
14160,122049339,23027040,145076379,1,0,0,1024,13,1948427454
14161,122057680,44560892,166618572,9,0,1,7680,1,5831896775
14162,122071400,22934609,145006009,4,0,0,10240,9,7534127752
14163,122076680,23120158,145196838,3,0,0,35840,5,6945293302
14164,122090810,23152227,145243037,0,0,0,5632,19,9128774368
14165,122119730,23631080,145750810,6,0,0,7168,2,6074768970
14166,122147000,44471595,166618595,2,0,1,512,3,5763437818
14167,122151529,23205946,145357475,1,0,0,19456,13,9637821227
14168,122152589,23455074,145607663,1,0,0,31744,13,9134607187
14169,122153930,23006661,145160591,9,0,0,13312,1,9704779920
14170,122162390,23078908,145241298,2,0,0,512,3,8584904756
14171,122165210,44552835,166718045,4,0,1,17408,9,1685608772
14172,122165999,23550161,145716160,1,0,0,60928,13,6385164062
14173,122166680,24428606,146595286,2,0,0,23552,3,3084961569
14174,122172339,23400409,145572748,1,0,0,58880,13,2183472067
14175,122178840,44598031,166776871,6,0,1,43008,2,5538707806
14176,122180070,23151557,145331627,7,0,0,75776,1,5484895981
14177,122240210,23645018,145885228,2,0,0,69120,3,3542441010
14178,122244650,44544935,166789585,5,0,1,6656,9,1922781306
14179,122257800,44538684,166796484,8,0,1,5120,14,5139996789
14180,122279709,23468523,145748232,1,0,0,13312,13,9535166226
14181,122289549,24030450,146319999,1,0,0,66048,13,4885830601
14182,122304790,44561226,166866016,0,0,1,8704,19,2439326518
14183,122314180,44555382,166869562,9,0,1,5632,1,1278563815
14184,122319460,44551408,166870868,4,0,1,2048,9,5976341367
14185,122325850,24106142,146431992,0,0,0,22016,19,3544287905
14186,122332780,44560943,166893723,4,0,1,3072,9,1472231286
14187,122339501,23085887,145425388,8,0,0,34816,14,7383016386
14188,122343160,23000933,145344093,7,0,0,15360,1,9973573654
14189,122353950,23090828,145444778,3,0,0,15872,5,8459148900
14190,122366199,44901794,167267993,1,0,1,161280,13,6430807560
14191,122394990,23088657,145483647,4,0,0,2560,9,6763011557
14192,122396619,24280404,146677023,1,0,0,19456,13,7578428704
14193,122402930,23171869,145574799,2,0,0,6656,3,4620402482
14194,122410520,44858856,167269376,7,0,1,14848,1,6720859860
14195,122417240,23847586,146264826,2,0,0,4096,3,396053925
14196,122420590,23944977,146365567,3,0,0,89088,5,2186777593
14197,122442790,23323311,145766101,4,0,0,16896,9,3861023638
14198,122445350,23037494,145482844,7,0,0,24576,1,33560896
14199,122445900,23462791,145908691,6,0,0,17408,2,7009080858
14200,122448201,23928511,146376712,8,0,0,8704,14,6819158173
14201,122455549,24016524,146472073,1,0,0,94720,13,9798008482
14202,122465561,23597436,146062997,8,0,0,18432,14,9625380651
14203,122483230,24084812,146568042,6,0,0,16896,2,10272447119
14204,122484950,45751530,168236480,3,0,1,422912,5,9227970371
14205,122499590,23156132,145655722,5,0,0,31232,9,4407249610
14206,122504560,24116241,146620801,5,0,0,12800,9,764768801
14207,122519770,23215156,145734926,3,0,0,5120,5,5569251961
14208,122527781,23159148,145686929,8,0,0,512,14,3544792684
14209,122531669,24258168,146789837,1,0,0,29696,13,2130223739
14210,122537150,24361374,146898524,3,0,0,35328,5,7545948459
14211,122548160,23195993,145744153,0,0,0,30208,19,4598475272
14212,122556479,24130083,146686562,1,0,0,31232,13,1858403716
14213,122559010,24352900,146911910,2,0,0,17408,3,5919589302
14214,122567230,24178846,146746076,7,0,0,3584,1,3125307087
14215,122569070,23659911,146228981,2,0,0,1024,3,1002791680
14216,122570481,23099221,145669702,8,0,0,1536,14,7218819072
14217,122576530,23370529,145947059,5,0,0,2560,9,8062392451
14218,122577190,45661236,168238426,9,0,1,3072,1,1399393576
14219,122581870,23197849,145779719,0,0,0,8704,19,7634459623
14220,122585760,23346978,145932738,2,0,0,78848,3,1943470204
14221,122597680,23265806,145863486,6,0,0,6656,2,10028654324
14222,122597960,23206901,145804861,2,0,0,3072,3,1353250863
14223,122602241,23455117,146057358,8,0,0,19456,14,7411644286
14224,122610230,23202679,145812909,4,0,0,7168,9,1513233677
14225,122619890,23374124,145994014,2,0,0,36864,3,6210289699
14226,122621271,23172123,145793394,8,0,0,7168,14,3660088283
14227,122625800,45613612,168239412,9,0,1,1536,1,6659364453
14228,122629650,23391646,146021296,3,0,0,4608,5,4409828817
14229,122633720,23736862,146370582,7,0,0,16384,1,1832650494
14230,122651270,23325465,145976735,2,0,0,9216,3,110307720
14231,122652670,23285885,145938555,2,0,0,3584,3,7427947943
14232,122663081,23433401,146096482,8,0,0,13312,14,3778896057
14233,122699990,45615990,168315980,4,0,1,20992,9,10560241508
14234,122707520,24388962,147096482,4,0,0,6144,9,7627277634
14235,122734510,23205183,145939693,4,0,0,3584,9,200493700
14236,122741220,23545254,146286474,5,0,0,58368,9,6829762338
14237,122751040,45735837,168486877,3,0,1,105472,5,15428645
14238,122752400,23577317,146329717,3,0,0,11264,5,3353917063
14239,122763400,45723500,168486900,6,0,1,9216,2,4445053194
14240,122771830,24425855,147197685,5,0,0,18944,9,9667942932
14241,122772420,23431455,146203875,0,0,0,39936,19,7180773248
14242,122792279,23460771,146253050,1,0,0,42496,13,6089911081
14243,122800790,45721900,168522690,9,0,1,3072,1,7769594649
14244,122818750,23813926,146632676,6,0,0,3584,2,1927792390
14245,122827310,45697646,168524956,9,0,1,3584,1,6826720949
14246,122835771,23368751,146204522,8,0,0,2048,14,8842225759
14247,122841620,23599984,146441604,7,0,0,8192,1,4744445141
14248,122859720,23620800,146480520,5,0,0,27648,9,9759319657
14249,122870480,45655654,168526134,3,0,1,13824,5,2109391254
14250,122870540,23568027,146438567,4,0,0,21504,9,2118747523
14251,122874860,24061600,146936460,3,0,0,29696,5,209385214
14252,122875459,23861660,146737119,1,0,0,16384,13,3099675616
14253,122875800,24230263,147106063,3,0,0,2048,5,5680083873
14254,122879500,24068550,146948050,6,0,0,15872,2,5528156048
14255,122887990,23531635,146419625,0,0,0,18944,19,8687741568
14256,122900480,45626422,168526902,9,0,1,11776,1,10404155003
14257,122915981,23802942,146718923,8,0,0,14848,14,1592524444
14258,122922830,23451207,146374037,6,0,0,11264,2,2272901490
14259,122933200,45622115,168555315,2,0,1,22528,3,8642383398
14260,122938400,45631739,168570139,2,0,1,4608,3,9876168086
14261,122945000,23381262,146326262,5,0,0,20480,9,9360183225
14262,122952061,23867525,146819586,8,0,0,40448,14,5390616757
14263,122954370,45663106,168617476,2,0,1,48640,3,3126171008
14264,122957640,23374292,146331932,3,0,0,7168,5,823583920
14265,122983890,24382541,147366431,2,0,0,29184,3,8855823862
14266,122989659,23597929,146587588,1,0,0,33792,13,10315228226
14267,122992930,23269838,146262768,7,0,0,6144,1,9632910625
14268,123007740,24009498,147017238,0,0,0,51712,19,5097846966
14269,123019030,45631392,168650422,0,0,1,23552,19,7270983133
14270,123029120,45863333,168892453,3,0,1,171008,5,4170904270
14271,123033100,45877307,168910407,5,0,1,6656,9,6510981125
14272,123034121,23342770,146376891,8,0,0,512,14,1063813607
14273,123036630,45875083,168911713,0,0,1,2048,19,4863432178
14274,123063190,23514079,146577269,5,0,0,30208,9,1610399997
14275,123073150,45879726,168952876,4,0,1,26624,9,8591070097
14276,123076370,23304804,146381174,9,0,0,13312,1,5313602053
14277,123079690,23961866,147041556,5,0,0,7680,9,6967383490
14278,123092130,23927003,147019133,0,0,0,6144,19,3800239769
14279,123092960,23663336,146756296,5,0,0,11264,9,3219324283
14280,123112750,23536167,146648917,7,0,0,14336,1,8070853650
14281,123116151,24241365,147357516,8,0,0,40960,14,7526378993
14282,123125000,45828542,168953542,6,0,1,11264,2,2334219226
14283,123136780,24026204,147162984,0,0,0,105472,19,10115812353
14284,123143340,45832067,168975407,0,0,1,7680,19,5623446160
14285,123143389,23419482,146562871,1,0,0,80896,13,3498550456
14286,123149631,23338400,146488031,8,0,0,24576,14,1440034283
14287,123156240,45820153,168976393,7,0,1,1536,1,3013523170
14288,123156880,24049275,147206155,0,0,0,18432,19,7212043450
14289,123187760,24712745,147900505,5,0,0,51712,9,10592397269
14290,123188680,23883781,147072461,5,0,0,16896,9,4791343262
14291,123211840,24241336,147453176,6,0,0,30208,2,9418413582
14292,123213690,23704526,146918216,2,0,0,9216,3,497495886
14293,123217230,23271136,146488366,0,0,0,1024,19,9617067893
14294,123227740,23633521,146861261,6,0,0,136704,2,8434446110
14295,123269760,45707619,168977379,9,0,1,1536,1,397726246
14296,123271890,45707435,168979325,7,0,1,3072,1,3424355921
14297,123273680,23765513,147039193,4,0,0,30720,9,1992170095
14298,123284610,23658581,146943191,5,0,0,22016,9,6452370674
14299,123295060,24727052,148022112,2,0,0,32256,3,7203886527
14300,123298890,23425661,146724551,2,0,0,3072,3,1206391726
14301,123308519,24259734,147568253,1,0,0,50176,13,923042413
14302,123312579,23275508,146588087,1,0,0,1536,13,10645385877
14303,123313880,23553432,146867312,6,0,0,16384,2,8750259504
14304,123322930,24828345,148151275,0,0,0,15360,19,9856857844
14305,123329860,23593066,146922926,5,0,0,8192,9,1968041943
14306,123336090,23469132,146805222,2,0,0,23552,3,6179349728
14307,123351390,23715386,147066776,4,0,0,66048,9,5558083332
14308,123352640,23638901,146991541,4,0,0,5120,9,317700397
14309,123354380,24047536,147401916,3,0,0,11776,5,5322887362
14310,123354500,24175289,147529789,6,0,0,512,2,4352506936
14311,123366040,45614911,168980951,4,0,1,2560,9,10176180233
14312,123373110,24276050,147649160,5,0,0,16384,9,10260872133
14313,123399181,23463116,146862297,8,0,0,3072,14,1873432454
14314,123399940,23667327,147067267,5,0,0,1536,9,174371671
14315,123403380,24901312,148304692,6,0,0,62464,2,4964656389
14316,123430340,45551277,168981617,3,0,1,1024,5,4900419532
14317,123438830,23433302,146872132,0,0,0,1024,19,3303561624
14318,123448971,23292920,146741891,8,0,0,7680,14,7699264356
14319,123455120,23793768,147248888,5,0,0,6144,9,7217659477
14320,123460019,24299248,147759267,1,0,0,16896,13,3650651931
14321,123473769,24163352,147637121,1,0,0,31232,13,2122371332
14322,123478880,23712051,147190931,2,0,0,91648,3,6723409823
14323,123497050,23726379,147223429,2,0,0,12800,3,9069759262
14324,123505060,45508575,169013635,9,0,1,10240,1,4363788943
14325,123512630,45505511,169018141,3,0,1,7168,5,6581564020
14326,123526880,23435615,146962495,0,0,0,3072,19,4844891260
14327,123529420,24330927,147860347,2,0,0,13312,3,2801505077
14328,123534760,23909189,147443949,2,0,0,60928,3,6129539065
14329,123536260,24255669,147791929,0,0,0,6656,19,8884930064
14330,123545399,23914196,147459595,1,0,0,8192,13,7085233715
14331,123545810,23498912,147044722,6,0,0,10240,2,7655057793
14332,123552281,23655769,147208050,8,0,0,6144,14,4687775894
14333,123557101,23344669,146901770,8,0,0,2560,14,6516436333
14334,123562840,45479948,169042788,4,0,1,14848,9,9004378414
14335,123562960,23933888,147496848,2,0,0,54272,3,1726232951
14336,123572040,23851427,147423467,0,0,0,70656,19,5094435642
14337,123582830,23609060,147191890,5,0,0,3072,9,9923225505
14338,123584580,23890032,147474612,5,0,0,4608,9,3855844629
14339,123586330,23811975,147398305,5,0,0,24064,9,5377074683
14340,123590960,23799990,147390950,5,0,0,27648,9,352847685
14341,123591210,45455124,169046334,6,0,1,5632,2,1488651116
14342,123596930,24096850,147693780,4,0,0,43008,9,340892090
14343,123603321,23615189,147218510,8,0,0,27136,14,4545994378
14344,123626409,23706310,147332719,1,0,0,7680,13,1503809194
14345,123639980,24389175,148029155,7,0,0,23040,1,5558864932
14346,123655270,23545246,147200516,7,0,0,9216,1,1662703111
14347,123666790,45411966,169078756,8,0,1,9216,14,6917478226
14348,123667860,23405248,147073108,5,0,0,2048,9,10051455968
14349,123672370,24089127,147761497,3,0,0,2560,5,4712731722
14350,123674270,23567507,147241777,3,0,0,12800,5,5605087908
14351,123678280,23949302,147627582,4,0,0,9728,9,1159817009
14352,123681380,23943215,147624595,6,0,0,34304,2,7576933733
14353,123683980,24064009,147747989,3,0,0,175616,5,10678701503
14354,123701100,24120947,147822047,3,0,0,74752,5,4621342446
14355,123729500,24031194,147760694,0,0,0,4608,19,342601430
14356,123736990,45343597,169080587,5,0,1,15872,9,3889248481
14357,123743360,24034305,147777665,4,0,0,8192,9,2428922590
14358,123751670,23673692,147425362,2,0,0,6144,3,7880138841
14359,123761771,24241446,148003217,8,0,0,83456,14,9681079449
14360,123779460,23518700,147298160,4,0,0,5120,9,6221086327
14361,123785980,45300406,169086386,7,0,1,7680,1,282492926
14362,123799530,45309366,169108896,7,0,1,1536,1,10174030084
14363,123800400,23446080,147246480,5,0,0,15360,9,2423913828
14364,123801301,23407084,147208385,8,0,0,1024,14,621336507
14365,123812541,24098439,147910980,8,0,0,34304,14,6289881157
14366,123840790,45379987,169220777,4,0,1,27136,9,7265005237
14367,123858210,24774626,148632836,7,0,0,62976,1,4767105261
14368,123859320,23817756,147677076,3,0,0,18432,5,3815916967
14369,123893521,23720599,147614120,8,0,0,12288,14,8368881102
14370,123894010,23479152,147373162,5,0,0,22016,9,5842757199
14371,123895790,24184041,148079831,5,0,0,18944,9,1589127499
14372,123901270,23973633,147874903,6,0,0,5632,2,8023845679
14373,123902429,24892432,148794861,1,0,0,27136,13,9561889529
14374,123911860,24020265,147932125,6,0,0,15872,2,3649467670
14375,123918131,24153829,148071960,8,0,0,512,14,2153714192
14376,123935250,45308093,169243343,8,0,1,1024,14,5015848657
14377,123945190,45299459,169244649,8,0,1,2048,14,7390740968
14378,123946690,23706861,147653551,4,0,0,14336,9,9788505196
14379,123959419,23815228,147774647,1,0,0,33280,13,9129165777
14380,123973730,23790754,147764484,0,0,0,9728,19,7130354525
14381,123984890,23795622,147780512,0,0,0,6656,19,9376496331
14382,123989750,23853733,147843483,6,0,0,19456,2,5157327819
14383,123999660,45246935,169246595,8,0,1,3072,14,1636493716
14384,124009820,23543122,147552942,6,0,0,20480,2,2277236117
14385,124017370,45230851,169248221,9,0,1,2560,1,9169298735
14386,124026490,24116003,148142493,4,0,0,33280,9,8566386185
14387,124031810,24122452,148154262,2,0,0,9728,3,6825025605
14388,124032191,23721905,147754096,8,0,0,19968,14,4601386112
14389,124045650,24044968,148090618,2,0,0,35328,3,7806115631
14390,124048740,23835986,147884726,6,0,0,1024,2,6456585927
14391,124052820,24117924,148170744,6,0,0,26624,2,847418968
14392,124062491,23885199,147947690,8,0,0,28160,14,8508063176
14393,124064640,24097969,148162609,7,0,0,18944,1,5242059323
14394,124105280,23856710,147961990,0,0,0,38912,19,3744565318
14395,124106660,23530796,147637456,0,0,0,1024,19,1419805937
14396,124113880,24143597,148257477,3,0,0,64000,5,175320341
14397,124129451,23655460,147784911,8,0,0,14336,14,7787856534
14398,124146180,45106227,169252407,6,0,1,6656,2,6318691226
14399,124164290,23847576,148011866,7,0,0,16384,1,8142302171
14400,124177820,23706571,147884391,5,0,0,24576,9,2673950662
14401,124185300,23821551,148006851,7,0,0,1024,1,5180817010
14402,124186140,24686088,148872228,3,0,0,20992,5,1677425413
14403,124193290,24199106,148392396,7,0,0,48640,1,9144741041
14404,124198620,23576526,147775146,3,0,0,1536,5,2567117268
14405,124209951,23831704,148041655,8,0,0,7168,14,6090338486
14406,124213150,45040640,169253790,4,0,1,14848,9,9975261678
14407,124213531,23616183,147829714,8,0,0,25088,14,635348835
14408,124220720,45037256,169257976,0,0,1,6656,19,1431912274
14409,124224430,24802723,149027153,3,0,0,10752,5,213135122
14410,124225169,45191666,169416835,1,0,1,45568,13,880246830
14411,124230640,23600785,147831425,2,0,0,3584,3,6656040191
14412,124238981,24730294,148969275,8,0,0,31232,14,10267367424
14413,124241200,23674639,147915839,4,0,0,15872,9,5663519643
14414,124252681,23879649,148132330,8,0,0,10240,14,6713969864
14415,124278080,23598800,147876880,2,0,0,5632,3,3520652771
14416,124281380,24032383,148313763,7,0,0,29696,1,3047833911
14417,124284380,24117711,148402091,6,0,0,31744,2,5467411292
14418,124290820,23675717,147966537,2,0,0,14848,3,9674823552
14419,124307120,24009653,148316773,5,0,0,5120,9,9783488829
14420,124308830,24105319,148414149,5,0,0,39424,9,819919838
14421,124323880,23682636,148006516,0,0,0,10752,19,7148302942
14422,124328770,24184677,148513447,7,0,0,32768,1,10309382368
14423,124333169,45521328,169854497,1,0,1,196096,13,10490667169
14424,124350820,24249969,148600789,2,0,0,73216,3,2645874200
14425,124370260,23475738,147845998,3,0,0,1024,5,3144627541
14426,124380510,24173526,148554036,3,0,0,22016,5,6467271682
14427,124384980,45471748,169856728,9,0,1,12800,1,9053935967
14428,124392970,23701738,148094708,0,0,0,9216,19,9212061392
14429,124434260,45426833,169861093,7,0,1,8192,1,1263281192
14430,124442500,23765676,148208176,3,0,0,61440,5,8300301660
14431,124444970,24035183,148480153,4,0,0,15360,9,2765957160
14432,124452580,45410139,169862719,0,0,1,2560,19,3382293999
14433,124455750,23574216,148029966,0,0,0,2560,19,1493784231
14434,124462620,45403965,169866585,8,0,1,6144,14,4123414578
14435,124470670,23600152,148070822,6,0,0,32768,2,9337194152
14436,124471540,23766414,148237954,0,0,0,16896,19,766757292
14437,124472880,23598901,148071781,0,0,0,3072,19,6337671798
14438,124476650,45701763,170178413,2,0,1,243200,3,7571442068
14439,124490180,23737763,148227943,3,0,0,11776,5,10459451728
14440,124492530,45784085,170276615,2,0,1,22528,3,1980832135
14441,124494620,23872272,148366892,7,0,0,5632,1,1385812586
14442,124497940,23945013,148442953,6,0,0,9216,2,5924417580
14443,124500990,23761190,148262180,3,0,0,15360,5,8910594964
14444,124505280,23809910,148315190,7,0,0,4608,1,5525838793
14445,124506160,23640412,148146572,7,0,0,13312,1,3606558176
14446,124508451,23755936,148264387,8,0,0,7168,14,2195489621
14447,124512030,45772547,170284577,8,0,1,7168,14,2790605057
14448,124512690,45780991,170293681,7,0,1,1024,1,9548295210
14449,124516680,45783854,170300534,3,0,1,5632,5,5699321166
14450,124526480,45774077,170300557,5,0,1,4096,9,1362191395
14451,124532880,24014425,148547305,6,0,0,22528,2,4975061044
14452,124541620,23729186,148270806,5,0,0,20992,9,8332555625
14453,124551010,45751389,170302399,7,0,1,4096,1,3018109598
14454,124574710,23775735,148350445,5,0,0,3584,9,5543919266
14455,124587040,24067881,148654921,3,0,0,2048,5,7136402518
14456,124603840,45701145,170304985,4,0,1,4096,9,7440596810
14457,124624110,24105281,148729391,2,0,0,1536,3,2242271746
14458,124679510,23889993,148569503,7,0,0,50688,1,10533607282
14459,124688679,45661020,170349699,1,0,1,48128,13,1162183687
14460,124689200,23652358,148341558,0,0,0,36352,19,10211517642
14461,124735860,23960416,148696276,4,0,0,59904,9,5688303607
14462,124743561,23998855,148742416,8,0,0,24064,14,6169593180
14463,124752470,45601498,170353968,0,0,1,1536,19,7509303663
14464,124758231,23559501,148317732,8,0,0,3072,14,6008240272
14465,124760830,23974231,148735061,3,0,0,12288,5,2695663197
14466,124771280,24040467,148811747,3,0,0,21504,5,8531183249
14467,124771720,45601605,170373325,5,0,1,31232,9,3285689594
14468,124774390,23804068,148578458,2,0,0,27648,3,5118885059
14469,124777940,45857887,170635827,4,0,1,4608,9,6544677357
14470,124798320,45838645,170636965,6,0,1,3584,2,7460751464
14471,124812360,45824628,170636988,0,0,1,3584,19,3615911238
14472,124867810,23509743,148377553,2,0,0,22016,3,10539883173
14473,124877270,23545625,148422895,2,0,0,18432,3,8748823696
14474,124879231,23481810,148361041,8,0,0,3072,14,7387535533
14475,124884690,23725168,148609858,7,0,0,14336,1,1168067626
14476,124896210,24138451,149034661,5,0,0,5632,9,4387659836
14477,124907690,23763417,148671107,0,0,0,19456,19,6107191139
14478,124912820,45793086,170705906,2,0,1,22016,3,8728252699
14479,124917100,23948709,148865809,3,0,0,51712,5,6093538553
14480,124921130,23502724,148423854,6,0,0,3072,2,5089590767
14481,124921860,24151725,149073585,6,0,0,46592,2,7010862468
14482,124929200,23515320,148444520,2,0,0,2560,3,7408648378
14483,124934260,23593683,148527943,5,0,0,24576,9,5332006357
14484,124934560,23794340,148728900,0,0,0,39936,19,8990912461
14485,124941420,23802735,148744155,4,0,0,5632,9,2110228895
14486,124944010,23772699,148716709,0,0,0,43520,19,5856859426
14487,124959500,45759207,170718707,5,0,1,4096,9,8008239432
14488,124968530,23815433,148783963,6,0,0,31232,2,2332961823
14489,124975711,23564707,148540418,8,0,0,38912,14,8946341285
14490,124994411,24090261,149084672,8,0,0,6144,14,3982883649
14491,125001230,23957547,148958777,3,0,0,57856,5,253374543
14492,125005220,24135461,149140681,0,0,0,37376,19,4021072980
14493,125010680,23720614,148731294,5,0,0,6144,9,1966771433
14494,125035220,23856782,148892002,2,0,0,60928,3,3378697504
14495,125037720,23598727,148636447,7,0,0,11776,1,7151478690
14496,125054680,23558945,148613625,5,0,0,12288,9,4561847010
14497,125072280,24119848,149192128,3,0,0,27648,5,344276493
14498,125076940,24101032,149177972,7,0,0,35328,1,838248108
14499,125081810,24253706,149335516,4,0,0,84480,9,3767355451
14500,125083360,23993056,149076416,0,0,0,9216,19,7295727989
14501,125086740,23714785,148801525,4,0,0,2048,9,4773581390
14502,125087990,23970573,149058563,0,0,0,71680,19,9867403306
14503,125088880,23739750,148828630,6,0,0,9216,2,5088303404
14504,125103660,45615070,170718730,5,0,1,2048,9,8902029088
14505,125138860,45953595,171092455,2,0,1,137216,3,2157632532
14506,125152130,45983207,171135337,4,0,1,22528,9,2316453179
14507,125157160,23938231,149095391,3,0,0,27648,5,3373724798
14508,125171090,24131753,149302843,6,0,0,11264,2,6762530098
14509,125184370,24042552,149226922,4,0,0,11776,9,1726561831
14510,125193140,45943503,171136643,7,0,1,2048,1,8048350958
14511,125211320,23952254,149163574,6,0,0,68608,2,10200313218
14512,125212530,45993460,171205990,2,0,1,53760,3,2346433981
14513,125214570,23965297,149179867,7,0,0,6144,1,5228655820
14514,125218850,23740886,148959736,7,0,0,3072,1,4245280446
14515,125236180,24023467,149259647,7,0,0,22016,1,10453532544
14516,125236570,23888936,149125506,0,0,0,8192,19,8450169637
14517,125239050,23658614,148897664,6,0,0,18432,2,45045173
14518,125248770,23739821,148988591,0,0,0,14848,19,3203650106
14519,125252110,45956882,171208992,6,0,1,25088,2,762819444
14520,125293009,46060560,171353569,1,0,1,129536,13,5067467903
14521,125294020,23519760,148813780,7,0,0,512,1,9170674654
14522,125297620,23761746,149059366,2,0,0,2560,3,2916262754
14523,125304770,24499158,149803928,4,0,0,20992,9,2544924817
14524,125317030,46059525,171376555,6,0,1,2560,2,4434886795
14525,125328150,23694898,149023048,3,0,0,6656,5,9497970675
14526,125334710,23972368,149307078,5,0,0,13824,9,10441197392
14527,125343400,24149793,149493193,2,0,0,54272,3,1546017355
14528,125372340,24057520,149429860,3,0,0,30208,5,6760152018
14529,125392780,23979010,149371790,0,0,0,6656,19,8478761672
14530,125414430,23884958,149299388,3,0,0,75776,5,9378630011
14531,125440430,23966033,149406463,6,0,0,7680,2,8043915953
14532,125474110,45905031,171379141,6,0,1,4096,2,1128143381
14533,125477600,23964763,149442363,2,0,0,40960,3,8097021013
14534,125480960,24456296,149937256,7,0,0,56832,1,5980540289
14535,125484950,23738361,149223311,2,0,0,10240,3,5248911454
14536,125496000,45892011,171388011,5,0,1,4608,9,2611700817
14537,125521070,23675605,149196675,3,0,0,14848,5,6559462176
14538,125521670,24164001,149685671,6,0,0,60928,2,3378003807
14539,125555510,23697406,149252916,0,0,0,16896,19,433034511
14540,125559480,24019792,149579272,7,0,0,56832,1,8705011241
14541,125564010,45916800,171480810,2,0,1,24576,3,8396652397
14542,125581250,23679832,149261082,4,0,0,4608,9,264277220
14543,125589820,23577365,149167185,5,0,0,11776,9,7289301499
14544,125589930,45899974,171489904,8,0,1,29184,14,3779945475
14545,125591430,24000992,149592422,3,0,0,31744,5,10578059675
14546,125592510,45925495,171518005,6,0,1,1536,2,1252155236
14547,125609010,23700743,149309753,6,0,0,8704,2,845868139
14548,125609560,23989647,149599207,2,0,0,7680,3,9355807855
14549,125609650,23927583,149537233,4,0,0,42496,9,6838449909
14550,125618730,23926170,149544900,2,0,0,25088,3,346290874
14551,125619190,24432000,150051190,3,0,0,107008,5,6342185581
14552,125627730,23818088,149445818,9,0,0,11264,1,3568242907
14553,125629640,23967204,149596844,4,0,0,14336,9,1556898059
14554,125647640,24054028,149701668,0,0,0,20480,19,6608450159
14555,125648290,24104935,149753225,0,0,0,14336,19,9854518873
14556,125655301,23866683,149521984,8,0,0,18432,14,4516233074
14557,125665861,23754772,149420633,8,0,0,45568,14,7168437732
14558,125687899,45960219,171648118,1,0,1,68096,13,4109519654
14559,125704250,24151884,149856134,7,0,0,14848,1,7218001695
14560,125711680,45960469,171672149,8,0,1,22528,14,7033704237
14561,125720150,23910957,149631107,5,0,0,76800,9,1723039722
14562,125721050,24021098,149742148,9,0,0,22528,1,6031300381
14563,125732930,23971592,149704522,4,0,0,8192,9,5538363130
14564,125737400,23815046,149552446,4,0,0,11776,9,1780985862
14565,125743960,46001461,171745421,5,0,1,10752,9,9481878647
14566,125747810,45998175,171745985,5,0,1,10752,9,2062708289
14567,125763710,24340033,150103743,7,0,0,53248,1,6866445670
14568,125782450,45964168,171746618,3,0,1,9728,5,5904225347
14569,125789510,46015769,171805279,8,0,1,7168,14,5059157241
14570,125799041,24073985,149873026,8,0,0,43008,14,6319168618
14571,125808690,45996612,171805302,6,0,1,2560,2,4397376013
14572,125809820,23772907,149582727,6,0,0,11264,2,5805460130
14573,125811610,23825992,149637602,3,0,0,512,5,4865108651
14574,125822641,23826021,149648662,8,0,0,34816,14,2935484007
14575,125823550,24385237,150208787,3,0,0,6656,5,9183872632
14576,125826170,23668762,149494932,4,0,0,5632,9,4213728491
14577,125833860,45983309,171817169,0,0,1,12800,19,7336429840
14578,125838720,24527784,150366504,0,0,0,8192,19,7482130785
14579,125844550,23850839,149695389,3,0,0,23040,5,7587055863
14580,125865740,23768845,149634585,9,0,0,3584,1,9859471682
14581,125869700,23763770,149633470,2,0,0,7680,3,3258571487
14582,125871700,45948695,171820395,8,0,1,5120,14,129164104
14583,125874030,23814316,149688346,6,0,0,8704,2,1330653192
14584,125881821,23997724,149879545,8,0,0,3072,14,4837986916
14585,125894910,23706660,149601570,3,0,0,7680,5,2377737455
14586,125897090,45924611,171821701,8,0,1,2048,14,150413953
14587,125902180,24205806,150107986,6,0,0,13824,2,7218957224
14588,125903910,24521512,150425422,5,0,0,7680,9,6325611887
14589,125912520,24052426,149964946,7,0,0,9728,1,4321567388
14590,125917320,23784683,149702003,3,0,0,1024,5,5585480526
14591,125930470,45891577,171822047,9,0,1,512,1,10442016797
14592,125942800,23896328,149839128,7,0,0,20480,1,5628194294
14593,125951220,24132501,150083721,2,0,0,40448,3,3816625245
14594,125951710,23940216,149891926,3,0,0,13312,5,4525685974
14595,125966330,45856063,171822393,4,0,1,512,9,7349911688
14596,125967470,45856511,171823981,3,0,1,15872,5,1924729503
14597,125967670,23986954,149954624,0,0,0,14336,19,4661524512
14598,125973710,45934115,171907825,8,0,1,39424,14,2187139703
14599,125976040,24111456,150087496,7,0,0,12288,1,6469535018
14600,125979390,24493551,150472941,0,0,0,67584,19,3830630696
14601,125986329,45926869,171913198,1,0,1,8192,13,6124583009
14602,125986680,45955291,171941971,7,0,1,512,1,3761886893
14603,125990140,23888438,149878578,3,0,0,9728,5,358838134
14604,125992530,24371447,150363977,6,0,0,40960,2,9157163125
14605,126011190,45934007,171945197,6,0,1,5120,2,2665870883
14606,126014960,45936548,171951508,9,0,1,22016,1,4508339696
14607,126020460,46058006,172078466,9,0,1,25600,1,1013772002
14608,126026100,24201634,150227734,4,0,0,38912,9,6996530788
14609,126028320,23847225,149875545,9,0,0,8192,1,4458113762
14610,126032700,24215048,150247748,9,0,0,58880,1,10547010490
14611,126037190,24136370,150173560,2,0,0,23552,3,9458003628
14612,126039480,24258280,150297760,7,0,0,26112,1,8239714197
14613,126047001,24652807,150699808,8,0,0,72192,14,7457714749
14614,126056260,24295214,150351474,6,0,0,49152,2,9748937072
14615,126060850,24545125,150605975,9,0,0,62464,1,9076802121
14616,126061320,24322912,150384232,5,0,0,9728,9,10421341285
14617,126062250,24227531,150289781,0,0,0,1536,19,567085199
14618,126094590,24063573,150158163,5,0,0,43520,9,3101461194
14619,126099940,24129845,150229785,6,0,0,6656,2,6520010231
14620,126109600,23961774,150071374,6,0,0,45056,2,840118275
14621,126125050,24601833,150726883,7,0,0,37376,1,4588305448
14622,126133240,45945892,172079132,8,0,1,1024,14,8828902631
14623,126144651,24014471,150159122,8,0,0,3072,14,7035866605
14624,126144780,24828100,150972880,5,0,0,2048,9,5490014633
14625,126154099,23962054,150116153,1,0,0,11264,13,10260186209
14626,126156860,24132430,150289290,5,0,0,21504,9,1317489497
14627,126184960,24702864,150887824,6,0,0,15360,2,4785199519
14628,126191690,24215890,150407580,5,0,0,50688,9,3298686258
14629,126197290,24507088,150704378,7,0,0,6144,1,9562536100
14630,126207140,24283958,150491098,0,0,0,14336,19,548150055
14631,126223340,24868113,151091453,2,0,0,39936,3,5676650881
14632,126234150,24341116,150575266,6,0,0,52736,2,5617024667
14633,126256010,45823468,172079478,6,0,1,512,2,9223440062
14634,126259470,24149716,150409186,4,0,0,5120,9,703306118
14635,126260810,24191516,150452326,0,0,0,45568,19,4819096847
14636,126268520,45812904,172081424,7,0,1,3072,1,2708530421
14637,126269020,24214759,150483779,3,0,0,17920,5,277497388
14638,126269310,45873872,172143182,6,0,1,29184,2,3795135170
14639,126272030,45939144,172211174,7,0,1,1024,1,9879436471
14640,126273480,45937717,172211197,4,0,1,1024,9,8514828255
14641,126282940,45928280,172211220,7,0,1,512,1,3287958460
14642,126302890,24708493,151011383,9,0,0,5120,1,8779248568
14643,126306529,46401226,172707755,1,0,1,144384,13,3455046183
14644,126310301,24487615,150797916,8,0,0,31232,14,6987997504
14645,126311029,46420004,172731033,1,0,1,17920,13,5135153834
14646,126311870,46419186,172731056,9,0,1,512,1,6871072464
14647,126321470,46409609,172731079,5,0,1,10240,9,4276193509
14648,126326490,46488416,172814906,7,0,1,4096,1,4854743508
14649,126327690,46905803,173233493,2,0,1,179712,3,10380848977
14650,126328970,46910428,173239398,0,0,1,11776,19,230372683
14651,126350400,24188634,150539034,7,0,0,28672,1,2433151426
14652,126385390,46855954,173241344,0,0,1,3072,19,4863325213
14653,126393640,24547778,150941418,3,0,0,16384,5,5411847231
14654,126397360,46909939,173307299,2,0,1,27648,3,1921036634
14655,126399661,24329429,150729090,8,0,0,7168,14,2277712139
14656,126404830,24258184,150663014,4,0,0,4096,9,5575628952
14657,126406460,24340919,150747379,2,0,0,28672,3,1388121615
14658,126412390,24290093,150702483,5,0,0,8704,9,205995867
14659,126417390,24440546,150857936,5,0,0,178176,9,2656022975
14660,126441270,46897602,173338872,5,0,1,5120,9,6646739303
14661,126455410,46936692,173392102,3,0,1,9728,5,3796008091
14662,126465361,24323016,150788377,8,0,0,20992,14,457324066
14663,126465410,24417711,150883121,9,0,0,10240,1,8569072873
14664,126480990,24666689,151147679,5,0,0,1536,9,9658603447
14665,126504120,24375858,150879978,9,0,0,52736,1,8378833697
14666,126507981,24476992,150984973,8,0,0,12288,14,7375332385
14667,126520880,24343007,150863887,3,0,0,19456,5,1860811750
14668,126523550,24258408,150781958,5,0,0,37888,9,5564970968
14669,126535460,24513076,151048536,9,0,0,54272,1,752507490
14670,126541709,46871183,173412892,1,0,1,2048,13,10230400674
14671,126549340,24377507,150926847,7,0,0,20992,1,981156084
14672,126554950,24444250,150999200,4,0,0,13312,9,8123119321
14673,126555020,46869112,173424132,8,0,1,12288,14,7934714152
14674,126563781,24451872,151015653,8,0,0,10752,14,3345284597
14675,126568700,24393917,150962617,3,0,0,59904,5,333043732
14676,126569650,24483745,151053395,3,0,0,15872,5,4033640650
14677,126572750,24623719,151196469,0,0,0,31232,19,1373018743
14678,126574490,24419230,150993720,2,0,0,25600,3,2041788780
14679,126575310,46849488,173424798,8,0,1,1024,14,5720535393
14680,126578960,46846504,173425464,5,0,1,1024,9,760495678
14681,126583750,24654634,151238384,2,0,0,1024,3,5186955695
14682,126584160,24647782,151231942,6,0,0,50176,2,5182337567
14683,126588760,24757108,151345868,0,0,0,46592,19,9954107268
14684,126601350,24522721,151124071,5,0,0,15872,9,10608084514
14685,126602670,25102376,151705046,6,0,0,84480,2,2908413205
14686,126618280,24664264,151282544,9,0,0,5120,1,1797360047
14687,126625700,24559061,151184761,7,0,0,18944,1,9744381630
14688,126627519,46802451,173429970,1,0,1,7168,13,10091078820
14689,126630121,24555131,151185252,8,0,0,1536,14,1349415671
14690,126643300,24594749,151238049,5,0,0,19968,9,8069371303
14691,126644770,25115620,151760390,0,0,0,5120,19,5573453405
14692,126648280,46873430,173521710,2,0,1,43008,3,817882318
14693,126663390,24924760,151588150,9,0,0,55296,1,4867501276
14694,126663400,24820206,151483606,5,0,0,34816,9,1884605709
14695,126672520,24587448,151259968,4,0,0,25088,9,2767512312
14696,126680150,24855713,151535863,3,0,0,29696,5,6097835280
14697,126687430,24769520,151456950,7,0,0,11776,1,10645160779
14698,126688981,24837811,151526792,8,0,0,28160,14,2653441176
14699,126691130,46830603,173521733,4,0,1,512,9,8412266762
14700,126696140,25051834,151747974,2,0,0,93184,3,5020114037
14701,126717030,25449208,152166238,9,0,0,26112,1,4487437852
14702,126730090,25221810,151951900,9,0,0,30208,1,295168024
14703,126737260,24935916,151673176,5,0,0,14336,9,6551406610
14704,126753570,24915215,151668785,5,0,0,30720,9,10658327413
14705,126753600,46768156,173521756,4,0,1,16384,9,1511557310
14706,126757040,24955829,151712869,9,0,0,25600,1,6330145064
14707,126760340,25361584,152121924,5,0,0,40960,9,4920626729
14708,126763040,24741732,151504772,2,0,0,5632,3,653696504
14709,126780210,46763276,173543486,4,0,1,2048,9,1706496344
14710,126780650,24898633,151679283,6,0,0,19968,2,3216705712
14711,126784550,24986985,151771535,6,0,0,2560,2,9657233330
14712,126791760,24957485,151749245,9,0,0,4096,1,1665284743
14713,126810020,24799149,151609169,3,0,0,8192,5,4359211788
14714,126827570,46758942,173586512,2,0,1,45056,3,8103326081
14715,126860510,24798869,151659379,0,0,0,40448,19,8285956555
14716,126861320,24574884,151436204,2,0,0,3072,3,8659655070
14717,126863150,24768360,151631510,2,0,0,12800,3,956721831
14718,126864390,46781216,173645606,6,0,1,1024,2,1984012888
14719,126864661,25025091,151889752,8,0,0,6144,14,7709945147
14720,126866240,25136343,152002583,0,0,0,36864,19,9965910765
14721,126887851,24862977,151750828,8,0,0,5120,14,10582799901
14722,126897980,46776434,173674414,9,0,1,17920,1,8456699560
14723,126902240,24868492,151770732,7,0,0,8192,1,4567413051
14724,126903550,24743482,151647032,9,0,0,13824,1,10466199754
14725,126929290,25074876,152004166,3,0,0,5120,5,9868827277
14726,126988740,24729236,151717976,7,0,0,8704,1,3841676024
14727,126989300,24778913,151768213,0,0,0,25600,19,1303683778
14728,127004781,24587448,151592229,8,0,0,13312,14,1032430160
14729,127021030,24692018,151713048,0,0,0,512,19,5662844899
14730,127031600,24575004,151606604,2,0,0,47104,3,7449114754
14731,127034070,24908603,151942673,0,0,0,43008,19,10530241567
14732,127036820,24851037,151887857,0,0,0,14336,19,9948257571
14733,127046080,24768257,151814337,9,0,0,3584,1,4358911314
14734,127046200,24732804,151779004,7,0,0,3584,1,2357563386
14735,127082930,24675877,151758807,3,0,0,26112,5,1016293048
14736,127089470,25303630,152393100,6,0,0,60928,2,8882382623
14737,127091290,24720299,151811589,0,0,0,6144,19,1663109493
14738,127099990,25058261,152158251,9,0,0,21504,1,3629740800
14739,127115570,24599685,151715255,7,0,0,7168,1,3300752067
14740,127117940,24601619,151719559,9,0,0,5120,1,2551306487
14741,127118450,24906928,152025378,2,0,0,30720,3,8751095663
14742,127118820,47617665,174736485,2,0,1,642560,3,4949172312
14743,127139570,25191202,152330772,0,0,0,2560,19,6975747383
14744,127150081,24972334,152122415,8,0,0,1536,14,8772513374
14745,127153280,47586431,174739711,0,0,1,5120,19,3684010971
14746,127166900,25775057,152941957,3,0,0,51200,5,9591794079
14747,127167750,25133664,152301414,2,0,0,38400,3,5061041207
14748,127206950,25026357,152233307,7,0,0,14848,1,8734131899
14749,127214060,24684559,151898619,2,0,0,18432,3,3618064792
14750,127228350,25053244,152281594,7,0,0,4608,1,2008407978
14751,127233191,24842745,152075936,8,0,0,10240,14,7472433111
14752,127244469,47497188,174741657,1,0,1,3072,13,10714351234
14753,127248330,24961571,152209901,2,0,0,18432,3,6733650238
14754,127265530,25329308,152594838,5,0,0,46080,9,6066197544
14755,127265630,25088872,152354502,7,0,0,5632,1,4615381066
14756,127265959,47476364,174742323,1,0,1,1024,13,10479581219
14757,127266310,47482785,174749095,5,0,1,10752,9,7192942733
14758,127283020,24701365,151984385,9,0,0,17920,1,1571063512
14759,127283910,24996257,152280167,5,0,0,26112,9,9164077120
14760,127292690,25313091,152605781,4,0,0,24064,9,1128439221
14761,127293550,24713759,152007309,9,0,0,10240,1,4249610676
14762,127302650,25475907,152778557,7,0,0,4096,1,9715269075
14763,127334610,24695348,152029958,9,0,0,6656,1,3980065751
14764,127347010,24762411,152109421,9,0,0,16896,1,8210706528
14765,127356880,25402085,152758965,9,0,0,64000,1,10378198560
14766,127367490,24833580,152201070,4,0,0,5120,9,7277932000
14767,127374010,25170321,152544331,3,0,0,28160,5,3280830807
14768,127389670,24617826,152007496,0,0,0,512,19,5988871186
14769,127391040,24853857,152244897,0,0,0,4608,19,6705247963
14770,127418940,24565780,151984720,0,0,0,1024,19,3432324619
14771,127420370,24612504,152032874,6,0,0,6144,2,7798339283
14772,127422391,24717025,152139416,8,0,0,52224,14,3252805550
14773,127441011,25333856,152774867,8,0,0,29184,14,909588976
14774,127453350,24588317,152041667,0,0,0,8192,19,5549901518
14775,127455340,24788130,152243470,4,0,0,33280,9,7282148348
14776,127468790,25267977,152736767,2,0,0,74752,3,8069690814
14777,127472090,24479989,151952079,6,0,0,512,2,8903396331
14778,127482250,24862579,152344829,0,0,0,41984,19,10192637866
14779,127485220,47273721,174758941,9,0,1,9728,1,9414835602
14780,127490250,25163754,152654004,5,0,0,4096,9,167930195
14781,127493560,24676757,152170317,9,0,0,13312,1,1740965068
14782,127502681,25010469,152513150,8,0,0,6656,14,10225623968
14783,127514930,24756560,152271490,4,0,0,19456,9,4445710211
14784,127515930,47361451,174877381,2,0,1,132096,3,9633086354
14785,127519150,24738225,152257375,6,0,0,33792,2,3230891408
14786,127520670,47725757,175246427,2,0,1,324608,3,1351831812
14787,127529870,24819194,152349064,3,0,0,13824,5,8207147059
14788,127540540,24885212,152425752,2,0,0,26624,3,4405038631
14789,127555250,47743983,175299233,7,0,1,3584,1,2368461847
14790,127564260,25944682,153508942,5,0,0,111104,9,2970947720
14791,127567810,24574905,152142715,4,0,0,10752,9,3888686286
14792,127568570,24696969,152265539,6,0,0,9728,2,2787916233
14793,127571930,25137746,152709676,2,0,0,51200,3,3960767543
14794,127603850,24790590,152394440,0,0,0,4096,19,5644358257
14795,127607340,47705785,175313125,6,0,1,15872,2,8779490154
14796,127619590,47701812,175321402,5,0,1,4096,9,958396111
14797,127625440,25209556,152834996,4,0,0,10752,9,4125015259
14798,127628200,47723339,175351539,3,0,1,3584,5,6610076321
14799,127647050,24888678,152535728,5,0,0,27648,9,4462914288
14800,127649550,25373509,153023059,7,0,0,44032,1,7814821021
14801,127655450,25024386,152679836,4,0,0,2560,9,1150552585
14802,127658390,24541097,152199487,2,0,0,5120,3,8070023083
14803,127659870,24491806,152151676,0,0,0,6656,19,4586866438
14804,127666110,47685452,175351562,0,0,1,512,19,6131533723
14805,127672250,24784293,152456543,9,0,0,44544,1,915797961
14806,127676140,24920125,152596265,3,0,0,4608,5,3249521481
14807,127678851,25137549,152816400,8,0,0,96256,14,4215524950
14808,127693870,24732841,152426711,3,0,0,3072,5,4052128926
14809,127701410,25460872,153162282,9,0,0,68608,1,1228525634
14810,127701800,47649785,175351585,9,0,1,8704,1,5181496935
14811,127710800,25259498,152970298,2,0,0,16384,3,7552852854
14812,127726420,24758046,152484466,4,0,0,1024,9,2430906503
14813,127727680,24671082,152398762,2,0,0,3072,3,2383594766
14814,127730910,25008532,152739442,7,0,0,8704,1,4194915997
14815,127765090,47586518,175351608,9,0,1,1024,1,6775875896
14816,127765340,25423631,153188971,5,0,0,44032,9,2715236991
14817,127767890,25834024,153601914,3,0,0,15872,5,3285737842
14818,127777200,47590686,175367886,9,0,1,7680,1,9958205049
14819,127778750,25067813,152846563,4,0,0,37888,9,1191987477
14820,127803710,25180127,152983837,7,0,0,23552,1,5027537048
14821,127811140,47556769,175367909,5,0,1,8704,9,9508544300
14822,127822430,25042222,152864652,2,0,0,31232,3,4793102326
14823,127833380,24845653,152679033,7,0,0,19456,1,6930086306
14824,127837980,47564218,175402198,6,0,1,31744,2,1052522861
14825,127841450,25925925,153767375,9,0,0,41984,1,1334637643
14826,127841830,25485177,153327007,6,0,0,8704,2,10688258753
14827,127844390,25132171,152976561,7,0,0,20480,1,6157485083
14828,127849120,25663745,153512865,7,0,0,12800,1,1669289004
14829,127858970,24964317,152823287,0,0,0,22528,19,100972210
14830,127866190,47538914,175405104,6,0,1,4608,2,8675319255
14831,127879610,47527760,175407370,0,0,1,3584,19,5881027477
14832,127881040,26100781,153981821,7,0,0,83456,1,9510627318
14833,127887200,24878752,152765952,3,0,0,14848,5,4087570137
14834,127890880,48455629,176346509,2,0,1,622080,3,3150566688
14835,127894150,24881224,152775374,2,0,0,1536,3,4391823643
14836,127895490,24983592,152879082,3,0,0,17408,5,2730404009
14837,127901679,25095594,152997273,1,0,0,6144,13,381206501
14838,127902680,25043604,152946284,3,0,0,7680,5,3150762966
14839,127917090,26231328,154148418,2,0,0,18944,3,2954326343
14840,127952470,48410873,176363343,7,0,1,4608,1,7130668767
14841,127960681,25256861,153217542,8,0,0,93696,14,8490704359
14842,127967830,48395956,176363786,9,0,1,3584,1,6255789676
14843,127991070,24951401,152942471,2,0,0,1536,3,876908091
14844,127993370,26302053,154295423,9,0,0,50688,1,7040331538
14845,127996150,48368622,176364772,8,0,1,1536,14,2697196316
14846,127999390,25389963,153389353,0,0,0,30720,19,5926211470
14847,128001260,25318923,153320183,0,0,0,74752,19,1619816112
14848,128017390,48349328,176366718,7,0,1,3072,1,6275720784
14849,128024390,25054973,153079363,5,0,0,62464,9,7841081789
14850,128054750,48313594,176368344,6,0,1,2560,2,6935913272
14851,128066970,24876304,152943274,4,0,0,2560,9,3240040209
14852,128070880,48341143,176412023,9,0,1,27648,1,98126726
14853,128080600,48360000,176440600,3,0,1,1536,5,5527625859
14854,128083040,25451069,153534109,5,0,0,1024,9,10054729747
14855,128085160,24858761,152943921,7,0,0,2048,1,5151800196
14856,128092339,24734715,152827054,1,0,0,12288,13,7406503497
14857,128104220,24657108,152761328,3,0,0,7680,5,6975552532
14858,128116640,48330502,176447142,3,0,1,17408,5,4448823311
14859,128120540,25405388,153525928,2,0,0,10240,3,4529260480
14860,128126880,25124023,153250903,7,0,0,8192,1,8943041464
14861,128129860,48320570,176450430,6,0,1,2560,2,3159685451
14862,128134300,24892370,153026670,4,0,0,11776,9,5738716988
14863,128167450,25348760,153516210,2,0,0,8192,3,2562930331
14864,128174330,25222607,153396937,9,0,0,10240,1,4768373973
14865,128183160,25587092,153770252,4,0,0,4096,9,6791261722
14866,128203520,48247576,176451096,8,0,1,1024,14,1281303766
14867,128218350,25006414,153224764,0,0,0,23552,19,1473511392
14868,128218700,48233267,176451967,0,0,1,12288,19,8727327203
14869,128223510,25531050,153754560,7,0,0,185344,1,9095908700
14870,128224530,48237672,176462202,4,0,1,3072,9,4013722789
14871,128236990,25850422,154087412,2,0,0,78848,3,61680311
14872,128239600,25342767,153582367,9,0,0,19968,1,7560440240
14873,128241610,25214151,153455761,2,0,0,41984,3,10449574046
14874,128244380,25951086,154195466,4,0,0,154112,9,6511449228
14875,128248540,25650235,153898775,5,0,0,35840,9,1795698450
14876,128252420,25693949,153946369,4,0,0,56832,9,6578306378
14877,128254290,48210818,176465108,7,0,1,4608,1,1562218395
14878,128268630,25550417,153819047,0,0,0,17408,19,1724878447
14879,128274349,25606591,153880940,1,0,0,39936,13,6556339511
14880,128299970,48169644,176469614,9,0,1,7168,1,3931494064
14881,128307190,48175543,176482733,8,0,1,19968,14,7596304392
14882,128310951,25211834,153522785,8,0,0,21504,14,7378890068
14883,128314740,25045602,153360342,4,0,0,35840,9,7884766801
14884,128326760,25511590,153838350,9,0,0,50688,1,8482894394
14885,128330130,25266925,153597055,3,0,0,30720,5,4454099394
14886,128333160,25764172,154097332,6,0,0,5120,2,10234119504
14887,128345250,25700658,154045908,0,0,0,71680,19,7152199765
14888,128369820,25296612,153666432,2,0,0,1536,3,3843731420
14889,128395260,25517915,153913175,4,0,0,1536,9,3333849986
14890,128402270,25927529,154329799,6,0,0,44032,2,4829383610
14891,128407869,48074887,176482756,1,0,1,3072,13,7550388815
14892,128422020,26071811,154493831,3,0,0,32768,5,6663409965
14893,128433480,25079564,153513044,5,0,0,512,9,2523743810
14894,128437120,25376592,153813712,3,0,0,110592,5,10611084711
14895,128448950,25905359,154354309,0,0,0,22528,19,7336173717
14896,128458650,48024452,176483102,4,0,1,4096,9,6680404969
14897,128459400,25441270,153900670,6,0,0,6144,2,6794825013
14898,128460160,25073123,153533283,4,0,0,24064,9,1670178703
14899,128465899,48017357,176483256,1,0,1,8704,13,1316744237
14900,128475520,25159339,153634859,4,0,0,34304,9,4866013934
14901,128479720,25736454,154216174,7,0,0,9216,1,1876437457
14902,128481039,48003395,176484434,1,0,1,13824,13,6463589354
14903,128488940,25129705,153618645,7,0,0,4096,1,574893614
14904,128504740,25008951,153513691,7,0,0,2048,1,4000399200
14905,128515381,25697962,154213343,8,0,0,24576,14,9524048458
14906,128524630,25173435,153698065,5,0,0,43520,9,6814203510
14907,128559750,47925670,176485420,7,0,1,1536,1,2674258970
14908,128560830,25262053,153822883,7,0,0,12288,1,9398623189
14909,128561530,47934212,176495742,0,0,1,6656,19,7356586451
14910,128572320,25762182,154334502,3,0,0,15360,5,4137268812
14911,128575250,25937058,154512308,5,0,0,39936,9,6910440598
14912,128577190,25906634,154483824,4,0,0,75776,9,6571643602
14913,128596790,25543447,154140237,4,0,0,6144,9,4444056858
14914,128598851,25240770,153839621,8,0,0,4096,14,3301513677
14915,128605870,25846549,154452419,2,0,0,6144,3,1998607348
14916,128609290,25159356,153768646,4,0,0,4096,9,2764219692
14917,128613660,26058925,154672585,0,0,0,46592,19,7234311018
14918,128614380,47881823,176496203,7,0,1,10240,1,4049721328
14919,128628421,25033129,153661550,8,0,0,18944,14,9370562447
14920,128640460,47865627,176506087,5,0,1,2560,9,383092921
14921,128657350,24876424,153533774,2,0,0,1536,3,2157750034
14922,128669070,25534531,154203601,7,0,0,26624,1,486541510
14923,128678110,25454281,154132391,2,0,0,108544,3,3464389716
14924,128684790,25748437,154433227,5,0,0,8192,9,6243250118
14925,128688930,25084933,153773863,6,0,0,11776,2,89170760
14926,128690580,24975361,153665941,5,0,0,14336,9,6122884118
14927,128716990,25675601,154392591,0,0,0,1024,19,1921415593
14928,128744270,25168414,153912684,4,0,0,9728,9,7116863774
14929,128746920,25032582,153779502,2,0,0,18432,3,10058160243
14930,128760390,25008591,153768981,3,0,0,1024,5,7222487859
14931,128769910,47737483,176507393,0,0,1,2048,19,6313510580
14932,128783440,25137503,153920943,0,0,0,2560,19,2438109334
14933,128789240,25262347,154051587,3,0,0,5632,5,4624714615
14934,128795020,47721385,176516405,6,0,1,25600,2,7936968980
14935,128810350,47707361,176517711,0,0,1,2048,19,5933413284
14936,128815090,25188611,154003701,5,0,0,20992,9,9725314928
14937,128816290,47901007,176717297,2,0,1,180736,3,10193757232
14938,128819910,25127574,153947484,9,0,0,3584,1,8987978722
14939,128820550,25278746,154099296,5,0,0,6144,9,6737309232
14940,128822600,25033486,153856086,5,0,0,1536,9,9091553309
14941,128829390,25308952,154138342,7,0,0,19456,1,4489576435
14942,128833270,26148286,154981556,4,0,0,51712,9,9385386565
14943,128850430,25739037,154589467,3,0,0,29184,5,4619255834
14944,128863200,24980855,153844055,0,0,0,7680,19,4534298440
14945,128867070,26186635,155053705,4,0,0,4608,9,10198784838
14946,128867640,25833516,154701156,6,0,0,93696,2,4712003579
14947,128872620,25151425,154024045,3,0,0,5120,5,5824863721
14948,128893870,25528670,154422540,6,0,0,34816,2,10593473247
14949,128897879,47844447,176742326,1,0,1,2048,13,6005697235
14950,128910150,24970969,153881119,9,0,0,512,1,5477906206
14951,128915110,26263497,155178607,9,0,0,67584,1,2094830622
14952,128917340,25224480,154141820,5,0,0,5120,9,4551147923
14953,128937020,25014382,153951402,3,0,0,4608,5,7426768432
14954,128942080,25786243,154728323,0,0,0,89088,19,10004933252
14955,128949060,25803356,154752416,3,0,0,45056,5,4513249466
14956,128951720,25042451,153994171,9,0,0,29184,1,5502436839
14957,128951970,24828023,153779993,2,0,0,1536,3,9519119498
14958,128952930,24995045,153947975,3,0,0,1536,5,6044081202
14959,128973940,25538867,154512807,7,0,0,1536,1,235518487
14960,128977700,25522417,154500117,3,0,0,12288,5,2137265823
14961,128978740,25869297,154848037,7,0,0,88064,1,6797877764
14962,128991570,26215700,155207270,9,0,0,61440,1,524015059
14963,129018370,47725281,176743651,0,0,1,22016,19,8344886138
14964,129022420,25026163,154048583,9,0,0,8704,1,4679780993
14965,129044400,25555497,154599897,9,0,0,7168,1,2460790932
14966,129046850,26313209,155360059,0,0,0,38400,19,4727225408
14967,129049110,25361894,154411004,9,0,0,7168,1,5393585587
14968,129059560,25083063,154142623,9,0,0,2560,1,967139222
14969,129060630,26028212,155088842,5,0,0,5632,9,7324826484
14970,129066270,26091722,155157992,4,0,0,100864,9,4389602046
14971,129074710,47668964,176743674,6,0,1,1024,2,9834701757
14972,129091120,25920190,155011310,3,0,0,44032,5,10372122298
14973,129092610,25687830,154780440,9,0,0,60416,1,9230054269
14974,129113880,24981846,154095726,3,0,0,18944,5,8496936942
14975,129121100,25274946,154396046,4,0,0,11264,9,752984137
14976,129121380,47622317,176743697,3,0,1,2048,5,10158864833
14977,129121460,25084372,154205832,4,0,0,7168,9,1889234958
14978,129139610,47614126,176753736,5,0,1,4608,9,5570786994
14979,129165420,47668165,176833585,7,0,1,32768,1,2037127848
14980,129172170,25585284,154757454,0,0,0,16384,19,5223797175
14981,129174710,26105814,155280524,0,0,0,94208,19,10449122603
14982,129183170,47665987,176849157,0,0,1,26112,19,9492196181
14983,129183340,47666803,176850143,8,0,1,1536,14,3243763041
14984,129212530,25424080,154636610,3,0,0,11264,5,6607541181
14985,129217200,26426894,155644094,5,0,0,47616,9,4951735319
14986,129226220,24863711,154089931,9,0,0,8192,1,4827477504
14987,129227350,25574086,154801436,3,0,0,38912,5,5780313965
14988,129230660,25703336,154933996,3,0,0,10240,5,6743873168
14989,129235270,47616179,176851449,6,0,1,2048,2,1421649526
14990,129238200,25946537,155184737,4,0,0,3584,9,1207394766
14991,129280570,25111686,154392256,9,0,0,11776,1,1248192738
14992,129303120,47612784,176915904,1,0,1,11264,13,9759717617
14993,129303200,25430606,154733806,2,0,0,17920,3,8020295310
14994,129304040,25908863,155212903,5,0,0,7168,9,812667637
14995,129306740,47613350,176920090,7,0,1,6656,1,9549025461
14996,129307390,25081255,154388645,0,0,0,39936,19,7113109229
14997,129320390,25034254,154354644,5,0,0,1024,9,4041977481
14998,129321440,25174910,154496350,4,0,0,8192,9,7978432504
14999,129322390,25533961,154856351,5,0,0,23040,9,6793044358
15000,129329040,47602064,176931104,5,0,1,15872,9,1933227187
15001,129331520,25634249,154965769,2,0,0,51200,3,5389831933
15002,129339970,25190529,154530499,6,0,0,2048,2,7559212035
15003,129354330,25872932,155227262,5,0,0,26624,9,3902837912
15004,129355360,25170711,154526071,2,0,0,7680,3,9433945081
15005,129370310,25750682,155120992,3,0,0,41984,5,4994189461
15006,129377890,24956947,154334837,0,0,0,1024,19,3453870072
15007,129378050,25805572,155183622,5,0,0,16384,9,6164071026
15008,129394000,25656092,155050092,9,0,0,2560,1,6907583548
15009,129397290,25970288,155367578,3,0,0,24576,5,4139622650
15010,129397340,25950996,155348336,0,0,0,27648,19,7534579927
15011,129434560,25991734,155426294,5,0,0,37376,9,9793287062
15012,129436020,47502765,176938785,5,0,1,8192,9,3454253203
15013,129436530,25513616,154950146,4,0,0,4608,9,2428300732
15014,129440420,47500004,176940424,3,0,1,13824,5,503882823
15015,129483910,25079771,154563681,2,0,0,14336,3,462498948
15016,129505430,26060697,155566127,6,0,0,34304,2,1014145914
15017,129505680,25518634,155024314,5,0,0,3072,9,1121713816
15018,129512590,47472528,176985118,6,0,1,8704,2,4346959513
15019,129525080,25236929,154762009,3,0,0,14848,5,298390514
15020,129537790,47451694,176989484,6,0,1,1024,2,2045118418
15021,129546450,25436385,154982835,4,0,0,4096,9,1883871047
15022,129571260,25019311,154590571,3,0,0,2560,5,8043622486
15023,129627270,25624351,155251621,9,0,0,79872,1,5162321575
15024,129630560,47449773,177080333,2,0,1,54784,3,6058074515
15025,129640520,47471682,177112202,5,0,1,1024,9,4553785733
15026,129641550,26012418,155653968,0,0,0,2560,19,6777533060
15027,129642040,47470185,177112225,8,0,1,3072,14,9858897311
15028,129655000,26027818,155682818,7,0,0,12288,1,4256976231
15029,129658060,26184753,155842813,2,0,0,24064,3,9711231827
15030,129661890,25662991,155324881,9,0,0,8704,1,3171569174
15031,129663210,25525317,155188527,6,0,0,6656,2,4976275605
15032,129665050,25073615,154738665,9,0,0,15872,1,6488586042
15033,129667790,25764804,155432594,9,0,0,5632,1,6197477568
15034,129669680,47442568,177112248,0,0,1,1024,19,2865038982
15035,129676180,24933116,154609296,0,0,0,15360,19,5121237532
15036,129678620,25170688,154849308,2,0,0,4096,3,5511945563
15037,129692550,47419721,177112271,4,0,1,5632,9,10675482150
15038,129708580,25499657,155208237,3,0,0,3072,5,7370382987
15039,129714170,25603838,155318008,9,0,0,15872,1,620565120
15040,129732790,47380114,177112904,7,0,1,3072,1,6412006946
15041,129740500,26047577,155788077,0,0,0,90112,19,5816220981
15042,129741630,47372900,177114530,3,0,1,2560,5,4258789787
15043,129746830,25644868,155391698,5,0,0,14336,9,1002089553
15044,129748380,47368096,177116476,4,0,1,3072,9,495504051
15045,129756170,26043600,155799770,4,0,0,20480,9,1005002268
15046,129759430,26087797,155847227,5,0,0,2560,9,10597238967
15047,129785030,25719417,155504447,7,0,0,54272,1,9910269593
15048,129792080,25968518,155760598,4,0,0,30208,9,1104713269
15049,129792240,26111001,155903241,0,0,0,72192,19,5163082514
15050,129799290,47330492,177129782,7,0,1,15360,1,4838532083
15051,129818690,47343284,177161974,9,0,1,2048,1,4440141591
15052,129828810,25795426,155624236,6,0,0,186368,2,10395847978
15053,129839080,25066113,154905193,9,0,0,23552,1,2174879000
15054,129845510,47342262,177187772,9,0,1,4608,1,6085612089
15055,129851660,47647300,177498960,2,0,1,79872,3,769972620
15056,129861520,25873425,155734945,3,0,0,171008,5,1626486828
15057,129866610,25237435,155104045,2,0,0,28672,3,942185508
15058,129872560,26034159,155906719,9,0,0,2048,1,812443559
15059,129874660,25778505,155653165,3,0,0,29696,5,6958517635
15060,129883080,26187430,156070510,7,0,0,65024,1,7021454954
15061,129886890,47613376,177500266,8,0,1,2048,14,8205749482
15062,129889290,26027904,155917194,9,0,0,34304,1,5933997014
15063,129899830,25779221,155679051,2,0,0,53760,3,7063671190
15064,129900060,26149002,156049062,4,0,0,70144,9,4403975178
15065,129906220,26508973,156415193,5,0,0,65024,9,10206278191
15066,129913040,25749600,155662640,6,0,0,8192,2,4600633334
15067,129913700,47609531,177523231,1,0,1,1024,13,10533307724
15068,129916029,25530396,155446425,1,0,0,5120,13,7811304023
15069,129921490,26407660,156329150,2,0,0,65024,3,10460073349
15070,129923490,26082580,156006070,9,0,0,54272,1,10406515130
15071,129926560,26310688,156237248,7,0,0,45568,1,5289323214
15072,129927610,26207635,156135245,4,0,0,36864,9,3809822227
15073,129931680,25819691,155751371,2,0,0,23552,3,4867588348
15074,129932280,47591617,177523897,0,0,1,11264,19,2092823599
15075,129933820,26160806,156094626,5,0,0,26624,9,10129726883
15076,129943030,47582173,177525203,8,0,1,2048,14,1051650518
15077,129945430,26258741,156204171,5,0,0,76800,9,9469001137
15078,129947660,25238816,155186476,5,0,0,5632,9,7272656239
15079,129947680,47587604,177535284,5,0,1,14848,9,10521585908
15080,129951380,26211634,156163014,6,0,0,66048,2,524809827
15081,129959150,47649221,177608371,4,0,1,15872,9,7629091032
15082,129974470,47679546,177654016,7,0,1,10240,1,986418955
15083,129976130,47700901,177677031,7,0,1,512,1,3796301385
15084,129982650,48884898,178867548,2,0,1,408064,3,1691686356
15085,129991009,26258633,156249642,1,0,0,40448,13,1232592035
15086,130001170,25367835,155369005,0,0,0,4608,19,4068571332
15087,130022040,26157845,156179885,5,0,0,55296,9,7143906922
15088,130022440,26416315,156438755,2,0,0,5120,3,4235334423
15089,130030070,26245795,156275865,9,0,0,28672,1,3273018087
15090,130050320,25606479,155656799,3,0,0,9216,5,10416149887
15091,130057150,25757619,155814769,7,0,0,49152,1,812494190
15092,130058139,48811784,178869923,1,0,1,1024,13,6969078906
15093,130060370,25872938,155933308,9,0,0,50176,1,8759995360
15094,130072930,25671242,155744172,7,0,0,30208,1,5517860405
15095,130096840,48773851,178870691,3,0,1,11776,5,9734191413
15096,130100830,25559291,155660121,6,0,0,10240,2,1692841218
15097,130102510,25385378,155487888,2,0,0,5120,3,3320171500
15098,130113270,26398988,156512258,5,0,0,512,9,1902513350
15099,130115860,25765362,155881222,4,0,0,75264,9,797903843
15100,130137860,26327766,156465626,2,0,0,12800,3,5297734355
15101,130140640,48837044,178977684,6,0,1,11264,2,8779016076
15102,130141140,25412382,155553522,0,0,0,7680,19,4834178787
15103,130145510,25700914,155846424,6,0,0,11776,2,2897905589
15104,130147320,25688138,155835458,4,0,0,31744,9,6612592457
15105,130148210,25481353,155629563,7,0,0,17408,1,145748978
15106,130152290,26325371,156477661,3,0,0,39424,5,7147465985
15107,130161940,26598833,156760773,6,0,0,19456,2,4669394951
15108,130171730,25911127,156082857,2,0,0,40448,3,4776569158
15109,130191680,25666587,155858267,4,0,0,17920,9,4686534274
15110,130196609,48781098,178977707,1,0,1,6144,13,1191814685
15111,130198070,48779660,178977730,5,0,1,10752,9,4023806625
15112,130216630,25899670,156116300,5,0,0,22528,9,540190778
15113,130226150,25679922,155906072,5,0,0,9216,9,3674403770
15114,130228270,25707885,155936155,2,0,0,9216,3,5498127017
15115,130243790,48733963,178977753,0,0,1,6656,19,9625136229
15116,130247130,26569335,156816465,5,0,0,44544,9,4202644508
15117,130250330,25406648,155656978,4,0,0,512,9,6939110759
15118,130256420,25767012,156023432,2,0,0,56832,3,6603814313
15119,130262720,48715056,178977776,6,0,1,2560,2,4180685767
15120,130269650,25687170,155956820,9,0,0,14848,1,2426706619
15121,130288660,25965872,156254532,4,0,0,13312,9,7622406531
15122,130294641,25910957,156205598,8,0,0,4608,14,8319245212
15123,130311700,25606297,155917997,9,0,0,2560,1,107405165
15124,130327070,26612980,156940050,2,0,0,2560,3,954462737
15125,130327970,26737113,157065083,9,0,0,31744,1,1943961085
15126,130337340,48712460,179049800,8,0,1,19968,14,8956089916
15127,130337700,25631318,155969018,2,0,0,21504,3,6894565104
15128,130349300,25621145,155970445,2,0,0,4608,3,1320925073
15129,130349420,25959895,156309315,3,0,0,28160,5,9503437728
15130,130353650,26108053,156461703,5,0,0,27136,9,7403777331
15131,130363140,25887305,156250445,0,0,0,2560,19,3964160699
15132,130376230,26252603,156628833,7,0,0,1536,1,3979703757
15133,130386650,25698726,156085376,7,0,0,8192,1,5825452352
15134,130389039,25990950,156379989,1,0,0,28160,13,8260527917
15135,130389780,25833469,156223249,4,0,0,57856,9,9628261108
15136,130393250,48656573,179049823,8,0,1,1536,14,9940674362
15137,130394910,26290342,156685252,0,0,0,25600,19,8268280354
15138,130395309,26178546,156573855,1,0,0,7168,13,5054197045
15139,130395400,25728590,156123990,3,0,0,8704,5,6576063170
15140,130403939,25682552,156086491,1,0,0,3584,13,6100930180
15141,130412400,48645893,179058293,1,0,1,3072,13,10269760188
15142,130424940,48633376,179058316,4,0,1,10752,9,3986343931
15143,130427609,48652281,179079890,1,0,1,8192,13,1665165699
15144,130438650,25929591,156368241,2,0,0,8704,3,1429077675
15145,130438980,25588687,156027667,7,0,0,13824,1,2142011972
15146,130445980,25675335,156121315,6,0,0,16384,2,335207155
15147,130459370,48650536,179109906,4,0,1,10752,9,4217790797
15148,130472190,48637739,179109929,4,0,1,10240,9,6840909850
15149,130475620,48732185,179207805,6,0,1,47104,2,6445049675
15150,130487180,25693196,156180376,2,0,0,1536,3,7951285886
15151,130498610,25839478,156338088,9,0,0,5120,1,2204074417
15152,130506470,26201455,156707925,0,0,0,9216,19,8645793610
15153,130510130,25771003,156281133,2,0,0,5632,3,5197982971
15154,130511060,48697411,179208471,3,0,1,1024,5,9380885756
15155,130539439,26280949,156820388,1,0,0,12800,13,2090294324
15156,130546669,26235110,156781779,1,0,0,18432,13,8855423177
15157,130557999,25578751,156136750,1,0,0,512,13,9633235962
15158,130559270,26721778,157281048,4,0,0,34816,9,7124690154
15159,130559640,48671088,179230728,6,0,1,13312,2,1417979030
15160,130564610,26001339,156565949,0,0,0,33280,19,3948431893
15161,130572839,25763666,156336505,1,0,0,24064,13,10640103315
15162,130581720,25758115,156339835,6,0,0,5632,2,442596799
15163,130585850,48650825,179236675,9,0,1,11776,1,3070379187
15164,130589719,48727607,179317326,1,0,1,19968,13,88304033
15165,130605550,48715322,179320872,4,0,1,5632,9,8026877179
15166,130619770,26040882,156660652,5,0,0,2560,9,10259692698
15167,130630829,26326212,156957041,1,0,0,47104,13,6385838608
15168,130635480,26353096,156988576,9,0,0,103424,1,4852236948
15169,130636840,49349146,179985986,2,0,1,288256,3,2171062939
15170,130657000,26481719,157138719,6,0,0,90112,2,6576994177
15171,130657630,25823486,156481116,5,0,0,11264,9,9569476687
15172,130662700,49376811,180039511,7,0,1,3584,1,941182906
15173,130670780,26132090,156802870,7,0,0,42496,1,7181823299
15174,130672190,25839889,156512079,7,0,0,37888,1,2303806411
15175,130673030,26196714,156869744,2,0,0,60928,3,6421474944
15176,130683370,49356487,180039857,5,0,1,512,9,7228460054
15177,130694200,25877448,156571648,0,0,0,7168,19,5798187367
15178,130697110,26388960,157086070,2,0,0,46592,3,7814953821
15179,130699900,49341903,180041803,5,0,1,3072,9,5240348281
15180,130703080,25750332,156453412,0,0,0,38912,19,2478026658
15181,130709280,26623674,157332954,5,0,0,70144,9,2097591769
15182,130717480,49330393,180047873,3,0,1,6144,5,3113262341
15183,130726940,26212307,156939247,5,0,0,56832,9,8100007182
15184,130741930,25917919,156659849,5,0,0,13824,9,3656589179
15185,130759859,25781776,156541635,1,0,0,15360,13,6229748475
15186,130765380,26579553,157344933,3,0,0,17408,5,8223864310
15187,130774700,26123083,156897783,5,0,0,3072,9,7951332687
15188,130779609,25876005,156655614,1,0,0,14336,13,5809984382
15189,130780080,26114202,156894282,0,0,0,29184,19,10506511914
15190,130782540,26222328,157004868,6,0,0,17920,2,6059276936
15191,130786360,25968462,156754822,7,0,0,15872,1,9856271697
15192,130793080,26451996,157245076,9,0,0,99840,1,6998217592
15193,130799270,26920440,157719710,9,0,0,50176,1,3018040297
15194,130799720,49250135,180049855,8,0,1,6656,14,9380710146
15195,130799930,25905164,156705094,9,0,0,25600,1,7734115168
15196,130801460,26224528,157025988,4,0,0,24064,9,8674985303
15197,130808140,25952812,156760952,7,0,0,512,1,7639011841
15198,130818880,49236364,180055244,4,0,1,17408,9,258867993
15199,130830300,26241046,157071346,3,0,0,20480,5,2622611246
15200,130836730,49233064,180069794,0,0,1,512,19,9458411282
15201,130838890,26429453,157268343,4,0,0,76288,9,3731846736
15202,130848000,26241525,157089525,5,0,0,11264,9,5490413332
15203,130851630,25882240,156733870,2,0,0,2560,3,4826145357
15204,130862660,26248572,157111232,7,0,0,71168,1,1189618033
15205,130870190,25778215,156648405,2,0,0,11776,3,6634428162
15206,130880170,26005197,156885367,7,0,0,51200,1,8538941048
15207,130881320,26290873,157172193,5,0,0,9216,9,2424376175
15208,130889830,26301296,157191126,2,0,0,46592,3,5840307043
15209,130913320,26384044,157297364,9,0,0,53248,1,10463001409
15210,130942260,25908897,156851157,5,0,0,29696,9,10620242142
15211,130945750,49124067,180069817,4,0,1,5120,9,6877187075
15212,130947310,26193639,157140949,9,0,0,5120,1,6566142337
15213,130951820,49125820,180077640,3,0,1,7168,5,9690869559
15214,130958830,25937347,156896177,6,0,0,6144,2,2671667697
15215,130964129,49115137,180079266,1,0,1,2560,13,1952184014
15216,130968560,49111052,180079612,6,0,1,512,2,7441339496
15217,130980000,26290417,157270417,0,0,0,512,19,6770416282
15218,130987650,26282588,157270238,3,0,0,6144,5,6587499651
15219,130991069,26384651,157375720,1,0,0,37376,13,3924045254
15220,130996220,49084365,180080585,8,0,1,12800,14,484539995
15221,130996420,49177373,180173793,9,0,1,23040,1,7625059706
15222,131013620,26414810,157428430,5,0,0,68096,9,1791961297
15223,131032790,25864034,156896824,5,0,0,2048,9,8176814224
15224,131035410,49138406,180173816,7,0,1,4608,1,7087865682
15225,131041380,49159544,180200924,6,0,1,11776,2,8223044675
15226,131043560,49209228,180252788,2,0,1,36352,3,5739500191
15227,131043990,26095376,157139366,4,0,0,2048,9,3907402927
15228,131050780,26471064,157521844,7,0,0,36352,1,7982031776
15229,131052149,26259370,157311519,1,0,0,46080,13,3353505714
15230,131059740,26319221,157378961,3,0,0,3072,5,8239910056
15231,131064740,49188071,180252811,4,0,1,15872,9,9631956271
15232,131073470,26837621,157911091,6,0,0,22528,2,1525881020
15233,131085179,26254427,157339606,1,0,0,21504,13,3769052267
15234,131096430,26279694,157376124,7,0,0,1024,1,8151626035
15235,131096810,49245515,180342325,4,0,1,5120,9,8300062481
15236,131104750,26332774,157437524,9,0,0,8704,1,8397243025
15237,131104780,26342971,157447751,9,0,0,4608,1,10490823171
15238,131109140,26329499,157438639,6,0,0,3584,2,8958812614
15239,131118370,49240024,180358394,6,0,1,4096,2,6337766390
15240,131118560,49239857,180358417,1,0,1,9216,13,3739407742
15241,131123490,49282435,180405925,2,0,1,9216,3,2381227717
15242,131123770,26071435,157195205,7,0,0,13312,1,5413660252
15243,131131870,50082675,181214545,2,0,1,344064,3,9704040321
15244,131144280,26387228,157531508,5,0,0,27648,9,98247289
15245,131145660,26806019,157951679,5,0,0,15872,9,6859034578
15246,131166010,26180046,157346056,4,0,0,3584,9,5115420089
15247,131184070,26326675,157510745,2,0,0,33792,3,8216062215
15248,131185540,50029074,181214614,5,0,1,11776,9,2970847087
15249,131189720,26366859,157556579,9,0,0,6656,1,2755191307
15250,131194820,26450044,157644864,9,0,0,5632,1,2082793498
15251,131197830,50020650,181218480,4,0,1,6144,9,4832201628
15252,131199410,50019429,181218839,0,0,1,9728,19,10058458722
15253,131204970,26712731,157917701,3,0,0,6656,5,7823537062
15254,131206580,50020247,181226827,8,0,1,2560,14,10103029488
15255,131207739,26331836,157539575,1,0,0,16384,13,9034609380
15256,131210140,26224709,157434849,6,0,0,20992,2,7648614116
15257,131211910,26546955,157758865,4,0,0,60416,9,3109808773
15258,131214639,26441695,157656334,1,0,0,2048,13,6640124831
15259,131218770,26267332,157486102,6,0,0,17920,2,8499743811
15260,131229660,26626171,157855831,7,0,0,31232,1,6122465844
15261,131240160,49988933,181229093,6,0,1,3584,2,239963206
15262,131244921,26357221,157602142,4,0,0,18432,9,9465608814
15263,131245120,49988799,181233919,2,0,1,7680,3,10676390970
15264,131251340,50000634,181251974,1,0,1,2560,13,443560170
15265,131256330,50011085,181267415,7,0,1,18432,1,5716546054
15266,131270330,26215951,157486281,7,0,0,512,1,4835200937
15267,131274660,50000750,181275410,6,0,1,4608,2,2675893387
15268,131279650,26659374,157939024,5,0,0,8192,9,7595334236
15269,131282240,26454825,157737065,2,0,0,30720,3,10451563461
15270,131282340,26416264,157698604,0,0,0,11264,19,3143064688
15271,131288150,49987650,181275800,4,0,1,6144,9,7313075925
15272,131288230,26615974,157904204,3,0,0,94720,5,10379162108
15273,131294199,49981947,181276146,1,0,1,512,13,5070387081
15274,131302320,26611602,157913922,7,0,0,9216,1,8514536053
15275,131316580,26387819,157704399,9,0,0,18944,1,4200512355
15276,131320270,26445505,157765775,3,0,0,17920,5,2217105376
15277,131322881,26952559,158275440,8,0,0,6656,14,7712809873
15278,131325220,49971656,181296876,5,0,1,31232,9,7522117654
15279,131359390,26940920,158300310,9,0,0,6144,1,8760480973
15280,131362380,26945756,158308136,7,0,0,24576,1,2410624917
15281,131362710,26837796,158200506,6,0,0,18944,2,893612188
15282,131363659,49969717,181333376,1,0,1,25600,13,10534931910
15283,131369820,26657522,158027342,5,0,0,44032,9,244743500
15284,131369919,26281675,157651594,1,0,0,6656,13,6887988630
15285,131372550,26178958,157551508,4,0,0,4608,9,10132246125
15286,131384870,27045085,158429955,9,0,0,27136,1,6836945750
15287,131385710,49958929,181344639,1,0,1,4608,13,2356782242
15288,131391290,26333013,157724303,5,0,0,9216,9,8184606621
15289,131394340,26849230,158243570,7,0,0,20480,1,9329105558
15290,131400060,26280831,157680891,7,0,0,23040,1,9901913025
15291,131403460,49943706,181347166,2,0,1,512,3,5346073583
15292,131407850,26265998,157673848,3,0,0,5632,5,5326178422
15293,131411730,26738834,158150564,2,0,0,44032,3,2035156573
15294,131419090,26812144,158231234,7,0,0,10240,1,7206571147
15295,131423840,26406369,157830209,5,0,0,11264,9,9205433113
15296,131441639,26318653,157760292,1,0,0,4608,13,6587696258
15297,131446700,49900812,181347512,0,0,1,512,19,2153713398
15298,131452660,49896337,181348997,7,0,1,15360,1,1566645192
15299,131453440,27029366,158482806,2,0,0,10240,3,633545874
15300,131463450,26199070,157662520,0,0,0,13824,19,2933761380
15301,131468810,26252662,157721472,2,0,0,3584,3,3336868997
15302,131476760,49896322,181373082,9,0,1,4096,1,9072103320
15303,131502579,26870511,158373090,1,0,0,23552,13,6987364227
15304,131514690,26758372,158273062,2,0,0,5632,3,5016054617
15305,131517240,26583884,158101124,4,0,0,48128,9,4377227810
15306,131520109,27140928,158661037,1,0,0,512,13,4039866033
15307,131525671,26698017,158223688,8,0,0,31232,14,7551341145
15308,131537739,26376830,157914569,1,0,0,2048,13,4577881210
15309,131542240,49833428,181375668,1,0,1,4096,13,4867769222
15310,131564050,26471271,158035321,6,0,0,26112,2,10265126652
15311,131568210,26494389,158062599,0,0,0,1536,19,2240138553
15312,131595120,49780804,181375924,6,0,1,9216,2,5462463942
15313,131607840,27078023,158685863,9,0,0,29696,1,6126242735
15314,131630570,26977757,158608327,3,0,0,88576,5,9639629080
15315,131636380,26649532,158285912,9,0,0,2048,1,10278823564
15316,131640620,26079737,157720357,9,0,0,2048,1,1524977907
15317,131643860,26562753,158206613,0,0,0,19968,19,1348006954
15318,131646560,26815867,158462427,7,0,0,73216,1,8971138297
15319,131647910,49752304,181400214,7,0,1,512,1,4555681573
15320,131648370,26817200,158465570,5,0,0,10240,9,5368980593
15321,131657750,26832560,158490310,7,0,0,4096,1,2994499016
15322,131657800,27033234,158691034,0,0,0,16896,19,7253934208
15323,131658069,26497221,158155290,1,0,0,5632,13,7344573406
15324,131667470,26269035,157936505,4,0,0,53248,9,9739761081
15325,131669080,26797293,158466373,5,0,0,2560,9,9939938661
15326,131682750,49717487,181400237,3,0,1,2560,5,1930839644
15327,131701900,49698360,181400260,0,0,1,5632,19,6086580794
15328,131713030,49689320,181402350,5,0,1,3072,9,4846766565
15329,131725330,26660107,158385437,2,0,0,40448,3,8875615480
15330,131725710,26132663,157858373,3,0,0,8192,5,7734891262
15331,131739490,49666226,181405716,4,0,1,6656,9,8673072372
15332,131741460,26539619,158281079,6,0,0,18432,2,8209204090
15333,131754299,26399252,158153551,1,0,0,9728,13,7683607387
15334,131780750,26514153,158294903,5,0,0,3584,9,3101480239
15335,131784510,49623792,181408302,6,0,1,4096,2,2934140527
15336,131794129,26866729,158660858,1,0,0,78336,13,10207072103
15337,131794360,26369708,158164068,7,0,0,28672,1,5051416546
15338,131812541,26971779,158784320,8,0,0,47104,14,4770827913
15339,131835780,26427466,158263246,2,0,0,8704,3,6117376874
15340,131842089,26271413,158113502,1,0,0,13824,13,7502037214
15341,131845680,26448108,158293788,7,0,0,21504,1,9471684019
15342,131873259,49537629,181410888,1,0,1,4096,13,8231608797
15343,131874379,26065760,157940139,1,0,0,3584,13,4225875151
15344,131887480,26858027,158745507,3,0,0,57344,5,162996802
15345,131895080,26978079,158873159,0,0,0,18944,19,6958827414
15346,131898010,26939903,158837913,2,0,0,36864,3,1532250770
15347,131903509,26267290,158170799,1,0,0,22016,13,5817407522
15348,131905570,27155797,159061367,7,0,0,68608,1,6264805132
15349,131911560,26315739,158227299,9,0,0,11776,1,7155707337
15350,131929730,26600764,158530494,2,0,0,13312,3,4263288341
15351,131938130,49481934,181420064,2,0,1,15872,3,10054108879
15352,131939390,26855642,158795032,4,0,0,9216,9,8281952350
15353,131940520,26396064,158336584,0,0,0,14336,19,7467026462
15354,131953350,26627920,158581270,5,0,0,107520,9,5248879924
15355,131958719,49519912,181478631,1,0,1,10240,13,3875886610
15356,131958730,49520247,181478977,0,0,1,512,19,4220602215
15357,131961570,27000353,158961923,2,0,0,14336,3,2567027813
15358,131971820,49542210,181514030,0,0,1,17408,19,9246483602
15359,131979210,26657757,158636967,5,0,0,77824,9,6094624737
15360,132000859,26820230,158821089,1,0,0,52224,13,2176009789
15361,132002520,26661824,158664344,7,0,0,10752,1,5323442727
15362,132003580,27014304,159017884,7,0,0,22528,1,1399563125
15363,132005740,26511862,158517602,9,0,0,15360,1,3694820858
15364,132008510,27179570,159188080,4,0,0,180736,9,1096333230
15365,132033250,26360001,158393251,3,0,0,5632,5,2810050388
15366,132040880,49595593,181636473,8,0,1,3072,14,5922342283
15367,132041160,26430090,158471250,3,0,0,2560,5,240607930
15368,132048100,26290223,158338323,0,0,0,5632,19,9873868610
15369,132049670,49591988,181641658,9,0,1,16384,1,7062900442
15370,132051330,49770185,181821515,4,0,1,7168,9,4485711764
15371,132058210,27056580,159114790,5,0,0,11776,9,7571193450
15372,132074620,49748125,181822745,3,0,1,11776,5,8227038407
15373,132087520,49790307,181877827,2,0,1,4608,3,9494275963
15374,132125360,26782315,158907675,4,0,0,68096,9,9330491660
15375,132132310,27067360,159199670,6,0,0,5120,2,5036240501
15376,132136230,49741620,181877850,7,0,1,5632,1,7965294940
15377,132155390,26776201,158931591,0,0,0,25600,19,9721513570
15378,132169550,49708323,181877873,9,0,1,11264,1,1731452783
15379,132171890,26530750,158702640,0,0,0,15360,19,10574288906
15380,132176090,26687752,158863842,4,0,0,24064,9,8443244323
15381,132195040,26418146,158613186,2,0,0,15872,3,6793130557
15382,132204430,49721302,181925732,8,0,1,3584,14,6310954798
15383,132208510,49783970,181992480,8,0,1,3584,14,9373264414
15384,132210570,49813352,182023922,0,0,1,20992,19,958330773
15385,132221670,26998162,159219832,6,0,0,23552,2,10638254493
15386,132241360,26716172,158957532,3,0,0,48128,5,2491368968
15387,132249670,27017155,159266825,6,0,0,10752,2,1686336690
15388,132252430,26784087,159036517,2,0,0,32768,3,9792559344
15389,132267100,26732929,159000029,3,0,0,11264,5,728341835
15390,132276020,49918711,182194731,6,0,1,36864,2,10087406293
15391,132282870,27004704,159287574,6,0,0,2048,2,4130853467
15392,132294510,27044356,159338866,4,0,0,28672,9,279617801
15393,132301780,26638149,158939929,7,0,0,15360,1,8282897883
15394,132304120,26982807,159286927,7,0,0,18944,1,8099731291
15395,132312860,26597178,158910038,4,0,0,7680,9,5318209845
15396,132317110,26679464,158996574,4,0,0,13824,9,9017637643
15397,132330610,26416480,158747090,4,0,0,5120,9,2256921342
15398,132331090,50125276,182456366,7,0,1,39424,1,7760220474
15399,132331430,50137306,182468736,9,0,1,5120,1,849121283
15400,132335130,27076515,159411645,5,0,0,56832,9,1600493671
15401,132347530,50121229,182468759,5,0,1,5632,9,9986499783
15402,132355540,50480304,182835844,7,0,1,118272,1,9359897311
15403,132361710,26488394,158850104,9,0,0,39936,1,3340196550
15404,132369480,26564701,158934181,7,0,0,1536,1,7500587975
15405,132369850,26828237,159198087,4,0,0,32768,9,3970343454
15406,132372660,26689978,159062638,5,0,0,4096,9,3848020618
15407,132380820,26597586,158978406,3,0,0,4608,5,3918052137
15408,132383290,26876914,159260204,3,0,0,16384,5,2618185200
15409,132408690,50427177,182835867,3,0,1,1024,5,6067453874
15410,132413810,27058703,159472513,3,0,0,4608,5,7096705634
15411,132444399,27034513,159478912,1,0,0,13312,13,6904861771
15412,132458160,50377730,182835890,4,0,1,15872,9,6708559542
15413,132468830,27228797,159697627,2,0,0,17408,3,7496912457
15414,132470700,26552511,159023211,6,0,0,17408,2,3714441894
15415,132482060,26836625,159318685,2,0,0,11776,3,10028881628
15416,132487080,26553360,159040440,0,0,0,12800,19,6731059525
15417,132498060,50381953,182880013,5,0,1,512,9,6842840114
15418,132501850,26506005,159007855,2,0,0,15360,3,5756903104
15419,132522470,26683307,159205777,5,0,0,19968,9,9479066055
15420,132526940,26576476,159103416,3,0,0,25600,5,5820977390
15421,132529920,26864386,159394306,7,0,0,59392,1,6778199271
15422,132538500,27041996,159580496,3,0,0,30720,5,9048476322
15423,132541160,50338876,182880036,6,0,1,512,2,10147940653
15424,132556770,26706733,159263503,0,0,0,10752,19,1270708634
15425,132562400,26464110,159026510,7,0,0,10752,1,829622507
15426,132564260,27277047,159841307,4,0,0,27136,9,32566137
15427,132572110,26943951,159516061,9,0,0,21504,1,2407610702
15428,132582190,26908753,159490943,9,0,0,35328,1,749066917
15429,132584400,50295659,182880059,6,0,1,11776,2,9627710302
15430,132592100,26821622,159413722,5,0,0,3072,9,4851688096
15431,132592850,50325187,182918037,7,0,1,30208,1,5679218750
15432,132595820,26629495,159225315,4,0,0,17920,9,9785267242
15433,132599650,50445410,183045060,0,0,1,9216,19,6471753919
15434,132604270,50444895,183049165,5,0,1,10240,9,6545403962
15435,132605580,50459080,183064660,9,0,1,1024,1,7812845677
15436,132627340,27240137,159867477,2,0,0,34304,3,10119413097
15437,132644650,26718761,159363411,4,0,0,57856,9,6948622014
15438,132654880,26673610,159328490,2,0,0,27648,3,3877800419
15439,132660990,27156352,159817342,4,0,0,53248,9,481303689
15440,132673390,50391293,183064683,0,0,1,9216,19,8091435083
15441,132678520,26547286,159225806,6,0,0,1536,2,539965856
15442,132693870,26972451,159666321,6,0,0,23040,2,6594692390
15443,132697230,27011228,159708458,5,0,0,14336,9,1890579573
15444,132698880,27134067,159832947,6,0,0,6656,2,5834578997
15445,132702010,27038632,159740642,0,0,0,3584,19,1337649712
15446,132706081,27044146,159750227,8,0,0,10240,14,1442167882
15447,132710520,27051430,159761950,0,0,0,38400,19,1458568439
15448,132714810,27325771,160040581,9,0,0,17920,1,4674054758
15449,132716670,26821222,159537892,2,0,0,45568,3,10090108718
15450,132727180,27253407,159980587,3,0,0,18432,5,2344668984
15451,132729560,50335146,183064706,8,0,1,4096,14,2814877059
15452,132732600,26682075,159414675,0,0,0,2048,19,7622175535
15453,132741130,27059965,159801095,2,0,0,81408,3,34387535
15454,132762330,27524843,160287173,2,0,0,25600,3,3777018170
15455,132771990,27187296,159959286,5,0,0,11776,9,9360890186
15456,132772800,27182875,159955675,2,0,0,98304,3,6393623096
15457,132776590,26794523,159571113,7,0,0,10240,1,4982676762
15458,132789550,27230660,160020210,9,0,0,65536,1,6915450429
15459,132796640,27226401,160023041,0,0,0,9216,19,8431829585
15460,132803100,50261629,183064729,6,0,1,5120,2,9716683071
15461,132805660,26690453,159496113,0,0,0,1024,19,8631780380
15462,132816330,26602892,159419222,4,0,0,14848,9,6562967791
15463,132820870,26632000,159452870,4,0,0,5120,9,2412595944
15464,132825960,27426971,160252931,4,0,0,34304,9,293616715
15465,132833900,50244029,183077929,6,0,1,19968,2,1662450570
15466,132848071,27065531,159913602,8,0,0,14336,14,2549228680
15467,132857140,26835160,159692300,3,0,0,41472,5,8136256745
15468,132857730,27189814,160047544,0,0,0,4096,19,8289860930
15469,132865809,26965087,159830896,1,0,0,23040,13,4894270643
15470,132870079,26723388,159593467,1,0,0,42496,13,8269316538
15471,132880700,27094232,159974932,4,0,0,25088,9,2396223663
15472,132899591,26714175,159613766,8,0,0,6656,14,3576532969
15473,132900590,27286073,160186663,3,0,0,12288,5,7304239703
15474,132901990,27205626,160107616,9,0,0,39936,1,9919187507
15475,132914300,26548289,159462589,0,0,0,17408,19,3131406950
15476,132915030,26726702,159641732,2,0,0,1536,3,6664709604
15477,132921810,26676048,159597858,2,0,0,14336,3,4243184104
15478,132933570,27033695,159967265,3,0,0,26112,5,10313137132
15479,132944110,27451916,160396026,3,0,0,3584,5,2403750269
15480,132944170,27634950,160579120,5,0,0,8192,9,4159668794
15481,132947280,26755674,159702954,2,0,0,17408,3,2072726186
15482,132950750,50199390,183150140,4,0,1,24064,9,5665417094
15483,132955350,27044869,160000219,3,0,0,17920,5,10659815345
15484,132957889,27439096,160396985,1,0,0,3072,13,6887371653
15485,132989560,26749967,159739527,2,0,0,35328,3,3126305018
15486,132991870,50178625,183170495,0,0,1,22528,19,325835437
15487,133001350,50236860,183238210,6,0,1,1536,2,9679732002
15488,133003500,50252921,183256421,2,0,1,12288,3,6813682917
15489,133008969,27057234,160066203,1,0,0,37376,13,1696432052
15490,133015950,27240436,160256386,7,0,0,11264,1,7159642803
15491,133023230,27558877,160582107,0,0,0,9728,19,3033458031
15492,133024690,27348666,160373356,4,0,0,27648,9,8491662901
15493,133066150,27704760,160770910,7,0,0,13824,1,3805902150
15494,133069070,27172731,160241801,5,0,0,36352,9,4685417436
15495,133072710,27076274,160148984,0,0,0,36352,19,2773364694
15496,133073020,50229244,183302264,0,0,1,21504,19,2756643426
15497,133087380,27063811,160151191,4,0,0,7168,9,185264478
15498,133089239,50213048,183302287,1,0,1,5632,13,8910202978
15499,133096710,27133992,160230702,3,0,0,78336,5,6483184897
15500,133108419,27286492,160394911,1,0,0,23040,13,8440597351
15501,133122950,26793483,159916433,6,0,0,9216,2,42093008
15502,133129990,27198738,160328728,6,0,0,42496,2,1307726142
15503,133130750,27599820,160730570,5,0,0,24576,9,8369910627
15504,133131750,27428565,160560315,3,0,0,28160,5,5084366179
15505,133132370,27201155,160333525,2,0,0,4608,3,3889829019
15506,133134731,26689076,159823807,8,0,0,20992,14,1463451873
15507,133148860,27028596,160177456,3,0,0,3584,5,6068510857
15508,133152590,50332106,183484696,3,0,1,19968,5,2034870938
15509,133172909,27030580,160203489,1,0,0,52736,13,9880456387
15510,133191530,27263492,160455022,7,0,0,42496,1,9734051119
15511,133194580,26878354,160072934,2,0,0,22016,3,4332674226
15512,133207511,26847281,160054792,8,0,0,12288,14,4581608209
15513,133209290,27033158,160242448,6,0,0,2048,2,9289801445
15514,133212730,26992186,160204916,9,0,0,4608,1,6701488356
15515,133236180,50272141,183508321,9,0,1,3072,1,5092169032
15516,133248750,26872875,160121625,0,0,0,33280,19,2229810367
15517,133249640,26957171,160206811,2,0,0,6144,3,5523073828
15518,133259160,27588301,160847461,3,0,0,43008,5,1997909347
15519,133259949,50258456,183518405,1,0,1,17408,13,6207094533
15520,133260710,27214637,160475347,4,0,0,40448,9,9780393854
15521,133266730,27238608,160505338,3,0,0,61440,5,2465049410
15522,133270380,27082308,160352688,2,0,0,20992,3,10169059787
15523,133272250,27007100,160279350,7,0,0,13312,1,141908143
15524,133274840,27248658,160523498,0,0,0,39936,19,3453093829
15525,133275510,27626673,160902183,5,0,0,42496,9,7205385211
15526,133286970,27501942,160788912,6,0,0,43008,2,764031250
15527,133289160,27095829,160384989,0,0,0,26112,19,2159673066
15528,133296230,50222198,183518428,6,0,1,1024,2,126832921
15529,133312130,27218427,160530557,7,0,0,15872,1,2030850907
15530,133317030,50254983,183572013,7,0,1,20480,1,3577058149
15531,133338170,26967727,160305897,0,0,0,19456,19,9600797176
15532,133338490,27373595,160712085,4,0,0,115200,9,6388830281
15533,133347190,27399783,160746973,0,0,0,53760,19,7587867110
15534,133347989,27316314,160664303,1,0,0,65536,13,3483107111
15535,133354071,27222514,160576585,8,0,0,45568,14,8923792306
15536,133360771,27595113,160955884,8,0,0,52224,14,4197735963
15537,133379800,50304312,183684112,0,0,1,23040,19,3869419598
15538,133385710,50341704,183727414,9,0,1,2048,1,1624715627
15539,133406579,27413567,160820146,1,0,0,4608,13,10425110497
15540,133411610,27494675,160906285,4,0,0,3072,9,10058159950
15541,133413450,27526499,160939949,3,0,0,29184,5,661359891
15542,133423310,26989261,160412571,4,0,0,4608,9,5430296852
15543,133425430,50336606,183762036,7,0,1,38400,1,9597289571
15544,133429550,27365937,160795487,0,0,0,21504,19,6348014927
15545,133430760,27383836,160814596,5,0,0,38912,9,10586634327
15546,133436689,26950819,160387508,1,0,0,8192,13,7224706685
15547,133436900,27279888,160716788,6,0,0,15360,2,7125934870
15548,133445790,50399459,183845249,6,0,1,3072,2,5946973263
15549,133447980,27228982,160676962,6,0,0,41472,2,5549921174
15550,133453140,27452186,160905326,0,0,0,10240,19,8609572445
15551,133453400,27098312,160551712,2,0,0,30720,3,607489689
15552,133454289,27598611,161052900,1,0,0,24576,13,261832026
15553,133460700,27022737,160483437,0,0,0,9216,19,794313493
15554,133467510,27308267,160775777,5,0,0,15872,9,842266127
15555,133469810,27092868,160562678,6,0,0,7680,2,3278693311
15556,133483900,27621839,161105739,5,0,0,47616,9,8575305267
15557,133484281,27271295,160755576,8,0,0,28160,14,1040995227
15558,133486600,50358672,183845272,0,0,1,4608,19,453413756
15559,133487069,27396348,160883417,1,0,0,48640,13,2756319376
15560,133497160,27392052,160889212,2,0,0,18944,3,2482095891
15561,133539929,50308665,183848594,1,0,1,6144,13,10092353562
15562,133542160,27224515,160766675,6,0,0,36352,2,7903527644
15563,133543370,27179689,160723059,4,0,0,20480,9,7195400730
15564,133546650,27779165,161325815,5,0,0,11776,9,9490587192
15565,133557680,27533528,161091208,3,0,0,30720,5,9185087458
15566,133575920,27672750,161248670,3,0,0,48128,5,9215867948
15567,133576720,27468669,161045389,5,0,0,14848,9,9204138050
15568,133584940,27665945,161250885,0,0,0,7168,19,6455030094
15569,133586140,50262477,183848617,8,0,1,512,14,3842427704
15570,133593060,27267239,160860299,3,0,0,6656,5,3426830636
15571,133605910,27693841,161299751,0,0,0,22016,19,6273040153
15572,133621659,27932488,161554147,1,0,0,12800,13,9410890282
15573,133640840,27265624,160906464,5,0,0,512,9,4148403572
15574,133644860,50203780,183848640,0,0,1,4096,19,3931455877
15575,133649240,27865467,161514707,6,0,0,59904,2,489698362
15576,133654040,27148669,160802709,2,0,0,11776,3,881482012
15577,133658080,27141018,160799098,4,0,0,11776,9,6899528706
15578,133668570,27348339,161016909,3,0,0,46080,5,7084399775
15579,133682420,26914190,160596610,5,0,0,512,9,3398609583
15580,133686050,27591421,161277471,9,0,0,10240,1,8091733010
15581,133692610,27862184,161554794,3,0,0,2048,5,6301139815
15582,133696120,27306726,161002846,7,0,0,15360,1,7269293085
15583,133701410,50176031,183877441,0,0,1,10752,19,7561062083
15584,133701770,50226470,183928240,8,0,1,20992,14,9445161243
15585,133707090,27526893,161233983,6,0,0,2560,2,6743816256
15586,133717380,27140868,160858248,7,0,0,35328,1,5678660742
15587,133719089,27279054,160998143,1,0,0,17408,13,10454053940
15588,133731930,50242354,183974284,5,0,1,4608,9,4612496649
15589,133733690,50240617,183974307,8,0,1,10240,14,10198036344
15590,133744911,27727287,161472198,8,0,0,24064,14,817536991
15591,133766309,27853981,161620290,1,0,0,74752,13,2483593369
15592,133766630,50216978,183983608,2,0,1,4096,3,10171770443
15593,133771070,27870794,161641864,0,0,0,56832,19,6630142829
15594,133771080,27916155,161687235,7,0,0,25088,1,8641324098
15595,133771570,27599157,161370727,4,0,0,50176,9,8406561936
15596,133771980,50220566,183992546,5,0,1,3072,9,7654976368
15597,133773410,27459770,161233180,4,0,0,74752,9,8380059787
15598,133774139,27213014,160987153,1,0,0,10240,13,5341454189
15599,133775970,27498358,161274328,6,0,0,38400,2,9256160962
15600,133781220,50220108,184001328,6,0,1,19968,2,10414251374
15601,133788830,27379575,161168405,5,0,0,25600,9,2542594095
15602,133795769,50221319,184017088,1,0,1,4608,13,8741212790
15603,133799200,27611925,161411125,0,0,0,10240,19,7545115589
15604,133809190,50207921,184017111,8,0,1,512,14,6245551762
15605,133811420,27843415,161654835,5,0,0,42496,9,3814674224
15606,133811610,27937049,161748659,2,0,0,17408,3,7456516038
15607,133818050,27841644,161659694,7,0,0,15872,1,10379862282
15608,133819779,50197355,184017134,1,0,1,1024,13,1819151772
15609,133820660,27497743,161318403,7,0,0,24064,1,885520228
15610,133821060,27360776,161181836,3,0,0,6656,5,9281632092
15611,133825540,50222877,184048417,6,0,1,16896,2,8997788136
15612,133830169,27720055,161550224,1,0,0,76288,13,5545009336
15613,133846200,50237076,184083276,4,0,1,6144,9,8460038275
15614,133853850,27825718,161679568,3,0,0,2048,5,9027120173
15615,133855340,27906903,161762243,9,0,0,20992,1,6558152561
15616,133858730,50226812,184085542,3,0,1,3584,5,9698930594
15617,133864230,50255717,184119947,7,0,1,2048,1,3928352386
15618,133865060,27483274,161348334,7,0,0,12800,1,4471824261
15619,133865400,28004379,161869779,7,0,0,12800,1,8176657438
15620,133867100,50252870,184119970,5,0,1,4096,9,7105308856
15621,133874880,50262052,184136932,6,0,1,5120,2,8274061462
15622,133892100,27552438,161444538,7,0,0,49664,1,6687248597
15623,133903690,50237828,184141518,5,0,1,2048,9,3245329999
15624,133904790,50236751,184141541,9,0,1,2560,1,1290798373
15625,133939890,27799652,161739542,3,0,0,30720,5,4116848462
15626,133939940,50203675,184143615,0,0,1,3072,19,8241544083
15627,133950890,27531934,161482824,5,0,0,17920,9,10162220073
15628,133951890,50191748,184143638,2,0,1,1024,3,914426901
15629,133951910,27471426,161423336,6,0,0,10240,2,486293511
15630,133965610,50205062,184170672,3,0,1,2048,5,4816572508
15631,133970980,27552174,161523154,6,0,0,27648,2,4311342079
15632,133972750,27651775,161624525,4,0,0,13824,9,6737173938
15633,133973770,50196933,184170703,6,0,1,3584,2,8254322914
15634,133975670,27712992,161688662,7,0,0,4608,1,1942290354
15635,133983010,50187716,184170726,3,0,1,2048,5,1966398453
15636,134006710,27438209,161444919,5,0,0,1024,9,5054873346
15637,134013660,50158516,184172176,0,0,1,20480,19,5893017654
15638,134017190,50597998,184615188,6,0,1,31232,2,1420779929
15639,134022030,27656891,161678921,9,0,0,56832,1,5651174343
15640,134055740,27686321,161742061,2,0,0,8192,3,767305308
15641,134056860,27698964,161755824,2,0,0,14336,3,5624316408
15642,134056910,28168049,162224959,5,0,0,15360,9,8104432303
15643,134058250,28364274,162422524,3,0,0,76288,5,1023532675
15644,134058959,27667321,161726280,1,0,0,2560,13,3251852947
15645,134070380,28413590,162483970,6,0,0,4608,2,821911198
15646,134071570,27710183,161781753,3,0,0,8192,5,1004215579
15647,134093830,28034200,162128030,7,0,0,54272,1,4053185429
15648,134098800,50641987,184740787,0,0,1,18432,19,10548464466
15649,134108499,27701626,161810125,1,0,0,19456,13,518655855
15650,134113140,50630233,184743373,7,0,1,4096,1,1953965668
15651,134118820,28054723,162173543,6,0,0,3072,2,2544798684
15652,134123360,27752994,161876354,9,0,0,21504,1,7342785516
15653,134135940,27880138,162016078,4,0,0,30208,9,1806081579
15654,134152990,27889124,162042114,2,0,0,68096,3,3985613256
15655,134163069,27654199,161817268,1,0,0,4608,13,9046774643
15656,134168630,27874599,162043229,3,0,0,3584,5,10253019014
15657,134171979,27932522,162104501,1,0,0,512,13,1224601173
15658,134193201,27732473,161925674,8,0,0,2048,14,1181721489
15659,134196990,28104561,162301551,0,0,0,22016,19,1423332632
15660,134198070,28157023,162355093,2,0,0,22016,3,7552250841
15661,134203530,27969054,162172584,9,0,0,107008,1,8588952731
15662,134206860,28079272,162286132,3,0,0,26624,5,4602521284
15663,134210439,27592225,161802664,1,0,0,2048,13,9942668897
15664,134215640,28062311,162277951,0,0,0,36352,19,720542043
15665,134235989,27713985,161949974,1,0,0,61952,13,3178588299
15666,134240821,27976448,162217269,8,0,0,121344,14,5635162343
15667,134247680,27972576,162220256,9,0,0,9728,1,2350064201
15668,134253860,27813966,162067826,7,0,0,23040,1,7013992328
15669,134255640,27980106,162235746,3,0,0,35328,5,4050294317
15670,134263180,28001309,162264489,7,0,0,94208,1,6256776402
15671,134272890,27827318,162100208,2,0,0,4096,3,10561208459
15672,134273360,27906914,162180274,0,0,0,22016,19,5507261054
15673,134276760,27852229,162128989,2,0,0,3072,3,4702018981
15674,134277850,50467789,184745639,8,0,1,3584,14,10211648108
15675,134278340,50491274,184769614,5,0,1,3584,9,9384414409
15676,134279700,28029946,162309646,9,0,0,17408,1,10705691481
15677,134286200,27980652,162266852,5,0,0,7680,9,7389344651
15678,134296400,28078478,162374878,4,0,0,29184,9,3170175553
15679,134296720,50478886,184775606,0,0,1,5120,19,563379286
15680,134298921,27995822,162294743,8,0,0,28160,14,104839185
15681,134300900,28037405,162338305,3,0,0,12288,5,9660493297
15682,134302230,28241729,162543959,3,0,0,13312,5,7341743543
15683,134304030,50471599,184775629,6,0,1,13312,2,3554917027
15684,134304090,28234207,162538297,4,0,0,96768,9,1822739566
15685,134306880,28454436,162761316,3,0,0,17920,5,438539500
15686,134313970,28329960,162643930,9,0,0,59392,1,10731259323
15687,134323711,28157713,162481424,8,0,0,38400,14,6096166390
15688,134328020,28001976,162329996,0,0,0,512,19,8712149729
15689,134329351,28576073,162905424,8,0,0,45056,14,906186937
15690,134332420,28211726,162544146,5,0,0,512,9,10213465163
15691,134348620,50537131,184885751,9,0,1,512,1,10694110781
15692,134367640,50542181,184909821,4,0,1,12288,9,10079137158
15693,134370930,28168950,162539880,2,0,0,5120,3,10565515959
15694,134376650,28237698,162614348,5,0,0,3584,9,2391701035
15695,134379720,50530869,184910589,6,0,1,11776,2,6801427425
15696,134401640,28143465,162545105,3,0,0,3072,5,9998857571
15697,134403070,28283653,162686723,5,0,0,76800,9,9879068177
15698,134413480,28328746,162742226,5,0,0,13824,9,284771642
15699,134414281,28915693,163329974,8,0,0,90624,14,6802976538
15700,134414730,50526702,184941432,7,0,1,5632,1,7521718154
15701,134414940,50527478,184942418,7,0,1,1536,1,4541710798
15702,134435560,28261973,162697533,3,0,0,35328,5,8220232521
15703,134443960,28467259,162911219,2,0,0,18944,3,4160071051
15704,134446900,50498424,184945324,2,0,1,4608,3,473206206
15705,134448960,28349495,162798455,9,0,0,25088,1,2497296504
15706,134453851,28493427,162947278,8,0,0,118272,14,2151881472
15707,134458880,28123340,162582220,4,0,0,18432,9,3167908004
15708,134462340,50559726,185022066,6,0,1,23552,2,1827800270
15709,134464700,50592301,185057001,8,0,1,16384,14,1762244922
15710,134465230,28252776,162718006,0,0,0,35328,19,7510414814
15711,134468090,28592525,163060615,9,0,0,103424,1,4820246049
15712,134472871,28306954,162779825,8,0,0,8192,14,6798341812
15713,134492860,29007431,163500291,0,0,0,44544,19,7824688024
15714,134494400,28458525,162952925,4,0,0,18432,9,4933242626
15715,134500419,28485895,162986314,1,0,0,70656,13,2623399657
15716,134510920,28636011,163146931,5,0,0,23040,9,2840456559
15717,134515059,28500455,163015514,1,0,0,7168,13,7075725979
15718,134553990,50561935,185115925,4,0,1,31744,9,6056192810
15719,134568440,28175681,162744121,0,0,0,6144,19,717785735
15720,134568690,28504750,163073440,9,0,0,12800,1,4163293777
15721,134572200,28216192,162788392,5,0,0,3072,9,1134644717
15722,134574010,28608823,163182833,3,0,0,2560,5,7647372319
15723,134575000,28617574,163192574,6,0,0,25600,2,10526554284
15724,134584110,50536321,185120431,3,0,1,7168,5,5979027780
15725,134597650,28290158,162887808,5,0,0,22528,9,1389480875
15726,134631810,28730246,163362056,4,0,0,13312,9,10710939814
15727,134632420,28549564,163181984,9,0,0,50176,1,8745812985
15728,134634170,28887271,163521441,0,0,0,27136,19,3964961213
15729,134637720,28629086,163266806,9,0,0,49664,1,3380028525
15730,134651931,28417540,163069471,8,0,0,26624,14,953454977
15731,134652890,28486998,163139888,7,0,0,18432,1,5347100689
15732,134660119,28500309,163160428,1,0,0,19456,13,9290305760
15733,134672000,28573175,163245175,4,0,0,3072,9,6724688858
15734,134676011,28566051,163242062,8,0,0,14336,14,9242306861
15735,134694000,50426687,185120687,3,0,1,9216,5,606829793
15736,134694050,28260458,162954508,4,0,0,5120,9,1287926503
15737,134694550,28469400,163163950,9,0,0,6144,1,6710765126
15738,134699820,50454346,185154166,5,0,1,4096,9,6344772600
15739,134703841,28517365,163221206,8,0,0,21504,14,7920991025
15740,134727500,50429208,185156708,6,0,1,2560,2,940801134
15741,134729449,50427282,185156731,1,0,1,1024,13,1576679123
15742,134730290,50476309,185206599,8,0,1,10752,14,9521696969
15743,134731030,50475592,185206622,8,0,1,3584,14,9972700882
15744,134738051,28703205,163441256,8,0,0,1536,14,10578259102
15745,134759879,50446766,185206645,1,0,1,1024,13,2801264734
15746,134759980,28464681,163224661,4,0,0,11264,9,1105798644
15747,134804630,28380121,163184751,3,0,0,6144,5,8759909969
15748,134807540,50399128,185206668,3,0,1,2560,5,3813639609
15749,134833710,50376280,185209990,4,0,1,2560,9,7748538832
15750,134838130,28597776,163435906,7,0,0,13824,1,5788567250
15751,134838300,28602465,163440765,9,0,0,15872,1,6965042568
15752,134843610,28623772,163467382,4,0,0,4096,9,9038068357
15753,134857110,50363066,185220176,8,0,1,10240,14,3043543351
15754,134857160,50379779,185236939,8,0,1,13824,14,459798964
15755,134857790,28707648,163565438,3,0,0,17408,5,9059052335
15756,134860680,28686729,163547409,9,0,0,44032,1,9326277879
15757,134865200,28412884,163278084,6,0,0,9216,2,4138850307
15758,134866460,28634946,163501406,5,0,0,3584,9,7582110231
15759,134868060,28598051,163466111,0,0,0,35840,19,7539876427
15760,134869780,50396027,185265807,2,0,1,2560,3,4986019621
15761,134871150,28459003,163330153,9,0,0,512,1,8612129634
15762,134876350,28683761,163560111,5,0,0,21504,9,5102281436
15763,134878660,50556964,185435624,6,0,1,5120,2,1709884424
15764,134887540,28895181,163782721,4,0,0,17920,9,9142267671
15765,134888729,28765498,163654227,1,0,0,68608,13,3936433228
15766,134890380,28770422,163660802,6,0,0,21504,2,9195645043
15767,134917330,28357923,163275253,9,0,0,27648,1,9041483754
15768,134942300,28663852,163606152,6,0,0,46592,2,5135540027
15769,135002570,28917453,163920023,3,0,0,41472,5,1006125818
15770,135004680,28363472,163368152,0,0,0,3072,19,8559847859
15771,135009820,28458053,163467873,4,0,0,1536,9,3703927959
15772,135019641,28572292,163591933,8,0,0,78336,14,5889935815
15773,135034579,28656198,163690777,1,0,0,98304,13,1585843863
15774,135039120,50575609,185614729,5,0,1,36352,9,1683080663
15775,135040960,50634274,185675234,9,0,1,1536,1,1771390947
15776,135062751,28733171,163795922,8,0,0,26112,14,5221314909
15777,135068470,50606787,185675257,7,0,1,1024,1,6054527058
15778,135080510,28677619,163758129,6,0,0,67584,2,812033596
15779,135087760,28678504,163766264,7,0,0,26624,1,8916944160
15780,135110740,28760884,163871624,5,0,0,27136,9,7753719710
15781,135114161,28972689,164086850,8,0,0,40960,14,4831215666
15782,135119600,50555680,185675280,2,0,1,3072,3,1616016296
15783,135146460,28641483,163787943,0,0,0,6656,19,5663163619
15784,135147780,28665048,163812828,0,0,0,3584,19,5982136583
15785,135160640,28535643,163696283,4,0,0,1024,9,163086334
15786,135164390,28650333,163814723,3,0,0,6144,5,6447938649
15787,135178670,28623515,163802185,0,0,0,20480,19,9199912633
15788,135235020,28644144,163879164,5,0,0,2048,9,191392561
15789,135237289,28694324,163931613,1,0,0,3584,13,10165586998
15790,135260070,28220375,163480445,6,0,0,6144,2,2790270589
15791,135287370,28702779,163990149,0,0,0,32768,19,369716966
15792,135289269,28565634,163854903,1,0,0,4096,13,3516004241
15793,135295810,28400138,163695948,9,0,0,16896,1,9210346964
15794,135302180,28418363,163720543,3,0,0,15360,5,8668695597
15795,135303690,50408893,185712583,6,0,1,5632,2,4881062652
15796,135304470,28602894,163907364,7,0,0,64000,1,5713834685
15797,135348680,28348570,163697250,6,0,0,3072,2,10282937962
15798,135360920,28502413,163863333,9,0,0,26112,1,2656541146
15799,135373040,50339799,185712839,7,0,1,9216,1,8635639227
15800,135391759,28538739,163930498,1,0,0,34304,13,6373281210
15801,135392320,28384918,163777238,6,0,0,12800,2,5613807554
15802,135427220,28346087,163773307,0,0,0,23040,19,6841528944
15803,135444911,28357921,163802832,8,0,0,2048,14,7082295564
15804,135464070,28382445,163846515,5,0,0,16896,9,2484171387
15805,135474140,28337573,163811713,7,0,0,26112,1,5233135187
15806,135475410,28850852,164326262,7,0,0,48128,1,3058697001
15807,135490760,50276736,185767496,7,0,1,17920,1,4854800665
15808,135491550,28465881,163957431,7,0,0,6144,1,6706103771
15809,135511100,50329034,185840134,3,0,1,10752,5,1916674136
15810,135513560,50401717,185915277,0,0,1,3072,19,1781470630
15811,135536910,28411736,163948646,3,0,0,5632,5,4355669815
15812,135537060,50378240,185915300,6,0,1,3584,2,8149424025
15813,135545480,28454077,163999557,0,0,0,7168,19,1437593849
15814,135558850,50356473,185915323,5,0,1,1024,9,625902826
15815,135560660,50358361,185919021,7,0,1,6144,1,6952717053
15816,135561100,28646384,164207484,5,0,0,87552,9,5052145248
15817,135564940,50509326,186074266,7,0,1,3072,1,8958292508
15818,135567890,28475263,164043153,5,0,0,34304,9,398992031
15819,135570730,50509463,186080193,0,0,1,24064,19,8052629672
15820,135571069,28655025,164226094,1,0,0,1024,13,2754258881
15821,135583130,28427341,164010471,2,0,0,2560,3,10588766724
15822,135588100,50556146,186144246,3,0,1,2560,5,5696276254
15823,135599231,28488266,164087497,8,0,0,2048,14,125851463
15824,135600110,28346797,163946907,0,0,0,22016,19,6665631930
15825,135623040,28740065,164363105,6,0,0,35840,2,1295112055
15826,135633549,28437639,164071188,1,0,0,34816,13,4896047468
15827,135639490,28602851,164242341,2,0,0,53248,3,5901708807
15828,135650220,28575539,164225759,6,0,0,59904,2,6246039151
15829,135659321,28615137,164274458,8,0,0,39424,14,7699767387
15830,135659910,28639398,164299308,9,0,0,13312,1,7834700220
15831,135660930,28946181,164607111,7,0,0,70656,1,9553613287
15832,135665070,50677857,186342927,5,0,1,16896,9,3728137068
15833,135684920,28666113,164351033,5,0,0,3072,9,5695181900
15834,135688000,28555799,164243799,0,0,0,2560,19,226196731
15835,135699520,28595709,164295229,2,0,0,68096,3,2906384597
15836,135722720,28349271,164071991,0,0,0,2560,19,4263592625
15837,135740440,50632465,186372905,2,0,1,8704,3,3863499658
15838,135756260,28486728,164242988,4,0,0,2048,9,3226121277
15839,135756810,50827790,186584600,5,0,1,52224,9,1187716421
15840,135757560,28787899,164545459,0,0,0,3584,19,313798126
15841,135758189,28629300,164387489,1,0,0,7168,13,4618821036
15842,135759030,28669690,164428720,0,0,0,3584,19,10255527160
15843,135769310,28889687,164658997,5,0,0,2048,9,8893996535
15844,135778361,29155745,164934106,8,0,0,17920,14,770601320
15845,135790970,50855285,186646255,9,0,1,6656,1,6218858396
15846,135792850,50926308,186719158,8,0,1,1024,14,6639801969
15847,135823590,29025585,164849175,9,0,0,104448,1,9703567596
15848,135827971,28614198,164442169,8,0,0,28672,14,2012727000
15849,135834560,28622330,164456890,0,0,0,17920,19,9204701533
15850,135842301,28694389,164536690,8,0,0,1536,14,2507744204
15851,135843389,28643344,164486733,1,0,0,36352,13,3874587582
15852,135845340,28728327,164573667,0,0,0,28160,19,2780919787
15853,135845490,28582115,164427605,0,0,0,12800,19,7932380317
15854,135861170,50861534,186722704,1,0,1,5632,13,1795148235
15855,135862710,28673489,164536199,5,0,0,70656,9,3722696834
15856,135869120,50869477,186738597,4,0,1,4096,9,6020128931
15857,135871030,50867590,186738620,2,0,1,1536,3,3551193920
15858,135880590,28844306,164724896,9,0,0,83968,1,5033990296
15859,135916480,50889211,186805691,0,0,1,6656,19,7761053078
15860,135924390,28543157,164467547,0,0,0,6656,19,4962388128
15861,135931651,28709160,164640811,8,0,0,29184,14,2209612991
15862,135934150,28642295,164576445,6,0,0,512,2,2205640336
15863,135945220,28866237,164811457,3,0,0,6144,5,1508757984
15864,135947480,28751809,164699289,3,0,0,34304,5,753153131
15865,135951470,29224935,165176405,7,0,0,12288,1,7348885013
15866,135953580,28921279,164874859,7,0,0,41472,1,6708279265
15867,135953591,28773543,164727134,8,0,0,7168,14,5741959487
15868,135955419,28927122,164882541,1,0,0,8704,13,10141420704
15869,135956000,28842380,164798380,2,0,0,83968,3,495060457
15870,135960780,28916606,164877386,2,0,0,8192,3,134976295
15871,135963410,50976760,186940170,6,0,1,19456,2,8620133369
15872,135963650,51102398,187066048,3,0,1,27136,5,3148591961
15873,135964980,51247154,187212134,9,0,1,2048,1,6408543793
15874,135967090,29007732,164974822,3,0,0,20480,5,6722530638
15875,135969740,51242417,187212157,9,0,1,8192,1,2924326402
15876,135976010,51309735,187285745,7,0,1,10752,1,2348611735
15877,135989780,28772339,164762119,7,0,0,10240,1,1594351748
15878,135994600,29412717,165407317,3,0,0,107008,5,3239456756
15879,135995340,28866860,164862200,7,0,0,18432,1,6301763958
15880,136012870,29257648,165270518,7,0,0,51200,1,4402149568
15881,136014620,29212663,165227283,7,0,0,41984,1,1752102469
15882,136056400,28681295,164737695,6,0,0,9728,2,6097868549
15883,136064230,28818958,164883188,9,0,0,2048,1,6713184494
15884,136075180,51323698,187398878,6,0,1,6656,2,2517738975
15885,136084569,28995951,165080520,1,0,0,1024,13,9666205254
15886,136098990,28757563,164856553,9,0,0,24064,1,8454166827
15887,136103760,28839867,164943627,3,0,0,4096,5,2782754350
15888,136104320,29068318,165172638,5,0,0,14848,9,6723198587
15889,136104529,29006023,165110552,1,0,0,50688,13,5931663776
15890,136155010,28603966,164758976,7,0,0,19968,1,573863586
15891,136157700,51241201,187398901,8,0,1,6656,14,5531965030
15892,136172990,28793393,164966383,2,0,0,19456,3,7209188331
15893,136180080,28748007,164928087,6,0,0,12288,2,7375221019
15894,136182480,29256155,165438635,7,0,0,11776,1,9066099601
15895,136182879,28964771,165147650,1,0,0,3584,13,9302406613
15896,136194250,29060645,165254895,5,0,0,14848,9,2986957867
15897,136201590,51197334,187398924,6,0,1,4096,2,9749170169
15898,136202610,28924813,165127423,2,0,0,55296,3,416344507
15899,136218680,29318039,165536719,0,0,0,1536,19,3498214367
15900,136225260,51173687,187398947,9,0,1,3072,1,3990184200
15901,136225340,28847752,165073092,6,0,0,17408,2,5466339097
15902,136250670,51148300,187398970,5,0,1,6144,9,3616624250
15903,136253680,28705285,164958965,5,0,0,7680,9,3330727497
15904,136266520,28769685,165036205,6,0,0,30720,2,603151332
15905,136271020,51130831,187401851,4,0,1,15360,9,7293781089
15906,136274900,28725457,165000357,9,0,0,21504,1,2621761791
15907,136291550,29283323,165574873,6,0,0,40960,2,3866362858
15908,136300470,51104287,187404757,6,0,1,4608,2,4833241397
15909,136305120,28966357,165271477,6,0,0,3072,2,2030230689
15910,136314140,28993441,165307581,9,0,0,1536,1,739728848
15911,136326359,28864745,165191104,1,0,0,31744,13,3609423729
15912,136330950,29433083,165764033,2,0,0,29696,3,10530173021
15913,136362920,51115650,187478570,2,0,1,12800,3,6936548503
15914,136368020,51110573,187478593,5,0,1,14848,9,10733382475
15915,136385880,28907734,165293614,0,0,0,4096,19,9120788067
15916,136387400,51091216,187478616,9,0,1,512,1,5010311062
15917,136394450,29316017,165710467,7,0,0,22016,1,7729452821
15918,136400580,51078059,187478639,6,0,1,2048,2,1494800216
15919,136404069,28725561,165129630,1,0,0,7168,13,1468133377
15920,136407570,29200828,165608398,4,0,0,512,9,2132904654
15921,136432750,51045912,187478662,7,0,1,1536,1,3264765565
15922,136438850,29208493,165647343,6,0,0,29696,2,8713188395
15923,136439260,28892674,165331934,2,0,0,3072,3,9239352250
15924,136440610,51051441,187492051,2,0,1,8192,3,9469527217
15925,136442340,28932350,165374690,7,0,0,9728,1,738291781
15926,136442590,28700548,165143138,7,0,0,24064,1,7420370629
15927,136459140,28992956,165452096,3,0,0,34304,5,9841270032
15928,136485290,28706617,165191907,2,0,0,2560,3,7466710989
15929,136504830,50988847,187493677,2,0,1,2560,3,1519756852
15930,136509490,28821485,165330975,5,0,0,18432,9,2507413414
15931,136512580,28922125,165434705,0,0,0,57344,19,2711155315
15932,136520880,29263300,165784180,7,0,0,66048,1,6823456413
15933,136530120,50964223,187494343,7,0,1,1024,1,9569226553
15934,136532509,29075710,165608219,1,0,0,19968,13,5319792596
15935,136537440,28948679,165486119,7,0,0,16384,1,4838317696
15936,136544400,50952529,187496929,0,0,1,4096,19,7559707375
15937,136546199,29411504,165957703,1,0,0,73728,13,58328328
15938,136556780,29233587,165790367,5,0,0,4096,9,960537496
15939,136570300,29264250,165834550,2,0,0,30720,3,9629295873
15940,136578860,28829260,165408120,2,0,0,2560,3,5534182523
15941,136584810,29221177,165805987,0,0,0,14848,19,7043056850
15942,136584990,29053282,165638272,6,0,0,64000,2,4063413842
15943,136599190,29132385,165731575,7,0,0,14848,1,2759911335
15944,136599469,29335077,165934546,1,0,0,8192,13,9601469887
15945,136613700,29107920,165721620,6,0,0,2048,2,2532034164
15946,136622230,29047262,165669492,5,0,0,60416,9,159990452
15947,136624450,29385334,166009784,2,0,0,33280,3,6919387349
15948,136628489,28973623,165602112,9,0,0,5632,1,7871546322
15949,136630800,29047006,165677806,6,0,0,17408,2,5872318809
15950,136636069,29062796,165698865,1,0,0,8704,13,2107482951
15951,136667130,50853111,187520241,7,0,1,1536,1,6144218167
15952,136681590,50838674,187520264,4,0,1,1024,9,1236127907
15953,136692561,28907504,165600065,8,0,0,8704,14,5652554349
15954,136693080,50829882,187522962,8,0,1,3584,14,6859761765
15955,136697170,29088281,165785451,3,0,0,4096,5,8573587147
15956,136698339,29013157,165711496,1,0,0,1024,13,3327823879
15957,136699830,29085956,165785786,0,0,0,1024,19,10517578950
15958,136700050,29124290,165824340,5,0,0,20992,9,3811662093
15959,136701510,28977255,165678765,2,0,0,3072,3,986189120
15960,136726010,29206017,165932027,9,0,0,55296,1,2641697106
15961,136734540,28937939,165672479,3,0,0,9728,5,7762200741
15962,136743290,29068325,165811615,3,0,0,3072,5,4160290004
15963,136760330,29416137,166176467,0,0,0,23040,19,3361254094
15964,136760710,29092693,165853403,2,0,0,10752,3,10579297268
15965,136762090,50790704,187552794,7,0,1,22528,1,10664277916
15966,136766449,29034358,165800807,1,0,0,3072,13,7007505815
15967,136771840,50878905,187650745,9,0,1,16896,1,5538237993
15968,136784370,29413760,166198130,7,0,0,17920,1,4798155442
15969,136792999,29020199,165813198,1,0,0,5120,13,342331754
15970,136806749,29264485,166071234,1,0,0,11264,13,9715135029
15971,136816080,29287164,166103244,0,0,0,38400,19,6393437898
15972,136816920,29350802,166167722,5,0,0,13824,9,9949781058
15973,136817610,29853500,166671110,2,0,0,63488,3,1608357068
15974,136829419,29254571,166083990,9,0,0,28160,1,4902909257
15975,136832450,50818318,187650768,2,0,1,4608,3,5940215384
15976,136841880,29137225,165979105,2,0,0,11776,3,2409248024
15977,136844740,29426256,166270996,5,0,0,75776,9,7658587907
15978,136868191,29952067,166820258,8,0,0,16384,14,9283443907
15979,136882869,29147534,166030403,1,0,0,39936,13,10493938587
15980,136901170,29184392,166085562,3,0,0,3072,5,1784954982
15981,136908170,29183343,166091513,3,0,0,19456,5,1412594933
15982,136913110,28980908,165894018,2,0,0,1536,3,3688645672
15983,136917960,28890407,165808367,6,0,0,512,2,2919467089
15984,136920630,29071854,165992484,3,0,0,11264,5,10435837794
15985,136921689,29534597,166456286,9,0,0,91648,1,449000586
15986,136932540,29309386,166241926,6,0,0,5120,2,6733042884
15987,136937420,29046678,165984098,7,0,0,13312,1,3791390533
15988,136940180,29163399,166103579,4,0,0,1024,9,10354593659
15989,136947600,29292743,166240343,7,0,0,25600,1,9531468559
15990,136962490,29354612,166317102,2,0,0,41984,3,5206289330
15991,136963750,29384768,166348518,7,0,0,36864,1,4266080797
15992,136981210,29737794,166719004,5,0,0,3072,9,4933841598
15993,136997590,29077083,166074673,4,0,0,1024,9,4929440563
15994,137016620,28994123,166010743,9,0,0,3072,1,3055665586
15995,137018330,29056008,166074338,4,0,0,2048,9,8028648408
15996,137026430,50711406,187737836,9,0,1,30208,1,6078138670
15997,137049090,29233478,166282568,5,0,0,30720,9,6986402436
15998,137049660,29546847,166596507,4,0,0,23552,9,3557852716
15999,137051700,29000396,166052096,5,0,0,15872,9,3170470848
16000,137062460,29170060,166232520,0,0,0,86016,19,6366904601
16001,137072731,29666755,166739486,8,0,0,16896,14,1551505716
16002,137074450,50827421,187901871,0,0,1,1536,19,3204138675
16003,137079319,50874213,187953532,1,0,1,512,13,10397079943
16004,137093340,29610128,166703468,4,0,0,68096,9,2398746784
16005,137095850,29418901,166514751,7,0,0,23040,1,10580285345
16006,137101510,29146367,166247877,3,0,0,19456,5,4552964226
16007,137104700,29309650,166414350,4,0,0,8704,9,4822793242
16008,137109240,29298110,166407350,3,0,0,1536,5,4861963331
16009,137110161,29397547,166507708,8,0,0,1536,14,7012501817
16010,137116609,30280504,167397113,9,0,0,46080,1,1895564522
16011,137135140,29483386,166618526,4,0,0,72192,9,10588787286
16012,137136100,29240194,166376294,7,0,0,29696,1,335090262
16013,137141479,29178298,166319777,1,0,0,8704,13,4037652676
16014,137146760,29417610,166564370,0,0,0,29696,19,9571519339
16015,137151060,29638502,166789562,3,0,0,11776,5,10327225590
16016,137157030,30151649,167308679,4,0,0,29184,9,7150080049
16017,137171880,29099295,166271175,7,0,0,512,1,2456515413
16018,137179050,29674605,166853655,9,0,0,13824,1,9151904063
16019,137183010,29551305,166734315,0,0,0,49664,19,3671941775
16020,137187960,50765595,187953555,7,0,1,512,1,5094470065
16021,137196020,29311197,166507217,7,0,0,14336,1,6375964000
16022,137206200,29255771,166461971,4,0,0,5632,9,10682487678
16023,137214300,29503722,166718022,7,0,0,22528,1,7268366027
16024,137226041,29598920,166824961,8,0,0,15360,14,8361378730
16025,137230350,50723228,187953578,8,0,1,1536,14,829288897
16026,137248400,30192159,167440559,6,0,0,1024,2,3851932192
16027,137251230,29716924,166968154,9,0,0,36352,1,7864577148
16028,137252810,29072450,166325260,7,0,0,17920,1,413045554
16029,137253620,29206612,166460232,7,0,0,6656,1,4552044889
16030,137255160,29696100,166951260,2,0,0,62464,3,490727454
16031,137269960,50805280,188075240,7,0,1,4096,1,10541162323
16032,137282420,29356323,166638743,7,0,0,16384,1,3193132871
16033,137284380,29647825,166932205,2,0,0,62464,3,556890636
16034,137290120,50790649,188080769,7,0,1,20992,1,2331093519
16035,137296310,29161871,166458181,7,0,0,6144,1,2806857770
16036,137316880,29511068,166827948,2,0,0,9728,3,4528451485
16037,137333739,29022311,166356050,1,0,0,3584,13,4680680630
16038,137340790,50849782,188190572,5,0,1,5120,9,8887670102
16039,137351311,29321694,166673005,8,0,0,6144,14,2591350453
16040,137357370,50833225,188190595,9,0,1,13312,1,4472037869
16041,137372690,29614925,166987615,2,0,0,12800,3,615317050
16042,137385530,29726145,167111675,9,0,0,85504,1,9305642511
16043,137386621,29131585,166518206,8,0,0,11264,14,4977088902
16044,137387710,51022875,188410585,7,0,1,11776,1,1886634238
16045,137419490,29710887,167130377,4,0,0,4608,9,568975949
16046,137425611,29643042,167068653,8,0,0,10752,14,8352496616
16047,137429550,29601591,167031141,7,0,0,79360,1,6229227328
16048,137430391,29614192,167044583,8,0,0,26624,14,4123935564
16049,137434470,51036536,188471006,5,0,1,19456,9,10599644046
16050,137434900,29445550,166880450,5,0,0,12288,9,972359384
16051,137447391,29308287,166755678,8,0,0,39936,14,4837928516
16052,137461940,29177138,166639078,0,0,0,1024,19,5024033780
16053,137463560,29761959,167225519,6,0,0,43520,2,5713880049
16054,137471360,29877177,167348537,5,0,0,32768,9,2811261741
16055,137477120,29479935,166957055,5,0,0,18944,9,2968752304
16056,137479470,29773418,167252888,0,0,0,59904,19,10497509574
16057,137486360,29991463,167477823,9,0,0,32768,1,5309584876
16058,137487610,29689481,167177091,5,0,0,4096,9,2048990718
16059,137489490,29629427,167118917,0,0,0,17408,19,8168809815
16060,137490670,29305791,166796461,7,0,0,22016,1,8187930855
16061,137501089,29210046,166711135,1,0,0,25088,13,2346319877
16062,137506560,29403416,166909976,4,0,0,2560,9,9780804377
16063,137509580,51111568,188621148,3,0,1,4608,5,4969148390
16064,137509830,29637418,167147248,3,0,0,55296,5,10695716467
16065,137522780,51098391,188621171,6,0,1,3584,2,550242108
16066,137526750,51310506,188837256,4,0,1,92672,9,327597921
16067,137534549,30121595,167656144,1,0,0,102912,13,971165923
16068,137541640,30171102,167712742,6,0,0,45568,2,2927046149
16069,137554000,29618144,167172144,5,0,0,29184,9,5197345733
16070,137566320,29635376,167201696,5,0,0,6144,9,4252053957
16071,137567761,29595468,167163229,8,0,0,28672,14,2506584816
16072,137574920,29756000,167330920,7,0,0,26624,1,7056440256
16073,137577580,30905187,168482767,5,0,0,15872,9,2558824236
16074,137578270,51397104,188975374,7,0,1,52736,1,7751098595
16075,137580269,30255781,167836050,1,0,0,30720,13,8060281071
16076,137593980,29486534,167080514,9,0,0,19968,1,8512302220
16077,137594000,30232667,167826667,3,0,0,27648,5,908458520
16078,137594469,30139507,167733976,1,0,0,13312,13,3438400009
16079,137594561,29757899,167352460,8,0,0,12800,14,1145372261
16080,137599210,29632884,167232094,4,0,0,21504,9,4954576221
16081,137609210,29374482,166983692,9,0,0,15872,1,4881719705
16082,137622570,51373910,188996480,1,0,1,4096,13,5447482950
16083,137662970,29853655,167516625,7,0,0,29696,1,2793353502
16084,137689181,29465289,167154470,8,0,0,16384,14,6189458830
16085,137690440,29788654,167479094,7,0,0,4096,1,10718356042
16086,137693651,30439287,168132938,8,0,0,23040,14,9673034329
16087,137708430,29338828,167047258,3,0,0,8704,5,3674174619
16088,137709670,51286833,188996503,6,0,1,18432,2,133410268
16089,137716080,29818146,167534226,7,0,0,8704,1,9895899603
16090,137733030,29378980,167112010,6,0,0,1024,2,4963199647
16091,137747280,51384366,189131646,5,0,1,3072,9,7750919992
16092,137747650,29544984,167292634,9,0,0,39936,1,1754929252
16093,137753271,29396184,167149455,8,0,0,7168,14,6933705503
16094,137759260,29608802,167368062,9,0,0,13312,1,2708783841
16095,137768980,51362689,189131669,0,0,1,512,19,4704380738
16096,137786410,30211950,167998360,2,0,0,64512,3,10330959288
16097,137797090,51334602,189131692,9,0,1,12288,1,3038584302
16098,137802540,29813688,167616228,5,0,0,29696,9,4818453471
16099,137802980,29561003,167363983,5,0,0,8704,9,4182709377
16100,137803730,30559873,168363603,9,0,0,20480,1,1813016119
16101,137818710,29701824,167520534,2,0,0,4096,3,5687086824
16102,137821650,52021774,189843424,8,0,1,188928,14,2545562654
16103,137848570,29337808,167186378,5,0,0,3072,9,1143435374
16104,137856260,30166466,168022726,7,0,0,19968,1,6560105521
16105,137871250,29596566,167467816,9,0,0,11776,1,8552266940
16106,137878910,29648961,167527871,9,0,0,14336,1,10035685239
16107,137899180,29355135,167254315,9,0,0,4608,1,5520360025
16108,137902420,29999255,167901675,0,0,0,32768,19,10598664173
16109,137907320,51946602,189853922,2,0,1,6144,3,565524575
16110,137909740,29324873,167234613,9,0,0,8192,1,822704103
16111,137925340,29559167,167484507,9,0,0,1024,1,2691228423
16112,137925930,51928023,189853953,8,0,1,25088,14,7923616650
16113,137928830,30258069,168186899,5,0,0,39424,9,3847445534
16114,137930030,29552653,167482683,3,0,0,5120,5,3581908492
16115,137937680,51918881,189856561,0,0,1,512,19,10636963930
16116,137943230,30665837,168609067,0,0,0,11264,19,6703771988
16117,137958690,29540087,167498777,2,0,0,33280,3,1209293934
16118,137961820,30588301,168550121,2,0,0,28160,3,2693010939
16119,137963120,51907726,189870846,5,0,1,6656,9,9177610108
16120,137987791,29634284,167622075,8,0,0,6656,14,5311479283
16121,137994319,30296164,168290483,1,0,0,56320,13,9033454847
16122,138014640,29503880,167518520,7,0,0,6144,1,3785520248
16123,138021890,30499718,168521608,7,0,0,16384,1,6077774125
16124,138022540,29479848,167502388,0,0,0,11776,19,8779315638
16125,138029290,51862221,189891511,3,0,1,7680,5,298034548
16126,138063800,51939233,190003033,1,0,1,26112,13,4545810491
16127,138082780,29735432,167818212,2,0,0,40960,3,8037928986
16128,138083211,29330239,167413450,8,0,0,20992,14,5997573295
16129,138084180,29721521,167805701,4,0,0,71168,9,6783762319
16130,138085210,29470295,167555505,7,0,0,1024,1,5283963907
16131,138091300,30343795,168435095,5,0,0,85504,9,5401939203
16132,138094160,29840921,167935081,9,0,0,12288,1,9342523712
16133,138096370,29678210,167774580,3,0,0,16384,5,4782428752
16134,138124610,30342800,168467410,4,0,0,105984,9,1852977064
16135,138148030,29726580,167874610,2,0,0,74752,3,9281237013
16136,138158110,30328744,168486854,3,0,0,13312,5,2336038942
16137,138166550,29926899,168093449,0,0,0,79872,19,1836398544
16138,138183820,29600174,167783994,3,0,0,29696,5,10438782681
16139,138195080,29467955,167663035,3,0,0,8192,5,9729352622
16140,138208450,51794606,190003056,9,0,1,2560,1,4313090197
16141,138211170,51810831,190022001,9,0,1,14336,1,3912897472
16142,138213990,52930071,191144061,7,0,1,360960,1,9100182212
16143,138227600,30469085,168696685,0,0,0,39936,19,7480044563
16144,138236530,29870670,168107200,0,0,0,45056,19,6096453742
16145,138237999,30367613,168605612,1,0,0,19968,13,3902507572
16146,138238150,52937591,191175741,6,0,1,7680,2,10398631456
16147,138248000,29730681,167978681,9,0,0,34304,1,137948642
16148,138254920,30061037,168315957,6,0,0,72192,2,2153016460
16149,138255540,52959749,191215289,6,0,1,1024,2,4507719311
16150,138278090,29562359,167840449,3,0,0,14336,5,9758809486
16151,138282770,29872317,168155087,4,0,0,49152,9,759606241
16152,138286760,29429905,167716665,6,0,0,12800,2,10129890952
16153,138298990,30023440,168322430,9,0,0,12800,1,8455383377
16154,138303839,29413473,167717312,1,0,0,2048,13,10369327166
16155,138303910,29577587,167881497,2,0,0,22528,3,8812283504
16156,138316810,29934188,168250998,2,0,0,37376,3,4078306718
16157,138331680,53021651,191353331,4,0,1,49152,9,9758417079
16158,138334980,53018374,191353354,7,0,1,2048,1,4219743029
16159,138338900,30066980,168405880,5,0,0,15872,9,5841062343
16160,138342330,29656521,167998851,3,0,0,1536,5,4059362363
16161,138361360,29957139,168318499,9,0,0,8192,1,8038560835
16162,138369490,29664072,168033562,4,0,0,5120,9,2715458355
16163,138371860,29519800,167891660,7,0,0,33280,1,6121036207
16164,138375660,30448727,168824387,4,0,0,37888,9,540035305
16165,138377030,30100878,168477908,2,0,0,25600,3,95866201
16166,138414520,52953388,191367908,2,0,1,4608,3,2819993774
16167,138420990,30174725,168595715,3,0,0,60928,5,6886084143
16168,138423910,30065977,168489887,9,0,0,9728,1,5471907412
16169,138429770,52938161,191367931,1,0,1,5632,13,2978719735
16170,138443610,52924344,191367954,0,0,1,1536,19,6679204110
16171,138444510,29786554,168231064,5,0,0,38400,9,10623537787
16172,138453450,52914527,191367977,9,0,1,7168,1,4449174819
16173,138455001,30179279,168634280,8,0,0,4608,14,2913217575
16174,138462340,30007745,168470085,7,0,0,8704,1,5265287740
16175,138471800,52901764,191373564,3,0,1,3584,5,1748534964
16176,138478100,30276357,168754457,6,0,0,86528,2,4704040010
16177,138480350,29792950,168273300,7,0,0,25600,1,3143259269
16178,138495140,29849074,168344214,6,0,0,9728,2,753969703
16179,138512830,29828397,168341227,7,0,0,12288,1,2522277546
16180,138525470,29768468,168293938,9,0,0,11264,1,4638786677
16181,138527200,52975750,191502950,7,0,1,88576,1,9372367110
16182,138527220,29810053,168337273,6,0,0,48640,2,1563069117
16183,138538270,29970739,168509009,4,0,0,19456,9,8611074058
16184,138547179,29790281,168337460,1,0,0,512,13,5426137994
16185,138549040,29704945,168253985,5,0,0,9728,9,7494229961
16186,138554850,29797031,168351881,0,0,0,25088,19,8789892577
16187,138564840,30372437,168937277,9,0,0,29184,1,1674833171
16188,138568270,53426107,191994377,7,0,1,179712,1,7398841317
16189,138574959,29990771,168565730,1,0,0,4096,13,9985748232
16190,138577450,29823571,168401021,6,0,0,28160,2,8489585030
16191,138588750,53411376,192000126,7,0,1,27136,1,560253216
16192,138594710,29770008,168364718,3,0,0,3584,5,157396530
16193,138596120,29960934,168557054,0,0,0,5632,19,10337699083
16194,138602240,29939278,168541518,9,0,0,44032,1,2228432738
16195,138606040,53503664,192109704,0,0,1,27648,19,10523291192
16196,138615350,30236041,168851391,3,0,0,19456,5,6449040707
16197,138617870,29981144,168599014,7,0,0,10752,1,3572034888
16198,138623960,53710045,192334005,8,0,1,139264,14,6018745709
16199,138625880,53779906,192405786,7,0,1,80896,1,9946508630
16200,138637940,30127155,168765095,2,0,0,4608,3,6718151217
16201,138648340,29906952,168555292,6,0,0,16896,2,2483098975
16202,138660210,53745599,192405809,5,0,1,3072,9,674394281
16203,138685560,30155319,168840879,0,0,0,30720,19,7420140151
16204,138687790,53948376,192636166,7,0,1,131584,1,2654232688
16205,138693380,29964187,168657567,7,0,0,6144,1,10538173396
16206,138711030,30079961,168790991,6,0,0,24064,2,9598269434
16207,138732910,29917489,168650399,7,0,0,39936,1,7903042691
16208,138741740,29923650,168665390,7,0,0,25600,1,10534022319
16209,138743660,29940834,168684494,3,0,0,19968,5,7139792734
16210,138744899,29854606,168599505,1,0,0,1536,13,192288878
16211,138759680,30125395,168885075,5,0,0,54784,9,7398467430
16212,138769480,30287519,169056999,3,0,0,8704,5,1745961092
16213,138772460,53863729,192636189,3,0,1,1024,5,7642489382
16214,138772560,30255264,169027824,2,0,0,26624,3,6180211722
16215,138774411,29858442,168632853,8,0,0,16896,14,2760016886
16216,138777550,30331323,169108873,7,0,0,73728,1,6227840033
16217,138779360,30113070,168892430,0,0,0,24064,19,2594582819
16218,138781420,30123989,168905409,5,0,0,34304,9,1182880272
16219,138787430,55090257,193877687,7,0,1,783360,1,8792074540
16220,138790910,29966606,168757516,2,0,0,9728,3,7494935044
16221,138817870,30361852,169179722,2,0,0,23552,3,4962948621
16222,138818630,55061323,193879953,0,0,1,3584,19,2412564856
16223,138819500,30103862,168923362,3,0,0,11776,5,7028028631
16224,138821400,55058707,193880107,5,0,1,8704,9,954186542
16225,138825420,30377916,169203336,5,0,0,34816,9,6695074859
16226,138837210,55376954,194214164,7,0,1,437248,1,3622104681
16227,138855499,30454811,169310310,1,0,0,73216,13,8222225450
16228,138867871,29991414,168859285,8,0,0,512,14,1939417031
16229,138870570,55358851,194229421,5,0,1,3584,9,3699691934
16230,138873170,30402781,169275951,3,0,0,1536,5,812164420
16231,138875610,30210753,169086363,2,0,0,14336,3,5174972788
16232,138878310,55364434,194242744,5,0,1,6656,9,7205894916
16233,138881340,30091248,168972588,5,0,0,6656,9,1359103002
16234,138888400,30884955,169773355,4,0,0,89600,9,6253931439
16235,138904910,30679591,169584501,3,0,0,103424,5,1304165594
16236,138917120,55341311,194258431,3,0,1,5632,5,10425977298
16237,138920500,30272205,169192705,0,0,0,23040,19,913226885
16238,138928180,55331557,194259737,5,0,1,2048,9,8202762419
16239,138937611,30180813,169118424,8,0,0,17408,14,2593866218
16240,138941890,30292364,169234254,5,0,0,4096,9,6246625766
16241,138942400,55317683,194260083,9,0,1,512,1,8362496378
16242,138945770,30045688,168991458,6,0,0,5120,2,3702890758
16243,138955310,55305119,194260429,0,0,1,512,19,8852872130
16244,138974390,30468667,169443057,5,0,0,13312,9,548615401
16245,138975630,30145878,169121508,9,0,0,9216,1,3984166968
16246,138979711,30284934,169264645,8,0,0,8192,14,7503403019
16247,138984010,30061808,169045818,5,0,0,2048,9,8130582024
16248,138993010,30179513,169172523,2,0,0,33280,3,2756610767
16249,139001430,30736623,169738053,9,0,0,16384,1,4981494523
16250,139001779,31214379,170216158,1,0,0,7168,13,4534056732
16251,139002860,30917782,169920642,3,0,0,5120,5,7201931253
16252,139002939,30204655,169207594,1,0,0,10240,13,411022411
16253,139013910,30354694,169368604,6,0,0,10752,2,1194289214
16254,139027420,30210133,169237553,7,0,0,10752,1,9848394182
16255,139028250,30176201,169204451,0,0,0,3584,19,4384807037
16256,139036701,30380111,169416812,8,0,0,80384,14,6207480351
16257,139037701,30776398,169814099,8,0,0,19456,14,9748096058
16258,139041850,55225351,194267201,9,0,1,10752,1,8455315602
16259,139046840,31053261,170100101,9,0,0,14336,1,7589568527
16260,139051830,55219877,194271707,3,0,1,7168,5,6798423482
16261,139090590,55182743,194273333,0,0,1,2560,19,7504687185
16262,139098590,30134393,169232983,0,0,0,23040,19,10589147284
16263,139110590,30254715,169365305,4,0,0,31232,9,2116292271
16264,139137750,30543593,169681343,5,0,0,2048,9,2550261086
16265,139138180,55135499,194273679,1,0,1,512,13,8562195565
16266,139140910,30457810,169598720,3,0,0,46592,5,3661108498
16267,139143760,30307347,169451107,5,0,0,20992,9,3046404387
16268,139144880,30106275,169251155,4,0,0,512,9,6686783907
16269,139148340,30164333,169312673,5,0,0,7680,9,10046895084
16270,139160280,30912101,170072381,2,0,0,47104,3,5733577541
16271,139167470,55106875,194274345,8,0,1,11264,14,4278065566
16272,139172200,55119253,194291453,3,0,1,6144,5,9777625408
16273,139176360,55115349,194291709,9,0,1,9216,1,7290643102
16274,139180419,30505003,169685422,1,0,0,13312,13,2628183342
16275,139196610,55209898,194406508,8,0,1,138752,14,6275102990
16276,139196850,30774713,169971563,9,0,0,9728,1,1676816709
16277,139206461,30032527,169238988,8,0,0,4608,14,6734873360
16278,139210659,30172520,169383179,1,0,0,3072,13,6427196635
16279,139224580,55182594,194407174,9,0,1,1024,1,8673129075
16280,139238700,55171155,194409855,2,0,1,2560,3,7430123517
16281,139239220,55170658,194409878,5,0,1,512,9,4529240729
16282,139240619,30109151,169349770,1,0,0,3072,13,3686871285
16283,139240920,30081939,169322859,5,0,0,14336,9,484681280
16284,139258220,30454409,169712629,7,0,0,512,1,3685077910
16285,139282420,30109877,169392297,3,0,0,9216,5,5715915847
16286,139287210,30433722,169720932,7,0,0,21504,1,345852734
16287,139305950,30230112,169536062,5,0,0,29184,9,7007789669
16288,139313491,30432541,169746032,8,0,0,26112,14,5133578586
16289,139314010,30116826,169430836,3,0,0,20992,5,10176556757
16290,139314290,55095842,194410132,5,0,1,1536,9,10571092585
16291,139317649,30995083,170312732,1,0,0,2048,13,7623243817
16292,139323110,55184857,194507967,7,0,1,67584,1,2066274730
16293,139342980,55165333,194508313,9,0,1,512,1,3144383601
16294,139357829,30544296,169902125,1,0,0,80384,13,1038570250
16295,139373130,55138409,194511539,3,0,1,5120,5,7079040191
16296,139382570,30248932,169631502,0,0,0,18432,19,4817865351
16297,139386540,30615193,170001733,0,0,0,4096,19,4310629136
16298,139399070,30090465,169489535,7,0,0,2048,1,9946295512
16299,139411931,30942014,170353945,8,0,0,13824,14,3705957363
16300,139415930,30364179,169780109,9,0,0,6656,1,6371274148
16301,139416090,30735217,170151307,3,0,0,80384,5,6617270678
16302,139427880,30186775,169614655,2,0,0,52224,3,9258717773
16303,139434990,30852673,170287663,2,0,0,4096,3,4045100256
16304,139436400,30212920,169649320,2,0,0,12800,3,1838405309
16305,139460720,30945786,170406506,4,0,0,11264,9,2461077039
16306,139465280,55101992,194567272,8,0,1,46592,14,10724393388
16307,139467809,30147493,169615302,1,0,0,2048,13,10701565643
16308,139471380,30209316,169680696,6,0,0,95744,2,2143996524
16309,139485640,30492075,169977715,6,0,0,12800,2,6200506851
16310,139499050,30224869,169723919,7,0,0,9728,1,3662928099
16311,139506530,30119333,169625863,0,0,0,21504,19,2468804836
16312,139514290,30276294,169790584,2,0,0,34304,3,4775140262
16313,139514960,55059972,194574932,2,0,1,14848,3,219015444
16314,139527280,30164561,169691841,4,0,0,20992,9,3998473640
16315,139527500,30323287,169850787,9,0,0,7168,1,4995890452
16316,139529060,55077918,194606978,0,0,1,17408,19,5047207863
16317,139533150,55073851,194607001,9,0,1,3584,1,7117220789
16318,139533901,30410506,169944407,8,0,0,16384,14,4136322373
16319,139541749,30153391,169695140,1,0,0,10752,13,6586334977
16320,139547910,30365493,169913403,7,0,0,12288,1,396970647
16321,139549840,55114794,194664634,1,0,1,3584,13,8545943253
16322,139558510,30219548,169778058,5,0,0,15360,9,463228431
16323,139571190,55148020,194719210,5,0,1,16896,9,9684889527
16324,139572201,30663252,170235453,8,0,0,2048,14,887547207
16325,139575690,30529738,170105428,9,0,0,17408,1,6253408127
16326,139583100,31209486,170792586,5,0,0,4096,9,3953386470
16327,139588380,30634821,170223201,0,0,0,23040,19,2699339896
16328,139589880,30527997,170117877,0,0,0,19456,19,7371738093
16329,139595320,31123364,170718684,2,0,0,39936,3,10105609186
16330,139595990,30704521,170300511,0,0,0,12800,19,1848904014
16331,139599950,30309686,169909636,7,0,0,24576,1,10099700490
16332,139604250,30486533,170090783,5,0,0,512,9,3116386379
16333,139610950,30515842,170126792,7,0,0,29184,1,5107062094
16334,139621200,30235505,169856705,5,0,0,6656,9,1968421234
16335,139625680,55109101,194734781,5,0,1,4608,9,4346810917
16336,139629600,30742303,170371903,6,0,0,18944,2,843074667
16337,139637720,55377765,195015485,8,0,1,129024,14,3144007633
16338,139644320,30805522,170449842,2,0,0,44544,3,5471894868
16339,139656110,30495532,170151642,7,0,0,1024,1,4047022571
16340,139661880,30257179,169919059,4,0,0,9216,9,1721045638
16341,139666320,30567044,170233364,7,0,0,33280,1,7216881314
16342,139669910,30407429,170077339,6,0,0,8704,2,8472791226
16343,139672210,30351319,170023529,6,0,0,12800,2,4386185821
16344,139676381,30608173,170284554,8,0,0,23552,14,10556872809
16345,139683760,30487584,170171344,4,0,0,51200,9,5181621348
16346,139686180,30567029,170253209,6,0,0,4608,2,3979294790
16347,139695490,30637298,170332788,5,0,0,49664,9,6160006771
16348,139700770,30454951,170155721,3,0,0,13312,5,1186984018
16349,139704170,30352089,170056259,7,0,0,7680,1,1704884768
16350,139712239,30482189,170194428,1,0,0,6144,13,3913860956
16351,139724170,30781894,170506064,3,0,0,7168,5,7991754173
16352,139737300,30819090,170556390,0,0,0,29696,19,5879637103
16353,139743680,30602703,170346383,7,0,0,44544,1,1167330732
16354,139760000,30615971,170375971,3,0,0,2048,5,1429643138
16355,139760240,55258992,195019232,1,0,1,2048,13,8666494481
16356,139773440,30478342,170251782,7,0,0,11776,1,2876519256
16357,139775720,55247378,195023098,5,0,1,6144,9,917390466
16358,139782940,30719997,170502937,3,0,0,14336,5,878188395
16359,139783440,30430511,170213951,9,0,0,64000,1,9106820531
16360,139793080,30665544,170458624,9,0,0,19968,1,4387312493
16361,139794920,30617262,170412182,0,0,0,7680,19,3420583622
16362,139796269,31296163,171092432,1,0,0,66048,13,8360445651
16363,139807940,55215517,195023457,9,0,1,9728,1,6509553514
16364,139818090,30529408,170347498,6,0,0,3584,2,7233194426
16365,139822760,30870964,170693724,4,0,0,80384,9,10045414194
16366,139824019,30644487,170468506,1,0,0,22016,13,4651657782
16367,139846280,30696024,170542304,9,0,0,72704,1,7967361006
16368,139852830,55197522,195050352,9,0,1,19968,1,951657371
16369,139860510,30737397,170597907,5,0,0,3584,9,8765004601
16370,139864929,30694300,170559229,1,0,0,9216,13,6766898301
16371,139870600,30706970,170577570,7,0,0,9728,1,6622068319
16372,139879220,55172118,195051338,0,0,1,1536,19,3576942308
16373,139881350,30693233,170574583,2,0,0,21504,3,8202619794
16374,139886010,30575757,170461767,4,0,0,10240,9,5219844569
16375,139893690,30653629,170547319,7,0,0,16384,1,2490593571
16376,139897270,30750603,170647873,4,0,0,10752,9,4262987708
16377,139898750,30901797,170800547,4,0,0,18432,9,2312035148
16378,139912750,30789054,170701804,3,0,0,23552,5,9010875542
16379,139919929,30945398,170865327,1,0,0,40960,13,6122623190
16380,139921450,30594073,170515523,4,0,0,27136,9,7407288069
16381,139924191,30892495,170816686,8,0,0,46592,14,7175593835
16382,139924221,30528296,170452517,8,0,0,8704,14,208891064
16383,139933229,55122935,195056164,1,0,1,7680,13,7573859195
16384,139933840,55131733,195065573,2,0,1,2560,3,8193984867
16385,139934510,30628018,170562528,6,0,0,10752,2,4053383846
16386,139935640,31287057,171222697,2,0,0,9728,3,4973540584
16387,139938260,31167322,171105582,5,0,0,43008,9,6510504207
16388,139938470,55127126,195065596,0,0,1,10752,19,8781579608
16389,139941440,31024711,170966151,9,0,0,64000,1,6531644376
16390,139942780,31003848,170946628,6,0,0,38400,2,7446917025
16391,139946450,31259517,171205967,0,0,0,55808,19,8260694457
16392,139950550,30686392,170636942,3,0,0,3584,5,3120241203
16393,139951150,30774178,170725328,4,0,0,14848,9,8873187635
16394,139951380,30828166,170779546,0,0,0,86016,19,4610458881
16395,139954890,30739169,170694059,2,0,0,1024,3,9694896222
16396,139962700,30687224,170649924,3,0,0,6656,5,5874362782
16397,139972070,55111062,195083132,9,0,1,11776,1,9790536434
16398,139973750,55111390,195085140,6,0,1,2560,2,5940938139
16399,139983220,55102791,195086011,6,0,1,12288,2,6257885625
16400,139983480,30652324,170635804,7,0,0,33792,1,6597360026
16401,139988280,30717603,170705883,6,0,0,13312,2,8131670214
16402,139994201,31342435,171336636,8,0,0,52736,14,3783130816
16403,140004770,30842269,170847039,2,0,0,2048,3,437759570
16404,140008330,30975867,170984197,4,0,0,1024,9,301897926
16405,140010970,31061307,171072277,4,0,0,32256,9,1453573717
16406,140017349,30829043,170846392,1,0,0,34304,13,5832865540
16407,140017350,55111273,195128623,0,0,1,13312,19,3576777635
16408,140020470,55116774,195137244,0,0,1,1024,19,8359138395
16409,140020630,55173258,195193888,3,0,1,17408,5,1645466098
16410,140025300,31124459,171149759,7,0,0,19968,1,4831357588
16411,140027330,30693451,170720781,5,0,0,6656,9,5388362668
16412,140031200,30843689,170874889,2,0,0,3072,3,10532834783
16413,140058270,55170097,195228367,9,0,1,21504,1,4912645345
16414,140063960,30996727,171060687,2,0,0,512,3,4835225494
16415,140064420,31378415,171442835,7,0,0,10240,1,4651480097
16416,140065380,55184964,195250344,3,0,1,4608,5,4880586172
16417,140072991,31211623,171284614,8,0,0,13312,14,7096231151
16418,140087869,55190873,195278742,1,0,1,10240,13,9961392957
16419,140089750,30784180,170873930,6,0,0,28160,2,9476208481
16420,140107720,30952788,171060508,6,0,0,121856,2,3514756210
16421,140108530,31054464,171162994,6,0,0,19968,2,9141943728
16422,140147589,31147208,171294797,1,0,0,20992,13,2116015508
16423,140147720,31291972,171439692,4,0,0,18944,9,1704058591
16424,140157339,55174856,195332195,1,0,1,3072,13,9664386014
16425,140160080,31015731,171175811,6,0,0,12288,2,5169721883
16426,140161590,30832296,170993886,4,0,0,8192,9,2695830137
16427,140174300,31463340,171637640,5,0,0,20480,9,3468879854
16428,140187480,30933418,171120898,3,0,0,17920,5,4012830422
16429,140191700,30722338,170914038,5,0,0,9728,9,8803695613
16430,140201090,30811122,171012212,3,0,0,18432,5,587292470
16431,140204270,31136289,171340559,3,0,0,12800,5,3664953069
16432,140224610,31728891,171953501,7,0,0,1024,1,8754218731
16433,140231610,30956310,171187920,6,0,0,23040,2,130794477
16434,140238730,31411770,171650500,7,0,0,2560,1,6793560545
16435,140242961,31110577,171353538,8,0,0,42496,14,1277892997
16436,140245790,55091755,195337545,8,0,1,5632,14,5490309545
16437,140265090,31463356,171728446,3,0,0,10240,5,7089111504
16438,140266239,31510321,171776560,1,0,0,10752,13,2148747255
16439,140269410,30793016,171062426,7,0,0,5632,1,9481229611
16440,140272710,30971114,171243824,6,0,0,25600,2,8425417037
16441,140287060,31573146,171860206,5,0,0,22016,9,4916268234
16442,140294250,31138688,171432938,6,0,0,66048,2,1798629769
16443,140300090,30842399,171142489,7,0,0,3584,1,3092577765
16444,140304189,31129708,171433897,1,0,0,3072,13,5390091943
16445,140305790,30870668,171176458,0,0,0,2048,19,3353672220
16446,140322590,31140523,171463113,6,0,0,55808,2,7281596519
16447,140332649,30892411,171225060,1,0,0,7680,13,9647631272
16448,140332690,30982486,171315176,5,0,0,58880,9,3240793552
16449,140351370,31685757,172037127,4,0,0,13312,9,6115553786
16450,140358770,55350797,195709567,7,0,1,199680,1,889477930
16451,140371099,55363887,195734986,1,0,1,3584,13,2701417778
16452,140390840,30924827,171315667,3,0,0,1536,5,166402692
16453,140399480,30974266,171373746,7,0,0,20480,1,10656292727
16454,140400180,31166834,171567014,3,0,0,14336,5,2635599627
16455,140422580,55344259,195766839,6,0,1,3072,2,9039220985
16456,140428730,31052057,171480787,9,0,0,50176,1,3837101058
16457,140441549,31048332,171489881,1,0,0,29696,13,10428431493
16458,140446720,31018756,171465476,6,0,0,7680,2,4998058141
16459,140461270,55305592,195766862,7,0,1,13824,1,6828338107
16460,140462859,30941615,171404474,1,0,0,23040,13,3422725599
16461,140467630,31158108,171625738,7,0,0,70656,1,4692262785
16462,140472630,55577164,196049794,4,0,1,134144,9,3524027606
16463,140480330,31750713,172231043,2,0,0,41472,3,1099152115
16464,140482970,55594735,196077705,5,0,1,12288,9,9734278499
16465,140487570,31075053,171562623,7,0,0,20480,1,7500943789
16466,140491800,55606441,196098241,2,0,1,10240,3,8474064101
16467,140510220,55588044,196098264,5,0,1,1024,9,10487642606
16468,140516170,55636778,196152948,7,0,1,1024,1,426347122
16469,140521080,31271026,171792106,9,0,0,12288,1,6746122107
16470,140524460,55649578,196174038,5,0,1,24064,9,6924034825
16471,140549030,31021815,171570845,7,0,0,12288,1,2170999952
16472,140550800,31097295,171648095,6,0,0,2560,2,4969618594
16473,140553560,30947720,171501280,4,0,0,512,9,6582044705
16474,140557310,30999050,171556360,7,0,0,55808,1,10006424121
16475,140561640,31069737,171631377,3,0,0,18432,5,8349052075
16476,140573291,30927810,171501101,8,0,0,25600,14,6052890299
16477,140573310,31529824,172103134,4,0,0,45568,9,10677944655
16478,140577960,31226805,171804765,2,0,0,41472,3,3377356548
16479,140578119,31318631,171896750,1,0,0,7680,13,507183005
16480,140582710,31019186,171601896,9,0,0,21504,1,9683892480
16481,140586910,55700763,196287673,5,0,1,32768,9,2205610722
16482,140591950,55789929,196381879,2,0,1,1024,3,10475120083
16483,140601640,31203616,171805256,6,0,0,1536,2,8552843796
16484,140603900,31140204,171744104,4,0,0,7680,9,3553346139
16485,140613420,31110514,171723934,6,0,0,30720,2,2309539503
16486,140620409,55767464,196387873,1,0,1,13824,13,6198014263
16487,140621220,31063132,171684352,9,0,0,2560,1,3383652481
16488,140642440,31243020,171885460,5,0,0,30208,9,6201851725
16489,140647960,30990350,171638310,5,0,0,1024,9,729020310
16490,140648810,55739319,196388129,9,0,1,9216,1,425125271
16491,140650410,31635195,172285605,2,0,0,3584,3,7829945137
16492,140666220,31697762,172363982,7,0,0,41472,1,4342782166
16493,140666590,30936733,171603323,2,0,0,4608,3,9061886825
16494,140668841,31886244,172555085,8,0,0,23040,14,2190106919
16495,140671460,31539691,172211151,6,0,0,52736,2,9211868139
16496,140680810,31180043,171860853,6,0,0,2048,2,10379156723
16497,140686740,31716755,172403495,5,0,0,63488,9,161790570
16498,140688850,31737912,172426762,3,0,0,76288,5,1594369820
16499,140690130,31577849,172267979,0,0,0,1024,19,3362876752
16500,140697219,31763932,172461151,1,0,0,73728,13,5950004759
16501,140700541,31277483,171978024,8,0,0,1024,14,8919490834
16502,140707170,30930805,171637975,6,0,0,1024,2,4253934282
16503,140721130,31098132,171819262,9,0,0,3584,1,7893914867
16504,140723980,31182966,171906946,3,0,0,18944,5,10048072344
16505,140728460,55699275,196427735,7,0,1,512,1,7450307978
16506,140730260,31156159,171886419,4,0,0,3072,9,7145539846
16507,140739929,31252301,171992230,1,0,0,25088,13,3861849513
16508,140740060,31022340,171762400,6,0,0,4608,2,8673342956
16509,140753460,31959622,172713082,4,0,0,17408,9,1010560719
16510,140754681,31933858,172688539,8,0,0,77824,14,4513152402
16511,140765720,31782322,172548042,6,0,0,33792,2,4582664395
16512,140772440,55656601,196429041,7,0,1,2048,1,1707718452
16513,140774361,31237964,172012325,8,0,0,32768,14,5197571547
16514,140775680,55664617,196440297,0,0,1,23040,19,9076552965
16515,140787560,31316221,172103781,7,0,0,2048,1,4969608609
16516,140790129,55650834,196440963,1,0,1,1024,13,6808830758
16517,140796651,31236397,172033048,8,0,0,43520,14,8003425885
16518,140803560,31211284,172014844,7,0,0,8192,1,8484508915
16519,140810580,31482882,172293462,5,0,0,2048,9,4778770418
16520,140811770,55659338,196471108,0,0,1,2048,19,7595724258
16521,140815290,31849514,172664804,0,0,0,115712,19,7648342205
16522,140833070,55662934,196496004,7,0,1,4608,1,2198281401
16523,140835830,31295181,172131011,0,0,0,2560,19,4425158704
16524,140842670,55653693,196496363,2,0,1,9728,3,657156441
16525,140855960,31842430,172698390,4,0,0,32256,9,9016319079
16526,140862720,31428371,172291091,3,0,0,16384,5,5634469929
16527,140867970,31262238,172130208,0,0,0,44544,19,2487029257
16528,140900140,31335762,172235902,3,0,0,15872,5,7761376557
16529,140900969,31830041,172731010,1,0,0,53248,13,3228749000
16530,140904680,31170819,172075499,2,0,0,16384,3,10532627071
16531,140905670,32006225,172911895,5,0,0,12288,9,2292832552
16532,140906680,31373142,172279822,4,0,0,8192,9,4165564033
16533,140916450,31151844,172068294,3,0,0,512,5,3857008701
16534,140925680,31564899,172490579,3,0,0,20480,5,7037722177
16535,140939030,55566551,196505581,3,0,1,7168,5,6987478569
16536,140941990,31363654,172305644,3,0,0,512,5,455383921
16537,140954580,31088952,172043532,7,0,0,1024,1,1879671585
16538,140956440,31924779,172881219,4,0,0,144896,9,47056217
16539,140959340,31471969,172431309,4,0,0,14848,9,3094442307
16540,140963580,31475084,172438664,6,0,0,24064,2,3354305929
16541,140964460,31624976,172589436,4,0,0,18944,9,9505737560
16542,140965420,31418708,172384128,6,0,0,36352,2,10075956981
16543,140971299,55535268,196506567,1,0,1,1536,13,6974749989
16544,140996620,31270267,172266887,5,0,0,2048,9,681082272
16545,141005280,32109289,173114569,6,0,0,21504,2,355250687
16546,141021750,55491674,196513424,2,0,1,3584,3,5947775057
16547,141022230,31302005,172324235,3,0,0,31744,5,9362307003
16548,141030560,31941980,172972540,0,0,0,37888,19,2673122542
16549,141050070,31301253,172351323,7,0,0,33792,1,10256730538
16550,141067020,55540197,196607217,2,0,1,8704,3,7686159636
16551,141068330,31702906,172771236,7,0,0,14848,1,3061416321
16552,141070471,31399774,172470245,8,0,0,26112,14,4710861636
16553,141071780,31509729,172581509,2,0,0,18432,3,5551649365
16554,141072839,55535364,196608203,1,0,1,1536,13,6793040808
16555,141074660,31290125,172364785,5,0,0,2560,9,9487155652
16556,141086460,32129176,173215636,6,0,0,11776,2,878579249
16557,141104130,55504944,196609074,9,0,1,12288,1,1114700599
16558,141111590,31398090,172509680,0,0,0,43520,19,1123528012
16559,141114320,55575188,196689508,8,0,1,512,14,1880310557
16560,141117390,31344876,172462266,2,0,0,3584,3,3842232806
16561,141122700,31408211,172530911,6,0,0,2048,2,7610153133
16562,141126010,55563521,196689531,3,0,1,512,5,7964792304
16563,141128830,55560724,196689554,8,0,1,11776,14,321900753
16564,141135820,55553757,196689577,4,0,1,1536,9,3020595792
16565,141144590,31339726,172484316,9,0,0,46080,1,9611113090
16566,141150100,31433460,172583560,2,0,0,6656,3,664936821
16567,141153880,55552976,196706856,2,0,1,5632,3,640670236
16568,141167639,31732970,172900609,1,0,0,45568,13,7718527659
16569,141170780,31325617,172496397,3,0,0,13824,5,5149201316
16570,141182690,31387852,172570542,2,0,0,16896,3,7835628267
16571,141185720,31327505,172513225,2,0,0,8704,3,8409449473
16572,141196550,31511182,172707732,4,0,0,7168,9,6861738747
16573,141206810,55676476,196883286,9,0,1,52224,1,3616449393
16574,141212159,31489709,172701868,1,0,0,2048,13,5350701997
16575,141227189,31264973,172492162,1,0,0,5120,13,6621970474
16576,141246959,55741686,196988645,1,0,1,11776,13,2309568804
16577,141262510,31663136,172925646,4,0,0,45056,9,1581780669
16578,141263300,55782091,197045391,5,0,1,16384,9,10187352179
16579,141273020,31432505,172705525,5,0,0,7168,9,4478362406
16580,141283910,31520109,172804019,3,0,0,107520,5,5760979195
16581,141284540,31530335,172814875,4,0,0,12800,9,7248022659
16582,141305980,55801149,197107129,5,0,1,8192,9,3834298649
16583,141313459,31453230,172766689,1,0,0,14848,13,7292416356
16584,141318680,31825163,173143843,0,0,0,512,19,4184166399
16585,141322260,56277943,197600203,9,0,1,258560,1,136946858
16586,141324780,31413485,172738265,4,0,0,13312,9,7207122254
16587,141330500,31478534,172809034,7,0,0,16384,1,3987786254
16588,141333210,31368011,172701221,2,0,0,9216,3,4264554355
16589,141334530,56266659,197601189,4,0,1,1536,9,5402645966
16590,141350371,31266983,172617354,8,0,0,3584,14,7572358255
16591,141362951,31693861,173056812,8,0,0,39424,14,4102811829
16592,141364450,31338868,172703318,7,0,0,3584,1,3516149842
16593,141364480,31337723,172702203,5,0,0,1024,9,8823618215
16594,141377890,31530230,172908120,4,0,0,24576,9,8610555336
16595,141395430,31415187,172810617,4,0,0,5120,9,2890745436
16596,141396791,31421882,172818673,8,0,0,12288,14,8776106761
16597,141401100,31535186,172936286,0,0,0,10240,19,5514102274
16598,141425190,31566754,172991944,6,0,0,15872,2,3900614161
16599,141425310,56269023,197694333,5,0,1,28160,9,10689264196
16600,141426900,31779573,173206473,7,0,0,34304,1,5540850883
16601,141442740,31368212,172810952,6,0,0,1024,2,8411343482
16602,141455680,31721373,173177053,2,0,0,74240,3,10448142414
16603,141456120,31430582,172886702,7,0,0,17920,1,1896694930
16604,141463860,31787185,173251045,0,0,0,23552,19,7367867117
16605,141466040,31570787,173036827,5,0,0,24576,9,7155540970
16606,141467100,31728898,173195998,9,0,0,32768,1,7656624972
16607,141474270,56248942,197723212,5,0,1,1024,9,6522874291
16608,141498620,31571319,173069939,9,0,0,43008,1,4715130478
16609,141503019,56220757,197723776,1,0,1,10752,13,6740520710
16610,141529920,31748821,173278741,0,0,0,26624,19,1602786515
16611,141534920,56194093,197729013,0,0,1,12288,19,7530148533
16612,141542089,31798686,173340775,1,0,0,6144,13,1309369916
16613,141547200,31638612,173185812,4,0,0,28672,9,7391389871
16614,141550740,31428895,172979635,9,0,0,4608,1,3967725407
16615,141551940,31473072,173025012,5,0,0,6656,9,8857967561
16616,141571030,31802337,173373367,4,0,0,81920,9,9082594086
16617,141580520,31525589,173106109,4,0,0,39936,9,9291442524
16618,141586360,31872032,173458392,5,0,0,74752,9,2378736877
16619,141587659,31339102,172926761,1,0,0,3584,13,8205575759
16620,141595349,31533845,173129194,1,0,0,26624,13,6405292056
16621,141598910,31992959,173591869,0,0,0,15360,19,4669250535
16622,141600160,31340378,172940538,2,0,0,5632,3,314827688
16623,141604550,31726164,173330714,7,0,0,54272,1,8153442436
16624,141613831,31324350,172938181,8,0,0,6144,14,49731659
16625,141616170,31722679,173338849,9,0,0,26624,1,7352983985
16626,141619660,56111619,197731279,7,0,1,3584,1,2408335549
16627,141643830,56092971,197736801,8,0,1,4608,14,2933307796
16628,141665680,31851905,173517585,5,0,0,33280,9,520540298
16629,141689170,56049257,197738427,7,0,1,2560,1,8555940510
16630,141689820,31496171,173185991,5,0,0,512,9,10385336248
16631,141690400,31722469,173412869,2,0,0,20480,3,3506282013
16632,141695610,31811812,173507422,2,0,0,144384,3,8893689216
16633,141697450,56272781,197970231,9,0,1,105984,1,6999335233
16634,141706710,31814977,173521687,4,0,0,1024,9,7354675701
16635,141734160,31809303,173543463,2,0,0,71168,3,9285461639
16636,141741900,32097925,173839825,2,0,0,26624,3,517631462
16637,141751359,31769993,173521352,1,0,0,12288,13,3375148343
16638,141753141,31594833,173347974,8,0,0,20992,14,10250551312
16639,141756139,56214115,197970254,1,0,1,3072,13,8736833859
16640,141758759,32183090,173941849,1,0,0,45568,13,9773697547
16641,141779680,31788063,173567743,4,0,0,24576,9,1528882884
16642,141796390,56173887,197970277,9,0,1,6144,1,3218862403
16643,141798419,31829189,173627608,1,0,0,39424,13,8086240330
16644,141804830,31755394,173560224,4,0,0,20992,9,855886951
16645,141806260,32165909,173972169,4,0,0,11776,9,5198448987
16646,141807681,31885950,173693631,8,0,0,4608,14,2127344013
16647,141823110,32276532,174099642,0,0,0,17408,19,7641743919
16648,141831020,31975990,173807010,6,0,0,24576,2,1306017405
16649,141837439,56132873,197970312,1,0,1,1536,13,2896391004
16650,141848900,31614507,173463407,4,0,0,16384,9,10248085654
16651,141859470,31392066,173251536,7,0,0,1536,1,3883099340
16652,141862720,32024346,173887066,6,0,0,32256,2,2000684944
16653,141865370,31688435,173553805,9,0,0,33792,1,5336162225
16654,141886570,32437259,174323829,5,0,0,27648,9,7923597838
16655,141891010,32542561,174433571,2,0,0,22016,3,177800995
16656,141899840,32194475,174094315,4,0,0,89088,9,9372377594
16657,141900861,32327640,174228501,8,0,0,24064,14,10268308551
16658,141901880,32057932,173959812,6,0,0,58880,2,8978142205
16659,141914730,31905959,173820689,0,0,0,14336,19,1274258502
16660,141917771,31745266,173663037,8,0,0,18944,14,8386651513
16661,141921000,56057713,197978713,4,0,1,2560,9,7617603580
16662,141922140,31761061,173683201,6,0,0,13312,2,10523114434
16663,141927420,32652527,174579947,0,0,0,6144,19,9868766036
16664,141971111,31599315,173570426,8,0,0,8704,14,2688508018
16665,141986090,31715829,173701919,0,0,0,6144,19,9690092229
16666,142007520,55979548,197987068,3,0,1,17920,5,10301016498
16667,142023620,56009634,198033254,2,0,1,2048,3,5063412840
16668,142050930,32593280,174644210,3,0,0,43520,5,7587023351
16669,142051370,31913071,173964441,2,0,0,1536,3,5058200666
16670,142051390,31986624,174038014,4,0,0,4096,9,161879742
16671,142052500,31604742,173657242,0,0,0,14336,19,2282611851
16672,142067850,31745555,173813405,2,0,0,512,3,6718162549
16673,142084640,31714859,173799499,7,0,0,28160,1,4964401931
16674,142109520,55924806,198034326,0,0,1,8192,19,1482383867
16675,142110210,31739154,173849364,0,0,0,31232,19,1225247886
16676,142114690,32873654,174988344,7,0,0,29696,1,7418890273
16677,142114701,31741246,173855947,8,0,0,21504,14,3412550056
16678,142124870,31449192,173574062,7,0,0,8192,1,2991998656
16679,142125040,32158904,174283944,5,0,0,78848,9,6112771297
16680,142126910,32667779,174794689,7,0,0,27648,1,3404003353
16681,142129430,32130467,174259897,3,0,0,65024,5,7219508489
16682,142134960,31696714,173831674,0,0,0,11776,19,10508057249
16683,142164789,31970213,174135002,1,0,0,27136,13,5030090290
16684,142165180,55882228,198047408,5,0,1,17408,9,10442287773
16685,142176310,31646430,173822740,5,0,0,6656,9,8016108004
16686,142176790,31798990,173975780,7,0,0,11776,1,3376713088
16687,142178969,32030852,174209821,1,0,0,3072,13,4744734481
16688,142180360,31920397,174100757,0,0,0,3584,19,3864762648
16689,142182180,55865574,198047754,3,0,1,512,5,5450583883
16690,142182820,32011529,174194349,2,0,0,12800,3,5334976604
16691,142186880,31955633,174142513,6,0,0,24576,2,7455837974
16692,142198860,32279679,174478539,4,0,0,41984,9,3166325591
16693,142200159,31778582,173978741,1,0,0,8192,13,4450978723
16694,142203579,32775694,174979273,1,0,0,36352,13,10119142418
16695,142214450,55864878,198079328,6,0,1,18944,2,10176442543
16696,142217879,32097503,174315382,1,0,0,28672,13,9957293308
16697,142230460,55883631,198114091,2,0,1,18432,3,8248715965
16698,142230940,32281555,174512495,6,0,0,11776,2,1464920379
16699,142232521,32860236,175092757,8,0,0,24064,14,577602821
16700,142233880,31802863,174036743,7,0,0,20992,1,5483300730
16701,142246140,32869416,175115556,2,0,0,74752,3,1772936930
16702,142252200,31708727,173960927,9,0,0,3584,1,4212378472
16703,142278460,32012839,174291299,0,0,0,24064,19,5224206877
16704,142283060,55831054,198114114,3,0,1,2048,5,8368756306
16705,142285540,32894595,175180135,9,0,0,12288,1,9889145106
16706,142288709,31734738,174023447,1,0,0,2560,13,5491842744
16707,142291550,56007608,198299158,9,0,1,77312,1,10392943687
16708,142292990,32095931,174388921,6,0,0,83456,2,1591740481
16709,142296200,56234691,198530891,0,0,1,32256,19,1125687119
16710,142299290,56231624,198530914,5,0,1,1024,9,4922236415
16711,142306089,31656265,173962354,1,0,0,4608,13,3523337631
16712,142314760,56216177,198530937,5,0,1,1536,9,265530660
16713,142319770,32181903,174501673,0,0,0,57344,19,3087026495
16714,142323950,56207010,198530960,3,0,1,512,5,5780632996
16715,142323970,32233207,174557177,0,0,0,38400,19,9142301712
16716,142339020,32024442,174363462,2,0,0,26624,3,7887909837
16717,142343910,32078875,174422785,3,0,0,4096,5,10238536188
16718,142346350,32920783,175267133,6,0,0,29696,2,1788601639
16719,142355480,56175503,198530983,6,0,1,14848,2,1372984412
16720,142356220,56233612,198589832,4,0,1,7168,9,9074721120
16721,142357339,31832868,174190207,1,0,0,3584,13,8847953763
16722,142359591,32103681,174463272,8,0,0,16384,14,4599296282
16723,142364230,32049385,174413615,9,0,0,55296,1,2001906342
16724,142365110,56226731,198591841,8,0,1,5120,14,8878410731
16725,142365550,32321376,174686926,2,0,0,31232,3,10587749229
16726,142370980,31923774,174294754,4,0,0,11264,9,3717271469
16727,142375281,32108897,174484178,8,0,0,18432,14,3580042143
16728,142384550,32073707,174458257,2,0,0,34816,3,5292822475
16729,142386539,32010205,174396744,1,0,0,25600,13,3265358463
16730,142389510,32807229,175196739,0,0,0,24576,19,1644077855
16731,142400859,31954468,174355327,1,0,0,12288,13,5512493986
16732,142411400,32192261,174603661,6,0,0,32768,2,5148276958
16733,142420780,32268977,174689757,2,0,0,9216,3,874862859
16734,142421980,32103033,174525013,2,0,0,28672,3,9375630211
16735,142424370,56168444,198592814,7,0,1,12800,1,3589440663
16736,142435810,32399940,174835750,4,0,0,5120,9,8645811090
16737,142443240,32278654,174721894,5,0,0,19968,9,7423905412
16738,142443630,32380972,174824602,6,0,0,18944,2,3998554209
16739,142448761,32115433,174564194,8,0,0,6144,14,3042870885
16740,142455350,56252070,198707420,0,0,1,4096,19,3605675038
16741,142455730,32421119,174876849,0,0,0,7168,19,5253750450
16742,142477330,56241282,198718612,5,0,1,21504,9,797466096
16743,142509870,32021349,174531219,6,0,0,8192,2,294605961
16744,142521540,32123473,174645013,6,0,0,2560,2,1900408931
16745,142530229,32061166,174591395,1,0,0,16896,13,8134078913
16746,142543050,32381038,174924088,0,0,0,67072,19,4770800679
16747,142556880,32155676,174712556,9,0,0,74752,1,10702645835
16748,142557760,56185623,198743383,8,0,1,1536,14,3818179967
16749,142560830,56182576,198743406,3,0,1,13824,5,9811212575
16750,142560920,32212208,174773128,7,0,0,11264,1,386440692
16751,142565220,32327807,174893027,4,0,0,26624,9,9891265060
16752,142578279,32351448,174929727,1,0,0,18432,13,4592454720
16753,142589170,56248885,198838055,2,0,1,10752,3,4662595674
16754,142598240,32265752,174863992,9,0,0,14848,1,491144675
16755,142601910,32392229,174994139,3,0,0,18944,5,797542015
16756,142606470,32264409,174870879,2,0,0,22528,3,4888879029
16757,142613910,56224168,198838078,5,0,1,6656,9,8025294927
16758,142622050,56266577,198888627,0,0,1,1536,19,5264947351
16759,142625040,57279659,199904699,9,0,1,368128,1,1630535118
16760,142626450,57342999,199969449,7,0,1,7168,1,5446472583
16761,142647080,57322392,199969472,5,0,1,10752,9,5848837917
16762,142648650,32702866,175351516,6,0,0,94208,2,6831648882
16763,142654759,32480967,175135726,1,0,0,15872,13,3165722354
16764,142672540,57297602,199970142,2,0,1,21504,3,1935227338
16765,142675600,32470624,175146224,4,0,0,12800,9,8864966401
16766,142679010,32714087,175393097,9,0,0,18944,1,729286384
16767,142704980,32663732,175368712,0,0,0,2560,19,6531806790
16768,142706380,32661475,175367855,5,0,0,53248,9,7212852929
16769,142718830,32223060,174941890,9,0,0,12288,1,6270821070
16770,142741580,32400721,175142301,4,0,0,21504,9,8219172008
16771,142746399,32420436,175166835,1,0,0,2048,13,6460608841
16772,142748040,32382827,175130867,5,0,0,50176,9,2093240686
16773,142751940,32130016,174881956,2,0,0,13312,3,5416854992
16774,142762410,32470161,175232571,4,0,0,12288,9,8505244884
16775,142766790,57260277,200027067,4,0,1,5120,9,5066350957
16776,142771819,32724704,175496523,1,0,0,81920,13,9837218553
16777,142774899,57252191,200027090,1,0,1,3072,13,1222503111
16778,142777320,32744951,175522271,6,0,0,43520,2,10045197004
16779,142777350,32425437,175202787,9,0,0,4096,1,7272350548
16780,142782290,57244823,200027113,0,0,1,1024,19,2225330962
16781,142788630,32469432,175258062,7,0,0,16896,1,9141268607
16782,142806150,57220986,200027136,3,0,1,1536,5,10580511067
16783,142813729,32437430,175251159,1,0,0,12800,13,8810525103
16784,142830000,32343359,175173359,6,0,0,13312,2,8636647287
16785,142839030,32622709,175461739,9,0,0,29184,1,2167074701
16786,142843190,32609634,175452824,3,0,0,11264,5,8146812040
16787,142846540,32750771,175597311,2,0,0,101376,3,9866802898
16788,142877130,32624408,175501538,5,0,0,16384,9,430766719
16789,142881160,57145999,200027159,0,0,1,512,19,6160295881
16790,142887480,33230528,176118008,0,0,0,19968,19,285688823
16791,142909230,32527842,175437072,9,0,0,1024,1,5207570044
16792,142915480,57122162,200037642,8,0,1,12800,14,1598899025
16793,142932840,32479006,175411846,5,0,0,13824,9,10450968942
16794,142942120,32519798,175461918,3,0,0,512,5,5926876950
16795,142942350,33799953,176742303,3,0,0,40960,5,499606488
16796,142942500,32751569,175694069,6,0,0,11264,2,6711944827
16797,142947680,32659478,175607158,2,0,0,17408,3,6332587916
16798,142950320,32835113,175785433,7,0,0,16384,1,5548068202
16799,142962730,32471803,175434533,3,0,0,7680,5,2267092613
16800,142965990,32466180,175432170,0,0,0,33792,19,3653098944
16801,142966079,32802460,175768539,1,0,0,65024,13,9953321992
16802,142983420,32557866,175541286,0,0,0,9216,19,8773097064
16803,143026550,32539850,175566400,3,0,0,46080,5,4155394926
16804,143037490,32618394,175655884,5,0,0,7680,9,1855348778
16805,143038239,57010366,200048605,1,0,1,5632,13,9536673475
16806,143048130,57019257,200067387,6,0,1,2560,2,10403050847
16807,143091320,32562201,175653521,2,0,0,84992,3,4092199644
16808,143101721,32751712,175853433,8,0,0,14848,14,4140221994
16809,143105490,56997780,200103270,4,0,1,29696,9,1082762631
16810,143105560,32851639,175957199,2,0,0,20992,3,2399754371
16811,143110200,32576716,175686916,5,0,0,3072,9,2998644774
16812,143111171,32902288,176013459,8,0,0,38400,14,7459253995
16813,143112899,32881931,175994830,1,0,0,7168,13,4994361915
16814,143116030,32569927,175685957,4,0,0,25088,9,6137375997
16815,143125820,32654598,175780418,6,0,0,38912,2,7850814762
16816,143128210,56977326,200105536,4,0,1,3584,9,5250987647
16817,143129280,56985749,200115029,4,0,1,7680,9,642030422
16818,143148090,32844533,175992623,4,0,0,38912,9,10312896198
16819,143148859,32829208,175978067,1,0,0,27648,13,4580040431
16820,143151880,32514273,175666153,5,0,0,12288,9,4275753656
16821,143170580,56951590,200122170,8,0,1,15872,14,201124625
16822,143172430,32690859,175863289,4,0,0,10240,9,5707399376
16823,143173310,32424336,175597646,3,0,0,1024,5,6047441877
16824,143180679,32770101,175950780,1,0,0,22016,13,9745328675
16825,143182190,56953714,200135904,6,0,1,512,2,7225835685
16826,143182580,32976452,176159032,0,0,0,94208,19,5062114978
16827,143191040,32653202,175844242,4,0,0,11776,9,7932971600
16828,143197090,32720731,175917821,5,0,0,93184,9,1273265827
16829,143198090,32841585,176039675,3,0,0,63488,5,7420541370
16830,143198480,32683407,175881887,9,0,0,53760,1,2132896389
16831,143212920,56946675,200159595,7,0,1,20480,1,2691132095
16832,143229340,33051858,176281198,5,0,0,65536,9,1215021460
16833,143238499,32815852,176054351,1,0,0,19968,13,9711558730
16834,143241560,32919523,176161083,4,0,0,6656,9,10039491860
16835,143243870,32796764,176040634,2,0,0,3072,3,8084087814
16836,143247550,32800291,176047841,4,0,0,19456,9,5790283648
16837,143250280,33179354,176429634,7,0,0,14848,1,9993699040
16838,143250329,56914412,200164741,1,0,1,8192,13,7405936810
16839,143256600,32988730,176245330,9,0,0,48640,1,7714458614
16840,143260260,32535823,175796083,2,0,0,2048,3,2492675688
16841,143275179,32582984,175858163,1,0,0,8192,13,2394165708
16842,143287660,33498377,176786037,0,0,0,1536,19,2874438890
16843,143289470,32891584,176181054,3,0,0,34816,5,1766289755
16844,143291000,32808192,176099192,0,0,0,3584,19,10256899054
16845,143295830,32828355,176124185,5,0,0,1024,9,1388167507
16846,143303290,33572155,176875445,6,0,0,38400,2,8179909528
16847,143305679,33275769,176581448,1,0,0,54784,13,10148228776
16848,143315020,33597177,176912197,2,0,0,11776,3,8878263289
16849,143327280,33036040,176363320,9,0,0,26624,1,3543859771
16850,143330610,33274052,176604662,4,0,0,18944,9,6869466336
16851,143339250,33015935,176355185,5,0,0,26624,9,9277859425
16852,143340400,32950649,176291049,2,0,0,32256,3,5480834705
16853,143361430,56809475,200170905,6,0,1,2560,2,2381294341
16854,143385620,33075410,176461030,5,0,0,15872,9,4345635587
16855,143387520,32948965,176336485,4,0,0,44032,9,4001639532
16856,143388710,33341090,176729800,7,0,0,40960,1,4846741461
16857,143393761,33046816,176440577,8,0,0,35840,14,7608996693
16858,143419600,33297674,176717274,9,0,0,39424,1,7555260513
16859,143422520,33082598,176505118,2,0,0,2048,3,7433954361
16860,143424600,33318849,176743449,0,0,0,3584,19,4647701342
16861,143433561,32766461,176200022,8,0,0,10752,14,7567482326
16862,143444491,32847517,176292008,8,0,0,3072,14,662822281
16863,143447240,33035470,176482710,5,0,0,41472,9,3694376523
16864,143451430,33292198,176743628,9,0,0,512,1,8199305363
16865,143454190,33567815,177022005,9,0,0,10752,1,4543536597
16866,143456620,56714308,200170928,8,0,1,3072,14,4392679100
16867,143458671,33208108,176666779,8,0,0,28160,14,1298637005
16868,143478789,33202765,176681554,1,0,0,10752,13,3123961502
16869,143478900,33277189,176756089,5,0,0,2560,9,5938196227
16870,143507759,32986838,176494597,1,0,0,16896,13,6402974532
16871,143509560,56661391,200170951,0,0,1,1536,19,2955401127
16872,143520290,33460570,176980860,7,0,0,4096,1,4363354973
16873,143546310,33433279,176979589,2,0,0,23040,3,1730026732
16874,143547300,33286262,176833562,9,0,0,34304,1,2361092195
16875,143558620,56612354,200170974,4,0,1,1536,9,5970147142
16876,143563730,33299992,176863722,4,0,0,38912,9,2000093808
16877,143591670,56608529,200200199,0,0,1,4096,19,6468268903
16878,143593370,33108781,176702151,7,0,0,22016,1,10342948733
16879,143593749,56607436,200201185,1,0,1,1536,13,6915857119
16880,143604250,33322284,176926534,6,0,0,17920,2,4314284681
16881,143632350,56570141,200202491,7,0,1,2048,1,4933533154
16882,143640739,33274001,176914740,1,0,0,3584,13,5935604573
16883,143656011,33456168,177112179,8,0,0,103936,14,9896845306
16884,143659940,33133373,176793313,9,0,0,13824,1,6055132408
16885,143681200,33072513,176753713,2,0,0,19968,3,1596565523
16886,143687120,33442639,177129759,3,0,0,34304,5,6168865665
16887,143699270,56508508,200207778,4,0,1,16896,9,1697718139
16888,143701121,33296780,176997901,8,0,0,14336,14,3398205231
16889,143704410,33930505,177634915,2,0,0,28672,3,7003912758
16890,143716670,33229890,176946560,0,0,0,15872,19,8807056285
16891,143735470,33043435,176778905,0,0,0,13824,19,9274776253
16892,143753730,56459194,200212924,9,0,1,8192,1,3592866891
16893,143754390,56545633,200300023,7,0,1,14336,1,9139715384
16894,143756699,33298446,177055145,1,0,0,9216,13,8045548383
16895,143766859,33717637,177484496,1,0,0,15872,13,9531384572
16896,143772870,33508260,177281130,5,0,0,61440,9,5526671804
16897,143776060,33005653,176781713,0,0,0,4096,19,4773240389
16898,143792180,56507866,200300046,2,0,1,9216,3,8037589241
16899,143826989,33435398,177262387,1,0,0,23040,13,9402460946
16900,143834060,33600072,177434132,6,0,0,45568,2,6416338473
16901,143838940,33581285,177420225,2,0,0,32768,3,919025640
16902,143842970,33671534,177514504,9,0,0,7168,1,6189369072
16903,143852650,56447419,200300069,7,0,1,2560,1,9228340220
16904,143857770,33922090,177779860,6,0,0,65024,2,2943460376
16905,143859300,32759574,176618874,2,0,0,1024,3,1430368865
16906,143866350,56433742,200300092,7,0,1,14848,1,699047479
16907,143866490,33202253,177068743,6,0,0,13824,2,2896884538
16908,143874480,33714166,177588646,0,0,0,22528,19,10277121230
16909,143875560,56447237,200322797,2,0,1,1536,3,9718898616
16910,143876190,32887747,176763937,4,0,0,3584,9,8282537388
16911,143877970,33004634,176882604,0,0,0,16896,19,7572721094
16912,143878110,33417761,177295871,2,0,0,26112,3,8357427771
16913,143884820,33100275,176985095,0,0,0,13824,19,5335758821
16914,143893510,56475657,200369167,6,0,1,2048,2,8709086061
16915,143898140,56509005,200407145,4,0,1,512,9,6815635321
16916,143910100,33489040,177399140,6,0,0,38912,2,469107239
16917,143918590,33150644,177069234,6,0,0,1536,2,1371376555
16918,143922860,56538928,200461788,2,0,1,13824,3,2356203016
16919,143926820,33029056,176955876,7,0,0,3072,1,4706856908
16920,143932291,33509196,177441487,8,0,0,24064,14,9563485391
16921,143937020,33671328,177608348,9,0,0,1536,1,4420708420
16922,143961800,33883102,177844902,0,0,0,4608,19,3036435543
16923,143971370,56513384,200484754,5,0,1,16384,9,10380597025
16924,143980700,33047109,177027809,6,0,0,10240,2,5053582190
16925,143986610,33317093,177303703,7,0,0,22528,1,7985508326
16926,143986740,33749890,177736630,0,0,0,22016,19,5582562777
16927,143998220,33470424,177468644,7,0,0,19456,1,3940298571
16928,144004529,33838938,177843467,1,0,0,74752,13,9212667832
16929,144005840,56479260,200485100,5,0,1,512,9,2497305224
16930,144006130,56612028,200618158,4,0,1,44032,9,8549787310
16931,144009280,33931980,177941260,7,0,0,38912,1,3617363991
16932,144013480,33047824,177061304,5,0,0,2048,9,5613201584
16933,144015089,33172660,177187749,1,0,0,15360,13,5872407938
16934,144019410,33286344,177305754,0,0,0,6656,19,5183126343
16935,144021201,33203700,177224901,8,0,0,7680,14,1435657370
16936,144047760,33962168,178009928,5,0,0,33280,9,3689655472
16937,144094600,33354086,177448686,3,0,0,23552,5,4915900228
16938,144099230,56634111,200733341,3,0,1,22528,5,7782761978
16939,144107800,33179445,177287245,4,0,0,19968,9,5016214700
16940,144112611,33804821,177917432,8,0,0,15872,14,10282856501
16941,144117140,33415878,177533018,6,0,0,18432,2,688306691
16942,144120770,34107709,178228479,4,0,0,2560,9,7814578905
16943,144121730,33058915,177180645,7,0,0,7168,1,10116845485
16944,144121810,33284864,177406674,6,0,0,22016,2,2688610708
16945,144130849,33523144,177653993,1,0,0,26624,13,9396815344
16946,144133400,33687268,177820668,2,0,0,22528,3,4571568168
16947,144136991,33470866,177607857,8,0,0,62976,14,3541943846
16948,144160960,33452738,177613698,2,0,0,17408,3,5885673015
16949,144171780,33627915,177799695,3,0,0,65024,5,9984462047
16950,144175790,33802043,177977833,5,0,0,112640,9,2330675495
16951,144177590,33865788,178043378,7,0,0,39936,1,3900850240
16952,144178060,33635721,177813781,4,0,0,35840,9,5546277100
16953,144182860,56550504,200733364,7,0,1,6656,1,1612470454
16954,144210600,33937076,178147676,3,0,0,33280,5,8369740614
16955,144228110,33059782,177287892,2,0,0,2048,3,1222020181
16956,144230040,33383993,177614033,6,0,0,1024,2,6064283653
16957,144237310,33004022,177241332,5,0,0,2560,9,558351781
16958,144244010,34076940,178320950,3,0,0,61440,5,9963343637
16959,144258640,33462670,177721310,3,0,0,28672,5,6424856393
16960,144263800,33112853,177376653,4,0,0,10752,9,6338462174
16961,144269431,33597661,177867092,8,0,0,57344,14,5394920266
16962,144269680,34001324,178271004,0,0,0,512,19,10449977444
16963,144279850,33616966,177896816,4,0,0,74240,9,1778896319
16964,144284010,34054458,178338468,7,0,0,7168,1,2552937712
16965,144296650,33103293,177399943,4,0,0,2560,9,81662027
16966,144300240,34165307,178465547,3,0,0,52736,5,3722141901
16967,144303020,56443798,200746818,3,0,1,12800,5,10647188489
16968,144308600,33245532,177554132,6,0,0,5120,2,5016402873
16969,144313550,33554189,177867739,2,0,0,2048,3,7437727628
16970,144315129,33387959,177703088,1,0,0,5120,13,9689773332
16971,144326580,56505955,200832535,3,0,1,11776,5,4064758186
16972,144329030,33004340,177333370,0,0,0,5632,19,8334664311
16973,144332300,33142709,177475009,5,0,0,19968,9,7194980743
16974,144338740,56494871,200833611,6,0,1,13312,2,7001342196
16975,144340100,56636451,200976551,6,0,1,20480,2,10099421873
16976,144342039,34241992,178584031,1,0,0,17408,13,457510868
16977,144342630,33599745,177942375,3,0,0,3584,5,6033127946
16978,144344690,57354249,201698939,4,0,1,249344,9,6179972244
16979,144350190,57411361,201761551,8,0,1,17920,14,6638762671
16980,144358280,33287578,177645858,5,0,0,35840,9,8719366495
16981,144363329,33373792,177737121,1,0,0,1536,13,9013839086
16982,144370950,33244830,177615780,6,0,0,5632,2,4247707795
16983,144377830,34543675,178921505,0,0,0,42496,19,6790147780
16984,144380520,33548861,177929381,2,0,0,27136,3,9138816131
16985,144385120,33417718,177802838,5,0,0,10240,9,2388792019
16986,144390050,33962169,178352219,5,0,0,45056,9,9294622575
16987,144390570,33124737,177515307,6,0,0,2560,2,7000243233
16988,144393920,57647735,202041655,4,0,1,230912,9,10623348368
16989,144423700,57652173,202075873,7,0,1,2560,1,6474231457
16990,144431780,33562658,177994438,5,0,0,38400,9,5540379140
16991,144435870,34613907,179049777,5,0,0,55296,9,1884759929
16992,144445430,33585589,178031019,5,0,0,69120,9,5586185353
16993,144447720,33615144,178062864,6,0,0,9216,2,9374113921
16994,144451630,34294937,178746567,4,0,0,11264,9,5638066670
16995,144459921,33810673,178270594,8,0,0,46592,14,6980336036
16996,144473560,33943810,178417370,9,0,0,22528,1,4071341628
16997,144474970,33817671,178292641,9,0,0,32256,1,5944464020
16998,144476440,57599456,202075896,7,0,1,512,1,6207449939
16999,144476910,33522855,177999765,5,0,0,17408,9,2692677161
17000,144480680,33998196,178478876,5,0,0,12288,9,676858666
17001,144494410,33260266,177754676,3,0,0,10752,5,1586691468
17002,144494740,33448750,177943490,0,0,0,3584,19,8057562056
17003,144499381,33614343,178113724,8,0,0,24064,14,7151904742
17004,144501681,34031156,178532837,8,0,0,9728,14,8045091128
17005,144524600,33697593,178222193,2,0,0,13312,3,10105398577
17006,144525010,33924446,178449456,3,0,0,44544,5,1175904093
17007,144530170,57546244,202076414,3,0,1,11264,5,2307804677
17008,144541100,33677014,178218114,6,0,0,124416,2,5896724018
17009,144543610,33928200,178471810,9,0,0,20480,1,36674886
17010,144549160,33610026,178159186,6,0,0,15872,2,6087643660
17011,144554810,57563328,202118138,7,0,1,1024,1,4243797563
17012,144582270,33773256,178355526,7,0,0,10752,1,515560470
17013,144585730,33393218,177978948,4,0,0,3584,9,9962049747
17014,144590891,33277027,177867918,8,0,0,512,14,8467269567
17015,144595510,34212439,178807949,0,0,0,17408,19,3962738751
17016,144626250,57493271,202119521,2,0,1,14848,3,2254474048
17017,144642750,33584926,178227676,7,0,0,17920,1,3791526481
17018,144649640,57472529,202122169,9,0,1,9728,1,9163531583
17019,144664530,33630180,178294710,2,0,0,5632,3,6284515804
17020,144669040,33995516,178664556,2,0,0,42496,3,1867607851
17021,144671300,33827904,178499204,2,0,0,23040,3,4107406881
17022,144680220,33656041,178336261,4,0,0,50176,9,9241188830
17023,144683790,34179414,178863204,7,0,0,17920,1,413321012
17024,144688920,33293795,177982715,9,0,0,12288,1,6504031358
17025,144691900,57454985,202146885,9,0,1,1536,1,10728480028
17026,144699290,34380577,179079867,4,0,0,11776,9,6952621813
17027,144705680,34486081,179191761,6,0,0,85504,2,8327150475
17028,144715411,33715839,178431250,8,0,0,9216,14,1481342734
17029,144733711,33441425,178175136,8,0,0,25088,14,10610762142
17030,144734550,34043642,178778192,6,0,0,18944,2,8273183032
17031,144738060,57412857,202150917,3,0,1,7168,5,2726734602
17032,144761541,34211729,178973270,8,0,0,78336,14,9681078472
17033,144767010,57392027,202159037,2,0,1,4096,3,8664581245
17034,144775491,34117576,178893067,8,0,0,27136,14,2253377849
17035,144803430,57357665,202161095,7,0,1,3584,1,8037710895
17036,144809890,33675432,178485322,9,0,0,10240,1,7081003013
17037,144812230,33877839,178690069,7,0,0,8192,1,1486246791
17038,144815870,34437679,179253549,6,0,0,3072,2,766197754
17039,144816100,33580008,178396108,9,0,0,56320,1,7186884530
17040,144819190,34158471,178977661,9,0,0,14336,1,4108084590
17041,144821520,34030250,178851770,3,0,0,11264,5,6749833002
17042,144823580,33473590,178297170,0,0,0,4608,19,10086409081
17043,144824489,33705361,178529850,1,0,0,50176,13,10022898521
17044,144840750,34760891,179601641,2,0,0,6144,3,873650507
17045,144865390,57320902,202186292,2,0,1,17408,3,3951592782
17046,144870749,34204935,179075684,1,0,0,30208,13,10496122406
17047,144872511,33537972,178410483,8,0,0,47104,14,7514735914
17048,144876810,34669517,179546327,3,0,0,42496,5,6571067128
17049,144888240,33739480,178627720,0,0,0,37888,19,9851976914
17050,144897840,33577269,178475109,0,0,0,10752,19,3970027307
17051,144920880,34473010,179393890,9,0,0,24576,1,74206183
17052,144921140,33626915,178548055,5,0,0,10240,9,3786486749
17053,144939060,33888148,178827208,0,0,0,14848,19,8252385551
17054,144939230,33863392,178802622,9,0,0,23552,1,5368150112
17055,144944590,34674121,179618711,3,0,0,53248,5,2197401844
17056,144948250,57239336,202187586,8,0,1,8704,14,9621270740
17057,144958609,57233470,202192079,1,0,1,18944,13,395878906
17058,144959810,33609143,178568953,9,0,0,21504,1,6915902599
17059,144972960,33701291,178674251,7,0,0,31744,1,2149097303
17060,144998980,33945981,178944961,3,0,0,44544,5,4799016052
17061,145005399,33790024,178795423,1,0,0,30208,13,1747981214
17062,145012520,34326631,179339151,9,0,0,6656,1,147016718
17063,145018159,33706309,178724468,1,0,0,17408,13,9528720918
17064,145020670,33535924,178556594,4,0,0,27136,9,1361757706
17065,145022120,33728682,178750802,4,0,0,13824,9,10200665707
17066,145024370,34082214,179106584,9,0,0,35840,1,805063437
17067,145025710,57198242,202223952,5,0,1,19968,9,9187923270
17068,145026221,33905145,178931366,8,0,0,19456,14,6454411575
17069,145027980,34691479,179719459,3,0,0,59392,5,3222775374
17070,145032400,33876134,178908534,2,0,0,50688,3,7306448043
17071,145058100,57214983,202273083,6,0,1,2048,2,8626694363
17072,145060300,33997970,179058270,3,0,0,27648,5,3377318666
17073,145067520,57463356,202530876,4,0,1,102400,9,1828322235
17074,145082040,34451316,179533356,5,0,0,119296,9,3666286868
17075,145083170,33774551,178857721,4,0,0,19456,9,7481472136
17076,145097790,57606163,202703953,4,0,1,108032,9,5036331592
17077,145104950,57646374,202751324,6,0,1,13824,2,2191035868
17078,145108690,57642657,202751347,5,0,1,4096,9,423305377
17079,145125480,34075687,179201167,7,0,0,29696,1,6049469966
17080,145136140,34565200,179701340,7,0,0,41472,1,4993133114
17081,145149170,34103420,179252590,5,0,0,31744,9,4408681030
17082,145160240,57591130,202751370,7,0,1,4608,1,3447846275
17083,145166950,57584443,202751393,9,0,1,512,1,10382580850
17084,145184529,57566887,202751416,1,0,1,1536,13,4265741856
17085,145186021,33878246,179064267,8,0,0,19456,14,3849605227
17086,145186810,33833177,179019987,4,0,0,21504,9,535608795
17087,145191950,57560274,202752224,0,0,1,2048,19,3827163499
17088,145199290,57553498,202752788,7,0,1,10752,1,3299227114
17089,145209450,33638865,178848315,4,0,0,10240,9,865658579
17090,145209620,57549546,202759166,6,0,1,2048,2,8735101839
17091,145210300,34126800,179337100,5,0,0,40960,9,6437633199
17092,145211249,33939020,179150269,1,0,0,7680,13,6263148654
17093,145213300,34086532,179299832,3,0,0,32256,5,8869956085
17094,145216320,33659887,178876207,4,0,0,2048,9,9580340008
17095,145221040,34361906,179582946,4,0,0,58880,9,2886682612
17096,145221820,57540896,202762716,9,0,1,3584,1,7338797019
17097,145227680,34080890,179308570,2,0,0,13824,3,2305084203
17098,145228600,33803225,179031825,4,0,0,26624,9,7802806731
17099,145230200,34027396,179257596,9,0,0,3584,1,4487165858
17100,145232290,34220268,179452558,4,0,0,55808,9,9886849447
17101,145244109,57520079,202764188,1,0,1,1536,13,1075170656
17102,145245760,34135754,179381514,9,0,0,10240,1,3676527388
17103,145245810,33864073,179109883,7,0,0,10752,1,5270390734
17104,145247040,34317943,179564983,7,0,0,1536,1,9120224825
17105,145248560,58306809,203555369,4,0,1,359424,9,3287998752
17106,145249350,58316704,203566054,3,0,1,1024,5,5355438161
17107,145249469,58319527,203568996,1,0,1,6144,13,3828403886
17108,145261780,58324581,203586361,2,0,1,5120,3,10397753356
17109,145261860,34642921,179904781,4,0,0,36864,9,3079119006
17110,145262760,58363028,203625788,3,0,1,29696,5,3205655628
17111,145263830,34076124,179339954,5,0,0,2560,9,8992502435
17112,145283470,34512867,179796337,4,0,0,4608,9,10335789647
17113,145285860,34473708,179759568,5,0,0,31232,9,1153847634
17114,145293770,33853023,179146793,2,0,0,10240,3,1227736741
17115,145297890,34173368,179471258,0,0,0,1024,19,2359524559
17116,145300440,34299306,179599746,9,0,0,1024,1,7704537398
17117,145306310,34288983,179595293,5,0,0,40448,9,9691982224
17118,145309280,34440749,179750029,1,0,0,29696,13,6286601986
17119,145309470,58316520,203625990,7,0,1,11776,1,3010938553
17120,145313000,34103876,179416876,2,0,0,10240,3,4584650056
17121,145314080,34233050,179547130,7,0,0,2560,1,3499436674
17122,145316050,34090183,179406233,1,0,0,23552,13,2421826728
17123,145318150,33873946,179192096,7,0,0,1024,1,9337203333
17124,145318301,34612839,179931140,8,0,0,71680,14,9794800959
17125,145318920,35018523,180337443,7,0,0,81408,1,7283021481
17126,145326589,58299424,203626013,1,0,1,1536,13,6646709325
17127,145330840,34229729,179560569,2,0,0,44032,3,6284178816
17128,145331750,34267661,179599411,0,0,0,3072,19,1626004922
17129,145369539,58268087,203637626,1,0,1,8192,13,9292892954
17130,145377020,34591220,179968240,1,0,0,9216,13,3292532942
17131,145390649,58247000,203637649,1,0,1,10240,13,10691522579
17132,145397170,34167322,179564492,3,0,0,12800,5,8149803604
17133,145399759,33881481,179281240,1,0,0,18944,13,8397075688
17134,145411170,34219904,179631074,3,0,0,25088,5,7788425583
17135,145413040,34759295,180172335,3,0,0,102400,5,8552674515
17136,145422380,58215292,203637672,3,0,1,3072,5,163889568
17137,145435600,33947592,179383192,1,0,0,512,13,457726534
17138,145476401,34593370,180069771,8,0,0,41984,14,5057378800
17139,145479360,33995197,179474557,0,0,0,10752,19,8582033003
17140,145485310,58163063,203648373,0,0,1,1024,19,2201603127
17141,145491250,34197431,179688681,2,0,0,66560,3,5714629858
17142,145497060,33985262,179482322,5,0,0,12800,9,6562329854
17143,145499490,34858881,180358371,7,0,0,23552,1,7887854653
17144,145500030,34336141,179836171,5,0,0,14848,9,774421624
17145,145502259,34322447,179824706,1,0,0,17920,13,6073509851
17146,145506380,58145263,203651643,0,0,1,18432,19,7441210149
17147,145522649,34754944,180277593,1,0,0,1536,13,383676747
17148,145529751,34068693,179598444,8,0,0,10240,14,8480962703
17149,145549110,58133979,203683089,8,0,1,1536,14,8994175304
17150,145550430,33910824,179461254,9,0,0,3072,1,3565300346
17151,145558619,34095455,179654074,1,0,0,20992,13,5359360584
17152,145585390,33885533,179470923,5,0,0,26624,9,1066798245
17153,145591700,58091735,203683435,6,0,1,512,2,439893965
17154,145605130,34164208,179769338,6,0,0,2560,2,4977740031
17155,145607930,34060448,179668378,2,0,0,16896,3,4294246031
17156,145610351,34193432,179803783,8,0,0,19456,14,3907531634
17157,145615730,34125228,179740958,2,0,0,25600,3,3450512074
17158,145625490,58088413,203713903,5,0,1,52224,9,5321715436
17159,145641970,34078916,179720886,2,0,0,4608,3,9216565099
17160,145648200,34358207,180006407,0,0,0,66560,19,4839665806
17161,145649180,34367702,180016882,5,0,0,34304,9,3641634522
17162,145653970,34239556,179893526,0,0,0,19968,19,4397507521
17163,145675760,34666542,180342302,5,0,0,15872,9,5978317448
17164,145692190,34273219,179965409,2,0,0,11776,3,304731577
17165,145715330,34218173,179933503,6,0,0,7680,2,9192131677
17166,145717309,33901581,179618890,1,0,0,512,13,10448806845
17167,145720460,34532305,180252765,5,0,0,34304,9,2458124638
17168,145727650,34063219,179790869,7,0,0,7168,1,8625174748
17169,145731411,34316439,180047850,8,0,0,8704,14,6722474494
17170,145739470,57976059,203715529,2,0,1,2560,3,9942286756
17171,145741900,58003338,203745238,0,0,1,1536,19,1692248265
17172,145742540,34726576,180469116,9,0,0,59392,1,2750592117
17173,145752560,34156632,179909192,4,0,0,11776,9,10245362192
17174,145760850,57984411,203745261,6,0,1,4096,2,2577124061
17175,145764490,34120620,179885110,3,0,0,20992,5,5274016980
17176,145780370,58284784,204065154,4,0,1,173568,9,8139199697
17177,145789210,34775565,180564775,4,0,0,33280,9,8101633969
17178,145800091,34640522,180440613,8,0,0,27648,14,9593251933
17179,145803100,58309104,204112204,4,0,1,52736,9,264934571
17180,145808409,58304768,204113177,1,0,1,12800,13,1220787611
17181,145811200,34537388,180348588,0,0,0,20480,19,6135166748
17182,145816030,34777963,180593993,4,0,0,66560,9,3459267107
17183,145816410,34142654,179959064,3,0,0,32256,5,4711536665
17184,145822510,34302871,180125381,0,0,0,45568,19,6827074731
17185,145830960,34674257,180505217,0,0,0,6656,19,7826298683
17186,145835700,34365201,180200901,6,0,0,39424,2,8131322400
17187,145838220,34593299,180431519,9,0,0,59392,1,10132480047
17188,145855870,34797697,180653567,9,0,0,11776,1,9200296846
17189,145856720,58293569,204150289,7,0,1,2560,1,4283589002
17190,145857130,58293182,204150312,6,0,1,2560,2,959751469
17191,145857640,34317915,180175555,7,0,0,5632,1,6698617354
17192,145859720,34235530,180095250,9,0,0,5120,1,8165071408
17193,145860610,58289725,204150335,7,0,1,2048,1,10244153424
17194,145862040,34684657,180546697,0,0,0,2048,19,1264876764
17195,145883031,34258081,180141112,8,0,0,19968,14,2986457736
17196,145883781,34751153,180634934,8,0,0,74752,14,2978808159
17197,145884630,34289140,180173770,2,0,0,4608,3,506127856
17198,145901770,34312232,180214002,6,0,0,9216,2,4871018758
17199,145904841,34501061,180405902,8,0,0,69120,14,7928623205
17200,145908420,34847482,180755902,2,0,0,20992,3,3129513183
17201,145914760,34681307,180596067,3,0,0,5632,5,491771964
17202,145928150,34344667,180272817,9,0,0,19456,1,568793450
17203,145929200,34250454,180179654,2,0,0,8704,3,6428882359
17204,145933410,34498756,180432166,9,0,0,2048,1,3521837338
17205,145943049,34560117,180503166,1,0,0,55296,13,10527285176
17206,145951740,34698216,180649956,2,0,0,24576,3,6938097157
17207,145952590,34883767,180836357,2,0,0,43520,3,7037243123
17208,145984330,58392756,204377086,4,0,1,120320,9,10733398740
17209,145986170,34623168,180609338,0,0,0,3584,19,7359559021
17210,146005170,58371939,204377109,5,0,1,512,9,7662298234
17211,146019620,35022228,181041848,3,0,0,7680,5,9537088410
17212,146038140,58350426,204388566,8,0,1,4608,14,7024909589
17213,146062960,34615777,180678737,7,0,0,80384,1,1968239937
17214,146067550,34407829,180475379,3,0,0,20480,5,3685339933
17215,146074880,58314454,204389334,2,0,1,11776,3,3276088995
17216,146089110,58302490,204391600,0,0,1,3584,19,9889079355
17217,146108420,34640829,180749249,7,0,0,9216,1,8318305391
17218,146112899,34394837,180507736,1,0,0,8192,13,10225312251
17219,146133119,34440571,180573690,1,0,0,29184,13,7684242854
17220,146141501,34780289,180921790,8,0,0,38912,14,7406883509
17221,146142510,34081348,180223858,2,0,0,3072,3,2199823023
17222,146146550,34535338,180681888,1,0,0,10240,13,5329625388
17223,146183830,34740292,180924122,6,0,0,512,2,4350534077
17224,146189890,58202376,204392266,0,0,1,1024,19,9925384118
17225,146213720,34895356,181109076,7,0,0,8704,1,9913538464
17226,146224540,58170915,204395455,9,0,1,3584,1,9392523398
17227,146251780,34109181,180360961,6,0,0,512,2,7232290084
17228,146256560,35008714,181265274,5,0,0,18432,9,9000877950
17229,146257750,34191319,180449069,9,0,0,1536,1,9041220871
17230,146262020,34530299,180792319,4,0,0,31232,9,10626030648
17231,146262570,34842084,181104654,5,0,0,25600,9,8505780196
17232,146263600,34215390,180478990,9,0,0,11776,1,3166781987
17233,146273210,34629528,180902738,6,0,0,8192,2,8314193723
17234,146273580,34234335,180507915,9,0,0,512,1,1544249868
17235,146276550,34591286,180867836,5,0,0,16896,9,3404440866
17236,146284470,34552378,180836848,4,0,0,1536,9,4632034949
17237,146287830,34354615,180642445,7,0,0,24576,1,8895665795
17238,146295950,34302480,180598430,0,0,0,7680,19,90123523
17239,146300600,34546411,180847011,1,0,0,33280,13,5443386160
17240,146301590,35025968,181327558,7,0,0,30720,1,3399530734
17241,146304751,34518323,180823074,8,0,0,100864,14,4956374015
17242,146306470,34774894,181081364,6,0,0,64000,2,1802698482
17243,146310000,34816274,181126274,4,0,0,51200,9,5025642023
17244,146317661,35412958,181730619,8,0,0,63488,14,32636923
17245,146350210,34304004,180654214,2,0,0,2048,3,1840899287
17246,146354520,34694371,181048891,3,0,0,23040,5,3778149664
17247,146373031,34221297,180594328,8,0,0,1024,14,7665123932
17248,146378350,34484315,180862665,3,0,0,44544,5,9451044278
17249,146389290,58235476,204624766,4,0,1,105984,9,7229025212
17250,146403059,34446003,180849062,1,0,0,6656,13,8843324658
17251,146418060,34610564,181028624,6,0,0,52224,2,5123924001
17252,146442460,34832927,181275387,4,0,0,17920,9,8313301003
17253,146445700,58180828,204626528,3,0,1,8192,5,6157648696
17254,146460210,34972981,181433191,9,0,0,43008,1,6867887930
17255,146461290,34635541,181096831,7,0,0,50688,1,9542052438
17256,146479610,34907546,181387156,7,0,0,23552,1,2138634469
17257,146487830,34726692,181214522,7,0,0,28160,1,3842501959
17258,146497050,34273252,180770302,5,0,0,12800,9,3247712721
17259,146497230,34754721,181251951,4,0,0,31744,9,7865301503
17260,146504800,35519099,182023899,0,0,0,60928,19,2708277492
17261,146515280,35362524,181877804,0,0,0,56832,19,2301222101
17262,146515730,34516973,181032703,4,0,0,13312,9,6566277635
17263,146554760,35235690,181790450,3,0,0,8192,5,7585701714
17264,146581930,34379587,180961517,5,0,0,30208,9,7231381433
17265,146587549,58039002,204626551,1,0,1,7168,13,4223846530
17266,146590580,35030632,181621212,4,0,0,18944,9,717274074
17267,146592869,35463288,182056157,1,0,0,1536,13,8345178157
17268,146593021,34413004,181006025,8,0,0,512,14,8845717745
17269,146608690,34735918,181344608,9,0,0,14336,1,10243609741
17270,146609500,58083382,204692882,7,0,1,20480,1,7953340975
17271,146613800,34338490,180952290,3,0,0,40448,5,5687075148
17272,146616270,58113747,204730017,5,0,1,16896,9,9574697357
17273,146627140,34340484,180967624,4,0,0,19968,9,4438327214
17274,146640890,34660879,181301769,2,0,0,2560,3,619083567
17275,146650540,34555379,181205919,6,0,0,41984,2,7301412074
17276,146658700,34816018,181474718,7,0,0,41984,1,5413470581
17277,146664590,34520808,181185398,9,0,0,76800,1,6805493871
17278,146670270,58213296,204883566,3,0,1,11776,5,44499222
17279,146676101,34361461,181037562,8,0,0,15872,14,8784944811
17280,146682379,58203695,204886074,1,0,1,2048,13,5939503799
17281,146700400,58187940,204888340,3,0,1,3584,5,9312789087
17282,146706850,35442785,182149635,4,0,0,15872,9,3691820329
17283,146712451,34910344,181622795,8,0,0,5120,14,3771691432
17284,146719360,34423760,181143120,5,0,0,5632,9,4137363721
17285,146725140,58236618,204961758,5,0,1,1536,9,3259278954
17286,146740540,34592813,181333353,2,0,0,18944,3,6896476030
17287,146757651,34348750,181106401,8,0,0,5632,14,1614763893
17288,146762460,34424365,181186825,5,0,0,4608,9,9693824725
17289,146772080,35384442,182156522,6,0,0,20480,2,2837508440
17290,146776470,34659864,181436334,4,0,0,10240,9,8771865748
17291,146777159,58193306,204970465,1,0,1,6144,13,6717932506
17292,146792220,34721787,181514007,5,0,0,70656,9,1944839712
17293,146792570,34546499,181339069,4,0,0,8192,9,2854656664
17294,146814390,34700599,181514989,5,0,0,3072,9,9301102724
17295,146825100,34908038,181733138,0,0,0,8192,19,6991605051
17296,146836100,34583941,181420041,9,0,0,20480,1,2964233237
17297,146843270,34523184,181366454,5,0,0,14848,9,2482312386
17298,146847360,58123451,204970811,3,0,1,512,5,1533869767
17299,146848059,34723398,181571457,1,0,0,31232,13,2064126476
17300,146864510,58345211,205209721,9,0,1,92160,1,4035101262
17301,146866850,34954056,181820906,7,0,0,17408,1,6350357836
17302,146868230,35073158,181941388,4,0,0,30720,9,7146090735
17303,146886120,58323624,205209744,8,0,1,6656,14,9912231644
17304,146904440,34495751,181400191,4,0,0,31232,9,2094447505
17305,146918150,58292446,205210596,3,0,1,1536,5,4443479538
17306,146918461,34739514,181657975,8,0,0,10752,14,4770438789
17307,146927010,34688407,181615417,0,0,0,48640,19,6036155742
17308,146932650,34612466,181545116,5,0,0,45056,9,8716697998
17309,146933680,34711461,181645141,4,0,0,512,9,8084165338
17310,146935941,34434322,181370263,8,0,0,3584,14,9515265407
17311,146943700,34458611,181402311,4,0,0,6656,9,1034426604
17312,146945420,34868369,181813789,4,0,0,16896,9,3988042113
17313,146951230,58260992,205212222,1,0,1,2560,13,7771754964
17314,146952190,35282802,182234992,4,0,0,51712,9,9127593587
17315,146953080,58259398,205212478,3,0,1,9216,5,7978110462
17316,146954340,34717611,181671951,9,0,0,32256,1,2073010206
17317,146955140,34411493,181366633,6,0,0,512,2,3541999049
17318,146955400,34630714,181586114,4,0,0,2048,9,9090462619
17319,146959920,34964206,181924126,4,0,0,10752,9,3492788925
17320,146961220,35035270,181996490,9,0,0,6656,1,5930260562
17321,146965860,35331370,182297230,9,0,0,76288,1,5274770848
17322,146968840,34946652,181915492,9,0,0,123392,1,2609608538
17323,146972590,34733372,181705962,6,0,0,13312,2,26810686
17324,146981210,35121881,182103091,6,0,0,34304,2,6937843131
17325,146981950,58601801,205583751,9,0,1,146944,1,2180638762
17326,146988070,35229928,182217998,3,0,0,60928,5,10647032371
17327,146999830,34959473,181959303,7,0,0,10240,1,2756469787
17328,147001170,58606415,205607585,2,0,1,4096,3,7892572445
17329,147002420,35102254,182104674,2,0,0,5120,3,10689808503
17330,147004580,34702029,181706609,0,0,0,2048,19,5782635106
17331,147004740,35156002,182160742,4,0,0,11264,9,3671185492
17332,147005000,58602944,205607944,3,0,1,9728,5,8255451896
17333,147013820,58594790,205608610,5,0,1,1024,9,2261463868
17334,147018900,34927035,181945935,4,0,0,14848,9,9789505647
17335,147023519,35053259,182076778,1,0,0,5120,13,5426145753
17336,147034081,35285659,182319740,8,0,0,512,14,1963619395
17337,147044090,35029878,182073968,2,0,0,12800,3,2010215230
17338,147045550,35084022,182129572,9,0,0,66560,1,3105677369
17339,147047210,35210942,182258152,0,0,0,11776,19,10103330941
17340,147058860,58558820,205617680,5,0,1,23552,9,551155561
17341,147061230,34963027,182024257,4,0,0,1024,9,8084447362
17342,147062889,34992777,182055666,2,0,0,24064,3,2575898701
17343,147069061,35327989,182397050,8,0,0,5120,14,2144123804
17344,147076979,58546389,205623368,1,0,1,2560,13,3388373051
17345,147078210,58550710,205628920,7,0,1,4096,1,4813607736
17346,147081089,35009788,182090877,1,0,0,11776,13,7796013227
17347,147105589,35373200,182478789,1,0,0,13824,13,10642016839
17348,147113290,58515653,205628943,7,0,1,12800,1,4220358465
17349,147117780,34584103,181701883,2,0,0,38912,3,5974827911
17350,147128700,58590965,205719665,0,0,1,16896,19,7883666760
17351,147134220,34791489,181925709,5,0,0,5120,9,996062330
17352,147165830,35204718,182370548,4,0,0,91648,9,2766161
17353,147169281,35204566,182373847,8,0,0,10752,14,1417405400
17354,147190390,58529298,205719688,3,0,1,1536,5,1118283802
17355,147195800,34998908,182194708,2,0,0,23040,3,8929387480
17356,147196440,35897515,183093955,4,0,0,31232,9,9237470512
17357,147198649,35100320,182298969,1,0,0,5632,13,2517279457
17358,147220670,35248043,182468713,7,0,0,40448,1,1647787849
17359,147239130,34541604,181780734,6,0,0,7168,2,9216905477
17360,147242510,34805801,182048311,5,0,0,22016,9,7103680650
17361,147246590,34730966,181977556,6,0,0,13312,2,8354569954
17362,147246780,58473578,205720358,2,0,1,512,3,6226517150
17363,147268630,58905997,206174627,9,0,1,176640,1,8449913130
17364,147268930,34651889,181920819,3,0,0,17408,5,6782080961
17365,147332910,34759706,182092616,2,0,0,5632,3,327142859
17366,147339330,35510975,182850305,9,0,0,27648,1,5462495038
17367,147351120,34892842,182243962,9,0,0,17408,1,7974651403
17368,147358310,35098033,182456343,6,0,0,32256,2,10447735054
17369,147361529,58813121,206174650,1,0,1,1536,13,7509197721
17370,147364401,34943352,182307753,8,0,0,5120,14,8496095693
17371,147375070,35199936,182575006,3,0,0,50176,5,10671316818
17372,147386260,58798264,206184524,7,0,1,5120,1,6964154145
17373,147391180,35204619,182595799,6,0,0,7168,2,8542273582
17374,147398180,35112471,182510651,9,0,0,59392,1,1860018668
17375,147402270,58803598,206205868,7,0,1,13312,1,7375003915
17376,147404220,34596700,182000920,4,0,0,2048,9,134895227
17377,147419409,35480469,182899878,1,0,0,8192,13,2055798877
17378,147423950,34645928,182069878,3,0,0,7680,5,1731679978
17379,147430689,35215123,182645812,1,0,0,9216,13,1611419256
17380,147431970,34963497,182395467,9,0,0,65024,1,9930391904
17381,147446720,58848042,206294762,9,0,1,6656,1,6457856924
17382,147446811,35107399,182554210,8,0,0,30208,14,73246694
17383,147449600,34695176,182144776,5,0,0,20480,9,5226660067
17384,147451420,35128601,182580021,3,0,0,16384,5,4314418686
17385,147461770,35577605,183039375,6,0,0,126464,2,6227205516
17386,147463840,58833508,206297348,9,0,1,4096,1,9409622979
17387,147507920,35021491,182529411,4,0,0,34304,9,4306802718
17388,147517570,35547067,183064637,2,0,0,50688,3,9378299644
17389,147521970,58777324,206299294,7,0,1,3072,1,10666649523
17390,147531020,35864424,183395444,3,0,0,8704,5,436783416
17391,147544580,34638110,182182690,3,0,0,7680,5,4629584492
17392,147545090,35339056,182884146,0,0,0,13312,19,3615211413
17393,147550830,35170204,182721034,7,0,0,23552,1,377499215
17394,147553249,58753892,206307141,1,0,1,7680,13,6783599157
17395,147556730,58754386,206311116,7,0,1,4096,1,1386427360
17396,147556900,58784277,206341177,5,0,1,11776,9,770114683
17397,147568440,34963357,182531797,5,0,0,3072,9,2815740650
17398,147577310,35180580,182757890,6,0,0,78848,2,9120698765
17399,147577820,34868672,182446492,6,0,0,60928,2,7955375036
17400,147589050,35176195,182765245,3,0,0,24064,5,6012806577
17401,147611759,35614503,183226262,1,0,0,23552,13,3749316717
17402,147617650,34686646,182304296,6,0,0,17408,2,3708312934
17403,147618700,58957369,206576069,4,0,1,69120,9,1253008108
17404,147624780,34894006,182518786,6,0,0,26624,2,1648984434
17405,147636220,60050698,207686918,0,0,1,438784,19,2158843571
17406,147638380,34736270,182374650,3,0,0,2560,5,3355796887
17407,147647100,35263160,182910260,7,0,0,22528,1,1226571023
17408,147658000,35226645,182884645,3,0,0,1536,5,10626295959
17409,147659280,36096572,183755852,9,0,0,57344,1,9693970282
17410,147662059,35909432,183571491,1,0,0,174080,13,6931585036
17411,147666760,60023384,207690144,9,0,1,5120,1,158815940
17412,147667890,34862948,182530838,3,0,0,4608,5,556125962
17413,147670470,34958650,182629120,6,0,0,20992,2,1277621329
17414,147671549,34987987,182659536,1,0,0,13312,13,1809889720
17415,147679609,35156212,182835821,1,0,0,33280,13,3212739362
17416,147687640,35917310,183604950,3,0,0,5120,5,7902940762
17417,147707970,35163082,182871052,9,0,0,40448,1,2380266840
17418,147708490,34910373,182618863,2,0,0,12288,3,8320385298
17419,147708920,35171070,182879990,4,0,0,28160,9,9993159950
17420,147710879,35508184,183219063,1,0,0,13312,13,6614864918
17421,147721260,34753294,182474554,4,0,0,18944,9,9603482742
17422,147735140,59966275,207701415,7,0,1,1536,1,3158922652
17423,147742940,35128447,182871387,6,0,0,1024,2,5367277465
17424,147744289,34655054,182399343,1,0,0,7168,13,8671389646
17425,147744680,35214734,182959414,6,0,0,41984,2,3564758917
17426,147760769,35047963,182808732,1,0,0,41984,13,5360172976
17427,147761090,59962392,207723482,7,0,1,16896,1,1451964431
17428,147782620,35317047,183099667,0,0,0,4608,19,8835337810
17429,147796370,59933835,207730205,9,0,1,8704,1,6877137502
17430,147799020,35201800,183000820,2,0,0,20480,3,714315113
17431,147807120,35495121,183302241,4,0,0,59904,9,8106759625
17432,147821300,35836920,183658220,2,0,0,52224,3,5812895527
17433,147822380,35222657,183045037,5,0,0,11776,9,6513981080
17434,147822920,35107999,182930919,9,0,0,4096,1,7307112444
17435,147823080,59907689,207730769,9,0,1,10752,1,10017664773
17436,147837720,35430267,183267987,5,0,0,34304,9,3200087851
17437,147846920,35230668,183077588,3,0,0,7168,5,4092167204
17438,147854660,34940124,182794784,7,0,0,12288,1,8908449504
17439,147864060,35177366,183041426,0,0,0,6656,19,4832233606
17440,147882400,35236062,183118462,1,0,0,18944,13,671340039
17441,147890060,35003422,182893482,0,0,0,26624,19,2020394182
17442,147890900,35254802,183145702,6,0,0,20992,2,2068771711
17443,147928780,60297120,208225900,7,0,1,322560,1,5620755332
17444,147953670,60292600,208246270,8,0,1,4096,14,1485152085
17445,147967460,35517213,183484673,4,0,0,98816,9,5317699530
17446,147969211,35407100,183376311,8,0,0,59904,14,4874820663
17447,147974970,35095108,183070078,9,0,0,9728,1,4315950715
17448,148001200,34808803,182810003,3,0,0,4096,5,5251023790
17449,148012920,35133273,183146193,1,0,0,1536,13,9048101785
17450,148017560,60233856,208251416,8,0,1,8192,14,8838251589
17451,148037880,35070745,183108625,3,0,0,1536,5,1595047395
17452,148041870,60263320,208305190,3,0,1,3072,5,7693054743
17453,148042780,35291130,183333910,0,0,0,16384,19,5130457730
17454,148044991,35543916,183588907,8,0,0,32256,14,3569954665
17455,148050910,34850083,182900993,7,0,0,3584,1,4560115978
17456,148066400,35671957,183738357,3,0,0,35840,5,8987740426
17457,148086980,34988401,183075381,2,0,0,13312,3,7818077697
17458,148092180,60218048,208310228,2,0,1,6656,3,8573435457
17459,148096300,60213951,208310251,5,0,1,3072,9,7988605050
17460,148097060,35747831,183844891,0,0,0,1536,19,3677810796
17461,148114670,35641681,183756351,5,0,0,1536,9,27072832
17462,148118790,35488367,183607157,5,0,0,7168,9,10390575754
17463,148142070,34795730,182937800,3,0,0,512,5,10534413548
17464,148150800,35421190,183571990,4,0,0,1536,9,10338118483
17465,148159150,35073531,183232681,3,0,0,20992,5,4541974513
17466,148168390,60146368,208314758,3,0,1,11264,5,9890937651
17467,148168720,34939414,183108134,5,0,0,24064,9,4176976332
17468,148177810,60141454,208319264,3,0,1,7168,5,7329949906
17469,148178310,35331906,183510216,4,0,0,6144,9,3067334020
17470,148192311,35716546,183908857,8,0,0,23552,14,87083890
17471,148194950,35642095,183837045,0,0,0,111104,19,7395760466
17472,148205620,60121704,208327324,7,0,1,2048,1,4444389249
17473,148206320,34775614,182981934,5,0,0,7168,9,9624161734
17474,148226270,35651148,183877418,3,0,0,32256,5,6227990598
17475,148251990,35727511,183979501,9,0,0,4096,1,3717205089
17476,148262300,34914316,183176616,9,0,0,14848,1,6506718397
17477,148282640,35345426,183628066,1,0,0,29696,13,2790035700
17478,148283380,60050008,208333388,5,0,1,17408,9,6088626879
17479,148296820,35211478,183508298,1,0,0,27648,13,6002228226
17480,148339810,34916588,183256398,0,0,0,6144,19,10158136673
17481,148341600,35099854,183441454,2,0,0,14336,3,8492017380
17482,148346380,35172002,183518382,7,0,0,16896,1,10466085029
17483,148349680,59985974,208335654,2,0,1,3584,3,7352703270
17484,148351740,35600011,183951751,7,0,0,57344,1,2023052409
17485,148365450,35077623,183443073,9,0,0,4096,1,6968813355
17486,148369680,35209376,183579056,1,0,0,23040,13,2482681020
17487,148372199,59964583,208336782,1,0,1,1024,13,5713825238
17488,148380920,35132283,183513203,4,0,0,9728,9,6344515086
17489,148390400,34845736,183236136,7,0,0,11264,1,9112209570
17490,148393910,35584320,183978230,7,0,0,12800,1,10623940134
17491,148398240,60189245,208587485,4,0,1,205312,9,2152824899
17492,148405200,35198167,183603367,1,0,0,19456,13,4964050522
17493,148409570,35591735,184001305,2,0,0,28672,3,5183357028
17494,148410900,60614183,209025083,0,0,1,240128,19,2985035832
17495,148414060,34824127,183238187,4,0,0,6656,9,520434623
17496,148414229,35558605,183972834,1,0,0,69120,13,7856505635
17497,148420430,60604676,209025106,8,0,1,1536,14,5714537970
17498,148429780,35618614,184048394,2,0,0,21504,3,383124769
17499,148440890,35281174,183722064,6,0,0,81920,2,3085527408
17500,148441029,60588679,209029708,1,0,1,18432,13,10533288599
17501,148449270,35145900,183595170,4,0,0,20480,9,10292666530
17502,148457970,35172420,183630390,3,0,0,4096,5,7952483179
17503,148500590,60534038,209034628,8,0,1,12288,14,3630609242
17504,148519180,34980671,183499851,1,0,0,49664,13,8974010806
17505,148520910,35323490,183844400,4,0,0,24064,9,4560450631
17506,148521460,35583598,184105058,1,0,0,4096,13,5998647378
17507,148526410,60572122,209098532,5,0,1,2048,9,10381290119
17508,148531110,35397099,183928209,3,0,0,31744,5,10698345966
17509,148535910,60581254,209117164,0,0,1,26112,19,2879464270
17510,148556350,35204704,183761054,4,0,0,15360,9,9400884606
17511,148589080,35530844,184119924,4,0,0,34304,9,860637570
17512,148591700,35211470,183803170,0,0,0,39424,19,8376651485
17513,148592150,35135241,183727391,4,0,0,17408,9,9378309082
17514,148607620,35060763,183668383,7,0,0,33280,1,6031804358
17515,148608240,35501209,184109449,3,0,0,14336,5,8231559197
17516,148610691,35559958,184170649,8,0,0,88576,14,3248893676
17517,148611241,35425878,184037119,8,0,0,2560,14,1093878643
17518,148627050,34969391,183596441,5,0,0,4096,9,10374253281
17519,148639910,35615824,184255734,6,0,0,13312,2,3538259577
17520,148649570,60468900,209118470,2,0,1,2048,3,2218413201
17521,148651200,35543285,184194485,3,0,0,31744,5,4444513806
17522,148651840,35365225,184017065,2,0,0,11264,3,1752297759
17523,148657050,35765659,184422709,3,0,0,9216,5,2043654018
17524,148670920,35776206,184447126,5,0,0,10240,9,7176410940
17525,148692360,60437878,209130238,7,0,1,4608,1,8524257796
17526,148718540,34878868,183597408,9,0,0,3072,1,4486538931
17527,148722600,35856713,184579313,3,0,0,14848,5,2722300213
17528,148723330,35955181,184678511,9,0,0,1536,1,5598289467
17529,148735730,35112841,183848571,0,0,0,10752,19,5743785280
17530,148736670,35536209,184272879,9,0,0,37376,1,3955568765
17531,148751070,60439816,209190886,0,0,1,8192,19,2883167014
17532,148762240,35573019,184335259,6,0,0,5632,2,9541868931
17533,148767330,34902012,183669342,0,0,0,3072,19,7509671591
17534,148774140,34987873,183762013,9,0,0,3072,1,9482883010
17535,148782640,60408269,209190909,9,0,1,2048,1,976162022
17536,148787130,35921935,184709065,2,0,0,6144,3,2393305408
17537,148799150,35193373,183992523,7,0,0,29184,1,7415371025
17538,148804720,35178865,183983585,3,0,0,12288,5,10736721966
17539,148810630,60380334,209190964,4,0,1,38400,9,4624003269
17540,148817000,60378150,209195150,9,0,1,6656,1,3049544067
17541,148831210,35577129,184408339,5,0,0,40960,9,6606126144
17542,148834500,35084014,183918514,3,0,0,14336,5,8244196122
17543,148841550,35528374,184369924,0,0,0,21504,19,3333818940
17544,148845690,35178212,184023902,0,0,0,6656,19,9982216002
17545,148858480,35816397,184674877,7,0,0,17920,1,10668612481
17546,148859190,35003485,183862675,1,0,0,4608,13,6647989260
17547,148873430,60322386,209195816,5,0,1,11264,9,6942111616
17548,148874089,60410101,209284190,1,0,1,25088,13,2660866606
17549,148885690,34959536,183845226,0,0,0,1024,19,10432688893
17550,148890550,35973420,184863970,7,0,0,37888,1,2041373999
17551,148914150,34860134,183774284,5,0,0,5120,9,4083907315
17552,148919310,35672078,184591388,5,0,0,6144,9,4155051078
17553,148923189,35140970,184064159,1,0,0,23552,13,3910019070
17554,148929250,35559260,184488510,6,0,0,30720,2,3561931529
17555,148933430,35040831,183974261,0,0,0,4608,19,9826286856
17556,148936520,60347693,209284213,8,0,1,2560,14,1190492444
17557,148938960,35204632,184143592,4,0,0,6656,9,570544968
17558,148948880,35278709,184227589,0,0,0,46592,19,4501692031
17559,148955030,36151345,185106375,4,0,0,26112,9,9218392110
17560,148968080,35135707,184103787,5,0,0,40960,9,1081942220
17561,148974570,35665051,184639621,3,0,0,33280,5,9119749512
17562,148975439,35457320,184432759,1,0,0,13824,13,8280285869
17563,148979080,35162415,184141495,9,0,0,14336,1,317511079
17564,148980420,35489543,184469963,3,0,0,25088,5,5223474940
17565,148980800,35389927,184370727,5,0,0,2560,9,9308380290
17566,148987350,35731117,184718467,1,0,0,3584,13,3896348310
17567,149038840,36021222,185060062,1,0,0,2560,13,10578683782
17568,149045730,60238506,209284236,8,0,1,2048,14,3578536019
17569,149046580,36159996,185206576,6,0,0,89088,2,9957817983
17570,149047900,35188448,184236348,4,0,0,28672,9,9976307126
17571,149051230,35265573,184316803,5,0,0,512,9,4334146181
17572,149053690,35081571,184135261,3,0,0,8704,5,10220787650
17573,149071519,60215780,209287299,1,0,1,5632,13,2302571554
17574,149078990,35131613,184210603,5,0,0,17920,9,10619363024
17575,149090400,35081753,184172153,4,0,0,4608,9,10086361318
17576,149096660,35154995,184251655,6,0,0,26624,2,1795047368
17577,149109500,60181428,209290928,9,0,1,2560,1,2613334884
17578,149113380,35023529,184136909,4,0,0,4096,9,10183690272
17579,149117310,60174924,209292234,9,0,1,2048,1,3283218903
17580,149128910,35130903,184259813,7,0,0,13312,1,2933415100
17581,149130920,60165500,209296420,9,0,1,6656,1,8731199154
17582,149140781,35248324,184389105,8,0,0,19456,14,2483073150
17583,149160300,35663113,184823413,1,0,0,6144,13,9386550859
17584,149189150,35259121,184448271,1,0,0,2560,13,6685338109
17585,149190990,35934195,185125185,9,0,0,1024,1,6078680894
17586,149202330,35392763,184595093,6,0,0,6144,2,7064274978
17587,149204740,35532127,184736867,5,0,0,31744,9,4554174228
17588,149210760,35152589,184363349,9,0,0,29184,1,2330590213
17589,149210930,35305784,184516714,4,0,0,4096,9,10018477488
17590,149213421,36071155,185284576,8,0,0,35328,14,131189357
17591,149214050,60083036,209297086,9,0,1,1024,1,9520189492
17592,149214881,35400284,184615165,8,0,0,58880,14,3710293067
17593,149217820,36294769,185512589,9,0,0,140800,1,8795414484
17594,149241460,35263125,184504585,5,0,0,26624,9,2464683225
17595,149242000,60059592,209301592,9,0,1,7168,1,4178496680
17596,149242370,35153466,184395836,9,0,0,22016,1,9594696603
17597,149244271,35461504,184705775,8,0,0,6144,14,3408926626
17598,149245370,35524221,184769591,9,0,0,54272,1,8528849811
17599,149246071,35259473,184505544,8,0,0,3072,14,2776404480
17600,149248110,60056388,209304498,9,0,1,4608,1,8874380384
17601,149254430,35224697,184479127,5,0,0,11776,9,2991901827
17602,149274200,35590573,184864773,6,0,0,2560,2,6405209140
17603,149279540,36100094,185379634,4,0,0,23552,9,6659724687
17604,149281061,35335211,184616272,8,0,0,2048,14,5266231988
17605,149282960,60022102,209305062,9,0,1,10752,1,8259375138
17606,149284730,35159253,184443983,9,0,0,20480,1,1651047213
17607,149300951,36163810,185464761,8,0,0,67072,14,5303708081
17608,149310090,35494722,184804812,4,0,0,512,9,3470398640
17609,149316450,60103704,209420154,8,0,1,31232,14,2009206683
17610,149326331,34948596,184274927,8,0,0,6144,14,9366550255
17611,149340291,35362377,184702668,8,0,0,22528,14,9134945046
17612,149355400,35449233,184804633,4,0,0,28160,9,1403040092
17613,149360810,35693493,185054303,1,0,0,55808,13,10568957962
17614,149366820,60053680,209420500,9,0,1,512,1,4029399214
17615,149369130,35862771,185231901,0,0,0,11264,19,757430830
17616,149374260,35192433,184566693,0,0,0,27136,19,5410525397
17617,149379791,35172156,184551947,8,0,0,11776,14,4927245671
17618,149389170,60069370,209458540,8,0,1,7168,14,483418424
17619,149390091,35385476,184775567,8,0,0,18432,14,2436597172
17620,149404910,35120853,184525763,7,0,0,25600,1,7995418071
17621,149406920,35103972,184510892,9,0,0,4096,1,512273230
17622,149408060,60063203,209471263,9,0,1,34304,1,2183847023
17623,149413590,35282191,184695781,6,0,0,23040,2,7891943990
17624,149415270,60162239,209577509,3,0,1,26112,5,6070625949
17625,149431541,35553250,184984791,8,0,0,11264,14,7861319978
17626,149438450,60145197,209583647,3,0,1,2560,5,2806673460
17627,149444780,35025830,184470610,2,0,0,2048,3,2345428462
17628,149445390,60138280,209583670,3,0,1,14848,5,9894514419
17629,149458090,35512576,184970666,6,0,0,1024,2,10239575045
17630,149459270,36133923,185593193,0,0,0,64512,19,3284012238
17631,149460880,35506441,184967321,6,0,0,53760,2,5899771626
17632,149470930,35964671,185435601,4,0,0,67584,9,4007806932
17633,149491610,60169752,209661362,8,0,1,5632,14,3936883477
17634,149511490,35840537,185352027,6,0,0,52736,2,6204691714
17635,149513640,35413413,184927053,3,0,0,512,5,5206620673
17636,149528770,35159585,184688355,0,0,0,22016,19,9755377108
17637,149534840,35203611,184738451,6,0,0,512,2,2067192300
17638,149536200,35302240,184838440,1,0,0,6144,13,3799065753
17639,149547220,34993632,184540852,1,0,0,1536,13,7393751222
17640,149548260,60113125,209661385,7,0,1,9728,1,640221889
17641,149557940,35418053,184975993,1,0,0,17408,13,6521222849
17642,149568820,60092775,209661595,7,0,1,4608,1,55230109
17643,149572280,35484698,185056978,1,0,0,8704,13,437600231
17644,149585161,35118154,184703315,8,0,0,2048,14,1637543535
17645,149586070,35250475,184836545,2,0,0,13824,3,4242103024
17646,149602160,61396073,210998233,0,0,1,591360,19,1634622781
17647,149606820,61487199,211094019,8,0,1,15872,14,2591291463
17648,149617800,61476475,211094275,0,0,1,9216,19,4969655300
17649,149624140,35665607,185289747,0,0,0,16896,19,8167094443
17650,149634740,35333072,184967812,6,0,0,1536,2,6525219581
17651,149639410,35431447,185070857,5,0,0,19968,9,8021395164
17652,149648700,36466715,186115415,5,0,0,60928,9,2621044675
17653,149655210,35554757,185209967,7,0,0,10752,1,10518466517
17654,149657651,35902667,185560318,8,0,0,40448,14,4416544422
17655,149666540,35185863,184852403,0,0,0,11264,19,7230576529
17656,149667560,35798160,185465720,3,0,0,3072,5,10601489601
17657,149670320,61426221,211096541,1,0,1,3584,13,3860216880
17658,149679350,35579067,185258417,3,0,0,8192,5,3148142595
17659,149684320,61427162,211111482,3,0,1,512,5,974565743
17660,149688840,35645045,185333885,9,0,0,72704,1,6329447389
17661,149699080,35271251,184970331,1,0,0,8192,13,5166124470
17662,149705550,35958048,185663598,6,0,0,53760,2,5051396290
17663,149723320,35340185,185063505,6,0,0,10752,2,1396189634
17664,149730570,35250766,184981336,0,0,0,17408,19,2659429795
17665,149735200,35778980,185514180,4,0,0,5120,9,7165253018
17666,149744840,61465794,211210634,0,0,1,104960,19,1343191403
17667,149752430,35467723,185220153,9,0,0,33280,1,9841759976
17668,149753350,61457307,211210657,1,0,1,5120,13,8953865620
17669,149754180,61456500,211210680,5,0,1,12288,9,3175673255
17670,149769210,36130621,185899831,6,0,0,31744,2,389609482
17671,149774590,35133322,184907912,5,0,0,22016,9,1888802929
17672,149777720,61447826,211225546,2,0,1,8192,3,1222870245
17673,149798310,61449956,211248266,0,0,1,58368,19,824709231
17674,149802620,35990333,185792953,0,0,0,72704,19,8176925316
17675,149805900,36034211,185840111,7,0,0,44544,1,5925208615
17676,149806370,35761567,185567937,5,0,0,5632,9,823017567
17677,149816091,36046778,185862869,8,0,0,5632,14,763942547
17678,149816840,35730016,185546856,6,0,0,5120,2,3975163063
17679,149825180,35328963,185154143,6,0,0,19968,2,4608713706
17680,149835540,61544565,211380105,4,0,1,89088,9,1889078948
17681,149845240,35311445,185156685,0,0,0,8192,19,4636213752
17682,149861010,61523921,211384931,1,0,1,7680,13,10428674462
17683,149863030,61532193,211395223,8,0,1,16384,14,7717274541
17684,149863750,35808763,185672513,4,0,0,29184,9,8595965768
17685,149867750,35369166,185236916,1,0,0,16384,13,9067825688
17686,149868010,61528984,211396994,7,0,1,9728,1,3958660897
17687,149872309,35114170,184986479,9,0,0,4608,1,9069143586
17688,149886480,35254743,185141223,3,0,0,2560,5,1425087936
17689,149904830,35431106,185335936,3,0,0,6656,5,10164545638
17690,149917530,61554817,211472347,9,0,1,13312,1,5972080171
17691,149943690,61539825,211483515,2,0,1,2560,3,7073738835
17692,149968479,35554596,185523075,9,0,0,10752,1,5970903109
17693,149971609,35386213,185357822,9,0,0,18944,1,10315220102
17694,149973280,35249415,185222695,4,0,0,8192,9,10165122445
17695,149989280,35477711,185466991,1,0,0,4096,13,6759726751
17696,149999570,61525326,211524896,0,0,1,69120,19,144175927
17697,150014440,35601677,185616117,0,0,0,3072,19,2141787644
17698,150021511,35343416,185364927,8,0,0,10752,14,9981553817
17699,150050220,35572443,185622663,5,0,0,7680,9,7052465489
17700,150053860,35832353,185886213,3,0,0,29184,5,2007740345
17701,150058379,35768137,185826516,9,0,0,110080,1,10147403233
17702,150071080,35398586,185469666,3,0,0,8704,5,6981805965
17703,150076210,35368092,185444302,6,0,0,28160,2,3318294256
17704,150093350,61533247,211626597,7,0,1,14336,1,9128726037
17705,150100830,35072518,185173348,0,0,0,5632,19,9621970030
17706,150127050,61499570,211626620,1,0,1,6144,13,5895964456
17707,150133910,35541301,185675211,5,0,0,7680,9,1570635885
17708,150147690,35212971,185360661,0,0,0,9216,19,2654807829
17709,150148071,35873695,186021766,8,0,0,35328,14,706377775
17710,150158359,35997151,186155510,9,0,0,11776,1,4807023876
17711,150187409,35561860,185749269,9,0,0,8704,1,5514569011
17712,150197150,35780071,185977221,0,0,0,9728,19,10720274491
17713,150201451,35669116,185870567,8,0,0,5120,14,946643019
17714,150207339,35333543,185540882,9,0,0,58368,1,5058172747
17715,150211990,61463232,211675222,4,0,1,13312,9,834108804
17716,150221470,35409462,185630932,9,0,0,3072,1,2190884506
17717,150229491,35315782,185545273,8,0,0,14336,14,9867722259
17718,150232820,35284503,185517323,5,0,0,10240,9,5718612392
17719,150237750,61470144,211707894,2,0,1,6144,3,1507616997
17720,150239050,35169150,185408200,0,0,0,15360,19,6551585891
17721,150242860,35355527,185598387,9,0,0,13824,1,5558957874
17722,150250170,35724064,185974234,3,0,0,47616,5,6150552957
17723,150266200,61463401,211729601,3,0,1,12800,5,7552821413
17724,150272720,35824108,186096828,7,0,0,50688,1,3632503160
17725,150272910,35902918,186175828,3,0,0,60928,5,3242145094
17726,150275070,35453360,185728430,6,0,0,31232,2,2068318965
17727,150281400,61449827,211731227,7,0,1,2560,1,2994370895
17728,150302370,35059250,185361620,4,0,0,3072,9,5038980620
17729,150314180,35430067,185744247,9,0,0,34304,1,9259764688
17730,150314900,35870155,186185055,4,0,0,30208,9,7774549915
17731,150318670,35524474,185843144,3,0,0,8192,5,5266123819
17732,150325410,35615730,185941140,4,0,0,2048,9,10654153524
17733,150326081,35931194,186257275,8,0,0,24576,14,5259218154
17734,150326710,35550588,185877298,4,0,0,22016,9,7972757142
17735,150350290,35952570,186302860,6,0,0,8704,2,6499307922
17736,150358140,35910311,186268451,7,0,0,13312,1,1635420802
17737,150369011,35701769,186070780,8,0,0,25600,14,9412702814
17738,150369900,35374682,185744582,4,0,0,1024,9,474871172
17739,150375360,35854234,186229594,7,0,0,54784,1,3542285392
17740,150396100,35742420,186138520,0,0,0,64512,19,4995666223
17741,150396530,35866883,186263413,1,0,0,16384,13,4908164657
17742,150423600,35466536,185890136,6,0,0,12800,2,10611745987
17743,150434180,61311838,211746018,5,0,1,13824,9,8789435802
17744,150445489,35148663,185594152,9,0,0,3072,1,4238065846
17745,150452440,35904621,186357061,4,0,0,18432,9,293824226
17746,150457370,35090601,185547971,6,0,0,3584,2,10197350862
17747,150458010,61319831,211777841,3,0,1,9728,5,178327317
17748,150463960,35405016,185868976,3,0,0,19968,5,6524132681
17749,150467510,61310346,211777856,9,0,1,5120,1,9597296104
17750,150471410,35385797,185857207,7,0,0,46080,1,10056357493
17751,150483530,35590705,186074235,0,0,0,11264,19,3661315890
17752,150502831,35132247,185635078,8,0,0,3072,14,8300786270
17753,150503000,35169848,185672848,0,0,0,1024,19,9514848969
17754,150505440,61290772,211796212,9,0,1,2048,1,3835195949
17755,150508571,35429871,185938442,8,0,0,57856,14,637920473
17756,150512560,35676597,186189157,1,0,0,5632,13,2279891754
17757,150521180,35339950,185861130,6,0,0,12800,2,4769450926
17758,150524530,35749898,186274428,6,0,0,11264,2,9653510312
17759,150547090,35368164,185915254,0,0,0,15360,19,6892364924
17760,150551100,35636318,186187418,0,0,0,7680,19,3849320752
17761,150569890,61229868,211799758,8,0,1,5632,14,2668028723
17762,150570260,35370233,185940493,7,0,0,6656,1,4677458105
17763,150574241,35618090,186192331,8,0,0,512,14,863875673
17764,150594249,35838299,186432548,1,0,0,10240,13,3788489724
17765,150601120,36095886,186697006,0,0,0,53760,19,7432004692
17766,150604710,35418639,186023349,3,0,0,5120,5,6627606376
17767,150606740,35699233,186305973,4,0,0,2048,9,2271867426
17768,150609250,35918917,186528167,6,0,0,10752,2,5423906948
17769,150611000,35855591,186466591,5,0,0,79360,9,4718442143
17770,150617360,35153355,185770715,0,0,0,1536,19,1863177929
17771,150617971,35631793,186249764,8,0,0,60928,14,2607504005
17772,150630160,61226961,211857121,2,0,1,24576,3,10292873712
17773,150644760,36060381,186705141,6,0,0,26624,2,1453062809
17774,150650679,35791709,186442388,9,0,0,12288,1,7618086423
17775,150652930,35876664,186529594,5,0,0,4608,9,3917110818
17776,150653530,35830454,186483984,6,0,0,6144,2,5334151772
17777,150661640,35681264,186342904,1,0,0,37376,13,10456985680
17778,150680780,35851957,186532737,2,0,0,10240,3,9604404953
17779,150688081,35290255,185978336,8,0,0,3584,14,5507595723
17780,150697520,35143105,185840625,4,0,0,1536,9,3960467736
17781,150709269,35192613,185901882,1,0,0,6656,13,9056487745
17782,150720340,36117973,186838313,7,0,0,26624,1,4272750683
17783,150722020,35685820,186407840,5,0,0,14848,9,8154579481
17784,150727660,61132047,211859707,4,0,1,4096,9,8467988776
17785,150747339,36451443,187198782,1,0,0,219136,13,3911410556
17786,150750800,61109253,211860053,8,0,1,512,14,8524967734
17787,150752370,36160564,186912934,6,0,0,64512,2,184475158
17788,150755169,36503919,187259088,9,0,0,2560,1,6160968114
17789,150792069,35819195,186611264,9,0,0,16384,1,2407164412
17790,150812490,61198548,212011038,0,0,1,30208,19,9355712998
17791,150816380,35857894,186674274,7,0,0,30720,1,1286464756
17792,150820970,61452420,212273390,0,0,1,266752,19,7908668168
17793,150829210,35939460,186768670,7,0,0,75264,1,9269668943
17794,150837670,35191416,186029086,4,0,0,11264,9,9751395012
17795,150843270,35725186,186568456,3,0,0,4096,5,4671938894
17796,150845009,35637080,186482089,9,0,0,19456,1,1931647890
17797,150847560,35071438,185918998,1,0,0,512,13,2539455066
17798,150848260,35971806,186820066,7,0,0,47104,1,744028552
17799,150850299,35979879,186830178,9,0,0,15872,1,1162800441
17800,150872410,35661130,186533540,6,0,0,2560,2,10089106926
17801,150875000,61409669,212284669,4,0,1,6144,9,1307689439
17802,150886940,35956856,186843796,4,0,0,17920,9,2356266299
17803,150906560,36079293,186985853,4,0,0,37376,9,4552453918
17804,150909499,35282645,186192144,1,0,0,9728,13,862798169
17805,150909730,35828844,186738574,3,0,0,47104,5,7225379396
17806,150909760,35615108,186524868,5,0,0,44544,9,6214746783
17807,150923400,35552738,186476138,0,0,0,31232,19,591772871
17808,150945210,35319162,186264372,5,0,0,3072,9,4779727371
17809,150948491,35192860,186141351,8,0,0,9216,14,307447753
17810,150954020,35825240,186779260,6,0,0,3072,2,5666346313
17811,150968880,61346284,212315164,0,0,1,45056,19,6439196117
17812,150973980,36504567,187478547,7,0,0,87040,1,8784095767
17813,150982890,35822778,186805668,4,0,0,66560,9,619061362
17814,150984809,35954223,186939032,9,0,0,70144,1,2847715033
17815,150985610,35272788,186258398,2,0,0,3584,3,1318546344
17816,150986380,35244797,186231177,3,0,0,5120,5,6985089573
17817,150991750,35781319,186773069,4,0,0,14336,9,2470456490
17818,151002201,36248588,187250789,8,0,0,45568,14,5022905127
17819,151020980,35854018,186874998,6,0,0,5632,2,5767239316
17820,151021161,35921060,186942221,8,0,0,6656,14,7825284372
17821,151022140,36016505,187038645,7,0,0,72704,1,3021993292
17822,151023159,35797897,186821056,1,0,0,512,13,5064463817
17823,151026510,36641819,187668329,3,0,0,12288,5,4942493848
17824,151034981,35359714,186394695,8,0,0,14848,14,2735921426
17825,151042460,35605182,186647642,6,0,0,3584,2,9281110760
17826,151042721,36817828,187860549,8,0,0,47104,14,7249819009
17827,151055990,61278056,212334046,4,0,1,1536,9,9175317479
17828,151060910,36002596,187063506,5,0,0,68608,9,5090572002
17829,151061050,35909625,186970675,3,0,0,65024,5,4173034828
17830,151061080,61280455,212341535,3,0,1,35840,5,1818741112
17831,151107889,35528845,186636734,1,0,0,3072,13,2490961634
17832,151119610,36833899,187953509,3,0,0,18432,5,10713551741
17833,151121511,37003536,188125047,8,0,0,10240,14,7420717471
17834,151130449,35733513,186863962,1,0,0,4608,13,1608738178
17835,151135461,35815363,186950824,8,0,0,28160,14,10481053258
17836,151139600,61203668,212343268,8,0,1,1536,14,89985499
17837,151139999,35981485,187121484,9,0,0,10752,1,7384128536
17838,151145250,37182287,188327537,7,0,0,56832,1,1876083382
17839,151183050,35734587,186917637,5,0,0,15360,9,1802365171
17840,151183600,61162894,212346494,6,0,1,5120,2,4406550805
17841,151185330,35173626,186358956,4,0,0,6144,9,4320446661
17842,151186210,35753937,186940147,6,0,0,3584,2,3008185731
17843,151186410,61170299,212356709,3,0,1,25088,5,9180429786
17844,151211030,36392995,187604025,6,0,0,14336,2,7332383779
17845,151219820,35525895,186745715,0,0,0,6144,19,906857165
17846,151240520,36158335,187398855,7,0,0,70144,1,10298047430
17847,151245190,35846138,187091328,0,0,0,9728,19,6672919021
17848,151262680,36049648,187312328,6,0,0,9728,2,9894549669
17849,151265730,35750740,187016470,4,0,0,18944,9,7452428953
17850,151276900,61081435,212358335,8,0,1,2560,14,2670637042
17851,151291259,35933557,187224816,9,0,0,41472,1,8040660490
17852,151297020,35910232,187207252,7,0,0,3072,1,8371706948
17853,151300120,35520757,186820877,6,0,0,2560,2,10297165507
17854,151324989,36477810,187802799,9,0,0,43008,1,3144295911
17855,151326130,61033191,212359321,2,0,1,1536,3,9661427515
17856,151339469,35313328,186652797,1,0,0,13824,13,2958943491
17857,151346779,36297368,187644147,1,0,0,13824,13,5860954929
17858,151354400,61007187,212361587,1,0,1,3584,13,2347087863
17859,151356820,61007353,212364173,7,0,1,4096,1,9645868252
17860,151357620,35906896,187264516,6,0,0,13312,2,7654435909
17861,151358859,36127345,187486204,9,0,0,11264,1,8186145549
17862,151376540,60992050,212368590,4,0,1,17920,9,6772747749
17863,151377830,37063473,188441303,7,0,0,5632,1,3781925783
17864,151378830,35443817,186822647,7,0,0,5120,1,5327257516
17865,151383460,35994000,187377460,1,0,0,121856,13,1164172143
17866,151384960,35700068,187085028,6,0,0,9216,2,2503975676
17867,151402300,35466372,186868672,4,0,0,9728,9,8659253712
17868,151408880,35827994,187236874,1,0,0,23552,13,3058580800
17869,151434831,35794844,187229675,8,0,0,15872,14,3666065011
17870,151439320,35842180,187281500,5,0,0,21504,9,9644685283
17871,151444810,35767301,187212111,0,0,0,15872,19,4781856178
17872,151468860,35505582,186974442,6,0,0,12288,2,6287921371
17873,151480130,60890611,212370741,0,0,1,26624,19,10533432099
17874,151491780,36117728,187609508,7,0,0,17920,1,8367815734
17875,151500410,37104156,188604566,5,0,0,87040,9,8600442429
17876,151533050,35772836,187305886,6,0,0,44032,2,827509115
17877,151549341,35516684,187066025,8,0,0,8192,14,2962453209
17878,151560420,35861294,187421714,7,0,0,9728,1,3680655350
17879,151560910,36089812,187650722,7,0,0,21504,1,9527125206
17880,151576960,36299859,187876819,2,0,0,29696,3,228067724
17881,151587420,36187288,187774708,4,0,0,23040,9,5745022940
17882,151604900,37080291,188685191,6,0,0,17408,2,753814174
17883,151608690,35874051,187482741,4,0,0,13312,9,3521184136
17884,151608981,35911237,187520218,8,0,0,74752,14,1462168956
17885,151610491,35643472,187253963,8,0,0,9728,14,4132653430
17886,151634820,36413176,188047996,3,0,0,99840,5,6425574546
17887,151638270,60733854,212372124,4,0,1,14848,9,4728301860
17888,151644410,37656340,189300750,1,0,0,84992,13,4778645638
17889,151650870,36249081,187899951,3,0,0,44544,5,3271525324
17890,151664671,35787333,187452004,8,0,0,78848,14,8940125069
17891,151675360,36015971,187691331,1,0,0,52736,13,2909178830
17892,151675510,60711456,212386966,8,0,1,11776,14,6355063009
17893,151676050,60736860,212412910,5,0,1,12288,9,942719188
17894,151678360,35572616,187250976,4,0,0,512,9,5625458189
17895,151681250,35525043,187206293,0,0,0,24576,19,8502236156
17896,151689960,35948284,187638244,4,0,0,19456,9,513687627
17897,151691400,36114230,187805630,0,0,0,9216,19,4695474248
17898,151707640,35827349,187534989,5,0,0,23552,9,2072391475
17899,151793890,60620326,212414216,2,0,1,2048,3,3480417149
17900,151797640,36190097,187987737,0,0,0,54272,19,9988643779
17901,151814339,36053409,187867748,9,0,0,23552,1,4109858501
17902,151830520,36291384,188121904,7,0,0,38912,1,2527362770
17903,151834050,35475291,187309341,6,0,0,11264,2,3553698882
17904,151844640,36440463,188285103,4,0,0,14336,9,2071119572
17905,151846800,35689148,187535948,1,0,0,3072,13,7602495412
17906,151849740,60566102,212415842,4,0,1,2560,9,9263306377
17907,151873580,35710418,187583998,6,0,0,25600,2,1691049913
17908,151888660,60560473,212449133,0,0,1,56320,19,9063743473
17909,151889521,35529206,187418727,8,0,0,1024,14,7789893716
17910,151895779,37479387,189375166,9,0,0,36352,1,1937332926
17911,151898460,35624479,187522939,4,0,0,8704,9,9685600668
17912,151904340,60567593,212471933,7,0,1,4608,1,4181289241
17913,151914790,36365922,188280712,7,0,0,16896,1,6979957035
17914,151921949,35666799,187588748,9,0,0,2048,1,8694234341
17915,151925510,35994518,187920028,7,0,0,44032,1,3564931449
17916,151929160,36290870,188220030,4,0,0,3072,9,5066224890
17917,151959710,35653009,187612719,7,0,0,1024,1,6151283391
17918,151969280,60504919,212474199,1,0,1,3584,13,5306141120
17919,151979410,60496996,212476406,4,0,1,2048,9,4631526572
17920,151983171,36482329,188465500,8,0,0,36352,14,3429120795
17921,152001200,35788472,187789672,4,0,0,28160,9,3247986019
17922,152006581,36261366,188267947,8,0,0,1024,14,2440353804
17923,152007570,38122354,190129924,0,0,0,12800,19,6235341210
17924,152008950,37994060,190003010,7,0,0,94208,1,9695620603
17925,152013150,60467442,212480592,8,0,1,6656,14,2920868560
17926,152017001,35595383,187612384,8,0,0,3072,14,5395855762
17927,152019460,36171089,188190549,1,0,0,27136,13,2446235701
17928,152031290,60453936,212485226,5,0,1,17920,9,405424073
17929,152067250,36151821,188219071,7,0,0,4096,1,3340906209
17930,152083840,37411178,189495018,5,0,0,29696,9,5825711221
17931,152091940,35518527,187610467,5,0,0,3072,9,10349191100
17932,152093460,37717043,189810503,7,0,0,61952,1,10240018270
17933,152094110,36285068,188379178,1,0,0,39936,13,1799759221
17934,152096281,35997855,188094136,8,0,0,13312,14,8287448258
17935,152099300,35453042,187552342,5,0,0,7168,9,10663971173
17936,152104150,35742024,187846174,1,0,0,15872,13,6957961336
17937,152110910,36379049,188489959,1,0,0,24064,13,7341969980
17938,152114130,35847515,187961645,6,0,0,7680,2,3631295097
17939,152115020,35822705,187937725,0,0,0,4096,19,4858520374
17940,152125350,35955396,188080746,7,0,0,3072,1,6871918651
17941,152134420,36443603,188578023,5,0,0,5120,9,10522214456
17942,152138979,35797475,187936454,9,0,0,5632,1,6481638296
17943,152143480,38068179,190211659,0,0,0,22528,19,3531594641
17944,152143690,60356194,212499884,4,0,1,26112,9,7042547223
17945,152145820,60354628,212500448,3,0,1,10752,5,611989468
17946,152147280,36323703,188470983,3,0,0,17920,5,6688439469
17947,152154080,36542566,188696646,0,0,0,2560,19,9313255193
17948,152159840,36203380,188363220,0,0,0,1536,19,963652322
17949,152163500,38197005,190360505,4,0,0,88064,9,2519515955
17950,152164470,60395701,212560171,5,0,1,90624,9,1347997995
17951,152173110,36502830,188675940,3,0,0,16384,5,2137728054
17952,152173941,36008317,188182258,8,0,0,29184,14,10303806938
17953,152197830,35549753,187747583,6,0,0,4096,2,7760505777
17954,152208229,35844938,188053167,9,0,0,16896,1,7763571274
17955,152212600,36429830,188642430,0,0,0,18432,19,7626636811
17956,152218710,35443084,187661794,1,0,0,17920,13,6582047325
17957,152219380,60345415,212564795,1,0,1,3072,13,3948163337
17958,152221479,35713236,187934715,9,0,0,48128,1,162531219
17959,152229840,60346886,212576726,7,0,1,16384,1,6060166946
17960,152234960,38227235,190462195,1,0,0,10752,13,2182599610
17961,152238320,35434298,187672618,0,0,0,5120,19,10206203213
17962,152239280,35778273,188017553,7,0,0,39936,1,5996807809
17963,152257110,35816212,188073322,4,0,0,66048,9,8069560304
17964,152265670,60316548,212582218,2,0,1,17920,3,8508412089
17965,152278200,60304786,212582986,9,0,1,11776,1,3579501345
17966,152303620,36828003,189131623,6,0,0,2560,2,3095931727
17967,152305240,37226594,189531834,7,0,0,13824,1,4157005880
17968,152331570,37060494,189392064,0,0,0,55296,19,2618862384
17969,152336720,35815213,188151933,6,0,0,6144,2,8596876577
17970,152344821,36137783,188482604,8,0,0,14848,14,80586208
17971,152346400,36008483,188354883,0,0,0,61440,19,2345349316
17972,152355440,35804865,188160305,2,0,0,14336,3,6878803617
17973,152380590,36015182,188395772,7,0,0,2048,1,860138230
17974,152406679,36115830,188522509,9,0,0,21504,1,4926017780
17975,152412130,35552502,187964632,3,0,0,9728,5,1323259977
17976,152425790,60157862,212583652,9,0,1,1024,1,9526967786
17977,152434880,60174485,212609365,0,0,1,26624,19,4510499598
17978,152442379,35632838,188075217,9,0,0,6144,1,10158224326
17979,152451310,35884830,188336140,1,0,0,28160,13,8456837325
17980,152453480,35781051,188234531,0,0,0,14848,19,5455917456
17981,152468800,35610987,188079787,3,0,0,14848,5,4904622500
17982,152476810,35890177,188366987,6,0,0,12288,2,4354931396
17983,152481010,35729739,188210749,1,0,0,61440,13,9834622947
17984,152489200,60124473,212613673,2,0,1,3584,3,344912707
17985,152492030,36243171,188735201,4,0,0,1024,9,9481521966
17986,152509680,36393354,188903034,6,0,0,7680,2,402084649
17987,152518191,35589796,188107987,8,0,0,2560,14,5954724361
17988,152518450,60095479,212613929,8,0,1,9216,14,6263586616
17989,152550659,35613326,188163985,9,0,0,11776,1,10555713374
17990,152567209,36530337,189097546,9,0,0,45056,1,8152286995
17991,152584840,36663943,189248783,0,0,0,9216,19,3570627454
17992,152585740,36035385,188621125,0,0,0,54272,19,3929650811
17993,152587420,35630372,188217792,0,0,0,23040,19,5039680387
17994,152588790,35799966,188388756,0,0,0,24064,19,9870987599
17995,152591450,35770320,188361770,0,0,0,22528,19,6002060923
17996,152600650,35877407,188478057,5,0,0,23040,9,9127959417
17997,152602460,35835195,188437655,5,0,0,13824,9,5175378847
17998,152602819,36032648,188635467,9,0,0,30208,1,7024916162
17999,152603290,36517991,189121281,5,0,0,77824,9,3466946039
18000,152612070,35769331,188381401,1,0,0,7168,13,7002718943
18001,152613140,36095909,188709049,7,0,0,1536,1,3011490040
18002,152613591,36604056,189217647,8,0,0,48128,14,3761542750
18003,152624970,59990187,212615157,1,0,1,1024,13,806527401
18004,152669090,35840268,188509358,0,0,0,10752,19,7535149011
18005,152671750,36515408,189187158,4,0,0,50688,9,330269443
18006,152690000,36674067,189364067,0,0,0,11264,19,5312520093
18007,152691690,35934542,188626232,6,0,0,4096,2,10244514882
18008,152699541,36995539,189695080,8,0,0,42496,14,2863542060
18009,152701420,59922712,212624132,0,0,1,5120,19,7523336182
18010,152706650,35918311,188624961,3,0,0,9728,5,997856162
18011,152707000,35540970,188247970,9,0,0,44032,1,9362933799
18012,152714640,59911118,212625758,7,0,1,2560,1,48632556
18013,152724950,36810202,189535152,1,0,0,4096,13,7634610318
18014,152729480,59896842,212626322,9,0,1,10752,1,5085508194
18015,152732240,35844200,188576440,5,0,0,77824,9,1274399782
18016,152736221,35978598,188714819,8,0,0,13824,14,2010088600
18017,152749780,35911881,188661661,0,0,0,17408,19,7634764011
18018,152753571,36258330,189011901,8,0,0,11776,14,61882360
18019,152758510,36068362,188826872,1,0,0,17920,13,2998426870
18020,152780610,35582119,188362729,0,0,0,3072,19,630879073
18021,152804600,36138415,188943015,3,0,0,3584,5,2090923225
18022,152813000,59815133,212628133,4,0,1,2048,9,7953183272
18023,152813620,59816459,212630079,7,0,1,3072,1,10159024513
18024,152816010,35848840,188664850,6,0,0,5120,2,10441641671
18025,152818910,36500442,189319352,7,0,0,13312,1,2967106587
18026,152821830,59809555,212631385,4,0,1,2048,9,2806916284
18027,152822960,36422992,189245952,5,0,0,25600,9,6950038070
18028,152825110,59810141,212635251,7,0,1,6144,1,1157187074
18029,152827860,36989420,189817280,9,0,0,12800,1,5549403205
18030,152828530,36853579,189682109,9,0,0,28672,1,8763009395
18031,152836619,36300244,189136863,9,0,0,16896,1,4114910534
18032,152848530,59787707,212636237,8,0,1,1536,14,4890852405
18033,152866350,35868516,188734866,1,0,0,32768,13,7960892460
18034,152867620,35576895,188444515,5,0,0,3584,9,9356539904
18035,152880510,36319619,189200129,4,0,0,42496,9,9535235120
18036,152917659,36166136,189083795,9,0,0,15360,1,5238258346
18037,152918480,35800743,188719223,3,0,0,3072,5,7771100088
18038,152921720,36157372,189079092,1,0,0,66048,13,8951971669
18039,152937840,59701969,212639809,3,0,1,5632,5,1230406426
18040,152938170,36058287,188996457,7,0,0,69120,1,5928092229
18041,152946860,36084083,189030943,0,0,0,10752,19,1257345888
18042,152956640,36204747,189161387,5,0,0,28160,9,3250334901
18043,152966130,59674345,212640475,7,0,1,1024,1,437057786
18044,152977190,59669417,212646607,2,0,1,9728,3,2239892020
18045,152984180,35637794,188621974,7,0,0,2560,1,2336874070
18046,152986430,35920643,188907073,3,0,0,3584,5,6855484005
18047,153000029,36254580,189254609,9,0,0,3072,1,2526180700
18048,153008411,35929326,188937737,8,0,0,6144,14,3360440713
18049,153014690,59633223,212647913,7,0,1,2048,1,6428671041
18050,153031420,35764285,188795705,5,0,0,26112,9,9549877660
18051,153032460,36851084,189883544,9,0,0,512,1,538769984
18052,153040420,36010645,189051065,6,0,0,60416,2,8761579939
18053,153043229,36272036,189315265,9,0,0,11776,1,5918250400
18054,153077120,35735859,188812979,6,0,0,16896,2,7956705549
18055,153081950,35893401,188975351,9,0,0,4608,1,6180560542
18056,153102990,59545909,212648899,7,0,1,1536,1,1171013010
18057,153123200,36114929,189238129,3,0,0,40960,5,9744495736
18058,153135990,36655614,189791604,3,0,0,41984,5,1843403127
18059,153162960,36801183,189964143,7,0,0,66560,1,2961584658
18060,153175470,36422461,189597931,6,0,0,69120,2,9739337749
18061,153181060,59471705,212652765,2,0,1,6144,3,3175249750
18062,153186500,36425736,189612236,7,0,0,22528,1,350323462
18063,153210370,35650144,188860514,4,0,0,31232,9,6248448478
18064,153228300,36525240,189753540,7,0,0,34304,1,8308230956
18065,153229810,36106112,189335922,5,0,0,18944,9,3888951730
18066,153229920,59470052,212699972,5,0,1,55808,9,10346983836
18067,153238330,36338518,189576848,6,0,0,9728,2,10607367701
18068,153238850,35891970,189130820,3,0,0,31232,5,9785578178
18069,153272540,35639998,188912538,4,0,0,3584,9,3013375275
18070,153274660,36132894,189407554,0,0,0,33792,19,7370748526
18071,153274711,35994652,189269363,8,0,0,10240,14,693501890
18072,153283310,59436022,212719332,9,0,1,4608,1,5735206179
18073,153295060,37444885,190739945,2,0,0,7680,3,4642875565
18074,153308791,36238783,189547574,8,0,0,30720,14,10658438604
18075,153315270,36446093,189761363,7,0,0,25600,1,9299464265
18076,153317580,35908046,189225626,7,0,0,26112,1,10578356458
18077,153321890,59398748,212720638,4,0,1,2048,9,10438339587
18078,153333570,36081807,189415377,9,0,0,25600,1,9201364211
18079,153336620,36060615,189397235,5,0,0,16896,9,5809157485
18080,153336830,36684657,190021487,0,0,0,60416,19,3121820436
18081,153338230,35973424,189311654,1,0,0,14848,13,9430129896
18082,153339931,35913719,189253650,8,0,0,15872,14,5641316877
18083,153340971,36602853,189943824,8,0,0,97280,14,7990060950
18084,153347120,59373864,212720984,9,0,1,512,1,1005258593
18085,153354110,36309077,189663187,0,0,0,37376,19,3842835999
18086,153358240,36113997,189472237,4,0,0,6656,9,192201557
18087,153360770,36474629,189835399,5,0,0,59392,9,8014134012
18088,153375180,59416953,212792133,5,0,1,133632,9,9323404335
18089,153378220,36125385,189503605,5,0,0,13824,9,1873270104
18090,153388110,36165126,189553236,7,0,0,1024,1,8186696444
18091,153389410,36640726,190030136,6,0,0,26624,2,3868400271
18092,153396980,36670018,190066998,9,0,0,120320,1,7902989776
18093,153397300,36696443,190093743,2,0,0,7680,3,7854534247
18094,153407091,36478666,189885757,8,0,0,1024,14,3204507678
18095,153411110,35791850,189202960,7,0,0,9216,1,5120263184
18096,153415890,36917760,190333650,5,0,0,25088,9,2358593364
18097,153418120,36358089,189776209,2,0,0,24064,3,3369280078
18098,153422980,36663073,190086053,6,0,0,62464,2,2968790339
18099,153424140,36446683,189870823,3,0,0,42496,5,9976078267
18100,153424360,37400207,190824567,5,0,0,64512,9,10735672174
18101,153427070,59368466,212795536,3,0,1,2560,5,9903614164
18102,153429080,36424819,189853899,7,0,0,34304,1,6652307078
18103,153429350,36384007,189813357,0,0,0,6144,19,1701333613
18104,153429510,36600805,190030315,1,0,0,512,13,5519887766
18105,153433210,36818834,190252044,7,0,0,27136,1,6744602104
18106,153435310,37557767,190993077,2,0,0,44544,3,3651021666
18107,153437390,59361744,212799134,2,0,1,1024,3,8322922888
18108,153438620,37298954,190737574,9,0,0,29696,1,5754772829
18109,153439120,59501750,212940870,5,0,1,209920,9,6112897163
18110,153439380,36804373,190243753,3,0,0,56832,5,8282951515
18111,153449470,36676531,190126001,6,0,0,11264,2,4674558541
18112,153459160,36104071,189563231,5,0,0,22528,9,1172365807
18113,153464380,37018257,190482637,2,0,0,16896,3,4151769437
18114,153486510,36186840,189673350,0,0,0,33280,19,9699391442
18115,153488050,37569324,191057374,0,0,0,50176,19,8127978073
18116,153494130,37112977,190607107,7,0,0,20992,1,8565827450
18117,153494260,36869887,190364147,0,0,0,4608,19,10419265582
18118,153502710,59441386,212944096,1,0,1,5120,13,8682564710
18119,153526801,35833811,189360612,8,0,0,3072,14,1392619950
18120,153530550,36919800,190450350,4,0,0,13824,9,10132397875
18121,153531170,36657388,190188558,7,0,0,19968,1,10719964493
18122,153539710,36013191,189552901,6,0,0,17408,2,2526469507
18123,153543110,59404532,212947642,9,0,1,5632,1,8825659072
18124,153551810,36470168,190021978,3,0,0,1536,5,5064551765
18125,153551860,59400288,212952148,2,0,1,7168,3,3886486314
18126,153552520,59402534,212955054,8,0,1,4608,14,5070856785
18127,153560260,59398980,212959240,4,0,1,6656,9,8926950582
18128,153563210,36528170,190091380,2,0,0,17408,3,9140024347
18129,153565620,36556926,190122546,3,0,0,71168,5,4318145348
18130,153567410,36275991,189843401,7,0,0,16384,1,7620509420
18131,153567550,36315807,189883357,4,0,0,40960,9,10428776636
18132,153569290,36056558,189625848,6,0,0,14336,2,10336251318
18133,153573740,36901595,190475335,7,0,0,5632,1,9957874560
18134,153577420,36554555,190131975,6,0,0,6656,2,8037972621
18135,153584531,36121313,189705844,8,0,0,5120,14,10077721816
18136,153586711,37407949,190994660,8,0,0,5120,14,7339106929
18137,153604390,59358396,212962786,4,0,1,5632,9,8530700929
18138,153607940,37497674,191105614,3,0,0,16384,5,7597209175
18139,153616670,36145496,189762166,3,0,0,2560,5,10454568126
18140,153625040,36186422,189811462,6,0,0,3072,2,3886001898
18141,153644050,36582121,190226171,5,0,0,2560,9,7125889599
18142,153647540,36624365,190271905,3,0,0,65024,5,5605921612
18143,153655310,37600537,191255847,0,0,0,45056,19,9210444612
18144,153664830,37550436,191215266,1,0,0,9728,13,9194805918
18145,153668430,36099568,189767998,2,0,0,6144,3,2426486486
18146,153669870,59294862,212964732,3,0,1,3072,5,7385932203
18147,153676480,36462059,190138539,0,0,0,19456,19,7040735998
18148,153680420,36733959,190414379,9,0,0,13824,1,10118311992
18149,153707350,36578570,190285920,6,0,0,40960,2,392063033
18150,153709190,36708488,190417678,0,0,0,10752,19,3974476395
18151,153742040,36793912,190535952,4,0,0,52736,9,4079140398
18152,153746431,36091955,189838386,8,0,0,9728,14,10288207547
18153,153765170,37796059,191561229,1,0,0,44032,13,9920294699
18154,153774911,37491222,191266133,8,0,0,8192,14,5491960997
18155,153780100,37587785,191367885,1,0,0,47616,13,3492889447
18156,153785340,59196673,212982013,4,0,1,27136,9,1342061286
18157,153790881,36937622,190728503,8,0,0,45568,14,1727518222
18158,153799770,36425598,190225368,7,0,0,33792,1,68889862
18159,153808860,59180202,212989062,8,0,1,6656,14,7745090805
18160,153812250,36326624,190138874,4,0,0,1024,9,9149629992
18161,153821370,36339217,190160587,6,0,0,6144,2,933567915
18162,153832890,37836513,191669403,5,0,0,45056,9,2503901230
18163,153834350,36548073,190382423,9,0,0,17920,1,10387222780
18164,153835810,37653343,191489153,7,0,0,52224,1,8136791702
18165,153844270,36565874,190410144,1,0,0,17920,13,2272930385
18166,153845030,59148244,212993274,9,0,1,6656,1,274186871
18167,153851571,36245804,190097375,8,0,0,5632,14,3759856605
18168,153876220,59144645,213020865,3,0,1,20480,5,2188612452
18169,153878430,37526753,191405183,7,0,0,4608,1,5760418979
18170,153883331,36768188,190651519,8,0,0,9728,14,2442819269
18171,153885780,37017186,190902966,3,0,0,44032,5,1169957448
18172,153905750,59203732,213109482,3,0,1,189440,5,94044538
18173,153911770,36240320,190152090,4,0,0,6144,9,5484083026
18174,153913260,59197093,213110353,1,0,1,12288,13,8586895
18175,153920570,59195787,213116357,2,0,1,20480,3,514610376
18176,153923500,36522615,190446115,2,0,0,48640,3,4995862462
18177,153933230,59247931,213181161,3,0,1,105472,5,4209378725
18178,153937800,36354695,190292495,6,0,0,21504,2,9296668087
18179,153942390,37153662,191096052,1,0,0,71680,13,1894925813
18180,153947770,36762435,190710205,1,0,0,82944,13,4695186261
18181,153954830,37910380,191865210,1,0,0,48128,13,9339247359
18182,153955120,36812475,190767595,1,0,0,1024,13,5192871793
18183,153957310,36710931,190668241,7,0,0,13824,1,9933557342
18184,153964760,36672274,190637034,5,0,0,15360,9,4513754694
18185,153976510,37792560,191769070,9,0,0,87552,1,4083323261
18186,153977730,36597859,190575589,4,0,0,44032,9,5706479529
18187,153978530,36617561,190596091,2,0,0,14336,3,6053941715
18188,153989450,37648140,191637590,1,0,0,86528,13,9909230165
18189,153990370,37538070,191528440,1,0,0,38400,13,8474628789
18190,153993200,37205461,191198661,3,0,0,72192,5,10245021826
18191,154037621,36885453,190923074,8,0,0,55296,14,462933324
18192,154038770,37247307,191286077,6,0,0,19968,2,8043766135
18193,154039180,36323532,190362712,9,0,0,7168,1,6729740138
18194,154041730,59182854,213224584,5,0,1,52224,9,4912280740
18195,154045791,37421236,191467027,8,0,0,44544,14,9984691775
18196,154048060,37339785,191387845,9,0,0,30208,1,9308942703
18197,154049760,37453167,191502927,0,0,0,2048,19,8623520315
18198,154052031,37927806,191979837,8,0,0,49152,14,6167769697
18199,154063300,59184441,213247741,4,0,1,34816,9,7150128688
18200,154073680,37138599,191212279,9,0,0,6144,1,9170806769
18201,154084640,59168593,213253233,2,0,1,7168,3,3063863134
18202,154086510,36908805,190995315,0,0,0,2048,19,8855761319
18203,154097970,59158829,213256799,3,0,1,10752,5,4069169906
18204,154103150,36301062,190404212,7,0,0,6656,1,1782308136
18205,154105490,36732847,190838337,9,0,0,10240,1,228618150
18206,154111930,36692958,190804888,3,0,0,10752,5,2257178303
18207,154125670,37276082,191401752,7,0,0,45568,1,9438322634
18208,154147700,36889846,191037546,2,0,0,105472,3,2869709041
18209,154147710,59113595,213261305,8,0,1,7168,14,1194279004
18210,154156860,37874167,192031027,6,0,0,31232,2,10302317599
18211,154182080,37537543,191719623,3,0,0,25600,5,1373141686
18212,154192460,59069191,213261651,4,0,1,512,9,3580924241
18213,154196470,36763808,190960278,7,0,0,15360,1,4280962643
18214,154203440,59061437,213264877,9,0,1,5120,1,4435166922
18215,154208340,36951030,191159370,3,0,0,6144,5,7135177786
18216,154214850,37894831,192109681,4,0,0,26112,9,6775910961
18217,154222151,36492445,190714596,8,0,0,14336,14,652677615
18218,154232191,36747291,190979482,8,0,0,58368,14,9983751617
18219,154233160,37120148,191353308,6,0,0,51712,2,7218979292
18220,154237530,37279171,191516701,4,0,0,45056,9,2069290516
18221,154252820,59014323,213267143,3,0,1,3584,5,7400760178
18222,154255040,59015649,213270689,3,0,1,5632,5,2566997458
18223,154268190,59007888,213276078,9,0,1,17408,1,2093661092
18224,154269960,59006464,213276424,8,0,1,512,14,9797867197
18225,154270830,59009140,213279970,9,0,1,5632,1,10663565058
18226,154271970,59048457,213320427,3,0,1,59392,5,9131899510
18227,154277400,36668802,190946202,4,0,0,21504,9,5911818206
18228,154298870,36629969,190928839,4,0,0,3584,9,3997011757
18229,154322170,59041314,213363484,5,0,1,95232,9,1597376187
18230,154323950,36740894,191064844,2,0,0,9728,3,4235197388
18231,154326239,36884145,191210384,1,0,0,38400,13,3947912886
18232,154363530,37594359,191957889,3,0,0,29184,5,9402109578
18233,154370910,58993445,213364355,8,0,1,12288,14,1015313104
18234,154373600,37055701,191429301,1,0,0,58880,13,998781828
18235,154386060,58981867,213367927,3,0,1,5632,5,2245637845
18236,154401210,36699389,191100599,5,0,0,14848,9,10235179533
18237,154414950,37087330,191502280,7,0,0,43008,1,5430884781
18238,154432900,37147875,191580775,3,0,0,30208,5,8378225232
18239,154443440,37141749,191585189,3,0,0,512,5,1753213845
18240,154448019,37764943,192212962,1,0,0,30208,13,7344927337
18241,154476280,58894233,213370513,9,0,1,4096,1,9479988495
18242,154505681,37595461,192101142,8,0,0,54784,14,7168765347
18243,154513190,36786638,191299828,7,0,0,45056,1,7878435802
18244,154514801,36748813,191263614,8,0,0,7168,14,1444357597
18245,154515589,36764381,191279970,1,0,0,44032,13,393637921
18246,154522230,58849909,213372139,4,0,1,2560,9,6888176992
18247,154525320,37784459,192309779,5,0,0,75776,9,4971720907
18248,154545279,36887789,191433068,1,0,0,12288,13,9008327972
18249,154558430,58814375,213372805,4,0,1,1024,9,6334189405
18250,154561640,36984135,191545775,5,0,0,23040,9,2791261742
18251,154563779,37007769,191571548,1,0,0,33792,13,2445299976
18252,154589990,58783161,213373151,8,0,1,512,14,8537634081
18253,154596330,36776079,191372409,2,0,0,13312,3,8377243250
18254,154599060,36639797,191238857,5,0,0,1024,9,7010135980
18255,154620760,58821875,213442635,5,0,1,161792,9,6001394463
18256,154623760,58833470,213457230,4,0,1,15872,9,6772261324
18257,154634890,37262412,191897302,5,0,0,7680,9,2365366590
18258,154638599,37153471,191792070,1,0,0,23552,13,8415011858
18259,154641449,36943561,191585010,1,0,0,13824,13,6285870205
18260,154643609,36885790,191529399,1,0,0,3072,13,5223486359
18261,154653790,58811877,213465667,5,0,1,21504,9,9697638100
18262,154658390,37747373,192405763,6,0,0,53760,2,2187259937
18263,154659509,36995135,191654644,1,0,0,25088,13,4037096165
18264,154661100,36871286,191532386,3,0,0,9728,5,8955502100
18265,154670229,36976748,191646977,1,0,0,11264,13,3832292899
18266,154687300,58784672,213471972,9,0,1,10240,1,6746943707
18267,154687520,58784798,213472318,3,0,1,512,5,178461677
18268,154694420,37921241,192615661,3,0,0,69632,5,8499355489
18269,154702710,36979448,191682158,2,0,0,25088,3,7913118941
18270,154718950,58806344,213525294,5,0,1,59392,9,4617641465
18271,154721640,37482095,192203735,2,0,0,54272,3,9405997693
18272,154723810,36950681,191674491,9,0,0,16384,1,6143550324
18273,154749080,37141851,191890931,4,0,0,46080,9,1904984552
18274,154771489,37177485,191948974,1,0,0,41472,13,7091141787
18275,154779150,37668841,192447991,2,0,0,104448,3,9976622977
18276,154780990,37711194,192492184,3,0,0,4608,5,9302473603
18277,154782130,36829073,191611203,4,0,0,15360,9,3169503834
18278,154784330,37695952,192480282,6,0,0,10752,2,9326356299
18279,154790970,37598382,192389352,3,0,0,18944,5,9626195841
18280,154798440,58727418,213525858,7,0,1,10752,1,2266524903
18281,154811320,58715614,213526934,7,0,1,13312,1,5389499138
18282,154836779,37001647,191838426,1,0,0,49664,13,9238653140
18283,154837260,36885974,191723234,3,0,0,11776,5,5280233266
18284,154840060,37396379,192236439,7,0,0,17920,1,6027236737
18285,154844659,36688218,191532877,1,0,0,1536,13,4543258890
18286,154845709,36841822,191687531,1,0,0,8192,13,9183687363
18287,154853410,36887515,191740925,4,0,0,16896,9,10623704708
18288,154854950,58672343,213527293,1,0,1,9728,13,3554883592
18289,154860040,36984493,191844533,4,0,0,19968,9,5866444860
18290,154876160,58652806,213528966,0,0,1,10752,19,10596253974
18291,154881000,36968392,191849392,5,0,0,15872,9,10469111290
18292,154881440,58663554,213544994,3,0,1,18944,5,2940604630
18293,154881740,37180251,192061991,4,0,0,20480,9,1497861622
18294,154882710,58674618,213557328,4,0,1,3072,9,3111064232
18295,154888100,58669574,213557674,7,0,1,512,1,1034276200
18296,154893449,37224726,192118175,9,0,0,2560,1,6160268095
18297,154897869,36880735,191778604,1,0,0,1536,13,3561988802
18298,154911099,37422883,192333982,1,0,0,79360,13,10618156310
18299,154916490,58649876,213566366,8,0,1,13824,14,7592009359
18300,154942650,58630741,213573391,9,0,1,1024,1,905038468
18301,154949130,58628447,213577577,8,0,1,6656,14,2549027327
18302,154968090,37592118,192560208,4,0,0,30208,9,4190443916
18303,154969010,37414547,192383557,9,0,0,102400,1,8934225461
18304,154998880,58579875,213578755,3,0,1,13824,5,6878048544
18305,155019360,36966740,191986100,3,0,0,20480,5,10650587615
18306,155037300,58545321,213582621,5,0,1,6144,9,7058311672
18307,155040560,36950301,191990861,4,0,0,8192,9,10633114230
18308,155044630,36805885,191850515,7,0,0,3584,1,3140508224
18309,155056821,37174135,192230956,8,0,0,33280,14,8788451296
18310,155064429,37647995,192712424,1,0,0,16896,13,5831484779
18311,155083970,36924146,192008116,5,0,0,2560,9,4513572583
18312,155097940,37318204,192416144,6,0,0,32768,2,2231437609
18313,155102270,37152473,192254743,3,0,0,32256,5,8010691682
18314,155105790,37384967,192490757,7,0,0,34304,1,10270754089
18315,155138690,37213644,192352334,2,0,0,41984,3,4617102927
18316,155154250,58436357,213590607,0,0,1,1536,19,10496640855
18317,155161539,58429734,213591273,1,0,1,1024,13,3214622975
18318,155177630,37156554,192334184,4,0,0,512,9,4842801678
18319,155186730,37277710,192464440,6,0,0,8192,2,2871218449
18320,155189621,36969189,192158810,8,0,0,23552,14,2849737239
18321,155190410,37258852,192449262,2,0,0,4096,3,1297675304
18322,155192080,58402739,213594819,8,0,1,5632,14,2773371877
18323,155195061,37464639,192659700,8,0,0,6656,14,8603314062
18324,155197910,58397882,213595792,8,0,1,12800,14,3013521346
18325,155213950,58390893,213604843,2,0,1,5632,3,5641332971
18326,155214350,37247571,192461921,3,0,0,41472,5,7150085175
18327,155216540,37680127,192896667,9,0,0,112128,1,1723626333
18328,155217410,37122101,192339511,3,0,0,17408,5,979674840
18329,155218000,37002793,192220793,5,0,0,25600,9,5321098436
18330,155223800,37394380,192618180,3,0,0,8192,5,2173187420
18331,155225290,37569524,192794814,2,0,0,7680,3,6385715933
18332,155231130,37053973,192285103,2,0,0,28672,3,4390939337
18333,155246470,37487372,192733842,4,0,0,15360,9,7131215668
18334,155250010,58357099,213607109,3,0,1,3584,5,574298198
18335,155250129,37900993,193151122,1,0,0,51712,13,10371638385
18336,155256150,37826758,193082908,3,0,0,121344,5,6887699979
18337,155260330,37468809,192729139,6,0,0,54784,2,6723988263
18338,155275770,58332005,213607775,9,0,1,1024,1,1333970314
18339,155285420,37354624,192640044,4,0,0,7680,9,64547206
18340,155289290,37704664,192993954,7,0,0,8704,1,3991168217
18341,155294600,37452096,192746696,5,0,0,2048,9,3834855741
18342,155304240,37800398,193104638,5,0,0,56320,9,1616654233
18343,155319299,37787702,193107001,1,0,0,7680,13,10313302249
18344,155334730,58274031,213608761,0,0,1,1536,19,3210214123
18345,155344740,37291403,192636143,0,0,0,58880,19,5333108901
18346,155348240,58264387,213612627,4,0,1,6144,9,8897914907
18347,155358941,37774423,193133364,8,0,0,10752,14,99671942
18348,155367250,37278433,192645683,3,0,0,18432,5,3544581474
18349,155370221,37809509,193179730,8,0,0,1024,14,2063295606
18350,155383980,58232513,213616493,9,0,1,6144,1,8362812691
18351,155384080,37153533,192537613,6,0,0,9728,2,3270097697
18352,155384450,37403037,192787487,4,0,0,3584,9,8995286594
18353,155387501,37392042,192779543,8,0,0,12800,14,2531767875
18354,155398640,37463840,192862480,7,0,0,21504,1,3193631203
18355,155400650,37965059,193365709,7,0,0,30720,1,3794277440
18356,155401111,37454794,192855905,8,0,0,10240,14,3722967866
18357,155422510,37323531,192746041,3,0,0,39936,5,2163668643
18358,155422890,37505811,192928701,2,0,0,32256,3,8638338713
18359,155435120,37396809,192831929,2,0,0,7168,3,8851640384
18360,155439710,37812929,193252639,4,0,0,33792,9,2644536425
18361,155440190,37256784,192696974,0,0,0,9728,19,7856781353
18362,155443760,58183504,213627264,1,0,1,21504,13,6149304605
18363,155447430,58196452,213643882,9,0,1,9728,1,5241118417
18364,155448790,37556731,193005521,9,0,0,37888,1,9075244643
18365,155449809,37308292,192758101,1,0,0,2048,13,533154832
18366,155451390,37592310,193043700,4,0,0,1024,9,9268405657
18367,155453360,37465490,192918850,9,0,0,72704,1,7646069897
18368,155455570,37856983,193312553,0,0,0,1024,19,2407770266
18369,155457419,37630036,193087455,1,0,0,14848,13,5750843303
18370,155463510,58188603,213652113,3,0,1,23040,5,2236063623
18371,155472440,37561551,193033991,2,0,0,49152,3,2961291048
18372,155473261,37736369,193209630,8,0,0,54272,14,1574579144
18373,155482120,37343813,192825933,4,0,0,5120,9,798062275
18374,155482720,38122425,193605145,6,0,0,8704,2,5185784203
18375,155483390,58186450,213669840,9,0,1,24064,1,5061564513
18376,155496429,37969713,193466142,1,0,0,71168,13,1468386179
18377,155498070,58181563,213679633,9,0,1,24064,1,7328763356
18378,155501670,37677725,193179395,7,0,0,51200,1,7129861293
18379,155512421,37680650,193193071,8,0,0,19456,14,10442734507
18380,155522900,58167210,213690110,7,0,1,1536,1,7785284312
18381,155523180,38103373,193626553,7,0,0,51712,1,6093763251
18382,155536259,37967860,193504119,1,0,0,111616,13,9526800331
18383,155544060,37841808,193385868,0,0,0,25600,19,4911237008
18384,155544080,37619692,193163772,2,0,0,9728,3,2688227974
18385,155549750,38169431,193719181,3,0,0,5632,5,2052534517
18386,155557180,37742942,193300122,6,0,0,57856,2,7132029049
18387,155561320,58129456,213690776,1,0,1,1024,13,7454648558
18388,155563301,37903020,193466321,8,0,0,512,14,8261579705
18389,155565990,37746220,193312210,6,0,0,16896,2,9381431819
18390,155566099,37658998,193225097,9,0,0,50688,1,10435450363
18391,155586359,37769792,193356151,1,0,0,28160,13,9772608187
18392,155588680,37986093,193574773,4,0,0,2560,9,237275784
18393,155589519,37717520,193307039,1,0,0,7168,13,1977247529
18394,155590340,37565174,193155514,3,0,0,5632,5,9035925868
18395,155595720,38077973,193673693,4,0,0,1024,9,9924572362
18396,155604480,37919543,193524023,3,0,0,26624,5,6344212421
18397,155606739,37977423,193584162,9,0,0,25088,1,2847821990
18398,155612390,38083929,193696319,7,0,0,14336,1,5354589917
18399,155637450,37913180,193550630,3,0,0,38912,5,9235689982
18400,155644630,37957840,193602470,0,0,0,9728,19,10099823038
18401,155646980,37942353,193589333,0,0,0,16896,19,4109514004
18402,155649631,37905546,193555177,8,0,0,14848,14,6636687857
18403,155657651,37812437,193470088,8,0,0,12288,14,9744042089
18404,155670720,37842158,193512878,3,0,0,28672,5,503805272
18405,155685809,37745573,193431382,1,0,0,1024,13,9205387108
18406,155691239,37710547,193401786,9,0,0,8704,1,4795244522
18407,155695461,37974122,193669583,8,0,0,7168,14,10412722299
18408,155696541,38019407,193715948,8,0,0,19968,14,4563042943
18409,155697709,38137878,193835587,1,0,0,58880,13,5497993706
18410,155707800,57987802,213695602,0,0,1,7680,19,4359265876
18411,155723411,38233002,193956413,8,0,0,32768,14,6148244188
18412,155725280,37948070,193673350,2,0,0,12288,3,243683805
18413,155735790,37909406,193645196,0,0,0,7680,19,2531359685
18414,155745180,38381436,194126616,7,0,0,30720,1,10447792363
18415,155764530,38077320,193841850,9,0,0,20480,1,7452101215
18416,155770670,57938021,213708691,2,0,1,11776,3,8084972070
18417,155780060,57960195,213740255,0,0,1,30208,19,574861771
18418,155780210,37887166,193667376,4,0,0,19456,9,4055217158
18419,155781400,37910528,193691928,7,0,0,9216,1,3054379069
18420,155794339,37967491,193761830,1,0,0,3072,13,3956181372
18421,155800739,38003245,193803984,1,0,0,16896,13,1101649397
18422,155802210,37941636,193743846,6,0,0,2048,2,7992699223
18423,155805920,37932874,193738794,6,0,0,5632,2,9545132627
18424,155807119,37967597,193774716,1,0,0,31744,13,2913753370
18425,155807940,57933903,213741843,2,0,1,15872,3,9866911857
18426,155824150,37902898,193727048,9,0,0,5120,1,3230234473
18427,155832600,38010997,193843597,2,0,0,5632,3,669243479
18428,155834480,38095667,193930147,7,0,0,2048,1,5240593213
18429,155839880,37918614,193758494,5,0,0,12288,9,710264208
18430,155844760,38101646,193946406,6,0,0,49664,2,157616586
18431,155848140,38081360,193929500,5,0,0,35328,9,1473294008
18432,155860759,38023547,193884306,1,0,0,7168,13,3073875466
18433,155868950,57874481,213743431,9,0,1,15872,1,3646296254
18434,155874620,38216372,194090992,7,0,0,5632,1,10131059646
18435,155892400,38072781,193965181,7,0,0,9216,1,1413234150
18436,155893950,57851210,213745160,2,0,1,512,3,317885169
18437,155901670,38280346,194182016,2,0,0,27136,3,3785365952
18438,155911130,57835976,213747106,4,0,1,3072,9,5850970673
18439,155930060,57821552,213751612,1,0,1,7168,13,5252026778
18440,155930140,37988573,193918713,5,0,0,17920,9,582534917
18441,155944470,57817284,213761754,6,0,1,7168,2,3408489604
18442,155948280,38535046,194483326,9,0,0,15872,1,2936149414
18443,155948950,57813470,213762420,4,0,1,1024,9,7067259525
18444,155951720,38042495,193994215,5,0,0,2560,9,7750109417
18445,155960649,38213076,194173725,1,0,0,50176,13,6244267457
18446,155960670,38290368,194251038,4,0,0,24576,9,1350231999
18447,155967390,38285712,194253102,5,0,0,6144,9,6791979990
18448,155972480,57791566,213764046,7,0,1,2560,1,7830933192
18449,155973100,38116153,194089253,5,0,0,9728,9,9799142457
18450,155973840,38372350,194346190,9,0,0,102400,1,239561374
18451,156001700,57763626,213765326,7,0,1,14336,1,9085670994
18452,156006300,38388292,194394592,4,0,0,33280,9,1426358441
18453,156023890,38134524,194158414,3,0,0,36352,5,3000075099
18454,156037190,39241529,195278719,3,0,0,22528,5,10196360604
18455,156048900,38191653,194240553,6,0,0,14848,2,3612417134
18456,156072881,38387286,194460167,8,0,0,55296,14,10563452205
18457,156084589,38349975,194434564,1,0,0,8192,13,4846879942
18458,156086680,38470087,194556767,4,0,0,37376,9,6935839933
18459,156089390,38320442,194409832,5,0,0,7680,9,10492081865
18460,156117420,39220102,195337522,2,0,0,17408,3,7574408138
18461,156126260,57648735,213774995,4,0,1,512,9,2414179066
18462,156132521,38064464,194196985,8,0,0,512,14,5976853819
18463,156141140,38453726,194594866,9,0,0,54272,1,5701301421
18464,156142190,39277142,195419332,2,0,0,7680,3,7581425591
18465,156144770,38319343,194464113,3,0,0,3584,5,7227694566
18466,156147230,38516258,194663488,3,0,0,6144,5,8318944954
18467,156160690,57616251,213776941,5,0,1,3072,9,5750924037
18468,156178560,38584654,194763214,7,0,0,46080,1,1672948330
18469,156187990,57591217,213779207,5,0,1,3584,9,10283178175
18470,156188580,38611030,194799610,0,0,0,38400,19,7342794416
18471,156198250,38404930,194603180,5,0,0,14336,9,4208552489
18472,156199690,57581463,213781153,4,0,1,3072,9,8929838892
18473,156213270,57573363,213786633,0,0,1,1536,19,2708296196
18474,156218980,38281005,194499985,3,0,0,14336,5,8447189314
18475,156223779,38819763,195043542,1,0,0,50688,13,2423495983
18476,156229700,39358897,195588597,0,0,0,69120,19,7451692182
18477,156234020,38515131,194749151,3,0,0,6144,5,5771468796
18478,156235440,39089487,195324927,3,0,0,59392,5,9789584824
18479,156240320,38366627,194606947,0,0,0,12288,19,10373232269
18480,156240970,38154581,194395551,9,0,0,3072,1,5377518258
18481,156241680,38221318,194462998,7,0,0,9216,1,5647168951
18482,156242060,38773402,195015462,2,0,0,116224,3,767110007
18483,156252670,38250963,194503633,0,0,0,6144,19,9471981144
18484,156254411,38303159,194557570,8,0,0,2560,14,6013163998
18485,156257811,38340978,194598789,8,0,0,12800,14,7488981068
18486,156275210,57512729,213787939,0,0,1,2048,19,917641880
18487,156282120,39238978,195521098,0,0,0,83456,19,7262909214
18488,156285811,38387589,194673400,8,0,0,1536,14,1551664290
18489,156294721,38642140,194936861,8,0,0,66560,14,8161465749
18490,156295170,57510599,213805769,5,0,1,24576,9,4983772959
18491,156306470,57506112,213812582,4,0,1,4096,9,240680098
18492,156308671,39316213,195624884,8,0,0,44032,14,4746883804
18493,156315271,38622705,194937976,8,0,0,3584,14,1497339559
18494,156323600,38444941,194768541,6,0,0,17408,2,9999374889
18495,156324620,38828925,195153545,5,0,0,9216,9,4451825904
18496,156363850,39390619,195754469,4,0,0,46592,9,9320014985
18497,156364330,38772891,195137221,3,0,0,18944,5,929847747
18498,156399260,38666290,195065550,5,0,0,30208,9,8048889084
18499,156408389,39261438,195669827,1,0,0,52224,13,10551167440
18500,156417810,38204694,194622504,2,0,0,2560,3,2252319639
18501,156433330,57379918,213813248,3,0,1,11264,5,9840588195
18502,156436110,57391080,213827190,3,0,1,15872,5,10029245239
18503,156449480,38253660,194703140,2,0,0,1024,3,2936708950
18504,156460320,38645846,195106166,4,0,0,26112,9,4783862317
18505,156465460,38733599,195199059,2,0,0,16896,3,8126499521
18506,156466000,38351222,194817222,0,0,0,17408,19,4977746769
18507,156472121,38880864,195352985,8,0,0,37888,14,10636337364
18508,156491730,38588473,195080203,7,0,0,26624,1,1770003107
18509,156498010,57332654,213830664,2,0,1,2048,3,3513897667
18510,156498320,38695545,195193865,6,0,0,87552,2,4618553706
18511,156501240,57334570,213835810,7,0,1,8192,1,2253553293
18512,156504600,38383693,194888293,7,0,0,24576,1,9643752967
18513,156513800,57322996,213836796,5,0,1,1536,9,9184105234
18514,156529200,39319139,195848339,9,0,0,10752,1,9695540417
18515,156535081,38604994,195140075,8,0,0,9216,14,5054138649
18516,156549480,38828534,195378014,3,0,0,46592,5,8598924987
18517,156567940,57271122,213839062,8,0,1,3584,14,6208455122
18518,156575880,38730928,195306808,5,0,0,38912,9,6367304081
18519,156580320,38880718,195461038,0,0,0,3584,19,85449380
18520,156588530,57252158,213840688,8,0,1,2560,14,3224041570
18521,156592730,38538696,195131426,6,0,0,8192,2,5907331913
18522,156593980,39397793,195991773,7,0,0,62976,1,2687206801
18523,156594890,38737282,195332172,2,0,0,14336,3,1079566150
18524,156595270,38864653,195459923,3,0,0,70144,5,7355583199
18525,156595690,38610412,195206102,3,0,0,23040,5,5484280410
18526,156597490,57248344,213845834,9,0,1,8192,1,9428255086
18527,156601760,38759048,195360808,6,0,0,25600,2,4839333786
18528,156607930,38931622,195539552,2,0,0,5120,3,1829148896
18529,156608929,38874672,195483601,1,0,0,23040,13,2481960922
18530,156625020,38654689,195279709,7,0,0,3072,1,9694709704
18531,156625640,39057233,195682873,0,0,0,1536,19,9876094030
18532,156631390,38514752,195146142,9,0,0,5120,1,855557676
18533,156649001,38622831,195271832,8,0,0,69632,14,3324952113
18534,156657501,38934707,195592208,8,0,0,11776,14,2020076428
18535,156657530,38890671,195548201,6,0,0,7168,2,2715613713
18536,156658940,39066161,195725101,0,0,0,16896,19,5193474005
18537,156669080,38767527,195436607,6,0,0,6144,2,34582087
18538,156672470,38667282,195339752,7,0,0,7168,1,9889972539
18539,156682960,57172405,213855365,2,0,1,14336,3,5724877329
18540,156686460,38851509,195537969,9,0,0,55296,1,5128520510
18541,156692050,38864467,195556517,5,0,0,20480,9,1307583029
18542,156707670,38838324,195545994,7,0,0,1536,1,9395833989
18543,156714550,39162328,195876878,2,0,0,27648,3,7569188057
18544,156718459,38609322,195327781,1,0,0,7168,13,10397797925
18545,156718619,57141228,213859847,1,0,1,17408,13,2102200404
18546,156730090,57135403,213865493,8,0,1,3072,14,10171693829
18547,156745100,38891195,195636295,2,0,0,37376,3,1489810119
18548,156748201,38630624,195378825,8,0,0,2560,14,9511247678
18549,156755189,38647047,195402236,1,0,0,22528,13,7234690936
18550,156772370,39164580,195936950,2,0,0,63488,3,5920060561
18551,156778979,38584816,195363795,1,0,0,9728,13,5713920132
18552,156784370,38541204,195325574,5,0,0,2048,9,9041596779
18553,156793940,39003828,195797768,1,0,0,1024,13,1064115941
18554,156800900,38992688,195793588,1,0,0,23552,13,176317085
18555,156809950,38826680,195636630,9,0,0,1024,1,8086045372
18556,156813980,38919809,195733789,7,0,0,2560,1,4336737047
18557,156815280,38752234,195567514,0,0,0,24064,19,7060219566
18558,156826470,57042569,213869039,1,0,1,5632,13,2105270951
18559,156832370,39320555,196152925,2,0,0,100352,3,10322537805
18560,156832380,57046837,213879217,1,0,1,5632,13,4845908500
18561,156833101,38725311,195558412,8,0,0,6144,14,4702253069
18562,156844210,38767235,195611445,4,0,0,24576,9,10032857185
18563,156854420,39193612,196048032,6,0,0,18432,2,4978697467
18564,156855800,38826582,195682382,3,0,0,13312,5,6002541954
18565,156862410,39187361,196049771,0,0,0,5632,19,1829561571
18566,156865350,38928573,195793923,2,0,0,1024,3,324736240
18567,156869310,39129560,195998870,4,0,0,22016,9,654528995
18568,156885541,38792762,195678303,8,0,0,26112,14,9494274398
18569,156903950,38591208,195495158,1,0,0,23552,13,3025834108
18570,156909860,38897243,195807103,7,0,0,5120,1,761995551
18571,156913351,38853465,195766816,8,0,0,40448,14,873197104
18572,156916210,38883297,195799507,1,0,0,5632,13,7665156204
18573,156918500,38627003,195545503,1,0,0,19456,13,4092427614
18574,156922611,38893843,195816454,8,0,0,11776,14,8336289416
18575,156930200,56950195,213880395,7,0,1,13824,1,3096055880
18576,156933970,39188356,196122326,2,0,0,3584,3,7410234890
18577,156943310,38704222,195647532,9,0,0,19456,1,788563525
18578,156946069,39292706,196238775,9,0,0,5120,1,5241039573
18579,156951550,39368349,196319899,4,0,0,25600,9,2709732754
18580,156969120,56930256,213899376,4,0,1,5632,9,4758515761
18581,156971460,39100672,196072132,5,0,0,13824,9,4633296442
18582,156971640,56928082,213899722,4,0,1,512,9,1066428257
18583,156979970,39288959,196268929,4,0,0,79360,9,564804299
18584,156982051,38842893,195824944,8,0,0,8192,14,4643671932
18585,156985780,39251412,196237192,0,0,0,24576,19,54058111
18586,156987460,38985102,195972562,4,0,0,46080,9,5422871632
18587,156990240,39239441,196229681,7,0,0,109056,1,10401388259
18588,157002210,56901698,213903908,2,0,1,6656,3,10580156058
18589,157010530,38981609,195992139,4,0,0,512,9,4304008261
18590,157011660,39342326,196353986,4,0,0,23040,9,1788827316
18591,157012760,39085458,196098218,0,0,0,46080,19,1879197322
18592,157019170,39399776,196418946,6,0,0,9216,2,6032856377
18593,157038510,38953442,195991952,2,0,0,512,3,1429834206
18594,157042960,38999433,196042393,1,0,0,27648,13,5045113134
18595,157044230,56862904,213907134,5,0,1,5120,9,4849946659
18596,157045471,39127514,196172985,8,0,0,31232,14,10627787467
18597,157077270,56833730,213911000,7,0,1,6144,1,9618552427
18598,157086010,38947936,196033946,1,0,0,31744,13,7135020788
18599,157104130,39059316,196163446,5,0,0,6144,9,7126402705
18600,157104510,39188328,196292838,5,0,0,9728,9,6430774860
18601,157124351,39037200,196161551,8,0,0,28160,14,5995179639
18602,157124690,38740294,195864984,3,0,0,2048,5,10371900204
18603,157154331,39126443,196280774,8,0,0,7168,14,2721938451
18604,157156520,56756426,213912946,2,0,1,3072,3,1564353323
18605,157185180,56729392,213914572,3,0,1,2560,5,225485014
18606,157195810,39356056,196551866,3,0,0,19968,5,2431134048
18607,157201390,39293489,196494879,1,0,0,39424,13,9447103277
18608,157206550,39330121,196536671,5,0,0,19456,9,2248873807
18609,157216320,39196023,196412343,3,0,0,26112,5,175684038
18610,157217490,56698362,213915852,2,0,1,14336,3,4702295716
18611,157232470,39864419,197096889,0,0,0,75264,19,8060288333
18612,157266610,39032387,196298997,7,0,0,3072,1,6349204199
18613,157267639,39397297,196664936,9,0,0,82432,1,8145434692
18614,157280760,38900426,196181186,4,0,0,7680,9,10438527884
18615,157287930,56629228,213917158,7,0,1,2048,1,719638365
18616,157309860,39922941,197232801,4,0,0,25088,9,2328475372
18617,157312150,38999926,196312076,3,0,0,37888,5,6715896686
18618,157315880,38751212,196067092,5,0,0,12800,9,9873830430
18619,157321300,38923426,196244726,0,0,0,19456,19,4769225466
18620,157321810,40118332,197440142,3,0,0,55808,5,10172073660
18621,157323510,39030655,196354165,5,0,0,512,9,410115858
18622,157359510,39074763,196434273,4,0,0,1024,9,453448156
18623,157370130,56548974,213919104,7,0,1,3072,1,10396537575
18624,157380790,56539492,213920282,0,0,1,13824,19,4772984373
18625,157384020,39281719,196665739,1,0,0,2560,13,25184724
18626,157385020,38961923,196346943,6,0,0,33280,2,2159399073
18627,157386499,39087115,196473614,9,0,0,7680,1,10705511664
18628,157388760,39081362,196470122,3,0,0,16384,5,717728516
18629,157396840,38872276,196269116,4,0,0,512,9,5631336605
18630,157397071,39377695,196774766,8,0,0,43520,14,5215185523
18631,157398870,40229482,197628352,0,0,0,28672,19,2279330492
18632,157400020,39113381,196513401,0,0,0,18432,19,7846774330
18633,157403461,39196652,196600113,8,0,0,8704,14,1522505394
18634,157429430,56492030,213921460,3,0,1,13824,5,10094471416
18635,157429890,39298377,196728267,2,0,0,23040,3,6699699622
18636,157441130,39506086,196947216,7,0,0,46592,1,723199128
18637,157445970,38888276,196334246,1,0,0,8704,13,3478869147
18638,157447440,39242045,196689485,0,0,0,40960,19,9142450727
18639,157469650,38901731,196371381,4,0,0,13312,9,6196962146
18640,157477070,39556171,197033241,0,0,0,104960,19,7663596478
18641,157481059,38982215,196463274,9,0,0,28672,1,5867150623
18642,157482139,39146509,196628648,9,0,0,11264,1,9936955389
18643,157493500,39634088,197127588,2,0,0,67072,3,4220949194
18644,157502890,39430107,196932997,4,0,0,71168,9,185740847
18645,157510240,39275484,196785724,0,0,0,33792,19,1162915686
18646,157514170,40180140,197694310,1,0,0,29696,13,4280516519
18647,157522880,56399886,213922766,5,0,1,2048,9,10115445062
18648,157527230,39426873,196954103,3,0,0,22528,5,2150568933
18649,157546290,39499078,197045368,4,0,0,512,9,6198446989
18650,157552800,40285834,197838634,0,0,0,39936,19,7679449239
18651,157574070,56349682,213923752,8,0,1,1536,14,9064374387
18652,157588460,38888739,196477199,7,0,0,5632,1,7413383466
18653,157590910,39144767,196735677,6,0,0,12800,2,5689720020
18654,157625299,38904482,196529781,9,0,0,6656,1,8995147877
18655,157627410,39446524,197073934,6,0,0,21504,2,6836986231
18656,157639680,39402990,197042670,5,0,0,4096,9,8836668156
18657,157646580,56278798,213925378,0,0,1,2560,19,1479555940
18658,157647310,39022664,196669974,3,0,0,13824,5,8891118614
18659,157656670,39499098,197155768,5,0,0,6656,9,3715333042
18660,157657430,56271814,213929244,7,0,1,6144,1,1940358979
18661,157662641,39204077,196866718,8,0,0,36352,14,3186562672
18662,157679580,39562604,197242184,0,0,0,30720,19,8356419745
18663,157680560,39360839,197041399,7,0,0,5120,1,5652564774
18664,157684270,39131206,196815476,0,0,0,4608,19,4641758608
18665,157686350,39569897,197256247,5,0,0,46080,9,8266510992
18666,157687380,39793473,197480853,6,0,0,47104,2,2245620916
18667,157690450,39190487,196880937,0,0,0,46592,19,9565774835
18668,157703250,39208040,196911290,1,0,0,55808,13,8659016547
18669,157725260,56204548,213929808,5,0,1,10752,9,5477740558
18670,157731620,39369683,197101303,1,0,0,12800,13,9275546159
18671,157744030,39301159,197045189,2,0,0,8192,3,2386775633
18672,157772060,56273739,214045799,9,0,1,193536,1,1874816772
18673,157780330,56268229,214048559,2,0,1,10240,3,4765825544
18674,157788050,38970805,196758855,6,0,0,2048,2,4801427910
18675,157852000,39255098,197107098,1,0,0,18944,13,9665995877
18676,157859890,39202160,197062050,5,0,0,5632,9,4451251323
18677,157865050,40150193,198015243,2,0,0,61952,3,42442197
18678,157867480,38958280,196825760,1,0,0,3072,13,8444148374
18679,157869440,39522404,197391844,2,0,0,23040,3,8569028240
18680,157872540,38931504,196804044,7,0,0,18432,1,8460734700
18681,157889390,56167444,214056834,5,0,1,10752,9,1248523922
18682,157889560,39207820,197097380,7,0,0,1536,1,1440153973
18683,157908330,40170975,198079305,3,0,0,89600,5,4373113832
18684,157909031,39130785,197039816,8,0,0,21504,14,136725355
18685,157920440,39268012,197188452,4,0,0,61440,9,2940676418
18686,157923240,56146535,214069775,4,0,1,4096,9,10459763198
18687,157928590,39266216,197194806,1,0,0,512,13,4998302863
18688,157938801,39018149,196956950,8,0,0,9216,14,3317593286
18689,157939571,38902386,196841957,8,0,0,14848,14,2188603458
18690,157957040,39725212,197682252,1,0,0,62976,13,5688124147
18691,157957830,39170405,197128235,7,0,0,2048,1,3264768554
18692,157972249,39596649,197568898,9,0,0,56320,1,1640889985
18693,157972800,39376574,197349374,3,0,0,15360,5,9730097710
18694,157996460,56077821,214074281,4,0,1,7168,9,8195490529
18695,158002430,39297589,197300019,0,0,0,39936,19,251166427
18696,158004890,39505363,197510253,4,0,0,27648,9,7808230302
18697,158005550,39282278,197287828,0,0,0,74752,19,745018412
18698,158012860,39639527,197652387,2,0,0,52224,3,1786291852
18699,158023390,56054437,214077827,3,0,1,5632,5,4066851076
18700,158032010,39285697,197317707,4,0,0,16896,9,916266169
18701,158045670,39409650,197455320,3,0,0,33280,5,9143089013
18702,158070060,56017572,214087632,3,0,1,18432,5,3774576651
18703,158073360,39190554,197263914,1,0,0,25088,13,9652058415
18704,158091160,55997343,214088503,5,0,1,12288,9,9380298302
18705,158092740,56003417,214096157,8,0,1,6144,14,4626639334
18706,158101320,38947498,197048818,1,0,0,6656,13,5288815979
18707,158108480,39192654,197301134,2,0,0,3584,3,5660566547
18708,158114731,39150298,197265029,8,0,0,3584,14,7626502936
18709,158118850,39013152,197132002,6,0,0,12288,2,6875812111
18710,158122890,55978849,214101739,5,0,1,20480,9,5634195696
18711,158138530,39632641,197771171,3,0,0,18432,5,4673806508
18712,158147800,55961824,214109624,4,0,1,19456,9,3129889785
18713,158148530,39335466,197483996,7,0,0,10240,1,5226222638
18714,158154430,39960955,198115385,7,0,0,4096,1,6367633656
18715,158169710,39183431,197353141,0,0,0,12288,19,6826113212
18716,158175880,39679204,197855084,7,0,0,13312,1,395242161
18717,158180040,55940127,214120167,8,0,1,17408,14,2072904716
18718,158180560,55960010,214140570,0,0,1,7168,19,5426590204
18719,158180941,39370774,197551715,8,0,0,28672,14,3088327489
18720,158188240,39139044,197327284,1,0,0,14848,13,10099134554
18721,158217560,39359317,197576877,6,0,0,26112,2,6395560558
18722,158223370,39528860,197752230,5,0,0,42496,9,67177008
18723,158227880,39237915,197465795,5,0,0,34304,9,7789580044
18724,158241230,39608526,197849756,7,0,0,12800,1,4520769339
18725,158293250,39685440,197978690,4,0,0,27136,9,2156403474
18726,158297990,39959038,198257028,0,0,0,77824,19,9634712958
18727,158298390,39697696,197996086,7,0,0,1536,1,2639733704
18728,158305320,39830555,198135875,5,0,0,1024,9,10251106130
18729,158305850,38910638,197216488,4,0,0,4096,9,2376642933
18730,158314410,55842346,214156756,2,0,1,11264,3,1543568046
18731,158318470,39452880,197771350,3,0,0,512,5,8418922129
18732,158329610,40036328,198365938,7,0,0,12800,1,5256693720
18733,158337980,55824649,214162629,3,0,1,8704,5,6266835021
18734,158348400,39856772,198205172,5,0,0,20992,9,9445926439
18735,158350960,39094197,197445157,5,0,0,16384,9,3717388952
18736,158354900,39402813,197757713,4,0,0,17920,9,7942822243
18737,158362110,55804705,214166815,8,0,1,6656,14,7303117249
18738,158362120,39583024,197945144,1,0,0,17920,13,10684141492
18739,158369030,39266879,197635909,5,0,0,10240,9,746747006
18740,158393090,39073352,197466442,1,0,0,2048,13,3607215405
18741,158408890,55769463,214178353,7,0,1,7680,1,3497220809
18742,158421211,39162725,197583936,8,0,0,23040,14,3281794124
18743,158438070,38933390,197371460,3,0,0,1024,5,6046535751
18744,158439900,39172167,197612067,5,0,0,18944,9,9916109040
18745,158451800,40089080,198540880,7,0,0,20992,1,4708106201
18746,158459750,39460838,197920588,2,0,0,23040,3,4737774378
18747,158461680,39302920,197764600,0,0,0,22528,19,4342734066
18748,158478820,39137638,197616458,0,0,0,14336,19,8098058099
18749,158481101,40025674,198506775,8,0,0,38400,14,2938874650
18750,158498100,39522181,198020281,4,0,0,13824,9,1630135942
18751,158506100,39290132,197796232,4,0,0,12800,9,6083423974
18752,158528210,39131844,197660054,1,0,0,25088,13,10271630319
18753,158547701,39587831,198135532,8,0,0,66048,14,4882647174
18754,158551730,55633036,214184766,2,0,1,22528,3,1181737364
18755,158558190,39047407,197605597,3,0,0,4096,5,9595450160
18756,158564440,40025369,198589809,0,0,0,17408,19,293665312
18757,158564461,39120778,197685239,8,0,0,9728,14,8704750953
18758,158591691,39312342,197904033,8,0,0,4096,14,8240024083
18759,158630780,39471565,198102345,4,0,0,8704,9,5502432977
18760,158632360,39400871,198033231,4,0,0,22528,9,440478534
18761,158633880,39728135,198362015,9,0,0,37376,1,824626839
18762,158636760,39209073,197845833,6,0,0,23552,2,127888188
18763,158638380,39461282,198099662,3,0,0,52224,5,7527454660
18764,158647930,39015111,197663041,2,0,0,9728,3,1912161350
18765,158671630,39298578,197970208,2,0,0,24576,3,8918781452
18766,158679270,55510924,214190194,0,0,1,2560,19,8874834734
18767,158694330,55497490,214191820,5,0,1,2560,9,6157700839
18768,158709110,39171685,197880795,3,0,0,27648,5,8088320012
18769,158716890,39465232,198182122,5,0,0,10240,9,6144550896
18770,158763640,55428526,214192166,0,0,1,512,19,7908992537
18771,158766460,39217850,197984310,0,0,0,8192,19,8374875544
18772,158770020,39491757,198261777,6,0,0,512,2,4154830224
18773,158772670,55426268,214198938,0,0,1,10752,19,2083861135
18774,158776940,39037684,197814624,5,0,0,5120,9,9825200750
18775,158780260,39122502,197902762,0,0,0,23552,19,8051606459
18776,158800980,55403143,214204123,2,0,1,16384,3,665874553
18777,158805900,39348593,198154493,5,0,0,13824,9,7043375754
18778,158807740,39342510,198150250,2,0,0,47104,3,8100765024
18779,158825440,39972502,198797942,6,0,0,17920,2,2625212231
18780,158830240,39109421,197939661,1,0,0,28160,13,7425492550
18781,158831070,40042222,198873292,3,0,0,31232,5,4759378998
18782,158839260,39244459,198083719,9,0,0,14336,1,9278911088
18783,158841320,39174726,198016046,7,0,0,2560,1,5792244115
18784,158843861,39619585,198463446,8,0,0,30208,14,4716378322
18785,158844320,39422316,198266636,7,0,0,15872,1,6899320885
18786,158844560,39441563,198286123,7,0,0,11264,1,8875078164
18787,158844820,55360911,214205731,2,0,1,11776,3,6375073361
18788,158855710,55368798,214224508,9,0,1,45056,1,4445620195
18789,158857420,39027612,197885032,2,0,0,7168,3,7683598884
18790,158858330,39782755,198641085,4,0,0,512,9,7673179184
18791,158868460,39295949,198164409,2,0,0,1024,3,10028248937
18792,158874910,39803016,198677926,4,0,0,9728,9,6745160934
18793,158877230,55352424,214229654,4,0,1,8192,9,2576425925
18794,158877750,55374150,214251900,4,0,1,18432,9,8988984680
18795,158880700,40291103,199171803,6,0,0,8704,2,4387335239
18796,158888870,39158384,198047254,7,0,0,4096,1,127625269
18797,158893900,39942229,198836129,3,0,0,18944,5,5065345998
18798,158913100,39640634,198553734,2,0,0,13312,3,6260082725
18799,158915460,55351717,214267177,1,0,1,15872,13,10631695812
18800,158922310,39273464,198195774,3,0,0,2048,5,8863731851
18801,158922610,39960267,198882877,0,0,0,23040,19,816460287
18802,158929630,40186680,199116310,6,0,0,18432,2,5987931201
18803,158931000,39183068,198114068,1,0,0,38400,13,1386002208
18804,158939861,39393799,198333660,8,0,0,50176,14,63676784
18805,158949500,39312098,198261598,2,0,0,1024,3,4703423046
18806,158956200,39564482,198520682,2,0,0,45568,3,1279563930
18807,158957440,39827196,198784636,4,0,0,47104,9,9738383448
18808,158969030,39671876,198640906,7,0,0,30208,1,3943855509
18809,158969860,55303293,214273153,4,0,1,8704,9,3862874655
18810,158974850,39286413,198261263,7,0,0,13824,1,8480913830
18811,158976690,39297008,198273698,6,0,0,17920,2,10107199559
18812,158978160,39199390,198177550,2,0,0,6144,3,5945523884
18813,158978370,55314797,214293167,9,0,1,39424,1,977896278
18814,158980260,39320303,198300563,6,0,0,2048,2,603240642
18815,158984770,39564885,198549655,7,0,0,28672,1,5336643463
18816,158992120,39241173,198233293,5,0,0,20480,9,8251249435
18817,158994191,40328124,199322315,8,0,0,114688,14,10369875677
18818,158996550,39415497,198412047,4,0,0,41984,9,1347692297
18819,159003410,39448060,198451470,5,0,0,42496,9,27346262
18820,159024970,39703337,198728307,2,0,0,31744,3,10173934099
18821,159055820,39802598,198858418,0,0,0,51200,19,2547048864
18822,159058370,39684031,198742401,3,0,0,37888,5,1999106640
18823,159059771,39765026,198824797,8,0,0,88064,14,3512625609
18824,159068580,55265067,214333647,9,0,1,60928,1,10333249351
18825,159074910,55263563,214338473,5,0,1,7680,9,7642360481
18826,159076430,39404038,198480468,5,0,0,512,9,3433317751
18827,159076960,39749264,198826224,9,0,0,4608,1,8462731675
18828,159085620,55266282,214351902,4,0,1,23552,9,10003778404
18829,159086860,39631729,198718589,2,0,0,12800,3,4838965424
18830,159093140,55280473,214373613,0,0,1,15872,19,10350056267
18831,159099470,39434991,198534461,0,0,0,10240,19,900817728
18832,159114831,40288539,199403370,8,0,0,20480,14,3936974636
18833,159117620,39900558,199018178,1,0,0,24064,13,7827966388
18834,159127580,39567224,198694804,6,0,0,19456,2,6852529317
18835,159128870,55248929,214377799,7,0,1,6656,1,7872207882
18836,159129010,39270222,198399232,3,0,0,82944,5,3379392641
18837,159141070,39442572,198583642,2,0,0,3584,3,1843743671
18838,159154250,39495606,198649856,6,0,0,4608,2,1028254257
18839,159167790,40353532,199521322,2,0,0,20992,3,6990517449
18840,159168960,39359701,198528661,2,0,0,26112,3,854811637
18841,159185590,39345728,198531318,7,0,0,1024,1,7389364481
18842,159186100,39741445,198927545,0,0,0,34304,19,3234071067
18843,159188571,39542263,198730834,8,0,0,8192,14,9164583905
18844,159191230,39646794,198838024,5,0,0,6144,9,10568666227
18845,159198580,40343529,199542109,7,0,0,9728,1,5732537418
18846,159209480,39839691,199049171,7,0,0,30720,1,9450980030
18847,159210530,39730142,198940672,0,0,0,27648,19,5070125683
18848,159216740,39837157,199053897,1,0,0,6656,13,2673448362
18849,159219190,39644563,198863753,4,0,0,17408,9,7311238748
18850,159219290,40803184,200022474,1,0,0,115200,13,4366908313
18851,159223491,39307377,198530868,8,0,0,7168,14,6044389167
18852,159237960,39412699,198650659,1,0,0,2560,13,6605183956
18853,159238870,39504490,198743360,1,0,0,3072,13,9395635437
18854,159253270,55130681,214383951,1,0,1,2048,13,1554744601
18855,159263180,40568501,199831681,1,0,0,53248,13,10591619853
18856,159264300,40153503,199417803,7,0,0,4608,1,3629081535
18857,159269820,55117681,214387501,6,0,1,3584,2,6846852872
18858,159270920,55118207,214389127,7,0,1,2560,1,254125651
18859,159272420,39757348,199029768,2,0,0,27648,3,5554747132
18860,159283560,39592274,198875834,7,0,0,2560,1,8044962012
18861,159288440,39353292,198641732,2,0,0,2048,3,2136962264
18862,159289850,39502609,198792459,5,0,0,25600,9,4164235499
18863,159292930,39537404,198830334,4,0,0,9728,9,10514329863
18864,159293920,39667403,198961323,1,0,0,2048,13,7777996677
18865,159317880,39436670,198754550,1,0,0,1536,13,10125052622
18866,159325200,39795914,199121114,5,0,0,3072,9,2487319322
18867,159346820,55047182,214394002,3,0,1,15360,5,1807378151
18868,159357270,39470077,198827347,7,0,0,3584,1,6178360427
18869,159369360,55025308,214394668,5,0,1,1024,9,4591610724
18870,159371950,39649371,199021321,7,0,0,10240,1,5618238873
18871,159376240,39594651,198970891,6,0,0,23040,2,8888092603
18872,159377911,39625245,199003156,8,0,0,36352,14,9290938396
18873,159380080,39494951,198875031,2,0,0,5632,3,7221189353
18874,159382610,39628213,199010823,5,0,0,25088,9,5961099
18875,159386320,39501938,198888258,0,0,0,2560,19,9835745900
18876,159387780,39664066,199051846,5,0,0,8704,9,5174104543
18877,159389900,40514776,199904676,6,0,0,64000,2,9156879902
18878,159404130,40133013,199537143,0,0,0,12800,19,975239877
18879,159409060,54986914,214395974,2,0,1,2048,3,7136408241
18880,159416180,39425681,198841861,4,0,0,4608,9,3227765091
18881,159438831,40683316,200122147,8,0,0,20480,14,1380914649
18882,159443280,39936685,199379965,1,0,0,25600,13,8415499521
18883,159445590,40222803,199668393,2,0,0,54272,3,5123969236
18884,159455250,39686348,199141598,2,0,0,14848,3,4096453900
18885,159468180,39681420,199149600,5,0,0,6144,9,749760392
18886,159469920,39648753,199118673,1,0,0,7680,13,8626480800
18887,159471100,40771911,200243011,0,0,0,1536,19,7147921642
18888,159471691,39755462,199227153,8,0,0,26112,14,7025250935
18889,159478930,39616422,199095352,3,0,0,13824,5,3603420818
18890,159480130,39667575,199147705,1,0,0,19968,13,7416509518
18891,159491350,54905610,214396960,7,0,1,1536,1,2111305185
18892,159491510,39924866,199416376,2,0,0,23040,3,9957390186
18893,159492830,39572667,199065497,2,0,0,512,3,10648101752
18894,159493760,39675368,199169128,1,0,0,24064,13,4645187999
18895,159499590,54902196,214401786,3,0,1,7680,5,4269638762
18896,159509429,39407641,198917070,9,0,0,21504,1,4106982723
18897,159529080,54919959,214449039,9,0,1,94720,1,2447263405
18898,159557210,39645242,199202452,6,0,0,22528,2,8764890278
18899,159565500,39619586,199185086,5,0,0,43520,9,6721439452
18900,159568160,54885225,214453385,5,0,1,24064,9,1404776942
18901,159582560,40484804,200067364,2,0,0,50176,3,2547770140
18902,159597590,54861514,214459104,7,0,1,2048,1,7850156608
18903,159615150,39469883,199085033,7,0,0,6144,1,7767401411
18904,159620810,54847963,214468773,1,0,1,20992,13,5652964366
18905,159635220,40051159,199686379,1,0,0,24576,13,6435311985
18906,159639881,40821884,200461765,8,0,0,98304,14,7586955446
18907,159640080,40767042,200407122,7,0,0,48128,1,2382164823
18908,159644811,39636007,199280818,8,0,0,75776,14,4240376280
18909,159659380,39405938,199065318,4,0,0,11776,9,3102478927
18910,159659870,54816316,214476186,0,0,1,5120,19,5518471222
18911,159665680,39986119,199651799,6,0,0,42496,2,5231162863
18912,159665741,40831083,200496824,8,0,0,11776,14,6680542429
18913,159671619,41125591,200797210,9,0,0,36864,1,9586072059
18914,159674151,40141283,199815434,8,0,0,59904,14,8646742643
18915,159676440,39919693,199596133,5,0,0,29696,9,9249774830
18916,159678930,40814283,200493213,0,0,0,7680,19,133075526
18917,159682910,40159269,199842179,3,0,0,32256,5,3911243959
18918,159684510,39656734,199341244,6,0,0,15872,2,102426344
18919,159689940,39738208,199428148,6,0,0,11264,2,4478724722
18920,159691240,39777369,199468609,0,0,0,25600,19,7004545861
18921,159715980,39523294,199239274,4,0,0,6144,9,4219287968
18922,159728480,40046138,199774618,9,0,0,12800,1,8017219225
18923,159742280,39753811,199496091,1,0,0,4096,13,6226851009
18924,159742441,39646575,199389016,8,0,0,16384,14,10104968664
18925,159744060,39864295,199608355,1,0,0,19456,13,3012829584
18926,159749850,39827642,199577492,6,0,0,86016,2,6401988656
18927,159756570,39861098,199617668,7,0,0,10240,1,3368980235
18928,159771920,39906948,199678868,1,0,0,34304,13,5934851890
18929,159773600,39587517,199361117,5,0,0,13824,9,4650898874
18930,159780310,39977943,199758253,1,0,0,1024,13,6596937554
18931,159801630,54678102,214479732,4,0,1,5632,9,7127872210
18932,159809970,40157397,199967367,0,0,0,40960,19,8893064898
18933,159816600,40883653,200700253,3,0,0,24576,5,1496845758
18934,159829790,54650288,214480078,2,0,1,512,3,100413833
18935,159844730,54639534,214484264,5,0,1,6656,9,716635856
18936,159860790,39717973,199578763,6,0,0,4096,2,3736766626
18937,159874120,39712934,199587054,7,0,0,27136,1,4492720488
18938,159882300,39720104,199602404,1,0,0,20480,13,4893183531
18939,159887019,41154627,201041646,9,0,0,68608,1,4483858361
18940,159889940,54594670,214484610,2,0,1,512,3,7750648923
18941,159909880,39571030,199480910,7,0,0,2048,1,285896493
18942,159913050,40026012,199939062,7,0,0,48128,1,3588835530
18943,159915190,39570288,199485478,2,0,0,9216,3,1314241771
18944,159919000,39499332,199418332,1,0,0,1536,13,5463276999
18945,159929780,40118802,200048582,4,0,0,33280,9,6814134692
18946,159933770,54553106,214486876,4,0,1,3584,9,10198341301
18947,159933980,39796944,199730924,9,0,0,2560,1,2141881890
18948,159942390,40939939,200882329,4,0,0,55296,9,10521332429
18949,159946920,41162302,201109222,0,0,0,106496,19,1411596722
18950,159947120,54542022,214489142,9,0,1,3584,1,54009265
18951,159953140,41226940,201180080,1,0,0,14336,13,2433310555
18952,159953150,54536556,214489706,8,0,1,10752,14,3689769237
18953,159953540,39997245,199950785,3,0,0,38400,5,3268253986
18954,159962580,39909579,199872159,9,0,0,65536,1,10710979030
18955,159964400,39723414,199687814,0,0,0,4608,19,3175327145
18956,159978160,40936501,200914661,0,0,0,2048,19,7725464817
18957,159990170,54506680,214496850,1,0,1,10752,13,9096971027
18958,160000510,39851041,199851551,5,0,0,10240,9,9506779369
18959,160012970,40287030,200300000,3,0,0,95744,5,5824637094
18960,160032830,40038480,200071310,1,0,0,12800,13,10187142372
18961,160033580,54464038,214497618,9,0,1,11776,1,4531729435
18962,160051970,39820368,199872338,4,0,0,512,9,7719499149
18963,160055410,40053353,200108763,0,0,0,512,19,7534880986
18964,160069150,39763178,199832328,6,0,0,2048,2,1364285312
18965,160069660,39899758,199969418,2,0,0,6656,3,6981013871
18966,160076450,40162889,200239339,4,0,0,4608,9,6809130724
18967,160079170,54439494,214518664,5,0,1,8192,9,5869067955
18968,160083140,54453844,214536984,8,0,1,11264,14,940115641
18969,160105650,40058863,200164513,7,0,0,7168,1,8344225770
18970,160105920,40286515,200392435,5,0,0,43520,9,3587809131
18971,160112590,39916932,200029522,4,0,0,7680,9,10631670640
18972,160118860,39971010,200089870,4,0,0,27136,9,3142866265
18973,160125480,54412490,214537970,5,0,1,1536,9,1451969262
18974,160125600,54413356,214538956,1,0,1,1536,13,5781761592
18975,160129870,39824994,199954864,2,0,0,13312,3,6972152820
18976,160135930,40391199,200527129,1,0,0,3072,13,3989045487
18977,160141820,39883641,200025461,2,0,0,9728,3,2879078700
18978,160154630,40016252,200170882,6,0,0,18432,2,7014502796
18979,160170800,39799319,199970119,0,0,0,2048,19,5252431572
18980,160172110,40164675,200336785,9,0,0,10752,1,3702277335
18981,160173360,40054363,200227723,9,0,0,16896,1,6173858275
18982,160175510,54368272,214543782,4,0,1,7680,9,6411947203
18983,160176870,54368538,214545408,8,0,1,2560,14,8004874875
18984,160181950,54364124,214546074,9,0,1,1024,1,9061301242
18985,160184100,39842944,200027044,6,0,0,5120,2,9519814755
18986,160185000,40131697,200316697,5,0,0,4096,9,4373130884
18987,160190320,40398147,200588467,7,0,0,6656,1,8296597479
18988,160218820,54327613,214546433,9,0,1,9728,1,5337782299
18989,160227070,39915696,200142766,5,0,0,16896,9,9273203094
18990,160229750,40827987,201057737,6,0,0,52736,2,7354728607
18991,160239050,54312240,214551290,5,0,1,4608,9,5093402118
18992,160240570,40333413,200573983,2,0,0,29696,3,10416940015
18993,160246950,40405951,200652901,7,0,0,15360,1,7829987063
18994,160251910,40111401,200363311,6,0,0,38912,2,2805175556
18995,160256040,40748432,201004472,7,0,0,64000,1,875588740
18996,160259690,54291946,214551636,3,0,1,512,5,533492276
18997,160264500,40043883,200308383,5,0,0,27136,9,10552028208
18998,160274430,41035954,201310384,7,0,0,31744,1,3311077163
18999,160278860,40151698,200430558,6,0,0,8192,2,8479212373
19000,160281890,40033536,200315426,0,0,0,23040,19,5168036198
19001,160291370,54265515,214556885,9,0,1,20992,1,3768220627
19002,160294570,54262674,214557244,0,0,1,9728,19,8504381533
19003,160301601,40182130,200483731,8,0,0,2560,14,4700393002
19004,160301870,40049562,200351432,3,0,0,10240,5,9844014271
19005,160307680,40071472,200379152,9,0,0,25600,1,9785357720
19006,160309850,40209601,200519451,0,0,0,10240,19,6772287758
19007,160311470,40798719,201110189,6,0,0,3072,2,5589395421
19008,160323050,41010738,201333788,6,0,0,34304,2,5814479525
19009,160323851,39873267,200197118,8,0,0,512,14,9382600526
19010,160326810,40216266,200543076,5,0,0,13824,9,7352961802
19011,160328680,40223197,200551877,3,0,0,16896,5,5194681970
19012,160330880,40817712,201148592,1,0,0,25600,13,8392650937
19013,160330910,54231018,214561928,9,0,1,512,1,5230429368
19014,160351060,40160545,200511605,1,0,0,18944,13,3568275355
19015,160356740,40889754,201246494,0,0,0,7680,19,5261984445
19016,160382750,40100178,200482928,9,0,0,31232,1,6630785156
19017,160383540,40349778,200733318,1,0,0,10752,13,2567778394
19018,160392120,40146349,200538469,1,0,0,7168,13,3907229797
19019,160407150,40322869,200730019,2,0,0,44032,3,8740807933
19020,160419520,41010354,201429874,9,0,0,54784,1,1321686607
19021,160422070,40389807,200811877,1,0,0,512,13,3779024111
19022,160422320,54141874,214564194,5,0,1,3584,9,6716207382
19023,160422830,40043935,200466765,4,0,0,1536,9,1026996313
19024,160426200,39940457,200366657,6,0,0,10752,2,6594574352
19025,160430960,40480691,200911651,2,0,0,44544,3,2812421626
19026,160454860,40061448,200516308,7,0,0,15360,1,3596372499
19027,160475190,39892894,200368084,9,0,0,4608,1,3707444589
19028,160485090,40091724,200576814,3,0,0,9216,5,7352862974
19029,160488591,40917563,201406154,8,0,0,68096,14,6457380881
19030,160492620,54071830,214564450,7,0,1,9216,1,235183991
19031,160520310,54072773,214593083,8,0,1,19968,14,1953390202
19032,160521600,40392414,200914014,0,0,0,7680,19,9870866622
19033,160533700,54078775,214612475,8,0,1,1536,14,6993281035
19034,160534530,54087999,214622529,6,0,1,2048,2,9138512688
19035,160536650,40694011,201230661,1,0,0,124928,13,3101332985
19036,160542150,40278079,200820229,4,0,0,12800,9,2127266300
19037,160546020,40107372,200653392,1,0,0,1536,13,1474903302
19038,160548780,40232412,200781192,5,0,0,6656,9,2271328535
19039,160550130,40426398,200976528,9,0,0,512,1,5589973713
19040,160551430,41197782,201749212,9,0,0,66048,1,4671102032
19041,160556670,40992268,201548938,9,0,0,22528,1,6383578425
19042,160569240,40231136,200800376,3,0,0,10240,5,3256097917
19043,160579010,40782533,201361543,2,0,0,14336,3,7239643348
19044,160585070,40304302,200889372,6,0,0,23040,2,7423295310
19045,160594500,40335940,200930440,4,0,0,51712,9,9572840225
19046,160605820,54019615,214625435,8,0,1,4608,14,7506119368
19047,160606480,54023487,214629967,6,0,1,7168,2,6703535187
19048,160624170,40122625,200746795,0,0,0,18432,19,4965772522
19049,160626570,54004378,214630948,0,0,1,1024,19,1613489860
19050,160649860,53982394,214632254,6,0,1,2048,2,4126077374
19051,160659570,41201115,201860685,0,0,0,17920,19,2245116760
19052,160683170,40920812,201603982,7,0,0,24064,1,1708215865
19053,160691670,40559449,201251119,7,0,0,10240,1,9502031104
19054,160694360,53938880,214633240,1,0,1,1536,13,4789452528
19055,160733360,39884775,200618135,5,0,0,21504,9,3223570308
19056,160749240,40494891,201244131,3,0,0,4096,5,6339124187
19057,160760200,40557432,201317632,0,0,0,5120,19,5824657744
19058,160776410,39996658,200773068,4,0,0,10240,9,4756486451
19059,160779360,41256040,202035400,6,0,0,25088,2,1005378109
19060,160784480,40735240,201519720,2,0,0,36864,3,4995874489
19061,160793960,53846994,214640954,6,0,1,11264,2,10264831059
19062,160794840,41716396,202511236,5,0,0,24576,9,1246078529
19063,160796750,39970590,200767340,1,0,0,27136,13,8540693375
19064,160799240,53851908,214651148,2,0,1,4096,3,10568376530
19065,160824280,40196439,201020719,3,0,0,53248,5,5214763281
19066,160825410,40068421,200893831,0,0,0,11264,19,3842356477
19067,160828510,40491184,201319694,6,0,0,6144,2,9159639798
19068,160833150,40490155,201323305,7,0,0,11776,1,8213715156
19069,160834030,53819704,214653734,0,0,1,4096,19,5403748668
19070,160835541,41311321,202146862,8,0,0,6656,14,10548013903
19071,160835940,53821660,214657600,5,0,1,6144,9,7833643233
19072,160842479,40133870,200976349,9,0,0,44032,1,8004945817
19073,160850840,41478092,202328932,5,0,0,109056,9,2803936039
19074,160854200,40338374,201192574,0,0,0,39424,19,6056798711
19075,160854770,40727207,201581977,0,0,0,10752,19,9199824145
19076,160868350,40066653,200935003,1,0,0,11264,13,5551666109
19077,160869200,40206904,201076104,5,0,0,16896,9,565475023
19078,160872131,40465580,201337711,8,0,0,12800,14,5795753759
19079,160872670,40584933,201457603,0,0,0,15360,19,2173465653
19080,160878980,40074436,200953416,1,0,0,5632,13,6048187156
19081,160889820,40669304,201559124,6,0,0,512,2,3115544659
19082,160911660,40657939,201569599,2,0,0,34304,3,5475551138
19083,160912730,40158203,201070933,1,0,0,5120,13,2233915580
19084,160918850,53739416,214658266,1,0,1,11264,13,8488902477
19085,160923330,40733898,201657228,1,0,0,1536,13,8091758055
19086,160926241,40134483,201060724,8,0,0,9728,14,1346598923
19087,160934770,40134580,201069350,1,0,0,27136,13,6089468736
19088,160941030,40208833,201149863,1,0,0,4096,13,5271497241
19089,160949180,40629490,201578670,7,0,0,29696,1,6879158143
19090,160954120,40587931,201542051,3,0,0,73216,5,1731739956
19091,160954900,40604045,201558945,3,0,0,32768,5,9401770171
19092,160976000,53685198,214661198,8,0,1,4608,14,8815692312
19093,160976760,53689264,214666024,4,0,1,7680,9,1379989267
19094,160992831,40083920,201076751,8,0,0,2048,14,360918991
19095,161004390,40108006,201112396,0,0,0,7168,19,4480673716
19096,161020060,40040999,201061059,5,0,0,1024,9,4971046064
19097,161022530,53646080,214668610,5,0,1,4096,9,1903949702
19098,161038330,40630777,201669107,5,0,0,38912,9,8401408794
19099,161039000,40203860,201242860,1,0,0,39936,13,2945800448
19100,161043130,40366479,201409609,2,0,0,11264,3,4010684800
19101,161046390,53622566,214668956,6,0,1,512,2,9172109171
19102,161049790,40773509,201823299,3,0,0,3072,5,872969709
19103,161059310,53609992,214669302,7,0,1,512,1,982401091
19104,161060750,53615140,214675890,3,0,1,2560,5,1367027094
19105,161063560,40648704,201712264,1,0,0,15360,13,4178502468
19106,161084970,53593445,214678415,3,0,1,14848,5,4336750499
19107,161089080,40559678,201648758,4,0,0,122368,9,10638772410
19108,161090531,40593606,201684137,8,0,0,47616,14,10464143902
19109,161094210,40414255,201508465,0,0,0,65536,19,7791286969
19110,161099070,40076619,201175689,0,0,0,27648,19,6519025026
19111,161106440,40715900,201822340,6,0,0,13312,2,2628813133
19112,161106840,40189132,201295972,2,0,0,11776,3,3898805140
19113,161111390,40545347,201656737,4,0,0,26112,9,10173948173
19114,161116091,40687327,201803418,8,0,0,74752,14,3127398805
19115,161118350,40577981,201696331,5,0,0,11776,9,1459842805
19116,161120250,40640887,201761137,6,0,0,29184,2,3250665489
19117,161135680,40778387,201914067,1,0,0,6144,13,732753178
19118,161140040,40758890,201898930,2,0,0,16896,3,7173751359
19119,161141490,40309515,201451005,4,0,0,33792,9,6354823530
19120,161149930,53528946,214678876,2,0,1,10240,3,3569579316
19121,161153220,40784344,201937564,2,0,0,26624,3,4461795924
19122,161162880,40290020,201452900,0,0,0,6144,19,9668636105
19123,161164050,40691152,201855202,2,0,0,59904,3,6021153857
19124,161171271,40902949,202074220,8,0,0,16384,14,3062343748
19125,161178890,53525185,214704075,0,0,1,1024,19,296234410
19126,161191580,53513980,214705560,5,0,1,15360,9,4252800941
19127,161195530,40793526,201989056,7,0,0,34304,1,2425913917
19128,161202040,53512959,214714999,1,0,1,6656,13,9888683602
19129,161208790,41161528,202370318,5,0,0,73216,9,1089103559
19130,161211560,40538611,201750171,0,0,0,3072,19,7562657284
19131,161220490,53495495,214715985,6,0,1,1536,2,8961210808
19132,161221850,40596411,201818261,2,0,0,48640,3,5855190373
19133,161230051,41463483,202693534,8,0,0,11776,14,9325665856
19134,161230400,53488171,214718571,0,0,1,4096,19,2922269911
19135,161235110,53485087,214720197,1,0,1,2560,13,1783499121
19136,161237250,53488093,214725343,3,0,1,8192,5,6114878304
19137,161243250,53482439,214725689,2,0,1,512,3,3378093858
19138,161244550,40446815,201691365,9,0,0,13824,1,1844817507
19139,161248040,53480875,214728915,4,0,1,5120,9,1898159696
19140,161251930,41288130,202540060,4,0,0,13312,9,8118173511
19141,161252210,40500012,201752222,6,0,0,6656,2,4477355504
19142,161265460,40427260,201692720,6,0,0,1024,2,3844170186
19143,161275790,40423126,201698916,0,0,0,5120,19,2553734428
19144,161277000,40392598,201669598,7,0,0,1536,1,6990685319
19145,161284790,40539468,201824258,0,0,0,3072,19,2129528035
19146,161294910,53438511,214733421,8,0,1,7168,14,6496923392
19147,161298720,53438567,214737287,2,0,1,6144,3,71710689
19148,161308910,40819208,202128118,5,0,0,5632,9,6620820543
19149,161313550,41524000,202837550,4,0,0,52224,9,3938002724
19150,161318070,53423083,214741153,5,0,1,6144,9,9130907078
19151,161318590,40949455,202268045,3,0,0,82944,5,7148176089
19152,161324910,40787740,202112650,6,0,0,15360,2,5588340306
19153,161328970,53412439,214741409,6,0,1,9216,2,4961749836
19154,161333810,40742040,202075850,6,0,0,3584,2,10046887723
19155,161335620,41758603,203094223,0,0,0,35840,19,7652003074
19156,161340570,40650381,201990951,9,0,0,6144,1,2060285965
19157,161351679,40996308,202347987,9,0,0,62464,1,1015658715
19158,161351730,41391280,202743010,7,0,0,48128,1,3336809542
19159,161377650,53366345,214743995,1,0,1,4096,13,3146196347
19160,161403780,40686669,202090449,3,0,0,15360,5,4967450232
19161,161410901,40416903,201827804,8,0,0,1024,14,364055018
19162,161420250,53324731,214744981,5,0,1,1536,9,1095418193
19163,161422430,41416703,202839133,1,0,0,5120,13,5916321079
19164,161426840,40581301,202008141,5,0,0,11776,9,7973795198
19165,161433790,53314097,214747887,0,0,1,4608,19,5907957530
19166,161437250,40521732,201958982,1,0,0,4608,13,3424081513
19167,161445581,40740688,202186269,8,0,0,46080,14,9016680917
19168,161446700,41707757,203154457,6,0,0,512,2,530538079
19169,161447460,40840200,202287660,7,0,0,30720,1,3900184297
19170,161447950,40936009,202383959,5,0,0,10240,9,10557468994
19171,161452420,40735143,202187563,6,0,0,4096,2,5599110561
19172,161476190,41193872,202670062,2,0,0,50688,3,5798731546
19173,161487700,40790577,202278277,2,0,0,15872,3,5159207685
19174,161503060,41115965,202619025,0,0,0,28160,19,8129633331
19175,161504620,41810625,203315245,6,0,0,19456,2,2378275665
19176,161504870,40768548,202273418,6,0,0,1024,2,181864055
19177,161513410,40581742,202095152,1,0,0,15360,13,4507158977
19178,161527780,40851921,202379701,0,0,0,30720,19,474503161
19179,161528740,53219608,214748348,4,0,1,10240,9,8257949353
19180,161562720,40519705,202082425,3,0,0,8192,5,677467795
19181,161570620,53178189,214748809,8,0,1,10240,14,3964274791
19182,161571730,40587284,202159014,0,0,0,20992,19,4423785681
19183,161572780,53176388,214749168,8,0,1,9728,14,1180212765
19184,161573040,40902818,202475858,4,0,0,39424,9,2877764896
19185,161589460,40907402,202496862,0,0,0,34304,19,872022515
19186,161590050,53179235,214769285,6,0,1,7680,2,3584681585
19187,161590230,53179619,214769849,7,0,1,10752,1,9006372398
19188,161649810,53144893,214794703,1,0,1,6144,13,905521591
19189,161650350,53145979,214796329,6,0,1,2560,2,9909154255
19190,161658820,40614240,202273060,7,0,0,16384,1,1612528325
19191,161685260,53113015,214798275,7,0,1,3072,1,2427302583
19192,161699800,41753487,203453287,7,0,0,10752,1,96717403
19193,161719530,40719093,202438623,5,0,0,35840,9,4436098989
19194,161719760,40744063,202463823,2,0,0,62464,3,4280338017
19195,161726501,40861438,202587939,8,0,0,16384,14,10062546628
19196,161729730,41220313,202950043,1,0,0,94208,13,2343667898
19197,161732029,40655229,202387258,9,0,0,10752,1,8203189121
19198,161732750,53069711,214802461,6,0,1,6656,2,7735785207
19199,161739440,53065927,214805367,0,0,1,4608,19,7357295002
19200,161741410,40546913,202288323,9,0,0,2048,1,8680595593
19201,161743599,53062127,214805726,1,0,1,9728,13,1471439913
19202,161745200,40848240,202593440,2,0,0,6144,3,1758898466
19203,161747210,41259167,203006377,6,0,0,46080,2,2765029384
19204,161757439,53051643,214809082,1,0,1,25600,13,9341911974
19205,161763651,40617165,202380816,8,0,0,3584,14,1073659611
19206,161778020,40944915,202722935,7,0,0,3584,1,751843475
19207,161804400,41213388,203017788,2,0,0,37376,3,1799643229
19208,161819410,40931891,202751301,7,0,0,27136,1,2911428305
19209,161823640,41088729,202912369,0,0,0,26112,19,9756905384
19210,161832020,41267627,203099647,4,0,0,13312,9,6145933867
19211,161835000,40723361,202558361,1,0,0,17408,13,7624307831
19212,161846580,40667955,202514535,0,0,0,10752,19,682417288
19213,161867151,40743271,202610422,8,0,0,31744,14,6058393304
19214,161869581,40649046,202518627,8,0,0,9216,14,8252515231
19215,161884470,40596871,202481341,1,0,0,17920,13,7401811086
19216,161900800,40878744,202779544,1,0,0,35840,13,3435277829
19217,161910220,40572548,202482768,0,0,0,4608,19,7225585761
19218,161923730,40562649,202486379,7,0,0,11776,1,6656275110
19219,161925470,52903200,214828670,4,0,1,11776,9,1829188817
19220,161926750,40795070,202721820,2,0,0,34304,3,4026478485
19221,161934730,52895246,214829976,3,0,1,2048,5,6785214314
19222,161943310,52887127,214830437,5,0,1,10240,9,10213090456
19223,161959710,40842676,202802386,1,0,0,19968,13,2784201423
19224,161968640,41169787,203138427,0,0,0,18944,19,6702143279
19225,161973090,40985579,202958669,5,0,0,3584,9,9610060591
19226,161973160,40679752,202652912,3,0,0,4608,5,9486632105
19227,161975620,40845995,202821615,5,0,0,18944,9,5818774420
19228,161989640,41133479,203123119,2,0,0,35840,3,7583162040
19229,162009440,40753161,202762601,4,0,0,8192,9,2805683613
19230,162010041,40832437,202842478,8,0,0,3072,14,4664224760
19231,162010590,52824033,214834623,3,0,1,6656,5,1765898976
19232,162028260,52806517,214834777,8,0,1,8704,14,9161896971
19233,162029310,40812030,202841340,1,0,0,7168,13,10113315192
19234,162032269,40747922,202780191,9,0,0,2048,1,2729981348
19235,162043330,40653452,202696782,9,0,0,5632,1,10596158825
19236,162048210,40570994,202619204,4,0,0,512,9,1986237987
19237,162052220,52795567,214847787,7,0,1,14336,1,9358991820
19238,162053670,40936725,202990395,1,0,0,31232,13,6821157285
19239,162054030,40910134,202964164,5,0,0,3584,9,1369466345
19240,162055470,40812089,202867559,7,0,0,3584,1,10558135012
19241,162058010,41349029,203407039,3,0,0,72192,5,5612492360
19242,162058490,41167895,203226385,2,0,0,9728,3,4085566015
19243,162066220,41499811,203566031,4,0,0,512,9,1408208478
19244,162068260,52784353,214852613,2,0,1,7680,3,4090463313
19245,162074900,40779356,202854256,3,0,0,1536,5,4059832196
19246,162075200,41374788,203449988,2,0,0,68608,3,425041731
19247,162076350,41056282,203132632,0,0,0,14848,19,9838738631
19248,162083860,41596186,203680046,0,0,0,51200,19,7708957959
19249,162084580,41274753,203359333,0,0,0,15360,19,9610997570
19250,162092900,40748619,202841519,3,0,0,512,5,10620765792
19251,162093960,41277499,203371459,3,0,0,20480,5,9806474739
19252,162095300,41107283,203202583,3,0,0,17408,5,6517575131
19253,162100250,41873010,203973260,9,0,0,158208,1,8535469475
19254,162103510,52752969,214856479,8,0,1,6144,14,7569709474
19255,162106540,40851014,202957554,7,0,0,24576,1,9974779266
19256,162116819,40987727,203104546,9,0,0,10240,1,8119777159
19257,162144520,52716145,214860665,4,0,1,6656,9,4810297124
19258,162154760,52709828,214864588,9,0,1,1536,1,5931560941
19259,162157899,42002287,204160186,9,0,0,32256,1,3431113023
19260,162159430,52712235,214871665,6,0,1,7168,2,4437261046
19261,162160940,41338830,203499770,0,0,0,12800,19,1918932389
19262,162177120,41311957,203489077,3,0,0,2560,5,5715352148
19263,162185040,40927136,203112176,1,0,0,12800,13,7640909830
19264,162193990,41361356,203555346,2,0,0,72192,3,4837856488
19265,162203040,40941502,203144542,3,0,0,19968,5,10670692716
19266,162212220,40861363,203073583,0,0,0,23552,19,1032156469
19267,162215390,41093904,203309294,0,0,0,50688,19,265853176
19268,162217419,41825939,204043358,9,0,0,34304,1,735673904
19269,162230549,52643062,214873611,1,0,1,3072,13,2074549416
19270,162249160,41496055,203745215,5,0,0,23552,9,1574342506
19271,162249560,41086973,203336533,5,0,0,44032,9,7728478301
19272,162270110,40936708,203206818,2,0,0,13824,3,6430251990
19273,162283460,52591468,214874928,3,0,1,2048,5,7502455144
19274,162285530,41008297,203293827,3,0,0,15872,5,4656910993
19275,162312209,41751495,204063704,9,0,0,64000,1,9148387175
19276,162316030,40960594,203276624,1,0,0,4096,13,9832525078
19277,162324650,40998444,203323094,5,0,0,17408,9,6546707375
19278,162332240,52547514,214879754,4,0,1,7680,9,4921697191
19279,162335571,41955761,204291332,8,0,0,47616,14,10285408360
19280,162336140,41891556,204227696,4,0,0,28160,9,1542569027
19281,162357520,41208324,203565844,3,0,0,34304,5,9877578046
19282,162381990,41043667,203425657,0,0,0,6144,19,2991243859
19283,162384230,52495870,214880100,0,0,1,512,19,9071843271
19284,162392080,41074282,203466362,7,0,0,29184,1,222776485
19285,162396540,41230900,203627440,3,0,0,4608,5,9405478872
19286,162398510,40813820,203212330,2,0,0,3072,3,6138317031
19287,162400720,40874633,203275353,4,0,0,10240,9,2808218215
19288,162408820,40932572,203341392,1,0,0,15872,13,733924121
19289,162427029,40861939,203288968,9,0,0,26624,1,8097186518
19290,162437070,41713196,204150266,0,0,0,74752,19,1892045567
19291,162444230,41181535,203625765,5,0,0,35840,9,5100189314
19292,162446080,41202270,203648350,3,0,0,8704,5,3442937281
19293,162455441,41318271,203773712,8,0,0,4608,14,9189901127
19294,162462440,52418646,214881086,8,0,1,1536,14,8519913920
19295,162463270,41190185,203653455,0,0,0,4608,19,4993201829
19296,162471720,52412272,214883992,7,0,1,4608,1,4809977326
19297,162472750,41007501,203480251,7,0,0,8704,1,10409688102
19298,162481740,52404838,214886578,7,0,1,4096,1,1513990473
19299,162490760,52401617,214892377,5,0,1,19456,9,6103315398
19300,162507750,41249725,203757475,7,0,0,512,1,3859934671
19301,162517860,41119743,203637603,2,0,0,33280,3,9901339079
19302,162531200,41094767,203625967,4,0,0,512,9,6652947627
19303,162551180,41778433,204329613,4,0,0,60928,9,4585040573
19304,162561310,41703808,204265118,2,0,0,8704,3,4929039418
19305,162575590,41240814,203816404,0,0,0,22528,19,8607654044
19306,162580910,40900385,203481295,7,0,0,2048,1,6031192859
19307,162600870,41112070,203712940,7,0,0,20480,1,1910479321
19308,162611740,41374872,203986612,1,0,0,10752,13,2573875273
19309,162656930,41323240,203980170,3,0,0,5120,5,6333619157
19310,162669820,41130336,203800156,4,0,0,29696,9,3811102930
19311,162672550,41065466,203738016,2,0,0,18944,3,2134880024
19312,162675089,52248011,214923100,1,0,1,18432,13,4750282445
19313,162682010,41312627,203994637,0,0,0,15360,19,154929306
19314,162693670,40964993,203658663,1,0,0,1536,13,2742797216
19315,162705160,40977873,203683033,0,0,0,9728,19,1515877124
19316,162719229,40968966,203688195,9,0,0,8192,1,8637744426
19317,162722160,41035136,203757296,1,0,0,39424,13,8647607945
19318,162733450,41121888,203855338,7,0,0,512,1,5566789606
19319,162738891,41341896,204080787,8,0,0,18944,14,11643580
19320,162747560,41231027,203978587,5,0,0,17408,9,2251072448
19321,162757350,41043728,203801078,4,0,0,2560,9,7255211078
19322,162758340,52167666,214926006,0,0,1,4608,19,1298614282
19323,162769620,41076214,203845834,6,0,0,4608,2,7693433333
19324,162771800,41148671,203920471,4,0,0,32256,9,114875662
19325,162773280,52154352,214927632,5,0,1,2560,9,10579809826
19326,162773399,41110643,203884042,9,0,0,26624,1,2433524393
19327,162781300,41590070,204371370,4,0,0,62976,9,4252785836
19328,162782001,41723478,204505479,8,0,0,19968,14,6815516230
19329,162789500,41081291,203870791,5,0,0,13824,9,7348468727
19330,162796010,41187303,203983313,0,0,0,10240,19,8456488979
19331,162797710,41304526,204102236,2,0,0,50688,3,8282796332
19332,162801520,41187923,203989443,4,0,0,9216,9,3783286304
19333,162803780,41889079,204692859,0,0,0,68096,19,5499760911
19334,162822560,41526768,204349328,6,0,0,41984,2,4474149669
19335,162856440,52073458,214929898,0,0,1,3584,19,8774637947
19336,162860749,41061305,203922054,9,0,0,5120,1,4482135430
19337,162884930,41180201,204065131,1,0,0,4608,13,1041551475
19338,162887220,41667954,204555174,5,0,0,14336,9,5461568213
19339,162903940,52028864,214932804,9,0,1,4608,1,112539898
19340,162921870,40846827,203768697,2,0,0,4096,3,2968484662
19341,162921980,41110903,204032883,2,0,0,23040,3,1527912876
19342,162923270,41066664,203989934,4,0,0,1536,9,1245651274
19343,162924300,41614040,204538340,1,0,0,45056,13,2768852500
19344,162927000,52091374,215018374,0,0,1,155648,19,8400038043
19345,162928451,41423708,204352159,8,0,0,9216,14,5583537241
19346,162930690,52116824,215047514,0,0,1,30208,19,8563572616
19347,162934031,41132067,204066098,8,0,0,1536,14,5926415742
19348,162940860,41521317,204462177,5,0,0,30208,9,2147712336
19349,162943170,41860710,204803880,2,0,0,23040,3,8821242661
19350,162948180,52123231,215071411,9,0,1,10240,1,2997877654
19351,162948990,52125327,215074317,3,0,1,4608,5,7357873771
19352,162979730,41015562,203995292,0,0,0,2048,19,9556660650
19353,162990429,41654645,204645074,9,0,0,1024,1,3669962844
19354,162999871,41590742,204590613,8,0,0,20992,14,144799610
19355,163000360,41623245,204623605,3,0,0,54272,5,4933367391
19356,163000440,52076143,215076583,5,0,1,3584,9,4699981132
19357,163008070,41440180,204448250,2,0,0,2560,3,5424302150
19358,163009440,41232927,204242367,3,0,0,2560,5,7429761471
19359,163011250,41872293,204883543,2,0,0,21504,3,646199086
19360,163028920,41133645,204162565,7,0,0,7680,1,3488106787
19361,163056580,41215954,204272534,3,0,0,17920,5,7457574685
19362,163068290,52011199,215079489,5,0,1,4608,9,565763815
19363,163076050,41103942,204179992,1,0,0,13312,13,3295618029
19364,163086270,41434730,204521000,3,0,0,13824,5,6174251030
19365,163086400,52010356,215096756,0,0,1,65536,19,8601035803
19366,163146919,51957939,215104858,1,0,1,4096,13,1088487489
19367,163149310,41340057,204489367,2,0,0,50176,3,7275360468
19368,163152540,51954264,215106804,8,0,1,3072,14,1768278452
19369,163166580,41166644,204333224,5,0,0,11776,9,143802804
19370,163167921,41021905,204189826,8,0,0,6656,14,6435904675
19371,163176010,41032391,204208401,1,0,0,38400,13,6166403748
19372,163193061,41280995,204474056,8,0,0,38912,14,9205959669
19373,163195440,41180009,204375449,2,0,0,13312,3,10003438532
19374,163207550,51900240,215107790,4,0,1,1536,9,4069512939
19375,163211101,41018022,204229123,8,0,0,4608,14,10478397090
19376,163213410,41393636,204607046,1,0,0,47616,13,9552558332
19377,163213910,51896786,215110696,7,0,1,4608,1,8837729182
19378,163239060,51874222,215113282,5,0,1,4096,9,3696420286
19379,163252930,41446246,204699176,7,0,0,1024,1,7744738376
19380,163254900,41787892,205042792,0,0,0,30720,19,5858527539
19381,163258990,41116794,204375784,0,0,0,1024,19,2322231503
19382,163262610,41431855,204694465,7,0,0,5120,1,3212249554
19383,163267830,41511333,204779163,0,0,0,39424,19,7576587327
19384,163269070,41220476,204489546,2,0,0,512,3,3497143323
19385,163271410,41296209,204567619,0,0,0,10240,19,6502362406
19386,163289270,51825357,215114627,7,0,1,11264,1,4937168203
19387,163300230,51818583,215118813,4,0,1,6656,9,4209011306
19388,163314030,41227765,204541795,9,0,0,11264,1,8378364507
19389,163322470,51801169,215123639,9,0,1,7680,1,8658775282
19390,163330209,51793994,215124203,1,0,1,10752,13,9404826777
19391,163332010,41334561,204666571,4,0,0,17408,9,8457998617
19392,163350390,41172349,204522739,5,0,0,5632,9,1437980920
19393,163358960,41018095,204377055,0,0,0,4096,19,8980486580
19394,163360671,41067568,204428239,8,0,0,7168,14,2566170870
19395,163368030,41529894,204897924,2,0,0,24576,3,3320329656
19396,163372600,41203592,204576192,1,0,0,1536,13,8267257534
19397,163380630,51752704,215133334,3,0,1,7680,5,7550276544
19398,163384949,41429041,204813990,9,0,0,17408,1,576918745
19399,163387190,41118468,204505658,4,0,0,512,9,2470788463
19400,163407240,41109517,204516757,6,0,0,36352,2,4045817790
19401,163421591,41070326,204491917,8,0,0,7680,14,6381999909
19402,163425041,41319716,204744757,8,0,0,10752,14,139216401
19403,163426921,41197487,204624408,8,0,0,2560,14,9814902418
19404,163428290,41377173,204805463,5,0,0,5120,9,8124498554
19405,163432440,41194065,204626505,3,0,0,5632,5,9600748950
19406,163437740,41687474,205125214,7,0,0,34816,1,6532832651
19407,163457090,51677703,215134793,0,0,1,10752,19,5382754785
19408,163462119,41492934,204955053,9,0,0,101376,1,8236666103
19409,163476730,41148013,204624743,4,0,0,1024,9,3132137609
19410,163482309,51682486,215164795,1,0,1,13824,13,212244407
19411,163494280,41783770,205278050,4,0,0,32256,9,5551083294
19412,163497210,51669573,215166783,5,0,1,9216,9,10311396346
19413,163508580,41488120,204996700,7,0,0,52736,1,9878711667
19414,163512260,41616877,205129137,5,0,0,12800,9,3867253183
19415,163538090,51634361,215172451,5,0,1,7168,9,7013060502
19416,163540521,41256316,204796837,8,0,0,49664,14,8457087629
19417,163561180,51615712,215176892,2,0,1,5120,3,5903518359
19418,163571290,41126162,204697452,1,0,0,9728,13,2506593611
19419,163588630,41269137,204857767,1,0,0,27648,13,4493488136
19420,163591601,41608394,205199995,8,0,0,14848,14,9126678202
19421,163592660,51587458,215180118,5,0,1,5120,9,9592986507
19422,163593360,51595725,215189085,7,0,1,11776,1,3305569487
19423,163606800,41034850,204641650,9,0,0,5120,1,3232775395
19424,163615180,41418229,205033409,7,0,0,67072,1,4798597119
19425,163631550,41183555,204815105,2,0,0,3584,3,1180061816
19426,163638930,51565819,215204749,3,0,1,9728,5,9854063425
19427,163642640,42109281,205751921,4,0,0,5120,9,8960667451
19428,163645830,41135852,204781682,6,0,0,8192,2,6880914177
19429,163672570,41090070,204762640,4,0,0,53248,9,9732165515
19430,163680750,41528940,205209690,3,0,0,31744,5,2126599578
19431,163681250,51525125,215206375,2,0,1,2560,3,8604409540
19432,163687081,41562188,205249269,8,0,0,72704,14,3620326360
19433,163691580,41805992,205497572,7,0,0,12800,1,4307570011
19434,163695100,41646270,205341370,2,0,0,39936,3,4603743539
19435,163696030,42176634,205872664,2,0,0,38912,3,10362936368
19436,163699200,41613709,205312909,0,0,0,76800,19,621222452
19437,163707810,41738373,205446183,0,0,0,76800,19,8643502352
19438,163741470,51472235,215213705,0,0,1,27648,19,10599935841
19439,163753740,41473354,205227094,0,0,0,8192,19,6396324727
19440,163756700,51463963,215220663,3,0,1,6656,5,1762786246
19441,163757010,41127827,204884837,0,0,0,4096,19,8499649449
19442,163759250,41625610,205384860,1,0,0,9728,13,830549448
19443,163759700,51475802,215235502,5,0,1,20480,9,8153762228
19444,163774610,41781248,205555858,2,0,0,10752,3,4652662579
19445,163777300,41504985,205282285,9,0,0,13824,1,8806988302
19446,163779090,41486278,205265368,0,0,0,52736,19,296104371
19447,163795370,41627390,205422760,7,0,0,94720,1,9379531796
19448,163806170,41206780,205012950,1,0,0,12800,13,3100388568
19449,163809669,51435147,215244816,1,0,1,3584,13,10073285943
19450,163816290,42137411,205953701,9,0,0,46592,1,9402074942
19451,163832881,41169998,205002879,8,0,0,2048,14,1915630739
19452,163840890,51407796,215248686,3,0,1,15872,5,1375278971
19453,163841950,51418642,215260592,7,0,1,3584,1,1525130812
19454,163849900,41325846,205175746,6,0,0,31232,2,3373783873
19455,163868671,41452529,205321200,8,0,0,27136,14,9031102667
19456,163876040,41637475,205513515,7,0,0,52224,1,9044895080
19457,163894600,41467599,205362199,5,0,0,512,9,10720263071
19458,163895860,41433319,205329179,6,0,0,26112,2,3456998231
19459,163898410,41685318,205583728,1,0,0,12800,13,6220563658
19460,163901430,51366420,215267850,6,0,1,12800,2,447723677
19461,163911080,41570690,205481770,4,0,0,60416,9,1639981634
19462,163916440,42066543,205982983,6,0,0,23552,2,10440156245
19463,163919070,51362061,215281131,5,0,1,10240,9,7154313891
19464,163922010,51362667,215284677,4,0,1,5632,9,1144189376
19465,163926800,51358863,215285663,4,0,1,1536,9,4512088309
19466,163927410,41652387,205579797,4,0,0,36352,9,2741178680
19467,163960319,42323488,206283807,9,0,0,27136,1,6583581224
19468,163968721,41685315,205654036,8,0,0,70144,14,316189191
19469,163970471,41297728,205268199,8,0,0,9216,14,3929910416
19470,163970810,41716471,205687281,4,0,0,7168,9,6532940099
19471,163979250,42130980,206110230,4,0,0,16896,9,5215103270
19472,163981660,41511989,205493649,5,0,0,38912,9,3251869121
19473,163990910,41719349,205710259,9,0,0,31232,1,10507551049
19474,163993100,42377241,206370341,5,0,0,45568,9,5980910932
19475,164001890,42182611,206184501,4,0,0,32256,9,9067554595
19476,164014510,41432632,205447142,9,0,0,3072,1,2345721499
19477,164022960,51263689,215286649,6,0,1,1536,2,7575538321
19478,164027640,41644192,205671832,2,0,0,37376,3,2889767438
19479,164028100,42201656,206229756,2,0,0,15872,3,8593169511
19480,164044320,41507323,205551643,5,0,0,22016,9,1494065318
19481,164051240,51236395,215287635,6,0,1,1536,2,6629031159
19482,164059490,41897666,205957156,5,0,0,11264,9,2147894123
19483,164061029,51227912,215288941,1,0,1,2048,13,8878336592
19484,164064380,51229067,215293447,3,0,1,7168,5,8909193196
19485,164088610,51207740,215296350,3,0,1,3584,5,6327938138
19486,164093790,41262907,205356697,4,0,0,5120,9,5426625810
19487,164098120,42006939,206105059,5,0,0,16896,9,9839112975
19488,164106760,51193136,215299896,4,0,1,5632,9,3821408435
19489,164106761,41340560,205447321,8,0,0,512,14,2551170838
19490,164111200,41457498,205568698,6,0,0,23040,2,597767437
19491,164120370,41678800,205799170,6,0,0,26112,2,7624182095
19492,164120790,51189546,215310336,7,0,1,7168,1,3380654843
19493,164139430,41607921,205747351,2,0,0,40448,3,1127182742
19494,164143820,41948475,206092295,1,0,0,11776,13,9135800172
19495,164168930,41608469,205777399,9,0,0,28160,1,10345149338
19496,164171810,41528910,205700720,5,0,0,44032,9,7728475072
19497,164173760,41511314,205685074,0,0,0,13824,19,8105694944
19498,164176540,41754875,205931415,7,0,0,56320,1,6924335138
19499,164178170,41450727,205628897,3,0,0,11264,5,9348172539
19500,164185560,51128962,215314522,7,0,1,6656,1,4285056160
19501,164186291,41624258,205810549,8,0,0,14848,14,3027339946
19502,164208360,41553670,205762030,6,0,0,2048,2,5831176428
19503,164208790,41705442,205914232,7,0,0,32768,1,1708570018
19504,164217051,41614672,205831723,8,0,0,2560,14,6138166202
19505,164218370,51111235,215329605,7,0,1,6656,1,9501315053
19506,164219840,41499802,205719642,1,0,0,30720,13,2773108917
19507,164223830,41526508,205750338,9,0,0,9728,1,2325186151
19508,164225650,41678575,205904225,7,0,0,37888,1,4631598056
19509,164229320,41491015,205720335,9,0,0,2048,1,6089868033
19510,164240850,41520533,205761383,3,0,0,22016,5,1297172368
19511,164243739,51086020,215329759,1,0,1,8704,13,8983518548
19512,164244140,42319490,206563630,1,0,0,102400,13,8097925796
19513,164263350,41617865,205881215,6,0,0,18944,2,7550246664
19514,164267960,41700160,205968120,0,0,0,18432,19,503479794
19515,164272030,51058921,215330951,8,0,1,11776,14,10222755354
19516,164272080,41540208,205812288,0,0,0,5632,19,7070090541
19517,164277020,42079414,206356434,1,0,0,32256,13,8946329666
19518,164316140,41716062,206032202,7,0,0,13312,1,8918558181
19519,164336050,41444024,205780074,4,0,0,8704,9,1432636704
19520,164336321,41786508,206122829,8,0,0,5120,14,3032538012
19521,164337970,50993327,215331297,4,0,1,512,9,6322861230
19522,164340729,50990824,215331553,1,0,1,9216,13,10480905141
19523,164341200,41824622,206165822,3,0,0,33280,5,10428612715
19524,164349300,41590182,205939482,5,0,0,11264,9,6544678174
19525,164389040,42041944,206430984,2,0,0,3584,3,7564225118
19526,164389630,42182915,206572545,3,0,0,29184,5,6560277360
19527,164422631,41746022,206168653,8,0,0,9216,14,7900087969
19528,164426200,41645069,206071269,6,0,0,1024,2,3460211150
19529,164449541,41524240,205973781,8,0,0,6144,14,361750287
19530,164460400,41714204,206174604,5,0,0,19456,9,10575106903
19531,164461939,50870657,215332596,1,0,1,512,13,5360896988
19532,164471440,42498200,206969640,6,0,0,63488,2,2461084986
19533,164484240,42260020,206744260,5,0,0,15872,9,5170834979
19534,164488300,41524603,206012903,1,0,0,23552,13,164765586
19535,164503250,41935089,206438339,1,0,0,24064,13,3093656581
19536,164513230,50824443,215337673,8,0,1,1024,14,10241203022
19537,164565060,41533810,206098870,1,0,0,21504,13,4455635870
19538,164572740,41582919,206155659,3,0,0,39936,5,613921216
19539,164581450,41488592,206070042,3,0,0,512,5,9927918982
19540,164601530,50740329,215341859,2,0,1,6656,3,8271343689
19541,164605730,41682624,206288354,2,0,0,14848,3,274942135
19542,164606860,42034258,206641118,9,0,0,54784,1,8536250645
19543,164614600,41636559,206251159,0,0,0,10752,19,5699080204
19544,164619910,50722103,215342013,2,0,1,8704,3,4791463366
19545,164625820,42486729,207112549,1,0,0,7168,13,6509871979
19546,164630771,41769918,206400689,8,0,0,22528,14,4940302734
19547,164648450,42090951,206739401,0,0,0,84480,19,7173270944
19548,164656200,42025251,206681451,6,0,0,67072,2,9981806913
19549,164675090,41530755,206205845,9,0,0,20480,1,4113359511
19550,164676571,41617266,206293837,8,0,0,17920,14,3612055855
19551,164677180,41898866,206576046,6,0,0,9728,2,7425719148
19552,164691290,41921649,206612939,3,0,0,40960,5,9256237923
19553,164696860,42095658,206792518,5,0,0,8704,9,5703650640
19554,164701661,41521226,206222887,8,0,0,8704,14,3406966264
19555,164739980,42072955,206812935,6,0,0,10752,2,5732126259
19556,164746310,42514543,207260853,9,0,0,5120,1,2855036253
19557,164749260,41705417,206454677,9,0,0,38400,1,6374330493
19558,164753900,42101139,206855039,0,0,0,41472,19,10095958681
19559,164768071,41845047,206613118,8,0,0,512,14,976668052
19560,164770760,41985683,206756443,2,0,0,11776,3,336272756
19561,164774200,42271468,207045668,0,0,0,13824,19,7704757413
19562,164795280,42196535,206991815,5,0,0,72704,9,9496685316
19563,164796380,50549112,215345492,5,0,1,5120,9,9588683663
19564,164798850,42146720,206945570,6,0,0,72704,2,9634165163
19565,164811181,42028836,206840017,8,0,0,59904,14,2479338621
19566,164827440,41867294,206694734,2,0,0,43520,3,6185007069
19567,164829991,42423305,207253296,8,0,0,137728,14,7364295032
19568,164833620,42316801,207150421,5,0,0,25600,9,2800148842
19569,164837140,41763288,206600428,6,0,0,79872,2,8967102063
19570,164851950,41844055,206696005,0,0,0,4096,19,7135767172
19571,164856730,42549936,207406666,2,0,0,4096,3,10146034005
19572,164913790,41397303,206311093,2,0,0,9728,3,5147228160
19573,164942770,50413897,215356667,2,0,1,8192,3,3392445171
19574,164953010,41937328,206890338,6,0,0,79360,2,10641915733
19575,164960810,42036800,206997610,1,0,0,18944,13,4842512556
19576,164962720,50396213,215358933,5,0,1,3584,9,6817443245
19577,164971290,41934694,206905984,6,0,0,22016,2,2612886215
19578,164993430,42093423,207086853,9,0,0,29184,1,6102810402
19579,164995680,41813956,206809636,0,0,0,46592,19,5423654600
19580,165001011,42184221,207185232,8,0,0,3072,14,5671134520
19581,165011940,41845774,206857714,0,0,0,8704,19,7792965111
19582,165016810,41847019,206863829,3,0,0,19968,5,6977229913
19583,165024310,42555670,207579980,5,0,0,76800,9,818709484
19584,165029189,50330090,215359279,1,0,1,512,13,2886232160
19585,165039290,50325135,215364425,0,0,1,8192,19,10597378631
19586,165049280,42131070,207180350,0,0,0,66560,19,2118936219
19587,165094150,42177493,207271643,2,0,0,24064,3,6690323980
19588,165105080,50268789,215373869,3,0,1,13824,5,4459798599
19589,165107780,50268995,215376775,3,0,1,4608,5,4813251912
19590,165124110,41880239,207004349,2,0,0,20992,3,8831355355
19591,165135270,41956130,207091400,3,0,0,14848,5,8158425813
19592,165137840,41704540,206842380,6,0,0,7680,2,3506344531
19593,165147820,42198862,207346682,6,0,0,15360,2,7098986661
19594,165152320,42330159,207482479,9,0,0,3072,1,7711923414
19595,165161000,42098270,207259270,2,0,0,16896,3,1348693701
19596,165163970,50221783,215385753,6,0,1,4608,2,8477292179
19597,165177900,41721353,206899253,5,0,0,29184,9,3241763032
19598,165188490,41850833,207039323,5,0,0,3584,9,4482384373
19599,165209509,50176590,215386099,1,0,1,512,13,8630293901
19600,165254850,41695423,206950273,5,0,0,15360,9,7529470897
19601,165257180,41927093,207184273,2,0,0,12800,3,8229398250
19602,165260920,41766722,207027642,2,0,0,28672,3,8027989185
19603,165274160,42496267,207770427,5,0,0,19968,9,1755189696
19604,165274320,42244070,207518390,2,0,0,117760,3,7639245233
19605,165285050,41720010,207005060,9,0,0,1536,1,796580009
19606,165288060,41825984,207114044,3,0,0,2048,5,155729690
19607,165298110,42084478,207382588,3,0,0,7168,5,4199824466
19608,165318070,50083559,215401629,8,0,1,31744,14,9086807244
19609,165343250,42505942,207849192,3,0,0,13824,5,8675766724
19610,165355640,41747090,207102730,0,0,0,27648,19,6385676585
19611,165357860,50046035,215403895,2,0,1,3584,3,2724711734
19612,165357930,41980972,207338902,2,0,0,1024,3,4760276552
19613,165358540,41782632,207141172,3,0,0,22016,5,9831651478
19614,165374220,41672095,207046315,9,0,0,2048,1,8857797870
19615,165380560,42100960,207481520,6,0,0,1536,2,5742853038
19616,165384490,42265778,207650268,6,0,0,55296,2,8007779041
19617,165397071,42367249,207764320,8,0,0,32768,14,8022275871
19618,165405140,50012044,215417184,0,0,1,55296,19,414246545
19619,165412750,41841349,207254099,2,0,0,2560,3,49879677
19620,165416780,41737856,207154636,3,0,0,10752,5,2428346997
19621,165420160,41785198,207205358,2,0,0,27648,3,8863151998
19622,165467540,49954970,215422510,0,0,1,1536,19,7679085676
19623,165481230,41626226,207107456,6,0,0,5632,2,9777825037
19624,165490490,42307048,207797538,2,0,0,33792,3,4092751420
19625,165505170,42051387,207556557,1,0,0,104448,13,311469641
19626,165513200,41806486,207319686,1,0,0,47616,13,179700661
19627,165544760,42327530,207872290,2,0,0,23040,3,9552831267
19628,165545760,42169323,207715083,1,0,0,22528,13,3703373589
19629,165547870,41663439,207211309,5,0,0,19456,9,169795591
19630,165590600,41847864,207438464,0,0,0,8704,19,10107879684
19631,165618639,49808377,215427016,1,0,1,7168,13,6882953864
19632,165627650,41729640,207357290,5,0,0,512,9,4811342617
19633,165635410,41669745,207305155,0,0,0,15872,19,2168001108
19634,165639940,42349579,207989519,9,0,0,66048,1,7354160879
19635,165642350,49806756,215449106,2,0,1,1536,3,1448902698
19636,165646660,42415301,208061961,5,0,0,120832,9,10701726698
19637,165667250,41813779,207481029,9,0,0,48128,1,2285410708
19638,165712500,41872495,207584995,1,0,0,16384,13,4557715353
19639,165720950,41600631,207321581,9,0,0,6144,1,5693869951
19640,165732689,49719643,215452332,1,0,1,5120,13,6788190734
19641,165743830,42365031,208108861,1,0,0,16896,13,9699089824
19642,165757100,41844402,207601502,0,0,0,32768,19,9676144533
19643,165757810,42168704,207926514,5,0,0,19456,9,8758601156
19644,165769250,49688254,215457504,3,0,1,8192,5,4338683383
19645,165770650,42390379,208161029,3,0,0,78336,5,4391370253
19646,165776740,49685590,215462330,3,0,1,7680,5,8547293832
19647,165783220,42304668,208087888,5,0,0,84992,9,4873515205
19648,165788011,41733990,207522001,8,0,0,11776,14,4157509445
19649,165791360,49674196,215465556,6,0,1,5120,2,4003343015
19650,165807490,42033144,207840634,1,0,0,19968,13,488628826
19651,165816620,42364223,208180843,5,0,0,18944,9,1736320473
19652,165818300,49648882,215467182,8,0,1,2560,14,2413427038
19653,165828640,42273467,208102107,9,0,0,46592,1,10355538333
19654,165830090,41941772,207771862,9,0,0,4608,1,6876303389
19655,165836441,41871755,207708196,8,0,0,19968,14,126852401
19656,165854020,49614148,215468168,9,0,1,1536,1,9276497010
19657,165861930,41823300,207685230,3,0,0,2560,5,7852150070
19658,165867140,42125210,207992350,5,0,0,9216,9,10303397708
19659,165870480,49598674,215469154,3,0,1,1536,5,6693425573
19660,165871751,42441666,208313417,8,0,0,7168,14,6931876711
19661,165885810,42321480,208207290,3,0,0,61440,5,9464373070
19662,165894360,41982477,207876837,1,0,0,14848,13,1165693060
19663,165895770,41915646,207811416,6,0,0,15872,2,4701441458
19664,165912400,42564227,208476627,9,0,0,163328,1,7776124847
19665,165913420,42190270,208103690,1,0,0,5120,13,8114407060
19666,165935450,42058327,207993777,6,0,0,4608,2,9905776593
19667,165937310,42195869,208133179,5,0,0,8704,9,10179414203
19668,165938260,42174212,208112472,0,0,0,11776,19,10277585938
19669,165940020,42228043,208168063,2,0,0,12288,3,6589696967
19670,165943360,41915546,207858906,5,0,0,10752,9,10061426214
19671,165952390,49527809,215480199,6,0,1,12800,2,2647123254
19672,165952701,42411906,208364607,8,0,0,17920,14,1330470987
19673,165955850,42069272,208025122,0,0,0,32256,19,3239422928
19674,165956810,42272545,208229355,3,0,0,11264,5,3464444942
19675,165973580,42311938,208285518,1,0,0,29184,13,5522640545
19676,165974020,42251857,208225877,9,0,0,60928,1,6279185685
19677,165980410,49502375,215482785,2,0,1,4096,3,3690766433
19678,165987430,42439410,208426840,1,0,0,65024,13,9117943073
19679,166015190,42465984,208481174,3,0,0,14848,5,3800088282
19680,166035300,49448791,215484091,9,0,1,2048,1,7669799448
19681,166038801,42347906,208386707,8,0,0,33280,14,6608735484
19682,166068760,42236407,208305167,1,0,0,31744,13,2125171546
19683,166096320,42213885,208310205,3,0,0,16384,5,10553417480
19684,166096901,42144416,208241317,8,0,0,22016,14,309719699
19685,166099060,42412418,208511478,6,0,0,17408,2,1393054161
19686,166119740,42561269,208681009,2,0,0,22016,3,2863825600
19687,166122850,42204451,208327301,2,0,0,23040,3,10599896960
19688,166145980,42244158,208390138,3,0,0,3072,5,1990211219
19689,166154440,42117334,208271774,2,0,0,24064,3,86086883
19690,166154700,41958107,208112807,2,0,0,1024,3,5518913207
19691,166165880,49319197,215485077,9,0,1,1536,1,6830503268
19692,166168940,42743076,208912016,9,0,0,19456,1,7851617446
19693,166190860,42522733,208713593,6,0,0,52736,2,5203953404
19694,166202630,42287767,208490397,5,0,0,1024,9,10133233394
19695,166210820,42100390,208311210,5,0,0,3072,9,5869875860
19696,166212560,49274783,215487343,6,0,1,3584,2,5980373139
19697,166217290,42266559,208483849,6,0,0,8704,2,8000400761
19698,166220480,42156064,208376544,1,0,0,9216,13,1150474186
19699,166227740,42131384,208359124,2,0,0,4096,3,211724365
19700,166244520,49247649,215492169,3,0,1,7680,5,9196252845
19701,166256470,42333066,208589536,5,0,0,6656,9,2223980881
19702,166277880,42383534,208661414,2,0,0,9728,3,10369877178
19703,166292040,42299315,208591355,9,0,0,512,1,10402578246
19704,166306100,42310122,208616222,0,0,0,8704,19,6355781748
19705,166322630,42416735,208739365,5,0,0,52224,9,2356294529
19706,166325630,42261832,208587462,5,0,0,105472,9,8202297921
19707,166332040,49163035,215495075,3,0,1,4608,5,244442110
19708,166341930,42398862,208740792,2,0,0,4608,3,674888043
19709,166344320,42142851,208487171,3,0,0,4608,5,6250818271
19710,166358700,49138961,215497661,3,0,1,4096,5,2179696037
19711,166364690,49133957,215498647,3,0,1,1536,5,10022371314
19712,166369750,42610755,208980505,1,0,0,14848,13,8252707266
19713,166375160,42388521,208763681,0,0,0,55808,19,3661271081
19714,166379740,42278478,208658218,0,0,0,11776,19,6475224027
19715,166392081,42258344,208650425,8,0,0,11776,14,4882012738
19716,166392680,49112010,215504690,3,0,1,19456,5,8644062519
19717,166394660,42694310,209088970,9,0,0,30208,1,9030650285
19718,166397579,49110977,215508556,1,0,1,6144,13,1472689222
19719,166414360,42358922,208773282,5,0,0,9728,9,2933001700
19720,166452580,49057602,215510182,0,0,1,2560,19,9193520576
19721,166453720,42176770,208630490,6,0,0,5120,2,5590605923
19722,166458360,42860555,209318915,0,0,0,12288,19,2907982935
19723,166481910,49030218,215512128,3,0,1,3072,5,7082199670
19724,166510480,42588029,209098509,0,0,0,31232,19,532961118
19725,166564229,48959959,215524188,1,0,1,49152,13,6987848083
19726,166565690,42323367,208889057,6,0,0,66560,2,7458089241
19727,166579920,48944832,215524752,5,0,1,10752,9,992070889
19728,166588629,48947672,215536301,1,0,1,7168,13,5578698495
19729,166607771,42368187,208975958,8,0,0,41984,14,5483163489
19730,166620940,41864804,208485744,3,0,0,6144,5,3220547240
19731,166626410,42602337,209228747,1,0,0,14336,13,2318847678
19732,166628581,42194327,208822908,8,0,0,5120,14,9546774762
19733,166634170,42081318,208715488,9,0,0,6144,1,3020191784
19734,166635560,42197265,208832825,0,0,0,18432,19,557953432
19735,166637500,42384105,209021605,0,0,0,64000,19,7093716941
19736,166642000,42608900,209250900,5,0,0,40448,9,1902099486
19737,166666840,48874607,215541447,9,0,1,8192,1,346867036
19738,166670460,42354600,209025060,3,0,0,11264,5,1530661165
19739,166684060,42130817,208814877,6,0,0,21504,2,6881903293
19740,166687170,42684900,209372070,0,0,0,28672,19,7640280861
19741,166689341,42087331,208776672,8,0,0,4608,14,4162070029
19742,166689520,42118782,208808302,1,0,0,11776,13,9223307372
19743,166693880,42826355,209520235,3,0,0,22528,5,7955354411
19744,166694420,42365640,209060060,1,0,0,19456,13,7069907060
19745,166704060,42336753,209040813,0,0,0,5632,19,105529114
19746,166709610,42631528,209341138,2,0,0,67584,3,2388617830
19747,166719780,42195864,208915644,0,0,0,5632,19,7209302940
19748,166720720,42425185,209145905,3,0,0,40448,5,6802389003
19749,166721940,48819853,215541793,0,0,1,512,19,5325292994
19750,166726830,42999177,209726007,1,0,0,22528,13,638504296
19751,166738461,42130293,208868754,8,0,0,13312,14,5300456915
19752,166738950,48803407,215542357,6,0,1,10752,2,9685687261
19753,166752070,42363752,209115822,0,0,0,1536,19,6489736734
19754,166758670,42354109,209112779,0,0,0,8192,19,6550984870
19755,166759420,48806568,215565988,9,0,1,31232,1,6438082029
19756,166763810,42315933,209079743,5,0,0,56320,9,1818707446
19757,166776050,42990946,209766996,5,0,0,2560,9,8662707579
19758,166776720,42414143,209190863,5,0,0,26112,9,8206856401
19759,166804620,42852172,209656792,1,0,0,34816,13,3451317275
19760,166808500,42818373,209626873,9,0,0,89088,1,8019763224
19761,166815420,42533541,209348961,2,0,0,25600,3,1556202105
19762,166818070,42461706,209279776,5,0,0,58880,9,1371970096
19763,166826300,43145868,209972168,3,0,0,56320,5,1998468622
19764,166831390,43164611,209996001,9,0,0,2048,1,762674483
19765,166832170,48743969,215576139,0,0,1,21504,19,10662153379
19766,166842150,43112835,209954985,1,0,0,11776,13,3237183063
19767,166844370,42275387,209119757,5,0,0,1024,9,6067019656
19768,166851090,42542723,209393813,2,0,0,25088,3,5264019499
19769,166859230,42355125,209214355,1,0,0,3072,13,6835131113
19770,166860170,42311031,209171201,0,0,0,12288,19,1727720614
19771,166863190,42691779,209554969,6,0,0,19456,2,8658252544
19772,166866930,42716694,209583624,9,0,0,16384,1,4252062351
19773,166869530,42792034,209661564,2,0,0,512,3,10125718992
19774,166870600,42928513,209799113,3,0,0,77824,5,8693009527
19775,166873511,42504677,209378188,8,0,0,1536,14,4852707704
19776,166878450,42515854,209394304,1,0,0,1536,13,8700400177
19777,166894700,42932281,209826981,9,0,0,28672,1,4534168880
19778,166905680,42378487,209284167,3,0,0,14336,5,7946910641
19779,166906541,42670945,209577486,8,0,0,60416,14,7447969207
19780,166912460,48700937,215613397,0,0,1,9216,19,989758180
19781,166931010,43268213,210199223,1,0,0,5120,13,2968873561
19782,166933800,43136212,210070012,5,0,0,67072,9,6632723561
19783,166936060,42488875,209424935,6,0,0,5120,2,788921944
19784,166937470,48676913,215614383,5,0,1,1536,9,9712130386
19785,166952791,42930579,209883370,8,0,0,37376,14,5537292179
19786,166958900,42874778,209833678,0,0,0,14336,19,2983461170
19787,166970310,42284917,209255227,6,0,0,512,2,3192069891
19788,166993500,43115346,210108846,2,0,0,5120,3,10028582971
19789,166997010,43279300,210276310,3,0,0,22528,5,8041058612
19790,167001600,42677660,209679260,2,0,0,25600,3,9232739207
19791,167015070,48599569,215614639,6,0,1,9216,2,730930498
19792,167034110,48590152,215624262,9,0,1,1024,1,4945138282
19793,167041560,42661472,209703032,3,0,0,64512,5,4465692189
19794,167046770,48583624,215630394,3,0,1,9728,5,4744460084
19795,167070630,42695226,209765856,5,0,0,47616,9,7690840919
19796,167124380,43109186,210233566,2,0,0,31744,3,8537863942
19797,167125230,42815334,209940564,2,0,0,16384,3,9501572922
19798,167131940,48512473,215644413,6,0,1,46080,2,2908112004
19799,167140120,42488492,209628612,3,0,0,5632,5,3081204209
19800,167142290,48510754,215653044,6,0,1,12288,2,7393059304
19801,167149590,42668624,209818214,1,0,0,58368,13,432387996
19802,167174110,42852682,210026792,3,0,0,29696,5,6685805693
19803,167182900,48470490,215653390,9,0,1,512,1,8711930015
19804,167221680,42439659,209661339,6,0,0,14848,2,10597606588
19805,167228090,42572317,209800407,6,0,0,2560,2,4999588122
19806,167244510,42843705,210088215,9,0,0,7168,1,4729047951
19807,167262050,42468937,209730987,1,0,0,3584,13,4036061293
19808,167275840,42674107,209949947,6,0,0,30720,2,3948968140
19809,167281990,42243143,209525133,9,0,0,4608,1,10150050909
19810,167288730,42510874,209799604,2,0,0,1536,3,1212791352
19811,167290210,42581749,209871959,1,0,0,78848,13,7938078390
19812,167291630,43215510,210507140,5,0,0,11776,9,509422390
19813,167292220,43032852,210325072,9,0,0,48640,1,4055563595
19814,167311460,48344196,215655656,5,0,1,3584,9,8959558096
19815,167337710,42946423,210284133,2,0,0,25600,3,2940589554
19816,167357610,48303266,215660876,0,0,1,3584,19,3407117831
19817,167369220,42566329,209935549,6,0,0,46592,2,8914698352
19818,167372860,42223553,209596413,2,0,0,6656,3,8596375143
19819,167426160,42704076,210130236,6,0,0,512,2,3939854997
19820,167437099,48234579,215671678,1,0,1,14336,13,6442013310
19821,167444090,42680534,210124624,5,0,0,28672,9,4641702425
19822,167461130,48232759,215693889,2,0,1,2560,3,7484792627
19823,167468450,42743827,210212277,9,0,0,4096,1,9898587943
19824,167506820,48191895,215698715,6,0,1,7680,2,9458636293
19825,167515910,42399830,209915740,9,0,0,36864,1,7370221910
19826,167530640,42540487,210071127,0,0,0,3584,19,7775063503
19827,167537900,43160971,210698871,9,0,0,46592,1,3700375126
19828,167556750,42394624,209951374,1,0,0,4608,13,3943638485
19829,167560250,42488585,210048835,9,0,0,24064,1,10324089241
19830,167562270,42727970,210290240,0,0,0,19968,19,5335705993
19831,167567310,42790475,210357785,5,0,0,34304,9,3540360483
19832,167570929,48128452,215699381,1,0,1,1024,13,5934101544
19833,167571320,42517386,210088706,2,0,0,1536,3,10408807881
19834,167574460,43225043,210799503,2,0,0,12288,3,6481692751
19835,167582270,42615370,210197640,2,0,0,60416,3,10332357749
19836,167586520,42812073,210398593,1,0,0,29184,13,5465884014
19837,167591730,42677693,210269423,0,0,0,32768,19,115869718
19838,167593970,42325674,209919644,0,0,0,10752,19,1552772746
19839,167607160,42527098,210134258,1,0,0,9728,13,719678634
19840,167607840,42386350,209994190,0,0,0,20992,19,4313561165
19841,167640890,42957673,210598563,5,0,0,54784,9,3470955524
19842,167663350,42596043,210259393,6,0,0,26624,2,2134851986
19843,167665190,42545816,210211006,0,0,0,3072,19,6350165336
19844,167668220,42761199,210429419,9,0,0,6144,1,4720011800
19845,167669460,42472777,210142237,0,0,0,26112,19,3888513999
19846,167671979,48028388,215700367,1,0,1,1536,13,8473645060
19847,167674260,43054835,210729095,6,0,0,51200,2,5292657995
19848,167676050,42421490,210097540,5,0,0,19968,9,3710586701
19849,167676880,48036022,215712902,6,0,1,25088,2,4364038076
19850,167811770,42295493,210107263,9,0,0,13312,1,154298323
19851,167812360,43219942,211032302,5,0,0,12288,9,5564447590
19852,167814420,42832727,210647147,0,0,0,7680,19,8168624161
19853,167842480,42661049,210503529,1,0,0,46592,13,2308655605
19854,167843400,42299016,210142416,5,0,0,512,9,2569424084
19855,167875960,42198970,210074930,5,0,0,1536,9,4040415413
19856,167894270,43263455,211157725,0,0,0,11264,19,6420397167
19857,167895760,47821957,215717717,5,0,1,10240,9,1619176499
19858,167926620,47800626,215727246,9,0,1,6656,1,2126466951
19859,167956110,47789574,215745684,9,0,1,3072,1,1852547917
19860,167956870,47796519,215753389,5,0,1,2560,9,1083551598
19861,167966680,42844546,210811226,5,0,0,38400,9,9942361334
19862,167981730,47775205,215756935,5,0,1,5632,9,7310220289
19863,167998590,42671165,210669755,1,0,0,46592,13,1504381132
19864,168001680,43316583,211318263,1,0,0,11264,13,9523945831
19865,168005180,42818260,210823440,9,0,0,24064,1,8591940497
19866,168033720,42542585,210576305,1,0,0,8192,13,7201316910
19867,168090360,42253299,210343659,1,0,0,60928,13,6373418310
19868,168123170,42366140,210489310,0,0,0,52736,19,8108165651
19869,168137120,42657669,210794789,1,0,0,33792,13,9559628594
19870,168140260,42544392,210684652,5,0,0,6656,9,870802332
19871,168156990,42315582,210472572,9,0,0,48128,1,7759215001
19872,168162070,42853329,211015399,1,0,0,10752,13,7196235800
19873,168183460,42274425,210457885,9,0,0,62464,1,9206807613
19874,168214670,42652728,210867398,9,0,0,1024,1,8641131443
19875,168237110,42381365,210618475,0,0,0,38912,19,9316633714
19876,168245390,42309326,210554716,1,0,0,3072,13,7250565058
19877,168250860,42659149,210910009,1,0,0,13824,13,1982287132
19878,168285320,42659616,210944936,0,0,0,52736,19,7648848561
19879,168298350,47459251,215757601,0,0,1,1024,19,19192792
19880,168323750,43148574,211472324,9,0,0,96768,1,3650165351
19881,168338290,43288284,211626574,0,0,0,33792,19,4521109324
19882,168370280,47387680,215757960,9,0,1,9728,1,4552641246
19883,168390160,42083059,210473219,9,0,0,2048,1,5765070088
19884,168423630,42307204,210730834,0,0,0,5632,19,5565996974
19885,168425530,42335302,210760832,9,0,0,15360,1,630846124
19886,168473789,47286757,215760546,1,0,1,4096,13,2790825558
19887,168535880,42017877,210553757,1,0,0,14848,13,9724509981
19888,168545380,43268197,211813577,5,0,0,36864,9,9644909920
19889,168557300,47208617,215765917,9,0,1,7680,1,8562255680
19890,168565660,42659863,211225523,0,0,0,48640,19,4918995318
19891,168571690,42102924,210674614,9,0,0,15872,1,505488493
19892,168628480,42054121,210682601,0,0,0,26112,19,1684776703
19893,168635330,42204421,210839751,1,0,0,13312,13,10427603806
19894,168641450,41957448,210598898,0,0,0,1024,19,6104116233
19895,168645720,42212270,210857990,5,0,0,25600,9,8124864940
19896,168646920,42126946,210773866,0,0,0,8704,19,4457092596
19897,168675700,42435759,211111459,9,0,0,48128,1,666897318
19898,168692150,42204559,210896709,9,0,0,32256,1,2606575391
19899,168705310,42161200,210866510,9,0,0,8192,1,4545831093
19900,168726380,42556678,211283058,0,0,0,1024,19,7573699625
19901,168733710,41975762,210709472,5,0,0,3072,9,4708438693
19902,168738560,42186460,210925020,1,0,0,8192,13,358574782
19903,168787540,42411660,211199200,9,0,0,105984,1,1091257763
19904,168806810,42009275,210816085,5,0,0,15872,9,3896371392
19905,168809390,46977365,215786755,9,0,1,25600,1,6644401457
19906,168848480,41935663,210784143,0,0,0,12288,19,7093018462
19907,168850760,42220662,211071422,1,0,0,15872,13,6571534077
19908,168856889,46931492,215788381,1,0,1,2560,13,7144340977
19909,168860049,46932838,215792887,1,0,1,7168,13,4226744868
19910,168870270,46925203,215795473,0,0,1,4096,19,4362691562
19911,168871950,46924829,215796779,5,0,1,2048,9,2920285746
19912,168876370,46922995,215799365,9,0,1,4096,1,6071348489
19913,168900780,42309831,211210611,9,0,0,37376,1,5768082406
19914,168902810,43025694,211928504,1,0,0,42496,13,7932368932
19915,168915260,42323288,211238548,0,0,0,28160,19,5367847356
19916,168926560,42321683,211248243,9,0,0,31744,1,10001594819
19917,168933390,42107593,211040983,9,0,0,9216,1,8853678230
19918,168961980,42192290,211154270,0,0,0,13312,19,8251512804
19919,169029090,42200855,211229945,0,0,0,14336,19,302040676
19920,169030620,42110840,211141460,5,0,0,73216,9,2115395850
19921,169045880,42114364,211160244,5,0,0,8192,9,2328613943
19922,169048500,42545268,211593768,5,0,0,72192,9,3081822450
19923,169064490,41995957,211060447,0,0,0,11776,19,4509008019
19924,169153870,42272556,211426426,0,0,0,13824,19,8065578439
19925,169169070,42129454,211298524,9,0,0,5632,1,5646547691
19926,169177960,42811988,211989948,1,0,0,7680,13,4167351147
19927,169210610,46590381,215800991,9,0,1,2560,1,8551344142
19928,169230810,42139983,211370793,1,0,0,36352,13,2803776294
19929,169275330,42074147,211349477,0,0,0,26112,19,208423122
19930,169284900,41975326,211260226,1,0,0,2048,13,6207105516
19931,169286649,46517250,215803899,1,0,1,12288,13,3209059301
19932,169289360,46525430,215814790,9,0,1,6656,1,871800266
19933,169382019,46434717,215816736,1,0,1,3072,13,8979507142
19934,169385860,46433142,215819002,0,0,1,3584,19,1550619228
19935,169424790,41907556,211332346,1,0,0,4608,13,10495618291
19936,169450510,46381409,215831919,9,0,1,28672,1,3577479028
19937,169458679,46376466,215835145,1,0,1,5120,13,7370612641
19938,169487300,42009365,211496665,9,0,0,41472,1,9959428523
19939,169621940,41919861,211541801,1,0,0,14848,13,9155297710
19940,169633750,41840648,211474398,9,0,0,6656,1,5346721088
19941,169681590,41799539,211481129,0,0,0,22016,19,561347849
19942,169710980,41996891,211707871,1,0,0,69120,13,4491227726
19943,169719780,41795237,211515017,1,0,0,2560,13,6051213272
19944,169742480,41630832,211373312,1,0,0,8192,13,4724196750
19945,169754090,41729402,211483492,1,0,0,7680,13,8472284771
19946,169764049,46072082,215836131,1,0,1,1536,13,173779266
19947,169828890,41742859,211571749,9,0,0,16384,1,9017244463
19948,169831460,42219753,212051213,9,0,0,1024,1,2920081531
19949,169868540,41560272,211428812,1,0,0,3072,13,6848816387
19950,169869810,41552381,211422191,0,0,0,31744,19,9390388399
19951,169872830,41636067,211508897,0,0,0,7680,19,4538316233
19952,169913010,41621591,211534601,0,0,0,28672,19,10638273503
19953,169922650,41676133,211598783,0,0,0,16384,19,10426956716
19954,169987040,41440813,211427853,1,0,0,4608,13,3363428233
19955,170005690,41610565,211616255,1,0,0,8192,13,1879978484
19956,170040930,41443076,211484006,0,0,0,1536,19,8263695360
19957,170095219,45742538,215837757,1,0,1,2560,13,1879774243
19958,170174490,41497324,211671814,1,0,0,28160,13,9904864759
19959,170183329,45655734,215839063,1,0,1,2048,13,1701556759
19960,170215110,41751788,211966898,0,0,0,22016,19,725011982
19961,170221460,41829426,212050886,1,0,0,104448,13,7963351960
19962,170221610,41566033,211787643,1,0,0,9728,13,6548417821
19963,170239600,41396985,211636585,1,0,0,5632,13,3643031377
19964,170338370,41601390,211939760,0,0,0,8192,19,7281500950
19965,170462700,41623448,212086148,0,0,0,17408,19,633098583
19966,170490240,41425301,211915541,1,0,0,10752,13,5623757372
19967,170493340,41517683,212011023,1,0,0,69120,13,3029226801
19968,170609490,41231126,211840616,1,0,0,13312,13,3067521528
19969,170767320,41365189,212132509,1,0,0,37376,13,6499270367
19970,170815920,40783198,211599118,1,0,0,1024,13,8464806725
19971,171019590,41127487,212147077,1,0,0,11264,13,811296604
19972,171197840,40675164,211873004,1,0,0,34816,13,1821119246
19973,171508800,40466069,211974869,1,0,0,26112,13,7794710499
19974,171656470,40193360,211849830,1,0,0,9728,13,3491879746
19975,171775770,40111288,211887058,1,0,0,28160,13,8289407880
19976,171893640,40217311,212110951,1,0,0,73728,13,8941483501
19977,172022120,39883875,211905995,1,0,0,29184,13,5414599315
19978,172032559,43807810,215840369,1,0,1,2048,13,544286788
19979,172073850,39714167,211788017,1,0,0,1024,13,2082026159
19980,172189079,43652276,215841355,1,0,1,1536,13,10338557207
19981,172392509,43454390,215846899,1,0,1,5120,13,5448420723
19982,172476830,39644276,212121106,1,0,0,33280,13,9600827055
19983,172493640,39360729,211854369,1,0,0,14848,13,7376105136
19984,172545490,39442103,211987593,1,0,0,6144,13,3367660240
19985,172592510,39319740,211912250,1,0,0,20480,13,518588863
19986,172695830,39237681,211933511,1,0,0,16384,13,19943388
19987,172772190,39005636,211777826,1,0,0,20992,13,9359253469
19988,172778920,39198928,211977848,1,0,0,9728,13,958619539
19989,173015840,39038508,212054348,1,0,0,10240,13,7200531415
19990,173096070,39188584,212284654,1,0,0,28160,13,10279081669
19991,173255760,38884564,212140324,1,0,0,25600,13,4076957585
19992,173317949,42532496,215850445,1,0,1,5632,13,7462103888
19993,173333300,38810330,212143630,1,0,0,2048,13,3286276424
19994,173372229,42478780,215851009,1,0,1,10752,13,3029300443
19995,173391549,42489529,215881078,1,0,1,2048,13,6774406772
19996,173397340,38581147,211978487,1,0,0,2048,13,1130357950
19997,173418550,38802254,212220804,1,0,0,34304,13,6957451033
19998,173447320,38734405,212181725,1,0,0,22528,13,3672934090
19999,173470880,38672111,212142991,1,0,0,8704,13,5775255512
