RequestID,ArrivalTime,DelayTime,FinishTime,InitiatorID,TargetID,IOType,Size,VolumeID,Offset
0,196067350,99788,196167138,9,0,0,27648,9,3530130032
1,196083807,85059,196168866,16,0,0,3072,16,3430376600
2,196095593,116275,196211868,26,0,0,27136,26,5105020154
3,196143551,117479,196261030,15,0,0,10752,15,6085880127
4,196146878,66721,196213599,5,0,0,5632,5,2897348073
5,196151302,6229,196157531,18,0,1,15360,18,10214176195
6,196153380,259719,196413099,7,0,0,40960,7,2540911024
7,196160984,10044,196171028,29,0,1,4096,29,2111140859
8,196167839,120151,196287990,3,0,0,38912,3,4716700631
9,196175460,156672,196332132,13,0,0,11264,13,9913855848
10,196178678,47288,196225966,8,0,0,1536,8,10352003658
11,196222146,3128,196225274,1,0,1,9216,1,8574372457
12,196224586,6695,196231281,10,0,1,6656,10,3597269192
13,196268039,121531,196389570,20,0,0,19968,20,10411571727
14,196287234,113370,196400604,0,0,0,22016,0,128506937
15,196293508,124910,196418418,4,0,0,17408,4,4082943848
16,196308120,145704,196453824,23,0,0,23040,23,4381946605
17,196321028,11119,196332147,29,0,1,16896,29,6177096819
18,196338856,138614,196477470,24,0,0,12800,24,6684747494
19,196365949,13600,196379549,15,0,1,23040,15,9752501896
20,196389497,3452,196392949,14,0,1,9728,14,2398119844
21,196413130,185558,196598688,9,0,0,9728,9,4506827562
22,196422920,88967,196511887,7,0,0,4608,7,3102189288
23,196444254,77144,196521398,27,0,0,13824,27,4713237591
24,196481432,114269,196595701,19,0,0,51712,19,8617864133
25,196536123,143127,196679250,4,0,0,84480,4,9866392432
26,196544972,97336,196642308,11,0,0,3072,11,324319240
27,196560013,125489,196685502,24,0,0,9216,24,4382546847
28,196570182,207858,196778040,22,0,0,49664,22,307500676
29,196574067,74618,196648685,19,0,0,1024,19,8558758776
30,196588509,120464,196708973,29,0,0,17408,29,258342768
31,196602324,83973,196686297,7,0,0,2560,7,10071016735
32,196602998,114370,196717368,24,0,0,16896,24,2241201337
33,196628734,165787,196794521,19,0,0,15872,19,6718079447
34,196653524,172540,196826064,25,0,0,23552,25,6412972145
35,196658148,84727,196742875,7,0,0,9728,7,2308202324
36,196674284,123068,196797352,2,0,0,9216,2,4633589175
37,196675697,173376,196849073,19,0,0,6144,19,5698734456
38,196684705,98472,196783177,9,0,0,7168,9,562948332
39,196709745,193367,196903112,18,0,0,15360,18,5335691474
40,196719976,168136,196888112,4,0,0,26624,4,3990595778
41,196741377,8261,196749638,17,0,1,7168,17,7900202765
42,196742563,9981,196752544,11,0,1,4608,11,9793067570
43,196745733,7477,196753210,29,0,1,1024,29,1944787681
44,196759219,18836,196778055,9,0,1,11776,9,7577158853
45,196775806,75871,196851677,23,0,0,4608,23,2059764381
46,196785572,104583,196890155,27,0,0,6656,27,1913297789
47,196793716,144441,196938157,14,0,0,24576,14,4070805474
48,196804987,259008,197063995,10,0,0,60928,10,7769885965
49,196840102,186585,197026687,16,0,0,14336,16,6732939376
50,196862759,100412,196963171,17,0,0,29696,17,3085156870
51,196899434,7568,196907002,5,0,1,4096,5,7025114852
52,196989519,81142,197070661,25,0,0,1024,25,5880203317
53,196996040,137411,197133451,22,0,0,19456,22,8763442724
54,197015870,76040,197091910,20,0,0,3584,20,4644717902
55,197017341,145483,197162824,22,0,0,46592,22,3702121544
56,197033371,172824,197206195,29,0,0,512,29,8761006999
57,197034187,114255,197148442,27,0,0,49152,27,5022220215
58,197051180,97433,197148613,0,0,0,512,0,110417945
59,197052186,238891,197291077,4,0,0,46080,4,8345117579
60,197081995,169679,197251674,4,0,0,84480,4,6094150444
61,197086811,257303,197344114,27,0,0,26112,27,3090335120
62,197109892,181356,197291248,16,0,0,512,16,1539886196
63,197114253,3904,197118157,9,0,1,10752,9,7967243529
64,197159165,198260,197357425,15,0,0,35328,15,7225898600
65,197181547,114732,197296279,19,0,0,1536,19,883005636
66,197193571,150885,197344456,4,0,0,1024,4,6651279162
67,197196909,1042,197197951,25,0,1,1024,25,8573108092
68,197221249,114894,197336143,2,0,0,51712,2,554499027
69,197253479,238183,197491662,28,0,0,41472,28,7729917183
70,197259938,219065,197479003,4,0,0,45056,4,7129707657
71,197260241,140792,197401033,24,0,0,26624,24,8414569947
72,197267152,161763,197428915,10,0,0,41984,10,231934071
73,197317181,26948,197344129,5,0,1,12800,5,5886430471
74,197380354,3422,197383776,23,0,1,3584,23,5614015738
75,197404308,95600,197499908,14,0,0,8704,14,10481679905
76,197417254,86013,197503267,11,0,0,9728,11,5175499240
77,197419962,75775,197495737,2,0,0,3072,2,4145912231
78,197424847,11340,197436187,25,0,1,7680,25,3768957268
79,197432222,97986,197530208,12,0,0,17408,12,1110349358
80,197438978,5196,197444174,18,0,1,13312,18,8101932789
81,197445371,155643,197601014,22,0,0,41984,22,8576646373
82,197448944,178403,197627347,6,0,0,21504,6,3448856017
83,197459644,153676,197613320,15,0,0,5632,15,10140467218
84,197470230,236779,197707009,19,0,0,34816,19,6165652899
85,197524152,15321,197539473,9,0,1,29696,9,4086885992
86,197540144,150282,197690426,17,0,0,30720,17,8181684863
87,197555463,109324,197664787,16,0,0,13312,16,10051476193
88,197559549,121070,197680619,9,0,0,10240,9,1020028519
89,197563795,241795,197805590,18,0,0,2048,18,4715942622
90,197667371,132986,197800357,16,0,0,88576,16,879108828
91,197682230,197146,197879376,20,0,0,37376,20,4896777045
92,197682749,8736,197691485,29,0,1,1024,29,7320976189
93,197694075,173890,197867965,29,0,0,29696,29,2484008044
94,197701392,9031,197710423,5,0,1,3584,5,9401045984
95,197716060,23725,197739785,0,0,1,39424,0,4800608148
96,197724052,191026,197915078,4,0,0,4096,4,607178813
97,197758033,242838,198000871,9,0,0,49152,9,6777536117
98,197760156,73354,197833510,7,0,0,2560,7,3914023685
99,197767243,201753,197968996,20,0,0,30208,20,4105188425
100,197774379,198155,197972534,24,0,0,6144,24,5141350172
101,197790973,181888,197972861,24,0,0,1024,24,6887858763
102,197818691,183303,198001994,1,0,0,3584,1,7243189109
103,197818876,7230,197826106,0,0,1,7680,0,499771611
104,197819049,209969,198029018,6,0,0,30208,6,5963383814
105,197847128,167360,198014488,18,0,0,20992,18,7002485268
106,197864125,89484,197953609,7,0,0,1024,7,7532023900
107,197878897,159496,198038393,17,0,0,30720,17,3169003725
108,197902671,115291,198017962,10,0,0,1024,10,7064230565
109,197962515,86191,198048706,11,0,0,6144,11,4345874183
110,197983030,151800,198134830,9,0,0,14336,9,8428501512
111,197992250,15157,198007407,25,0,1,13824,25,3079612370
112,197992768,110136,198102904,22,0,0,26624,22,1348898827
113,198002215,51745,198053960,27,0,0,1024,27,9649328523
114,198046276,206972,198253248,22,0,0,4096,22,9865696956
115,198131500,74766,198206266,26,0,0,10240,26,1313960925
116,198134771,115861,198250632,22,0,0,35840,22,10041800356
117,198180631,151127,198331758,27,0,0,99328,27,3860129808
118,198188794,159641,198348435,4,0,0,6656,4,9533115449
119,198213969,10757,198224726,2,0,1,17408,2,1509244068
120,198216926,117655,198334581,5,0,0,9216,5,1033157417
121,198256223,6278,198262501,17,0,1,6656,17,1311003390
122,198264114,71886,198336000,28,0,0,4608,28,9390673673
123,198277654,59921,198337575,6,0,0,5120,6,4345302640
124,198296152,106277,198402429,5,0,0,16384,5,4723102250
125,198359771,144886,198504657,18,0,0,52224,18,7642180356
126,198389290,53687,198442977,22,0,0,1024,22,10690507161
127,198456788,73136,198529924,4,0,0,10752,4,1881707229
128,198480716,120992,198601708,0,0,0,7168,0,2330448852
129,198502250,95318,198597568,20,0,0,8704,20,2856467681
130,198504114,11317,198515431,18,0,1,17408,18,3740022415
131,198504839,80329,198585168,17,0,0,1024,17,570765490
132,198523928,6019,198529947,25,0,1,4608,25,4596777366
133,198527139,236581,198763720,15,0,0,112640,15,7441665002
134,198530616,157750,198688366,25,0,0,17408,25,9974009076
135,198537888,277959,198815847,22,0,0,8704,22,3777458316
136,198558301,209958,198768259,15,0,0,14848,15,3378718220
137,198566128,2470,198568598,22,0,1,2560,22,6207239470
138,198582866,82262,198665128,1,0,0,512,1,8392454333
139,198585376,123312,198708688,20,0,0,8192,20,4054433512
140,198613474,271333,198884807,7,0,0,18944,7,3486884990
141,198628158,232798,198860956,28,0,0,66560,28,9287853701
142,198629959,74091,198704050,27,0,0,6144,27,1277940830
143,198644098,136219,198780317,2,0,0,4608,2,732835241
144,198661810,117072,198778882,17,0,0,34816,17,740891417
145,198678647,2870,198681517,4,0,1,8704,4,10104529976
146,198682990,195537,198878527,1,0,0,8704,1,7312728554
147,198688330,5830,198694160,5,0,1,6144,5,9219022795
148,198696034,117146,198813180,29,0,0,14336,29,2080135450
149,198708741,167095,198875836,10,0,0,44544,10,5816059870
150,198717853,253137,198970990,11,0,0,53248,11,5158947278
151,198729261,158213,198887474,6,0,0,8704,6,10727183630
152,198763544,276345,199039889,12,0,0,40960,12,9201491379
153,198770869,363188,199134057,27,0,0,7680,27,6728611006
154,198797459,135233,198932692,26,0,0,2048,26,8430128204
155,198805023,90932,198895955,11,0,0,5120,11,2266013319
156,198813214,112174,198925388,25,0,0,12800,25,2274119342
157,198823592,243141,199066733,16,0,0,33280,16,1697155762
158,198837904,312704,199150608,29,0,0,54272,29,8175253640
159,198841309,86925,198928234,4,0,0,512,4,8807815014
160,198841398,80075,198921473,7,0,0,2048,7,203132306
161,198864113,23376,198887489,17,0,1,10752,17,8839522024
162,198866750,21500,198888250,17,0,1,15872,17,7678354421
163,198867081,211076,199078157,7,0,0,24576,7,9982702586
164,198912966,5326,198918292,5,0,1,5632,5,8291229853
165,198917965,277981,199195946,2,0,0,25600,2,7663228615
166,198955479,176223,199131702,1,0,0,66048,1,2180435223
167,198957484,17469,198974953,17,0,1,10752,17,8514063110
168,198958355,296883,199255238,23,0,0,58880,23,7438161878
169,198958990,110886,199069876,22,0,0,10240,22,8824981389
170,199010941,1042,199011983,17,0,1,1024,17,2399010658
171,199057547,231009,199288556,25,0,0,15872,25,4590665936
172,199067162,83781,199150943,22,0,0,1024,22,6014165289
173,199103568,80708,199184276,18,0,0,20480,18,4590799179
174,199134629,17791,199152420,29,0,1,1536,29,535851220
175,199167963,60921,199228884,22,0,0,512,22,34884115
176,199195644,62425,199258069,26,0,0,9216,26,273333560
177,199201927,80659,199282586,7,0,0,9728,7,23282469
178,199231867,90368,199322235,14,0,0,16896,14,8832598592
179,199233554,139009,199372563,1,0,0,71168,1,6967921352
180,199241345,183585,199424930,13,0,0,69120,13,6348465552
181,199259694,122400,199382094,7,0,0,31232,7,672920934
182,199288949,193677,199482626,14,0,0,9728,14,10000933063
183,199296875,133979,199430854,2,0,0,7680,2,4372576527
184,199332748,13253,199346001,20,0,1,25600,20,2838487860
185,199347602,132030,199479632,27,0,0,66048,27,8805110386
186,199361013,26052,199387065,14,0,1,12800,14,2545472516
187,199362107,170157,199532264,10,0,0,20480,10,7152949965
188,199372769,279018,199651787,22,0,0,4608,22,5755067438
189,199406361,262176,199668537,11,0,0,33792,11,3354478573
190,199418899,11970,199430869,18,0,1,11776,18,7045695627
191,199433996,176350,199610346,14,0,0,9216,14,158995020
192,199437718,88291,199526009,15,0,0,5120,15,3103152404
193,199458511,21136,199479647,0,0,1,25600,0,7300368436
194,199502419,172373,199674792,19,0,0,20480,19,9885545001
195,199510035,1518,199511553,21,0,1,1536,21,9323150523
196,199516888,186892,199703780,18,0,0,26112,18,4495747943
197,199533434,4937,199538371,5,0,1,12800,5,2090535465
198,199556502,79436,199635938,16,0,0,11264,16,8292728708
199,199576910,391742,199968652,1,0,0,72192,1,9333595314
200,199630556,228978,199859534,27,0,0,16384,27,6192783303
201,199630730,223797,199854527,6,0,0,86016,6,5118060946
202,199656741,54524,199711265,20,0,0,5120,20,10306063636
203,199678195,3128,199681323,10,0,1,9216,10,324639042
204,199706899,101741,199808640,6,0,0,4096,6,310810560
205,199714805,322637,200037442,12,0,0,45056,12,3635166629
206,199716767,163936,199880703,6,0,0,32768,6,3292035936
207,199742888,566,199743454,18,0,1,512,18,5665310191
208,199748471,117234,199865705,0,0,0,5632,0,8859854587
209,199753121,140131,199893252,18,0,0,17408,18,10631365849
210,199754412,106393,199860805,18,0,0,4096,18,8531080574
211,199767400,103304,199870704,6,0,0,6144,6,1216062887
212,199785354,238337,200023691,10,0,0,67072,10,8601450001
213,199796993,149640,199946633,2,0,0,52224,2,2004596751
214,199798863,174008,199972871,11,0,0,6144,11,9459893167
215,199804916,242541,200047457,15,0,0,17920,15,4050830599
216,199851197,266869,200118066,7,0,0,15872,7,9117049003
217,199885245,270506,200155751,0,0,0,44544,0,6995616297
218,199894030,294308,200188338,27,0,0,65024,27,10458936423
219,199899080,139649,200038729,2,0,0,4096,2,6230205602
220,199900910,5454,199906364,10,0,1,13824,10,4431518704
221,199905693,14804,199920497,25,0,1,28672,25,1865368151
222,199924813,273688,200198501,24,0,0,33280,24,6530707673
223,199931378,311133,200242511,19,0,0,18944,19,3120305781
224,199939710,297014,200236724,17,0,0,23552,17,6792202037
225,199949655,318267,200267922,5,0,0,2048,5,9434327161
226,199954929,154670,200109599,10,0,0,29184,10,1575407266
227,199955613,367878,200323491,15,0,0,49152,15,7168986288
228,199977203,320076,200297279,29,0,0,2560,29,2080954457
229,199989301,566,199989867,17,0,1,512,17,8771245796
230,199995495,300638,200296133,15,0,0,35328,15,2539349880
231,200004752,34000,200038752,29,0,1,512,29,1291516770
232,200022227,187657,200209884,0,0,0,14336,0,8620099423
233,200027613,268855,200296468,15,0,0,1024,15,4433276322
234,200035755,270377,200306132,14,0,0,26624,14,3492616161
235,200054767,385418,200440185,9,0,0,98304,9,707465300
236,200059647,169886,200229533,24,0,0,48640,24,6073788413
237,200069548,191375,200260923,19,0,0,5120,19,7788220150
238,200108824,3237,200112061,20,0,1,2560,20,4537919679
239,200109850,442753,200552603,18,0,0,36864,18,5815294581
240,200114660,6820,200121480,27,0,1,3584,27,1043755090
241,200122109,332146,200454255,18,0,0,45568,18,5998965125
242,200132383,237904,200370287,29,0,0,20480,29,5731055483
243,200140644,357174,200497818,15,0,0,17408,15,5563455830
244,200146185,16063,200162248,1,0,1,15872,1,4537410572
245,200150888,13306,200164194,4,0,1,3072,4,5536528125
246,200174309,290265,200464574,25,0,0,33792,25,945076146
247,200181254,311245,200492499,11,0,0,11776,11,7187123941
248,200182087,285342,200467429,1,0,0,9216,1,8837594862
249,200186068,420471,200606539,18,0,0,5120,18,3705185790
250,200193968,246388,200440356,4,0,0,512,4,8514700792
251,200203456,315482,200518938,10,0,0,46592,10,4394992265
252,200264124,322749,200586873,1,0,0,17920,1,4614778621
253,200279116,188492,200467608,3,0,0,512,3,6652514634
254,200288279,192858,200481137,20,0,0,35328,20,8007236930
255,200291365,14782,200306147,10,0,1,13824,10,7599101833
256,200292867,347432,200640299,18,0,0,19968,18,10457922483
257,200314044,14782,200328826,29,0,1,5632,29,9977511696
258,200320691,249895,200570586,9,0,0,54784,9,2781639336
259,200353056,182301,200535357,6,0,0,24064,6,7301030172
260,200403108,191424,200594532,28,0,0,25088,28,5282703863
261,200403224,124786,200528010,20,0,0,14336,20,5201890633
262,200406725,165919,200572644,11,0,0,3584,11,7180821048
263,200423672,57480,200481152,22,0,1,5120,22,7313059439
264,200436550,224035,200660585,16,0,0,14848,16,5583290498
265,200441170,293108,200734278,12,0,0,30208,12,3093113803
266,200449292,218236,200667528,23,0,0,18944,23,2748487860
267,200452118,119419,200571537,5,0,0,3072,5,9011615329
268,200499766,264200,200763966,28,0,0,5120,28,6712031627
269,200502948,92075,200595023,25,0,0,1536,25,4010534177
270,200520457,111934,200632391,6,0,0,4096,6,7609790199
271,200531733,123098,200654831,29,0,0,7168,29,3889574373
272,200573580,128451,200702031,13,0,0,8704,13,3041003223
273,200579394,119970,200699364,23,0,0,26112,23,2988774499
274,200583321,188192,200771513,24,0,0,22016,24,3867097706
275,200602463,104887,200707350,4,0,0,17408,4,3602069790
276,200673328,162812,200836140,4,0,0,59392,4,734789149
277,200686447,86111,200772558,0,0,0,3072,0,3047022978
278,200706951,96902,200803853,0,0,0,7168,0,2160367170
279,200718361,287600,201005961,22,0,0,77312,22,7528427070
280,200728890,151319,200880209,26,0,0,28672,26,1894887695
281,200738009,181404,200919413,10,0,0,36352,10,6186360659
282,200756108,7873,200763981,4,0,1,7680,4,9483605231
283,200772260,210130,200982390,2,0,0,24064,2,8586567837
284,200782612,104743,200887355,2,0,0,5632,2,7576865807
285,200784912,117390,200902302,7,0,0,43520,7,7315614884
286,200835139,6964,200842103,29,0,1,14848,29,888056448
287,200837790,207101,201044891,4,0,0,58880,4,6916481293
288,200873110,137086,201010196,12,0,0,13824,12,6862476510
289,200926891,7230,200934121,1,0,1,7680,1,318991631
290,200942094,5326,200947420,10,0,1,5632,10,4950730516
291,200963747,135092,201098839,16,0,0,34816,16,7374295204
292,200973574,107787,201081361,15,0,0,1536,15,5459999732
293,200986721,176358,201163079,10,0,0,8192,10,4876362895
294,201002082,286800,201288882,26,0,0,3072,26,2943504976
295,201012488,112990,201125478,0,0,0,23552,0,6054097419
296,201013467,186350,201199817,16,0,0,6656,16,820805270
297,201021808,254743,201276551,16,0,0,50688,16,5459093559
298,201042829,306022,201348851,22,0,0,89088,22,4246572471
299,201048442,273250,201321692,12,0,0,36352,12,993563948
300,201049126,336874,201386000,2,0,0,10240,2,5494035220
301,201055020,302957,201357977,0,0,0,26112,0,2905832785
302,201067528,181915,201249443,13,0,0,19968,13,8626272774
303,201085751,224850,201310601,4,0,0,65536,4,6026126748
304,201092787,108357,201201144,13,0,0,3584,13,6974502593
305,201113025,251230,201364255,24,0,0,20480,24,6419342055
306,201115195,166483,201281678,17,0,0,512,17,10005405660
307,201121390,228600,201349990,9,0,0,3584,9,1724420630
308,201142417,279232,201421649,28,0,0,2048,28,1294254369
309,201152940,225682,201378622,5,0,0,47104,5,5203370053
310,201173844,209013,201382857,27,0,0,13824,27,3478652890
311,201188172,6278,201194450,14,0,1,6656,14,7521748967
312,201251567,231583,201483150,14,0,0,13312,14,2592034613
313,201255412,186289,201441701,0,0,0,21504,0,4631493869
314,201269009,231331,201500340,13,0,0,37376,13,9961584399
315,201297218,60782,201358000,22,0,1,5632,22,5936110763
316,201309648,88662,201398310,29,0,0,2048,29,1267906227
317,201310642,131542,201442184,23,0,0,1536,23,9386305537
318,201314649,115053,201429702,17,0,0,14336,17,3590367405
319,201332945,155992,201488937,7,0,0,18944,7,1232369960
320,201354011,104979,201458990,20,0,0,4608,20,7026729865
321,201368101,21762,201389863,21,0,1,10752,21,6392466562
322,201371049,162860,201533909,11,0,0,15360,11,3188451348
323,201394135,108404,201502539,1,0,0,7168,1,9317564572
324,201404200,5326,201409526,10,0,1,5632,10,663975367
325,201419597,100111,201519708,12,0,0,6144,12,4979447369
326,201444998,118575,201563573,15,0,0,20992,15,3949329925
327,201449233,121860,201571093,3,0,0,3584,3,4924358619
328,201491013,125809,201616822,17,0,0,10240,17,252495630
329,201506596,5802,201512398,18,0,1,6144,18,3240995152
330,201510820,64987,201575807,0,0,0,512,0,8828976439
331,201515100,119378,201634478,25,0,0,41984,25,6285295209
332,201515451,120602,201636053,16,0,0,5120,16,3860593151
333,201516868,156814,201673682,26,0,0,2048,26,2146847617
334,201550274,5326,201555600,5,0,1,5632,5,7520497278
335,201563862,130790,201694652,5,0,0,26624,5,1825882852
336,201577270,178236,201755506,11,0,0,24576,11,5480434661
337,201632124,115510,201747634,19,0,0,19456,19,9489846932
338,201636961,1042,201638003,28,0,1,1024,28,7008524866
339,201640900,4937,201645837,20,0,1,12800,20,3847945842
340,201664209,179413,201843622,14,0,0,37888,14,3643347996
341,201689517,83744,201773261,25,0,0,2048,25,6227772340
342,201708010,142803,201850813,24,0,0,23552,24,4922802169
343,201709337,2946,201712283,21,0,1,3072,21,95991661
344,201709642,181260,201890902,7,0,0,31744,7,5588214562
345,201754504,190656,201945160,22,0,0,32256,22,3676878869
346,201785905,206008,201991913,11,0,0,33280,11,5390196486
347,201795048,107725,201902773,21,0,0,38912,21,5898997173
348,201805579,13341,201818920,7,0,1,22528,7,7651544619
349,201812023,296944,202108967,20,0,0,28160,20,339256857
350,201864043,313599,202177642,9,0,0,166400,9,8774114219
351,201879566,115014,201994580,2,0,0,8704,2,4975135862
352,201879758,132812,202012570,3,0,0,20480,3,461164376
353,201894711,21307,201916018,18,0,1,25600,18,5111610847
354,201904896,180914,202085810,2,0,0,15872,2,6321293436
355,201905869,92626,201998495,1,0,0,12800,1,9512136589
356,201915021,197951,202112972,16,0,0,3072,16,4435227271
357,201941235,268967,202210202,12,0,0,94208,12,5554816301
358,201947930,7230,201955160,20,0,1,7680,20,10371384227
359,202027126,152123,202179249,11,0,0,5120,11,10618917536
360,202038967,253229,202292196,3,0,0,31232,3,5059772957
361,202041685,168556,202210241,20,0,1,266240,20,8197297145
362,202070029,244653,202314682,23,0,0,5120,23,3355076733
363,202073260,373320,202446580,11,0,0,53760,11,8792348466
364,202074847,234032,202308879,15,0,0,12800,15,4448018865
365,202077663,288664,202366327,2,0,0,9728,2,9221793841
366,202116169,267956,202384125,27,0,0,1536,27,127035356
367,202118718,160299,202279017,2,0,0,17920,2,6111244793
368,202119382,291507,202410889,19,0,0,38912,19,7246587611
369,202146426,63830,202210256,7,0,1,4096,7,7357347116
370,202157699,52572,202210271,28,0,1,10240,28,851862744
371,202159421,457621,202617042,22,0,0,7168,22,1277843138
372,202169990,183762,202353752,13,0,0,6144,13,9578171040
373,202173370,432542,202605912,9,0,0,17920,9,10574419646
374,202189925,21377,202211302,9,0,1,1024,9,10623836231
375,202193334,476877,202670211,13,0,0,43520,13,9833059286
376,202201527,309438,202510965,24,0,0,8192,24,4234585028
377,202242171,252306,202494477,24,0,0,95232,24,9729359466
378,202246314,338372,202584686,22,0,0,13824,22,5700241461
379,202302215,298222,202600437,9,0,0,42496,9,3977947346
380,202304759,192073,202496832,14,0,0,7680,14,3293795553
381,202327156,287663,202614819,11,0,0,29184,11,4633451184
382,202327618,204916,202532534,0,0,0,14848,0,8456758944
383,202356021,186060,202542081,24,0,0,12288,24,9892149000
384,202371936,174740,202546676,16,0,0,6144,16,8465827113
385,202372370,300664,202673034,28,0,0,9216,28,7943002528
386,202406345,8910,202415255,9,0,1,4608,9,8281706130
387,202416106,144886,202560992,25,0,0,13312,25,5166104901
388,202449074,204001,202653075,17,0,0,38400,17,9619678839
389,202517304,105375,202622679,17,0,0,9216,17,4756914529
390,202539494,95208,202634702,18,0,0,5120,18,10573192878
391,202572283,183458,202755741,7,0,0,96256,7,8555073772
392,202595498,171385,202766883,9,0,0,21504,9,1323544681
393,202605581,11986,202617567,21,0,1,512,21,5086523767
394,202607082,12069,202619151,25,0,1,2048,25,3039005414
395,202706422,177491,202883913,26,0,0,21504,26,2908753608
396,202724676,82453,202807129,0,0,0,11264,0,5306988151
397,202770063,255712,203025775,15,0,0,151040,15,5124417079
398,202774411,102935,202877346,19,0,0,16896,19,9071720697
399,202780311,67228,202847539,26,0,0,6656,26,7990487725
400,202806005,173720,202979725,13,0,0,51200,13,9531789209
401,202817895,4162,202822057,14,0,1,11264,14,1418983442
402,202832233,264882,203097115,2,0,0,4608,2,9136174242
403,202835940,6754,202842694,5,0,1,7168,5,8863600993
404,202837082,234236,203071318,16,0,0,24064,16,4232624766
405,202840822,187620,203028442,16,0,0,8704,16,9708912076
406,202843240,188197,203031437,20,0,0,9728,20,2020619426
407,202874142,248156,203122298,22,0,0,14848,22,5018068716
408,202892515,2946,202895461,28,0,1,3072,28,8412531270
409,202903212,187987,203091199,16,0,0,9216,16,8478746588
410,202909717,165828,203075545,15,0,0,13824,15,2550783065
411,202924291,139680,203063971,2,0,0,18432,2,7228381143
412,202935891,100709,203036600,2,0,0,16896,2,5738239253
413,202938040,107235,203045275,13,0,0,9728,13,6887146779
414,202951564,28176,202979740,1,0,1,29696,1,1877391123
415,203010789,34501,203045290,10,0,1,6656,10,6278499026
416,203013868,103891,203117759,21,0,0,18432,21,1662689399
417,203024895,142563,203167458,4,0,0,17920,4,7615906109
418,203038536,249432,203287968,2,0,0,29184,2,10246730783
419,203092565,155578,203248143,24,0,0,12800,24,409457587
420,203102676,141552,203244228,2,0,0,36864,2,10420606778
421,203109928,48980,203158908,14,0,0,2048,14,630307341
422,203136394,566,203136960,28,0,1,512,28,4257200844
423,203154054,62256,203216310,5,0,0,4608,5,6418159898
424,203159857,133742,203293599,27,0,0,18432,27,8278715367
425,203212373,140457,203352830,10,0,0,27136,10,752772165
426,203214192,99584,203313776,29,0,0,26112,29,4094453356
427,203241781,81167,203322948,29,0,0,5632,29,2499381495
428,203246321,3357,203249678,0,0,1,1536,0,8280474895
429,203262398,77744,203340142,0,0,0,10752,0,10628972733
430,203302973,105872,203408845,14,0,0,47616,14,7700209008
431,203307247,103173,203410420,3,0,0,5120,3,7141230292
432,203351110,3230,203354340,4,0,1,1536,4,9941428795
433,203354428,137925,203492353,2,0,0,22016,2,4276658678
434,203390357,182630,203572987,14,0,0,13312,14,8666401555
435,203399594,199855,203599449,26,0,0,5120,26,9386363472
436,203413224,184650,203597874,19,0,0,74240,19,6836756644
437,203432588,104468,203537056,4,0,0,43008,4,9342203179
438,203467623,1518,203469141,18,0,1,1536,18,3076431117
439,203467822,2305,203470127,18,0,1,1536,18,2380065947
440,203480328,126312,203606640,22,0,0,23552,22,8780234886
441,203518737,4679,203523416,4,0,1,12288,4,6681280443
442,203519730,18637,203538367,7,0,1,30720,7,3042123353
443,203542386,1994,203544380,10,0,1,2048,10,8814309798
444,203551280,141217,203692497,2,0,0,36352,2,6455321065
445,203584938,226047,203810985,15,0,0,28160,15,4192077659
446,203617501,114422,203731923,0,0,0,18432,0,3578710743
447,203621203,43904,203665107,12,0,0,512,12,2430458960
448,203636411,103624,203740035,2,0,0,2048,2,3604009311
449,203673766,4850,203678616,9,0,1,5120,9,10727539812
450,203694145,81596,203775741,4,0,0,13312,4,609608841
451,203694897,96300,203791197,10,0,0,18944,10,2556762873
452,203704545,16613,203721158,22,0,1,32256,22,4832349816
453,203716518,99030,203815548,13,0,0,10752,13,2125712291
454,203739565,141509,203881074,10,0,0,23040,10,7780378786
455,203743285,83469,203826754,18,0,0,2048,18,4205743968
456,203774673,231599,204006272,14,0,0,20992,14,764461198
457,203819287,283137,204102424,26,0,0,72704,26,10046064024
458,203830986,131250,203962236,20,0,0,61440,20,10356741702
459,203832351,157301,203989652,10,0,0,512,10,6372584973
460,203834463,47288,203881751,16,0,0,1536,16,4322231642
461,203844593,144880,203989473,2,0,0,30720,2,4152852989
462,203863011,150888,204013899,19,0,0,24064,19,5233730848
463,203869336,210905,204080241,17,0,0,79360,17,106937606
464,203881842,108449,203990291,1,0,0,2048,1,3093780040
465,203894264,1042,203895306,0,0,1,1024,0,4192257275
466,203977799,191608,204169407,18,0,0,23040,18,2750631229
467,203980646,122573,204103219,7,0,0,2560,7,3154175139
468,203999519,106071,204105590,25,0,0,7680,25,4775234073
469,204036977,104803,204141780,19,0,0,43520,19,9340974484
470,204058860,47188,204106048,17,0,1,8704,17,9130543485
471,204070956,102055,204173011,19,0,0,11264,19,6721402868
472,204083473,73062,204156535,23,0,0,2560,23,1495743473
473,204109137,132228,204241365,5,0,0,31232,5,9499750697
474,204123707,88120,204211827,9,0,0,13824,9,6743700215
475,204142308,49475,204191783,14,0,0,512,14,7100593505
476,204143179,165684,204308863,26,0,0,11264,26,7082590699
477,204147391,2470,204149861,8,0,1,2560,8,3564666827
478,204154471,110870,204265341,19,0,0,52224,19,719681704
479,204156096,120960,204277056,20,0,0,38400,20,10175281249
480,204158934,131736,204290670,23,0,0,9216,23,3925407795
481,204164646,114073,204278719,22,0,0,3072,22,10312745706
482,204194011,261378,204455389,12,0,0,32768,12,5918200997
483,204195966,150073,204346039,18,0,0,12288,18,665049060
484,204198208,247182,204445390,22,0,0,77312,22,9109837827
485,204208397,128293,204336690,15,0,0,29184,15,7515267891
486,204218540,137831,204356371,28,0,0,16384,28,5151633424
487,204218680,122391,204341071,20,0,1,198144,20,9544732776
488,204224956,182541,204407497,6,0,0,41472,6,9461581721
489,204238078,183741,204421819,3,0,0,19456,3,9798193920
490,204262288,200589,204462877,13,0,0,22016,13,560217346
491,204268012,55116,204323128,0,0,0,512,0,4718288291
492,204295905,215939,204511844,5,0,0,2048,5,10413762831
493,204301283,236283,204537566,19,0,0,18944,19,3962972612
494,204324878,17371,204342249,17,0,1,13824,17,6940515175
495,204349004,379669,204728673,19,0,0,48640,19,3323678266
496,204411186,115892,204527078,11,0,0,512,11,8592107506
497,204449212,264618,204713830,21,0,0,47616,21,10327967363
498,204485335,273974,204759309,27,0,0,21504,27,6047843318
499,204502580,107805,204610385,23,0,0,13824,23,8832891596
500,204541004,211738,204752742,17,0,0,72192,17,3961310389
501,204600261,96034,204696295,28,0,0,1024,28,10074342755
502,204606987,216218,204823205,29,0,0,49664,29,4132413582
503,204613954,6488,204620442,11,0,1,15872,11,8706372301
504,204631353,99051,204730404,29,0,0,5632,29,1508619056
505,204639751,90980,204730731,6,0,0,1024,6,10205854112
506,204641803,195465,204837268,3,0,0,46080,3,9108055082
507,204642767,228274,204871041,20,0,0,67584,20,466173144
508,204670926,218397,204889323,20,0,0,20480,20,1950897877
509,204677387,205681,204883068,10,0,0,39424,10,1350798433
510,204681703,208415,204890118,23,0,0,2560,23,3933757314
511,204706996,198791,204905787,10,0,0,17408,10,10172774426
512,204745928,20144,204766072,0,0,1,7168,0,3740331290
513,204757725,199892,204957617,6,0,0,25600,6,5128151516
514,204768914,248759,205017673,27,0,0,6656,27,2528004976
515,204776420,3645,204780065,17,0,1,10240,17,1272176079
516,204811424,123059,204934483,14,0,0,27136,14,1487040084
517,204866761,116746,204983507,24,0,0,3584,24,6770022732
518,204874914,127783,205002697,20,0,0,23040,20,544913242
519,204892534,182020,205074554,25,0,0,29184,25,6199616406
520,204902730,132926,205035656,9,0,0,28672,9,8468715482
521,204910620,50672,204961292,25,0,0,2560,25,5355288879
522,204936037,3898,204939935,4,0,1,4096,4,9975108361
523,204936848,252402,205189250,23,0,0,5120,23,3429080820
524,204944205,13427,204957632,29,0,1,16896,29,9050114494
525,204949694,372821,205322515,26,0,0,50688,26,2874876601
526,204972770,165419,205138189,6,0,0,25088,6,6262695900
527,204984043,5802,204989845,25,0,1,6144,25,7777517337
528,204987404,3107,204990511,25,0,1,1024,25,6509522292
529,205005941,368607,205374548,15,0,0,108032,15,5777974755
530,205022339,2946,205025285,16,0,1,3072,16,5101956894
531,205036217,131447,205167664,27,0,0,22016,27,9456072678
532,205048226,15837,205064063,21,0,1,30720,21,152878000
533,205083834,182434,205266268,0,0,0,5632,0,3890207739
534,205084443,222613,205307056,15,0,0,23552,15,6968718310
535,205107209,218057,205325266,26,0,0,1536,26,2417357825
536,205124285,317012,205441297,21,0,0,37376,21,1805528684
537,205133907,95735,205229642,19,0,0,15360,19,207931747
538,205138023,123193,205261216,19,0,0,9216,19,7113680535
539,205142519,245008,205387527,6,0,0,42496,6,2327881065
540,205146186,4850,205151036,21,0,1,5120,21,9885041932
541,205169416,227174,205396590,14,0,0,29696,14,7946675301
542,205207091,85514,205292605,29,0,0,3072,29,7219630113
543,205242148,1042,205243190,0,0,1,1024,0,2659066408
544,205244997,2470,205247467,10,0,1,2560,10,7148143400
545,205267932,208732,205476664,22,0,0,1024,22,2845298177
546,205270984,295114,205566098,24,0,0,35328,24,3916393964
547,205277913,256246,205534159,6,0,0,114176,6,5020191833
548,205328572,217473,205546045,22,0,0,9728,22,6176290468
549,205356693,186373,205543066,3,0,0,29184,3,3304910265
550,205360419,189229,205549648,28,0,0,11776,28,5932982240
551,205406953,11533,205418486,5,0,1,18944,5,4270042633
552,205433574,121721,205555295,25,0,0,18432,25,9489778712
553,205434323,199805,205634128,15,0,0,56832,15,6172889059
554,205458238,112578,205570816,5,0,0,10752,5,2610837928
555,205471803,4876,205476679,25,0,1,5120,25,3490470298
556,205475023,307960,205782983,23,0,0,74240,23,3922973052
557,205477474,90051,205567525,6,0,0,4608,6,1762553233
558,205482818,160388,205643206,20,0,0,29696,20,9436365380
559,205488849,234971,205723820,14,0,0,3584,14,2029398758
560,205491395,108077,205599472,3,0,0,3584,3,8568892810
561,205529881,185605,205715486,6,0,0,10752,6,2217659018
562,205532931,204241,205737172,27,0,0,22528,27,8149060678
563,205540673,171522,205712195,4,0,0,13312,4,8348119217
564,205543268,100496,205643764,23,0,0,512,23,3436916069
565,205547275,116812,205664087,4,0,0,6656,4,9600210485
566,205554577,195862,205750439,5,0,0,12800,5,10583107233
567,205566630,156083,205722713,1,0,0,21504,1,1413411370
568,205578605,175905,205754510,26,0,0,13312,26,7522202603
569,205587811,5971,205593782,14,0,1,14848,14,4370456167
570,205593323,259122,205852445,14,0,0,74240,14,4300564087
571,205595394,38749,205634143,17,0,1,37376,17,831022728
572,205626367,250516,205876883,16,0,0,18432,16,2427202032
573,205757040,101059,205858099,24,0,0,11264,24,6626413093
574,205776455,78197,205854652,15,0,0,7168,15,3467944186
575,205780180,100618,205880798,4,0,0,12800,4,7061558173
576,205790953,111556,205902509,15,0,0,5632,15,7364336120
577,205793382,138803,205932185,5,0,0,31232,5,2011581492
578,205812325,164518,205976843,4,0,0,15360,4,3819800909
579,205830613,120610,205951223,4,0,0,22016,4,2941323786
580,205843034,15640,205858674,22,0,1,512,22,9637837347
581,205853645,14860,205868505,10,0,1,16384,10,8366319036
582,205901379,129530,206030909,19,0,0,21504,19,9522231032
583,205907690,94253,206001943,20,0,1,156672,20,3542367954
584,205916394,152508,206068902,9,0,0,7680,9,2103044071
585,205920382,166688,206087070,4,0,0,16896,4,2676709527
586,205936713,67496,206004209,10,0,1,3584,10,4287666472
587,205989053,257972,206247025,5,0,0,28160,5,6886399495
588,206030656,167907,206198563,21,0,0,51712,21,3016370417
589,206042541,5971,206048512,0,0,1,14848,0,986528753
590,206052527,1518,206054045,15,0,1,1536,15,6298909352
591,206056073,388527,206444600,3,0,0,122368,3,6393300011
592,206075783,3898,206079681,17,0,1,4096,17,9654291027
593,206093075,87229,206180304,20,0,1,146432,20,9973714039
594,206108111,229233,206337344,11,0,0,9728,11,10201451257
595,206115256,150312,206265568,0,0,0,11264,0,3956965862
596,206123628,58161,206181789,14,0,1,15360,14,6399883056
597,206124330,74248,206198578,9,0,1,6656,9,182806202
598,206152477,254824,206407301,25,0,0,27136,25,221899121
599,206159882,359335,206519217,24,0,0,25600,24,9012074444
600,206175023,271027,206446050,14,0,0,1024,14,10368489436
601,206176289,84265,206260554,15,0,0,2048,15,1388929066
602,206178008,183093,206361101,16,0,0,1536,16,4264556701
603,206180505,211193,206391698,1,0,0,22528,1,2603811616
604,206189445,256940,206446385,26,0,0,1024,26,4125860108
605,206199150,157870,206357020,19,0,0,7168,19,7633136068
606,206242120,333036,206575156,25,0,0,4096,25,1363945189
607,206251351,315321,206566672,19,0,0,58368,19,5411303190
608,206280880,164835,206445715,26,0,0,3584,26,4408230295
609,206285495,242800,206528295,28,0,0,24576,28,9485134651
610,206302648,178704,206481352,5,0,0,39936,5,8022172337
611,206333563,13770,206347333,9,0,1,26624,9,1931022742
612,206379020,243814,206622834,7,0,0,12288,7,8391808567
613,206385698,135094,206520792,3,0,0,5120,3,6964916530
614,206402847,266383,206669230,15,0,0,40960,15,2179523436
615,206409812,242956,206652768,20,0,0,14336,20,9959409596
616,206427154,303075,206730229,5,0,0,57344,5,8317863913
617,206443035,124588,206567623,4,0,0,3072,4,2887931768
618,206462526,106828,206569354,16,0,0,5632,16,2235463125
619,206467087,106806,206573893,2,0,0,14848,2,5386345733
620,206498542,214192,206712734,20,0,0,101888,20,1999183320
621,206517908,14294,206532202,29,0,1,4096,29,4333624331
622,206519306,229723,206749029,24,0,0,34304,24,10199236030
623,206539521,102879,206642400,18,0,0,30720,18,3777512330
624,206576886,172486,206749372,12,0,0,1024,12,206705132
625,206588296,144616,206732912,2,0,0,8704,2,4914795048
626,206634702,256565,206891267,12,0,0,25600,12,9263397218
627,206646009,313653,206959662,25,0,0,30720,25,436871541
628,206665677,108901,206774578,29,0,0,21504,29,9240471401
629,206667391,216061,206883452,16,0,0,47616,16,6899539376
630,206692608,110798,206803406,13,0,0,17920,13,2985051064
631,206706960,144724,206851684,16,0,0,46592,16,3898141014
632,206707211,28788,206735999,4,0,1,9216,4,9707306162
633,206738201,227092,206965293,7,0,0,18432,7,9608087106
634,206742328,266859,207009187,14,0,0,22528,14,1618657676
635,206742353,207926,206950279,27,0,0,9728,27,570115427
636,206765691,8902,206774593,10,0,1,11264,10,4492014637
637,206770021,82154,206852175,14,0,0,1536,14,8388844593
638,206791687,155613,206947300,25,0,0,15360,25,487305151
639,206839511,226733,207066244,22,0,0,512,22,9332214143
640,206851950,783,206852733,9,0,1,512,9,7253712169
641,206855546,139714,206995260,7,0,0,32256,7,7874451709
642,206892127,1518,206893645,22,0,1,1536,22,6155430264
643,206934701,77621,207012322,18,0,0,10240,18,7988461411
644,206935941,130132,207066073,16,0,0,26624,16,5129413767
645,206941977,107200,207049177,20,0,0,26624,20,2896630737
646,206944916,75142,207020058,14,0,0,6656,14,62970139
647,206976448,1518,206977966,12,0,1,1536,12,5105221893
648,207018419,81396,207099815,17,0,0,12288,17,1598462314
649,207041496,143515,207185011,24,0,0,19968,24,6953096602
650,207059865,110108,207169973,16,0,0,29696,16,4839120193
651,207070230,64208,207134438,20,0,0,6656,20,288344782
652,207130509,105946,207236455,22,0,0,35328,22,5862680876
653,207154261,566,207154827,15,0,1,512,15,5453683636
654,207154674,153895,207308569,21,0,0,44032,21,9038085157
655,207185772,264880,207450652,11,0,0,61952,11,6059235462
656,207208410,119159,207327569,16,0,0,15360,16,9862336351
657,207210825,77744,207288569,23,0,0,10752,23,5593837511
658,207219950,93470,207313420,15,0,0,15872,15,4196130530
659,207222381,239721,207462102,7,0,0,20992,7,10507040476
660,207224613,54623,207279236,4,0,0,2048,4,5796614551
661,207241714,120812,207362526,23,0,0,7680,23,726467126
662,207256402,175351,207431753,2,0,0,34816,2,2567040921
663,207263910,135796,207399706,24,0,0,512,24,1330631392
664,207343474,130770,207474244,20,0,0,2048,20,10176219884
665,207353191,129513,207482704,28,0,0,4608,28,2561126502
666,207370995,84696,207455691,10,0,0,16384,10,1224381514
667,207423122,91443,207514565,29,0,0,12288,29,7667218499
668,207426350,128867,207555217,29,0,0,8192,29,5483749371
669,207428390,149498,207577888,11,0,0,52224,11,4379663820
670,207445882,106824,207552706,9,0,0,13824,9,352727963
671,207446160,165388,207611548,20,0,0,16896,20,1534255593
672,207490992,4374,207495366,25,0,1,4608,25,912197860
673,207502451,57440,207559891,24,0,0,4608,24,1971045585
674,207524315,2870,207527185,15,0,1,8704,15,4586961580
675,207530999,146321,207677320,16,0,0,8704,16,201302056
676,207561628,73408,207635036,13,0,0,5120,13,1131721483
677,207562190,16256,207578446,18,0,1,512,18,7662584202
678,207582100,82400,207664500,5,0,0,20992,5,8110860681
679,207591597,151838,207743435,13,0,0,9216,13,3127856760
680,207592546,60824,207653370,3,0,0,5632,3,3848812491
681,207637494,103118,207740612,23,0,0,21504,23,995718056
682,207646232,118321,207764553,0,0,0,15872,0,1351695912
683,207674497,119709,207794206,23,0,0,33280,23,3955038739
684,207696875,192317,207889192,14,0,0,71680,14,4280956213
685,207712079,207438,207919517,17,0,0,5632,17,5977509060
686,207749163,57440,207806603,11,0,0,4608,11,4558495748
687,207750642,152605,207903247,23,0,0,46080,23,3589345053
688,207780957,136821,207917778,27,0,0,47616,27,959844006
689,207810548,109788,207920336,29,0,0,2560,29,2484059832
690,207829580,92796,207922376,10,0,0,3584,10,4448215583
691,207862821,84224,207947045,2,0,0,16896,2,5635541365
692,207886130,176067,208062197,0,0,0,37376,0,8996083147
693,207908452,18304,207926756,21,0,1,7680,21,9839653329
694,207909568,71077,207980645,19,0,0,6656,19,8537818033
695,207909677,165803,208075480,13,0,0,43520,13,1976294308
696,207961172,162135,208123307,19,0,0,25088,19,6034270432
697,208010777,102114,208112891,14,0,0,18432,14,1899184137
698,208014605,62294,208076899,19,0,0,4608,19,2418332274
699,208021539,78368,208099907,19,0,0,12800,19,1654966859
700,208054653,106172,208160825,20,0,0,13312,20,2660468236
701,208074258,195164,208269422,21,0,0,25600,21,1257407524
702,208083165,149876,208233041,21,0,0,83968,21,10461933763
703,208086198,3898,208090096,18,0,1,4096,18,7809599578
704,208106487,155120,208261607,18,0,0,23040,18,3701623764
705,208118715,171842,208290557,17,0,0,18432,17,10022393350
706,208120096,122164,208242260,26,0,0,30208,26,8302363255
707,208129083,122084,208251167,23,0,0,23552,23,54806671
708,208145890,222397,208368287,0,0,0,45568,0,10357557752
709,208171896,123683,208295579,14,0,0,16384,14,8619089033
710,208217261,97182,208314443,23,0,0,7680,23,10700896209
711,208239587,216010,208455597,5,0,0,7168,5,1950419035
712,208245852,194673,208440525,2,0,0,3072,2,446797674
713,208261566,118451,208380017,24,0,0,17408,24,9183103036
714,208281846,8726,208290572,21,0,1,8192,21,7247472535
715,208308320,139909,208448229,6,0,0,8192,6,5254008916
716,208314958,86196,208401154,20,0,1,144384,20,2169523540
717,208319656,143443,208463099,5,0,0,16384,5,193550751
718,208327645,253806,208581451,22,0,0,10240,22,7040633691
719,208383220,332555,208715775,29,0,0,64000,29,3950057051
720,208402594,347381,208749975,6,0,0,70144,6,7078256876
721,208421903,184717,208606620,9,0,0,4608,9,4498719517
722,208423565,69786,208493351,22,0,0,512,22,146321793
723,208424530,179556,208604086,27,0,0,74240,27,6537937549
724,208426061,3422,208429483,28,0,1,3584,28,4945747997
725,208433097,253638,208686735,5,0,0,29184,5,10263974156
726,208484166,287547,208771713,12,0,0,29696,12,10704553236
727,208505576,99625,208605201,17,0,0,3584,17,821446381
728,208509873,5802,208515675,22,0,1,6144,22,10123155229
729,208540855,1042,208541897,21,0,1,1024,21,244036856
730,208554549,83871,208638420,6,0,0,10752,6,3039527951
731,208582896,209571,208792467,19,0,0,26112,19,9692249959
732,208630946,212677,208843623,14,0,0,77824,14,3946220990
733,208652592,155169,208807761,27,0,0,4608,27,8060557153
734,208677181,135591,208812772,15,0,0,12800,15,6001883891
735,208679880,195429,208875309,5,0,0,14336,5,2253145387
736,208731855,81400,208813255,13,0,0,1536,13,5056144124
737,208739108,167803,208906911,25,0,0,31232,25,3495794917
738,208760186,1518,208761704,5,0,1,1536,5,9950795861
739,208788114,187083,208975197,7,0,0,42496,7,5020974138
740,208835120,148672,208983792,10,0,0,28160,10,8675455942
741,208862573,178222,209040795,22,0,0,4608,22,1414629755
742,208864843,174185,209039028,5,0,0,27136,5,6362699992
743,208871203,159542,209030745,10,0,0,63488,10,9918909246
744,208890798,192921,209083719,27,0,0,29696,27,3555402602
745,208909303,235094,209144397,2,0,0,46080,2,4668728905
746,208947510,2470,208949980,25,0,1,2560,25,960916184
747,208988380,7230,208995610,25,0,1,7680,25,5577208029
748,208989133,11303,209000436,4,0,1,7680,4,8339721227
749,209004748,69908,209074656,24,0,0,10240,24,633185340
750,209038284,4123,209042407,10,0,1,9728,10,1221881822
751,209057025,217077,209274102,11,0,0,49664,11,6133469692
752,209074207,104825,209179032,4,0,0,12800,4,1682039610
753,209099926,159029,209258955,0,0,0,20992,0,1221786376
754,209120356,85082,209205438,5,0,0,2560,5,4850730067
755,209152029,276199,209428228,28,0,0,49664,28,4708464413
756,209152870,4937,209157807,13,0,1,12800,13,2016637743
757,209154835,16788,209171623,16,0,1,28672,16,1006677347
758,209166855,119348,209286203,16,0,0,8704,16,10506609923
759,209167565,5044,209172609,29,0,1,1536,29,2390766584
760,209237553,118158,209355711,11,0,0,3584,11,6061813328
761,209294112,2946,209297058,10,0,1,3072,10,5627705514
762,209299215,85004,209384219,3,0,0,19456,3,4945927398
763,209303260,247207,209550467,25,0,0,1024,25,4911631393
764,209305594,376831,209682425,2,0,0,29696,2,3662911931
765,209311028,198555,209509583,25,0,0,10240,25,7470064592
766,209339965,116368,209456333,27,0,0,28160,27,9196302814
767,209349867,112892,209462759,4,0,0,9216,4,8466207141
768,209363861,96075,209459936,28,0,0,11776,28,9916429367
769,209366449,182358,209548807,0,0,0,22528,0,10168826370
770,209393778,146255,209540033,17,0,0,43520,17,3325467885
771,209395797,124097,209519894,23,0,0,33792,23,1457898640
772,209415258,105995,209521253,11,0,0,2048,11,4765558112
773,209416180,13600,209429780,14,0,1,1536,14,184770620
774,209417399,132523,209549922,29,0,0,3584,29,5869475790
775,209434653,144998,209579651,19,0,0,1024,19,3601102101
776,209446595,43904,209490499,22,0,0,512,22,6664353164
777,209468753,140874,209609627,21,0,0,38912,21,4179351724
778,209471597,244531,209716128,12,0,0,2560,12,8435881242
779,209471787,70141,209541928,17,0,0,6144,17,3547800960
780,209477668,278660,209756328,0,0,0,48128,0,3477812713
781,209485189,242435,209727624,27,0,0,19456,27,1130855500
782,209493191,177342,209670533,17,0,0,15872,17,4693254716
783,209530568,119319,209649887,21,0,0,27648,21,1664156020
784,209535035,22577,209557612,29,0,1,8192,29,2043213652
785,209540376,119354,209659730,9,0,0,32256,9,2082132972
786,209563493,248797,209812290,27,0,0,18944,27,6651196373
787,209604971,243307,209848278,21,0,0,61440,21,5682069019
788,209612527,4374,209616901,12,0,1,4608,12,5753611230
789,209663636,133755,209797391,12,0,0,37888,12,9863892803
790,209670938,189106,209860044,14,0,0,8192,14,4545224421
791,209677103,17380,209694483,16,0,1,19968,16,7764594317
792,209678346,18723,209697069,25,0,1,4096,25,9297263086
793,209709334,362907,210072241,9,0,0,96256,9,7936731052
794,209709602,248868,209958470,7,0,0,1024,7,7216595944
795,209727149,125395,209852544,23,0,0,12800,23,411872085
796,209728552,120053,209848605,9,0,0,1024,9,10391899376
797,209757936,3422,209761358,16,0,1,3584,16,8611929737
798,209774064,166428,209940492,11,0,0,65536,11,1246668096
799,209774172,183971,209958143,13,0,0,57856,13,9485436826
800,209787390,24915,209812305,17,0,1,17408,17,5870983354
801,209819310,176011,209995321,10,0,0,5120,10,8037038055
802,209835724,154232,209989956,4,0,0,18944,4,8349126386
803,209838110,25150,209863260,18,0,1,17408,18,8399044783
804,209843427,168561,210011988,6,0,0,512,6,1360682312
805,209865224,126463,209991687,19,0,0,5632,19,10117158248
806,209869477,3422,209872899,1,0,1,3584,1,6710396917
807,209897217,4374,209901591,14,0,1,4608,14,8037287928
808,209897310,319334,210216644,16,0,0,35328,16,7516974469
809,209901419,183805,210085224,11,0,0,11776,11,4710570840
810,209922101,181072,210103173,27,0,0,5632,27,9967042575
811,209958529,329089,210287618,25,0,0,13824,25,10137224122
812,209983266,93982,210077248,2,0,0,16384,2,9968414217
813,209983833,117609,210101442,20,0,0,23552,20,727923246
814,209991242,4811,209996053,5,0,1,4608,5,7371517151
815,209997407,208450,210205857,7,0,0,77824,7,3192550679
816,210005658,119961,210125619,10,0,0,9728,10,8295042260
817,210014001,149892,210163893,26,0,0,8192,26,6378090457
818,210026478,5802,210032280,22,0,1,6144,22,6650473783
819,210060480,20199,210080679,28,0,1,3584,28,10717053791
820,210061841,162969,210224810,13,0,0,15360,13,3564033051
821,210079907,140208,210220115,21,0,0,11264,21,7902431466
822,210106100,138102,210244202,7,0,0,1024,7,7309724794
823,210109167,4420,210113587,10,0,1,11776,10,9587635183
824,210130665,113202,210243867,14,0,0,19968,14,8787719590
825,210138327,185687,210324014,6,0,0,12288,6,3337218755
826,210167866,7230,210175096,6,0,1,7680,6,9354155247
827,210185856,38969,210224825,25,0,1,3584,25,7667717387
828,210207312,66164,210273476,26,0,0,4096,26,7589801386
829,210209207,123090,210332297,1,0,0,27136,1,6598647144
830,210226598,129156,210355754,28,0,0,10240,28,3698993797
831,210235147,1518,210236665,21,0,1,1536,21,4128893173
832,210238606,67769,210306375,4,0,0,6144,4,8952998975
833,210253920,144404,210398324,25,0,0,7680,25,4088763534
834,210267683,189985,210457668,4,0,0,50688,4,9280537558
835,210274506,145034,210419540,6,0,0,11776,6,5536155025
836,210372946,5971,210378917,0,0,1,14848,0,8103065959
837,210386600,2470,210389070,28,0,1,2560,28,2175194577
838,210394439,157705,210552144,10,0,0,5632,10,4479862305
839,210405391,71132,210476523,12,0,0,9216,12,9260719931
840,210412559,318469,210731028,20,0,0,25600,20,8188213579
841,210426550,164111,210590661,29,0,0,70144,29,7404422408
842,210451828,94850,210546678,16,0,0,11776,16,3152202650
843,210469398,156871,210626269,12,0,0,46080,12,7813716098
844,210480822,111786,210592608,29,0,0,5120,29,1204524078
845,210481504,241709,210723213,25,0,0,92160,25,5651215363
846,210486843,158520,210645363,10,0,0,1536,10,6256219994
847,210492216,202902,210695118,21,0,0,29696,21,639000731
848,210505982,296567,210802549,0,0,0,118272,0,2851424424
849,210528297,231168,210759465,4,0,0,22016,4,5633073401
850,210547157,190297,210737454,3,0,0,10752,3,2754204030
851,210609147,213187,210822334,6,0,0,3072,6,5837973536
852,210611691,222760,210834451,20,0,0,35328,20,7081551493
853,210612275,190757,210803032,3,0,0,1536,3,4762269982
854,210625438,108725,210734163,24,0,0,10240,24,5072916433
855,210642116,161399,210803515,29,0,0,1536,29,3262849565
856,210644446,165281,210809727,4,0,0,9216,4,9122378778
857,210666001,3128,210669129,5,0,1,9216,5,2238424049
858,210677916,143467,210821383,11,0,0,32768,11,10014947013
859,210682281,122372,210804653,10,0,0,2560,10,1700419678
860,210728801,9729,210738530,5,0,1,1024,5,686115332
861,210728940,159830,210888770,14,0,0,1536,14,1203185941
862,210731107,72751,210803858,11,0,0,1024,11,3266674795
863,210749941,92204,210842145,25,0,0,3584,25,5545687611
864,210777753,145903,210923656,14,0,0,21504,14,10695997868
865,210779385,151250,210930635,12,0,0,2048,12,1886143268
866,210794705,159912,210954617,27,0,0,9216,27,2180588278
867,210817881,95962,210913843,24,0,0,16384,24,8975708033
868,210829098,11057,210840155,1,0,1,14336,1,5099069225
869,210843971,173643,211017614,15,0,0,1024,15,1982155094
870,210849887,2470,210852357,21,0,1,2560,21,6194021673
871,210894016,115909,211009925,25,0,0,34304,25,10031469846
872,210901111,209847,211110958,22,0,0,64512,22,2985204277
873,210930512,127011,211057523,13,0,0,10752,13,7632710241
874,210943734,123210,211066944,16,0,0,1024,16,1752358671
875,210957676,225691,211183367,4,0,0,38400,4,2338643511
876,210967297,99320,211066617,0,0,0,26112,0,10367469803
877,210981608,109671,211091279,16,0,0,35840,16,10699282026
878,210996014,55581,211051595,17,0,0,3584,17,7232843298
879,211008599,176187,211184786,23,0,0,4608,23,7204414428
880,211015728,3898,211019626,10,0,1,4096,10,8408451661
881,211037480,115364,211152844,21,0,0,17920,21,1808018667
882,211086094,139937,211226031,13,0,0,36352,13,3898167573
883,211096412,243793,211340205,20,0,1,376320,20,10528921359
884,211100948,128374,211229322,18,0,0,10752,18,3060047779
885,211117930,374422,211492352,26,0,0,11264,26,4773665100
886,211135074,327670,211462744,15,0,0,30208,15,10102842127
887,211153874,474519,211628393,11,0,0,69120,11,5748008377
888,211203968,324452,211528420,28,0,0,39936,28,7062214307
889,211205454,191725,211397179,29,0,0,2560,29,75349208
890,211206867,515520,211722387,18,0,0,16896,18,10518414507
891,211217697,126374,211344071,1,0,1,6144,1,1094535688
892,211248708,386408,211635116,22,0,0,22016,22,2564946395
893,211314538,214365,211528903,28,0,0,1536,28,1134999629
894,211327530,188707,211516237,10,0,0,7680,10,278231695
895,211344580,185126,211529706,4,0,0,2560,4,3447596076
896,211356030,157837,211513867,12,0,0,10240,12,6321559950
897,211443594,472139,211915733,20,0,0,77312,20,4935054260
898,211508649,5233,211513882,0,0,1,9728,0,1841232876
899,211521831,160298,211682129,28,0,0,64000,28,5457301360
900,211554130,212941,211767071,7,0,0,24064,7,8778358959
901,211580390,136834,211717224,28,0,0,60928,28,4201409572
902,211581388,77804,211659192,0,0,0,1536,0,1323028518
903,211582989,5971,211588960,28,0,1,14848,28,4903900218
904,211597686,197727,211795413,22,0,0,33792,22,8738968886
905,211658496,187025,211845521,14,0,0,8192,14,10151268554
906,211658599,139325,211797924,5,0,0,8192,5,2520291187
907,211674830,181599,211856429,20,0,0,18432,20,116749626
908,211678170,14992,211693162,4,0,1,17920,4,2152515704
909,211730756,54346,211785102,0,0,0,3072,0,6278357786
910,211732730,91803,211824533,10,0,0,19968,10,1017662151
911,211737265,298821,212036086,20,0,1,488448,20,6755347388
912,211771371,308528,212079899,2,0,0,14336,2,5013346499
913,211775783,337154,212112937,4,0,0,2560,4,4174571288
914,211778229,396411,212174640,28,0,0,43008,28,9470933558
915,211790571,914371,212704942,19,0,0,92160,19,5023945164
916,211799279,242913,212042192,20,0,1,20992,20,3197359489
917,211819164,239124,212058288,11,0,0,40960,11,7515128344
918,211841182,217121,212058303,5,0,1,7168,5,220600200
919,211845116,342814,212187930,28,0,0,18432,28,184934693
920,211865568,192750,212058318,18,0,1,8704,18,10467215272
921,211866090,388464,212254554,18,0,0,11776,18,8584447820
922,211869981,359505,212229486,4,0,0,24064,4,9143248083
923,211878200,367822,212246022,29,0,0,12800,29,10445726411
924,211896136,162197,212058333,28,0,1,1024,28,7511177847
925,211903656,305501,212209157,22,0,0,25088,22,9130721264
926,211903696,867815,212771511,27,0,0,6144,27,6232889130
927,211916655,198442,212115097,27,0,0,4608,27,6009718300
928,211922262,400574,212322836,23,0,0,36352,23,461451617
929,211934321,875298,212809619,21,0,0,72704,21,4108463670
930,211946313,235986,212182299,1,0,0,25088,1,6186087300
931,211970970,495852,212466822,9,0,0,33280,9,3318004112
932,211981755,383661,212365416,22,0,0,34816,22,360990466
933,211992291,558166,212550457,17,0,0,44032,17,636048634
934,212029149,453288,212482437,12,0,0,51200,12,5465150531
935,212051902,575146,212627048,28,0,0,9216,28,1180592753
936,212053621,225731,212279352,10,0,0,5120,10,9679128797
937,212081934,248802,212330736,7,0,0,3584,7,9608108602
938,212084840,301552,212386392,20,0,0,2560,20,5111867055
939,212095703,2470,212098173,29,0,1,2560,29,4683228864
940,212107984,2946,212110930,1,0,1,3072,1,4157589246
941,212115187,2470,212117657,5,0,1,2560,5,3522497017
942,212125270,198873,212324143,3,0,0,1536,3,9584504951
943,212133114,178631,212311745,4,0,0,6656,4,8847638979
944,212141072,280488,212421560,15,0,0,41984,15,1335462283
945,212144732,753426,212898158,7,0,0,98304,7,533370900
946,212178283,12585,212190868,10,0,1,3072,10,1574878477
947,212213470,16039,212229509,0,0,1,27648,0,2657874788
948,212223023,510638,212733661,10,0,0,94208,10,10121636371
949,212233781,187950,212421731,2,0,0,512,2,1090937669
950,212234452,520010,212754462,17,0,0,19456,17,2317556305
951,212245892,237980,212483872,12,0,0,4608,12,4778675718
952,212271580,324312,212595892,29,0,0,2560,29,3635568176
953,212274092,261313,212535405,24,0,0,9728,24,8769181198
954,212296120,473504,212769624,29,0,0,48640,29,1251732994
955,212299478,319583,212619061,7,0,0,3584,7,2819830808
956,212305871,442648,212748519,17,0,0,25088,17,2041273694
957,212310111,558080,212868191,17,0,0,50176,17,1022588514
958,212337764,27667,212365431,20,0,1,36864,20,3531357993
959,212389084,351776,212740860,15,0,0,23552,15,8601360643
960,212393446,512059,212905505,7,0,0,24064,7,6709703217
961,212395199,199155,212594354,3,0,0,6656,3,5615880852
962,212420337,208621,212628958,23,0,0,4096,23,2586680357
963,212428828,405135,212833963,26,0,0,43008,26,8917309567
964,212437649,566,212438215,25,0,1,512,25,3922452947
965,212437865,473146,212911011,1,0,0,10240,1,5447810160
966,212469501,346076,212815577,11,0,0,19456,11,5228304219
967,212474107,23324,212497431,20,0,1,23040,20,1127023047
968,212520295,1042,212521337,27,0,1,1024,27,987367969
969,212539490,22492,212561982,16,0,1,18944,16,6511279424
970,212554222,200567,212754789,25,0,0,1024,25,5709088821
971,212566365,345129,212911494,10,0,0,1536,10,4634923363
972,212601176,7230,212608406,4,0,1,7680,4,4334335256
973,212604165,303703,212907868,3,0,0,7680,3,340335416
974,212611642,175137,212786779,19,0,0,4096,19,6754109649
975,212653054,1994,212655048,18,0,1,2048,18,664487786
976,212668565,259324,212927889,3,0,0,53760,3,2131743141
977,212687801,314987,213002788,12,0,0,7680,12,6660835734
978,212758746,313106,213071852,2,0,0,36352,2,3817736849
979,212779404,164372,212943776,26,0,0,5632,26,10134729165
980,212786293,23341,212809634,18,0,1,9728,18,7688894646
981,212800931,15680,212816611,21,0,1,1024,21,7789525863
982,212834520,2946,212837466,20,0,1,3072,20,6007280474
983,212835332,132854,212968186,15,0,0,6144,15,2197100141
984,212888693,154992,213043685,28,0,0,55808,28,1739878659
985,212898605,32113,212930718,22,0,1,8704,22,1037430887
986,212992051,223789,213215840,0,0,0,68096,0,2545815928
987,213026010,135200,213161210,2,0,0,77312,2,10643749663
988,213032370,11940,213044310,15,0,1,512,15,10294519477
989,213036163,10865,213047028,15,0,1,9216,15,8781045423
990,213039411,11195,213050606,29,0,1,4096,29,226284512
991,213040515,223477,213263992,7,0,0,36352,7,5810791535
992,213052761,179297,213232058,5,0,0,5120,5,1580938440
993,213071476,256765,213328241,14,0,0,6656,14,10416506742
994,213076747,4420,213081167,29,0,1,11776,29,830512905
995,213107227,87811,213195038,19,0,0,4608,19,878579918
996,213123388,99183,213222571,21,0,0,22016,21,2485091377
997,213128571,187534,213316105,16,0,0,38400,16,3906248588
998,213205598,120600,213326198,25,0,0,19456,25,8984690941
999,213225921,169498,213395419,27,0,0,10240,27,6708492753
1000,213250899,66781,213317680,15,0,0,5120,15,9798430786
1001,213261789,159376,213421165,26,0,0,23040,26,3787737934
1002,213274922,112985,213387907,14,0,0,46080,14,1743461302
1003,213287428,223439,213510867,1,0,0,15872,1,7583607114
1004,213329773,128891,213458664,9,0,0,15872,9,1710728455
1005,213345077,320256,213665333,21,0,0,34816,21,9099464455
1006,213350629,178511,213529140,0,0,0,1024,0,10206249149
1007,213360363,241359,213601722,26,0,0,20480,26,5100776423
1008,213384570,199403,213583973,27,0,0,11776,27,4574568527
1009,213388734,117282,213506016,5,0,0,25088,5,9136880639
1010,213395995,11533,213407528,9,0,1,18944,9,4576799590
1011,213408722,245980,213654702,21,0,0,92160,21,9852701888
1012,213422333,249122,213671455,14,0,0,14336,14,6332356136
1013,213426888,5326,213432214,20,0,1,5632,20,2020007542
1014,213462288,210757,213673045,25,0,0,5120,25,203673180
1015,213480601,197617,213678218,23,0,0,12800,23,511917345
1016,213483210,183854,213667064,7,0,0,5632,7,9834186818
1017,213494298,275276,213769574,21,0,0,23040,21,8900259847
1018,213548536,566,213549102,13,0,1,512,13,4488030576
1019,213560411,151677,213712088,15,0,0,22016,15,2777405371
1020,213600014,138165,213738179,9,0,0,1024,9,1329660753
1021,213605804,152050,213757854,3,0,0,21504,3,5858822644
1022,213608767,62703,213671470,14,0,1,46592,14,409846108
1023,213609950,63110,213673060,29,0,1,512,29,6020535601
1024,213626967,155574,213782541,1,0,0,17920,1,4886042244
1025,213633274,323499,213956773,6,0,0,29696,6,9021030119
1026,213637331,295692,213933023,21,0,0,134144,21,203225193
1027,213641294,204250,213845544,2,0,0,10752,2,5963062774
1028,213660832,321467,213982299,24,0,0,45056,24,9839750068
1029,213662842,15997,213678839,0,0,1,14336,0,7876293285
1030,213692583,255119,213947702,21,0,0,48128,21,5835288923
1031,213697954,151471,213849425,27,0,0,2048,27,6612467568
1032,213703860,87784,213791644,17,0,0,1024,17,6458619091
1033,213735204,5802,213741006,15,0,1,6144,15,1563093434
1034,213749349,121277,213870626,23,0,0,4608,23,9309333283
1035,213750711,208729,213959440,0,0,0,8704,0,4608441004
1036,213756860,209808,213966668,18,0,0,6144,18,6332364090
1037,213774640,212221,213986861,1,0,0,8192,1,1880087928
1038,213781382,314511,214095893,0,0,0,25088,0,753760224
1039,213790070,212406,214002476,14,0,0,51200,14,271820827
1040,213797115,10757,213807872,9,0,1,17408,9,2691947695
1041,213807833,156723,213964556,16,0,0,14336,16,4284506896
1042,213814601,169749,213984350,0,0,0,6656,0,6920937437
1043,213846316,176787,214023103,7,0,0,9216,7,1445451759
1044,213862677,257127,214119804,24,0,0,52736,24,10725298317
1045,213909428,55143,213964571,15,0,1,4096,15,6925647893
1046,213940445,140347,214080792,13,0,0,10752,13,9835433567
1047,213971911,171876,214143787,7,0,0,50176,7,3173575940
1048,214024122,154116,214178238,12,0,0,26624,12,228171818
1049,214107589,100751,214208340,23,0,0,20992,23,5266515172
1050,214114805,109016,214223821,9,0,0,41472,9,1424389725
1051,214142857,201245,214344102,19,0,0,45056,19,1184318103
1052,214167884,162467,214330351,27,0,0,52224,27,346679656
1053,214169177,9076,214178253,9,0,1,4096,9,2554236787
1054,214177110,109981,214287091,24,0,0,31232,24,5384044863
1055,214225469,233230,214458699,18,0,0,41472,18,9389027633
1056,214240533,64742,214305275,1,0,1,105984,1,9362200644
1057,214260920,234907,214495827,2,0,0,5120,2,9674660097
1058,214278158,128547,214406705,4,0,0,6656,4,8700570040
1059,214288099,153492,214441591,16,0,0,29696,16,7197933345
1060,214306728,103579,214410307,7,0,0,7680,7,9724169224
1061,214318986,148411,214467397,11,0,0,22528,11,6004222741
1062,214352396,227089,214579485,26,0,0,16896,26,398327892
1063,214362653,2470,214365123,10,0,1,2560,10,7732507529
1064,214374315,2470,214376785,13,0,1,2560,13,8415630734
1065,214380194,186905,214567099,15,0,0,51200,15,1385830953
1066,214394844,97687,214492531,16,0,0,3072,16,7750118574
1067,214420820,208565,214629385,25,0,0,27648,25,3338733341
1068,214426564,147758,214574322,18,0,0,5632,18,4272912708
1069,214436026,82225,214518251,3,0,0,1024,3,8785958326
1070,214476785,95806,214572591,29,0,0,14336,29,9016361450
1071,214509420,81267,214590687,25,0,0,8192,25,954121949
1072,214510274,144736,214655010,2,0,0,9216,2,9600073252
1073,214547307,19807,214567114,5,0,1,12288,5,4250464771
1074,214553023,26485,214579508,15,0,1,16384,15,6722599050
1075,214558785,77886,214636671,24,0,0,5632,24,2630695639
1076,214571283,273638,214844921,4,0,0,34816,4,1047167331
1077,214583980,211603,214795583,25,0,0,35840,25,1758452033
1078,214600062,184586,214784648,20,0,0,101376,20,2171674702
1079,214658782,169816,214828598,0,0,0,32768,0,8175275289
1080,214660952,208319,214869271,12,0,0,48128,12,1761596132
1081,214661777,3128,214664905,5,0,1,9216,5,88625014
1082,214700371,1518,214701889,28,0,1,1536,28,9192090358
1083,214726025,191105,214917130,17,0,0,34304,17,1370691512
1084,214736154,268223,215004377,17,0,0,92160,17,1391602567
1085,214741301,54305,214795606,1,0,1,73216,1,551283952
1086,214776191,314993,215091184,15,0,0,9728,15,10564452921
1087,214793218,7240,214800458,21,0,1,5120,21,4252249563
1088,214797273,109286,214906559,2,0,0,4096,2,5756491902
1089,214813505,120576,214934081,17,0,0,2560,17,226610821
1090,214881123,135088,215016211,12,0,0,2560,12,9453656342
1091,214884708,45596,214930304,12,0,0,1024,12,10718952521
1092,214889075,194722,215083797,3,0,0,14848,3,7600080310
1093,214903983,227084,215131067,21,0,0,12288,21,8781183272
1094,214913534,158714,215072248,5,0,0,33280,5,3424388153
1095,214920203,5712,214925915,15,0,1,14336,15,4001952354
1096,214925543,3898,214929441,5,0,1,4096,5,3051458803
1097,214933233,281857,215215090,16,0,0,9728,16,4152589810
1098,214945519,170852,215116371,4,0,0,9728,4,1338663879
1099,214952564,106411,215058975,3,0,0,35328,3,7695977855
1100,214963401,243992,215207393,16,0,0,34816,16,3101409334
1101,215001844,5471,215007315,25,0,1,3072,25,10361986886
1102,215024064,1518,215025582,15,0,1,1536,15,5122647875
1103,215024559,100453,215125012,10,0,0,2560,10,10202352121
1104,215025778,146921,215172699,18,0,0,33280,18,1303471545
1105,215026916,201989,215228905,19,0,0,25600,19,6030949481
1106,215041631,3387,215045018,22,0,1,9728,22,5200647300
1107,215047365,11625,215058990,20,0,1,9728,20,154948462
1108,215066765,17047,215083812,13,0,1,7680,13,5907090450
1109,215071556,264326,215335882,20,0,0,6144,20,5740518210
1110,215071649,12178,215083827,16,0,1,6656,16,972410740
1111,215083817,226292,215310109,28,0,0,32768,28,7111423317
1112,215087927,203108,215291035,6,0,0,77312,6,10059738763
1113,215097764,96579,215194343,1,0,1,161280,1,5655331768
1114,215167125,163071,215330196,20,0,0,3072,20,10528958813
1115,215167969,228384,215396353,7,0,0,31744,7,6902103561
1116,215199281,224498,215423779,4,0,0,9728,4,10215401523
1117,215220896,177203,215398099,20,0,0,512,20,2347310375
1118,215253948,238381,215492329,20,0,0,11776,20,1590065179
1119,215262749,170444,215433193,5,0,0,26624,5,4331184348
1120,215287617,110311,215397928,10,0,0,5120,10,7510186122
1121,215292054,147862,215439916,19,0,0,22016,19,5906464385
1122,215329265,4568,215333833,22,0,1,10240,22,10457186707
1123,215332650,3247,215335897,18,0,1,2560,18,7153405448
1124,215349357,156520,215505877,28,0,0,19456,28,10635867089
1125,215359942,93903,215453845,7,0,0,8704,7,8017903883
1126,215375518,88539,215464057,7,0,0,9728,7,6978268722
1127,215381471,163891,215545362,4,0,0,24576,4,3234245505
1128,215399593,566,215400159,5,0,1,512,5,2917943748
1129,215400664,2946,215403610,20,0,1,3072,20,7367263632
1130,215436793,71635,215508428,0,0,0,3584,0,10028586679
1131,215446984,105273,215552257,27,0,0,3072,27,9552311026
1132,215473195,145182,215618377,10,0,0,2560,10,3038314379
1133,215476150,90447,215566597,16,0,0,14848,16,2051619427
1134,215494814,154937,215649751,0,0,0,3584,0,2451676046
1135,215526950,2470,215529420,9,0,1,2560,9,9745277080
1136,215544287,2126,215546413,8,0,1,1024,8,3832110015
1137,215544885,239190,215784075,6,0,0,22528,6,5952307377
1138,215562246,104443,215666689,24,0,0,28672,24,6583307483
1139,215576373,3387,215579760,5,0,1,9728,5,5350820039
1140,215604786,132449,215737235,3,0,0,2048,3,9423386470
1141,215616385,239890,215856275,6,0,0,86016,6,10183638359
1142,215617257,91304,215708561,24,0,0,19968,24,3720724116
1143,215622933,6278,215629211,5,0,1,6656,5,5379385872
1144,215630492,266439,215896931,16,0,0,9728,16,3970485933
1145,215656136,207642,215863778,12,0,0,24576,12,61120375
1146,215674172,200876,215875048,11,0,0,4096,11,9803569784
1147,215674258,199519,215873777,21,0,0,32768,21,7340570340
1148,215697320,228825,215926145,14,0,0,8704,14,4247258041
1149,215705430,6545,215711975,5,0,1,3584,5,8701522441
1150,215710801,114259,215825060,27,0,0,12800,27,3481570735
1151,215710968,222330,215933298,4,0,0,22528,4,4420924671
1152,215726183,173571,215899754,7,0,0,9216,7,1668360079
1153,215740545,277809,216018354,15,0,0,11264,15,3339046587
1154,215791577,84890,215876467,4,0,0,4608,4,3126709674
1155,215814911,89155,215904066,17,0,0,12288,17,993590070
1156,215851199,130230,215981429,5,0,0,24576,5,296532145
1157,215898333,127178,216025511,3,0,0,16896,3,1596831968
1158,215910822,5712,215916534,11,0,1,14336,11,8670038666
1159,215914115,105354,216019469,2,0,0,3584,2,3619130494
1160,215921212,13770,215934982,0,0,1,26624,0,914267142
1161,215930019,74403,216004422,26,0,0,9216,26,9616107019
1162,215944575,3898,215948473,11,0,1,4096,11,9418010074
1163,215951190,103331,216054521,6,0,0,5120,6,4783891803
1164,215986651,64018,216050669,21,0,0,2560,21,6283426021
1165,215992348,101552,216093900,1,0,0,31232,1,8702401672
1166,215999269,5168,216004437,20,0,1,3072,20,9116690079
1167,216017970,221566,216239536,1,0,0,34816,1,7538043101
1168,216019246,43931,216063177,21,0,1,71680,21,9868046708
1169,216045271,102503,216147774,21,0,0,15360,21,6941205656
1170,216049170,275863,216325033,7,0,0,57856,7,7818407280
1171,216064294,152528,216216822,1,0,0,17920,1,4476927308
1172,216064885,153242,216218127,24,0,0,1024,24,9784772824
1173,216089695,177066,216266761,5,0,0,3072,5,4695177365
1174,216097041,289198,216386239,6,0,0,512,6,9179813557
1175,216104791,194724,216299515,13,0,0,3584,13,7194551698
1176,216111087,289642,216400729,10,0,0,27136,10,239380875
1177,216129810,115710,216245520,17,0,0,5120,17,6887504699
1178,216142832,188332,216331164,25,0,0,19968,25,2519929612
1179,216172073,291692,216463765,12,0,0,16896,12,1572139649
1180,216174697,65010,216239707,22,0,0,512,22,7300724596
1181,216197542,69975,216267517,16,0,0,512,16,9808691354
1182,216204212,151907,216356119,18,0,0,53248,18,4234784305
1183,216232939,103080,216336019,3,0,0,2048,3,10205833632
1184,216245153,2353,216247506,15,0,1,2048,15,5694488005
1185,216261931,2946,216264877,15,0,1,3072,15,3196910954
1186,216276919,299821,216576740,6,0,0,47616,6,863635021
1187,216288407,2946,216291353,22,0,1,3072,22,1083951567
1188,216296385,3387,216299772,4,0,1,9728,4,1410452559
1189,216297986,170705,216468691,16,0,0,2048,16,1261695384
1190,216312335,293426,216605761,4,0,0,72704,4,8966473087
1191,216316634,19400,216336034,14,0,1,4608,14,5633336021
1192,216320359,119130,216439489,21,0,1,178176,21,5616910418
1193,216322371,95914,216418285,18,0,0,11264,18,9437314318
1194,216325222,421905,216747127,2,0,0,12800,2,9246476692
1195,216330774,540229,216871003,22,0,0,13824,22,7032577704
1196,216362336,161106,216523442,21,0,0,5120,21,390133036
1197,216369071,358496,216727567,28,0,0,34304,28,2194086043
1198,216378234,67156,216445390,29,0,1,19968,29,7890623816
1199,216400686,246115,216646801,5,0,0,46080,5,5434655834
1200,216428022,182130,216610152,25,0,0,14336,25,9636088993
1201,216446585,289392,216735977,28,0,0,20992,28,1629072137
1202,216452685,2946,216455631,11,0,1,3072,11,2850845696
1203,216471636,143523,216615159,1,0,0,16384,1,709613886
1204,216487602,131324,216618926,2,0,0,12288,2,5860803027
1205,216509204,4374,216513578,20,0,1,4608,20,7987707568
1206,216512919,12737,216525656,21,0,1,24576,21,3044498685
1207,216542983,289182,216832165,3,0,0,58880,3,3495200401
1208,216592665,115090,216707755,0,0,0,6656,0,2112373241
1209,216610238,172811,216783049,12,0,0,25088,12,9618833369
1210,216701358,286111,216987469,3,0,0,56832,3,5623550957
1211,216724933,86010,216810943,15,0,0,4608,15,7694222850
1212,216731717,67166,216798883,0,0,0,1024,0,6804907507
1213,216744313,107682,216851995,27,0,0,12288,27,6171997306
1214,216747057,144668,216891725,2,0,0,19456,2,1147422303
1215,216788594,566,216789160,28,0,1,512,28,3917422261
1216,216803815,136288,216940103,14,0,0,10752,14,6814400347
1217,216818314,194371,217012685,25,0,0,20992,25,3702862944
1218,216859817,48980,216908797,16,0,0,2048,16,3184597455
1219,216861606,60861,216922467,21,0,0,5632,21,10102619055
1220,216868550,168539,217037089,1,0,0,58368,1,4138753731
1221,216878789,172380,217051169,28,0,0,24064,28,462457738
1222,216925300,137371,217062671,26,0,0,27648,26,1026786414
1223,216952641,241946,217194587,20,0,0,105472,20,9254928157
1224,216967540,157953,217125493,14,0,0,27136,14,3433160601
1225,216971370,17609,216988979,11,0,1,1536,11,552093490
1226,217005580,204820,217210400,4,0,0,18944,4,8845543585
1227,217007032,8115,217015147,28,0,1,2560,28,8204256606
1228,217061223,7242,217068465,10,0,1,6144,10,2044064514
1229,217084126,1042,217085168,25,0,1,1024,25,9558406742
1230,217085364,67967,217153331,17,0,0,2560,17,138817013
1231,217138713,65900,217204613,9,0,0,7168,9,3851357578
1232,217156779,54736,217211515,26,0,0,3584,26,3684848152
1233,217164486,113939,217278425,3,0,0,10240,3,709163811
1234,217169188,87332,217256520,28,0,0,9216,28,1677370809
1235,217209183,2857,217212040,5,0,1,512,5,7321122816
1236,217218595,5712,217224307,11,0,1,14336,11,9429783581
1237,217229136,13083,217242219,23,0,1,22016,23,6118773376
1238,217237793,118860,217356653,6,0,0,9728,6,8945020038
1239,217246163,117175,217363338,13,0,0,13824,13,6535374534
1240,217247360,242545,217489905,26,0,0,10752,26,4861760913
1241,217252793,5326,217258119,18,0,1,5632,18,10378532221
1242,217267762,63699,217331461,18,0,0,9216,18,7815881940
1243,217293717,233333,217527050,15,0,0,11776,15,10359675455
1244,217311347,1518,217312865,20,0,1,1536,20,4042310327
1245,217327091,101816,217428907,2,0,0,34304,2,2803183824
1246,217332100,59360,217391460,2,0,0,5120,2,2939958147
1247,217332841,134741,217467582,29,0,0,22528,29,3801407800
1248,217337410,164385,217501795,11,0,0,1024,11,7395639310
1249,217338192,231886,217570078,5,0,0,48640,5,902465426
1250,217338292,100880,217439172,17,0,0,31232,17,1156643603
1251,217350666,296166,217646832,19,0,0,14848,19,1533584183
1252,217353118,87325,217440443,22,0,0,4096,22,7919862724
1253,217388384,217619,217606003,20,0,0,4608,20,691883902
1254,217395721,208863,217604584,18,0,0,70144,18,6144902069
1255,217407047,176150,217583197,20,0,0,43008,20,9122894574
1256,217417472,316286,217733758,16,0,0,75264,16,9143062682
1257,217417806,105633,217523439,20,0,0,13824,20,1251748708
1258,217422076,370806,217792882,20,0,0,69632,20,2204127537
1259,217430199,332488,217762687,0,0,0,20992,0,1699616234
1260,217446299,2870,217449169,16,0,1,8704,16,8751170713
1261,217447695,186484,217634179,12,0,0,14848,12,5912715257
1262,217464678,270998,217735676,20,0,0,5632,20,7827659338
1263,217466952,1213,217468165,21,0,1,512,21,8609765165
1264,217470558,167191,217637749,11,0,0,512,11,8491735024
1265,217482044,251893,217733937,27,0,0,512,27,8864772100
1266,217498842,7706,217506548,25,0,1,8192,25,7593043186
1267,217518660,400498,217919158,23,0,0,30720,23,2881697832
1268,217520539,247935,217768474,10,0,0,18944,10,5497915349
1269,217522767,188044,217710811,20,0,0,47616,20,394155568
1270,217539742,370041,217909783,28,0,0,77824,28,9605822214
1271,217591378,202767,217794145,0,0,0,4096,0,9134760280
1272,217603459,360716,217964175,25,0,0,1024,25,2343718930
1273,217604550,5869,217610419,20,0,1,4608,20,3389269034
1274,217606793,189863,217796656,2,0,0,8192,2,1365149215
1275,217628731,199122,217827853,24,0,0,22016,24,8413859213
1276,217634606,203246,217837852,17,0,0,32768,17,9984014780
1277,217644204,8422,217652626,17,0,1,6144,17,3938379609
1278,217674322,403912,218078234,5,0,0,65536,5,5535233335
1279,217685633,246800,217932433,24,0,0,43520,24,5272059847
1280,217695630,144610,217840240,19,0,0,7168,19,5185180813
1281,217705644,148381,217854025,27,0,0,5120,27,6962940374
1282,217724468,149320,217873788,10,0,0,4096,10,6350393390
1283,217760607,113196,217873803,1,0,1,169984,1,3475467401
1284,217764424,121617,217886041,1,0,0,19456,1,3408144300
1285,217773183,224483,217997666,7,0,0,1024,7,8142593846
1286,217787288,86530,217873818,29,0,1,11776,29,9916845347
1287,217801517,290283,218091800,18,0,0,3072,18,6219207231
1288,217809107,208587,218017694,28,0,0,28160,28,9259595335
1289,217846908,32813,217879721,5,0,1,20480,5,9776058950
1290,217848435,335519,218183954,29,0,0,27136,29,1275572026
1291,217856285,164723,218021008,18,0,0,10752,18,9134821116
1292,217866331,154848,218021179,3,0,0,512,3,4486803773
1293,217872332,13724,217886056,0,0,1,2048,0,9148246457
1294,217875317,264412,218139729,16,0,0,18432,16,3061917525
1295,217903092,122356,218025448,25,0,0,9728,25,4626391230
1296,217933343,6278,217939621,20,0,1,6656,20,4690382805
1297,217934488,189611,218124099,20,0,0,19456,20,10723063528
1298,217984327,13512,217997839,29,0,1,26112,29,1677210473
1299,218005063,12654,218017717,9,0,1,16384,9,8868532061
1300,218007185,269844,218277029,9,0,0,24064,9,1166716481
1301,218020712,113386,218134098,10,0,0,32768,10,10293103488
1302,218032810,160207,218193017,7,0,0,29696,7,5284380013
1303,218056979,195441,218252420,12,0,0,14848,12,7102200606
1304,218097221,127227,218224448,3,0,0,44032,3,6326356414
1305,218104408,150892,218255300,25,0,0,3072,25,2734020942
1306,218129878,139804,218269682,7,0,0,19968,7,6218592714
1307,218134783,12669,218147452,24,0,1,8192,24,3855894126
1308,218164482,209218,218373700,14,0,0,76800,14,4699428756
1309,218170399,1042,218171441,5,0,1,1024,5,7826185393
1310,218187551,137344,218324895,2,0,0,52736,2,920567909
1311,218225562,5971,218231533,4,0,1,14848,4,3664236631
1312,218262535,72271,218334806,20,0,0,4608,20,1074360089
1313,218271120,224780,218495900,4,0,0,82944,4,4954795196
1314,218275991,288603,218564594,9,0,0,8192,9,3031776928
1315,218326854,72728,218399582,22,0,0,13312,22,2721787282
1316,218363966,13165,218377131,14,0,1,3584,14,8672007470
1317,218366088,14909,218380997,20,0,1,6144,20,4508528118
1318,218375510,162072,218537582,10,0,0,93184,10,531722335
1319,218410562,138397,218548959,17,0,0,18432,17,10123410932
1320,218412740,154209,218566949,27,0,0,7680,27,8322948156
1321,218494105,133155,218627260,9,0,0,14848,9,5739722197
1322,218497127,125511,218622638,20,0,0,37376,20,2125270150
1323,218513455,27558,218541013,16,0,1,3584,16,4432063463
1324,218514176,29103,218543279,4,0,1,3584,4,8829320684
1325,218584714,120848,218705562,1,0,0,28160,1,2317292495
1326,218599675,97292,218696967,27,0,0,19456,27,4839345562
1327,218599682,238460,218838142,28,0,0,23040,28,6481809885
1328,218611769,15514,218627283,0,0,1,11776,0,5296479942
1329,218613392,124700,218738092,3,0,0,18432,3,5358109383
1330,218621124,121179,218742303,16,0,0,9728,16,6208277691
1331,218624419,9587,218634006,15,0,1,7168,15,6903479661
1332,218630816,288488,218919304,15,0,0,61440,15,5805708184
1333,218633506,4162,218637668,21,0,1,11264,21,4658256929
1334,218647400,272231,218919631,15,0,0,1024,15,1013779393
1335,218656659,111243,218767902,9,0,0,11776,9,7934194392
1336,218663193,566,218663759,15,0,1,512,15,3415232377
1337,218667040,1518,218668558,16,0,1,1536,16,6813066930
1338,218676420,203325,218879745,1,0,0,8704,1,9354953668
1339,218676698,74485,218751183,27,0,0,3584,27,5247703472
1340,218709811,138984,218848795,13,0,0,8192,13,7348947625
1341,218738532,107737,218846269,20,0,0,26624,20,3174415882
1342,218751912,4374,218756286,29,0,1,4608,29,3263115300
1343,218756170,141893,218898063,25,0,0,29696,25,4052142452
1344,218762640,241413,219004053,6,0,0,36352,6,1996091268
1345,218810666,278725,219089391,10,0,0,48128,10,604255129
1346,218828917,135159,218964076,19,0,0,32768,19,101332695
1347,218830100,16184,218846284,17,0,1,16384,17,1149781757
1348,218863061,91016,218954077,15,0,0,24064,15,882988332
1349,218867238,202354,219069592,27,0,0,43520,27,9820891585
1350,218869418,186899,219056317,3,0,0,19456,3,8969658494
1351,218923343,5454,218928797,14,0,1,13824,14,1738165129
1352,218928274,210828,219139102,26,0,0,9216,26,2682579991
1353,218944528,191268,219135796,9,0,0,28672,9,2737463767
1354,218966413,241497,219207910,1,0,0,37376,1,580378563
1355,218979610,70764,219050374,28,0,0,5120,28,9668170757
1356,219006903,566,219007469,4,0,1,512,4,2173205697
1357,219023622,6278,219029900,15,0,1,6656,15,3759576458
1358,219039648,105351,219144999,11,0,0,3584,11,6204093244
1359,219044907,148896,219193803,19,0,0,27648,19,278918767
1360,219054847,81432,219136279,4,0,0,1536,4,3116520553
1361,219089146,185891,219275037,5,0,0,62464,5,9172791933
1362,219116563,195254,219311817,1,0,0,30720,1,780294249
1363,219124775,131215,219255990,9,0,0,15872,9,9572464145
1364,219157559,2470,219160029,4,0,1,2560,4,8002367725
1365,219162520,52364,219214884,20,0,0,3072,20,1940461057
1366,219197924,136826,219334750,11,0,0,48128,11,8680774063
1367,219225391,144472,219369863,13,0,0,512,13,6756932583
1368,219263356,100578,219363934,7,0,0,512,7,1717962263
1369,219287512,7706,219295218,4,0,1,8192,4,1091078615
1370,219307870,7067,219314937,13,0,1,9216,13,7724347195
1371,219340280,3645,219343925,20,0,1,10240,20,10362834543
1372,219404921,154090,219559011,14,0,0,54784,14,8769777052
1373,219449811,111867,219561678,3,0,0,8704,3,6015344425
1374,219450955,119170,219570125,19,0,0,27648,19,2117599841
1375,219498374,7706,219506080,22,0,1,8192,22,4262449
1376,219509420,89391,219598811,19,0,0,11264,19,3951092825
1377,219519158,1042,219520200,20,0,1,1024,20,9183801751
1378,219539101,1994,219541095,17,0,1,2048,17,5136320286
1379,219550248,111678,219661926,9,0,0,29184,9,352207314
1380,219583008,6754,219589762,28,0,1,7168,28,4235546959
1381,219592666,6160,219598826,22,0,1,8704,22,3388000839
1382,219596774,4038,219600812,18,0,1,2048,18,3808365121
1383,219626207,205823,219832030,10,0,0,46080,10,7597377103
1384,219630669,97282,219727951,23,0,0,18944,23,4816778151
1385,219651673,109764,219761437,28,0,0,11776,28,8668397681
1386,219652042,218406,219870448,6,0,0,9728,6,9706314563
1387,219672190,90354,219762544,13,0,0,3584,13,9524928757
1388,219674199,74186,219748385,9,0,0,3584,9,2330499313
1389,219694983,150566,219845549,18,0,0,7680,18,4957578130
1390,219716762,125735,219842497,0,0,0,34304,0,9613362581
1391,219800594,132309,219932903,17,0,0,10752,17,5704851275
1392,219816362,98696,219915058,12,0,0,24064,12,1756568728
1393,219852523,566,219853089,11,0,1,512,11,5516832592
1394,219860290,5802,219866092,17,0,1,6144,17,3942453592
1395,219869692,147337,220017029,22,0,0,58880,22,7108741123
1396,219890279,14287,219904566,13,0,1,27648,13,4274273720
1397,219898065,17008,219915073,10,0,1,5632,10,4718743210
1398,219921101,7230,219928331,11,0,1,7680,11,4687842461
1399,219945776,127738,220073514,25,0,0,57344,25,1369741763
1400,219950668,123961,220074629,0,0,0,3584,0,8751290831
1401,219964678,83756,220048434,29,0,0,15360,29,5406786456
1402,219979675,213059,220192734,11,0,0,48128,11,3427261748
1403,219992174,110653,220102827,17,0,0,4096,17,7565766306
1404,219997383,102501,220099884,28,0,0,6656,28,8676540462
1405,220056221,143392,220199613,29,0,0,22528,29,4234388770
1406,220081283,1042,220082325,11,0,1,1024,11,6754470950
1407,220114373,1994,220116367,18,0,1,2048,18,5033932563
1408,220126722,2946,220129668,4,0,1,3072,4,3756396611
1409,220145365,87200,220232565,24,0,0,3072,24,6064544250
1410,220168349,53492,220221841,14,0,0,3072,14,5970715615
1411,220169313,566,220169879,22,0,1,512,22,2724824200
1412,220189365,113304,220302669,14,0,0,38400,14,1457197716
1413,220206324,102681,220309005,14,0,0,13824,14,1823101910
1414,220215655,106238,220321893,17,0,0,6656,17,10454994155
1415,220220780,237494,220458274,1,0,0,112128,1,2756353995
1416,220221385,11205,220232590,13,0,1,17408,13,1298514946
1417,220228015,320320,220548335,4,0,0,30208,4,2563410666
1418,220236196,6754,220242950,17,0,1,7168,17,5340184758
1419,220239468,132904,220372372,12,0,0,36352,12,6662889740
1420,220253943,11791,220265734,18,0,1,19456,18,319666247
1421,220271523,289598,220561121,7,0,0,12800,7,4700425823
1422,220278406,386713,220665119,22,0,0,58368,22,5447176210
1423,220285578,237303,220522881,28,0,0,8704,28,3302656483
1424,220322074,301495,220623569,21,0,0,49152,21,3841813189
1425,220404980,225156,220630136,27,0,0,21504,27,5377419449
1426,220405137,266393,220671530,18,0,0,20992,18,7085869468
1427,220413950,3128,220417078,17,0,1,9216,17,626028669
1428,220427573,374954,220802527,1,0,0,26624,1,1746121381
1429,220441276,236524,220677800,5,0,0,17408,5,6139730236
1430,220441619,20151,220461770,20,0,1,9728,20,2697464762
1431,220451459,75047,220526506,20,0,0,6144,20,4887134265
1432,220453641,125342,220578983,26,0,0,14848,26,7057869459
1433,220456185,306680,220762865,14,0,0,95744,14,7359053982
1434,220499955,1994,220501949,9,0,1,2048,9,1447683988
1435,220518895,275505,220794400,1,0,0,103424,1,9540390973
1436,220561467,270026,220831493,17,0,0,23552,17,8026250621
1437,220581297,91184,220672481,16,0,0,3072,16,5046640677
1438,220636779,6754,220643533,4,0,1,7168,4,6354273010
1439,220688738,4679,220693417,20,0,1,12288,20,9981515468
1440,220718055,6278,220724333,25,0,1,6656,25,5872797601
1441,220736825,66227,220803052,18,0,1,512,18,4810707343
1442,220780562,111569,220892131,25,0,0,18944,25,9280538689
1443,220794103,9639,220803742,16,0,1,1024,16,3555976841
1444,220813648,146484,220960132,10,0,0,67072,10,1108597336
1445,220813821,89588,220903409,7,0,0,14336,7,4270641631
1446,220852599,82186,220934785,26,0,0,1536,26,556179580
1447,220890786,145909,221036695,6,0,0,74240,6,4389783890
1448,220964142,99320,221063462,5,0,0,26112,5,1233676569
1449,220967101,158284,221125385,3,0,0,8192,3,1357400778
1450,220983950,98289,221082239,9,0,0,18944,9,7083880132
1451,221003604,43904,221047508,9,0,0,512,9,4911152464
1452,221023546,117297,221140843,18,0,0,41984,18,6544212052
1453,221036677,125442,221162119,19,0,0,26112,19,3130570895
1454,221039028,105270,221144298,23,0,0,11264,23,7234524166
1455,221068918,148279,221217197,11,0,0,50176,11,7297258979
1456,221119702,100942,221220644,28,0,0,11264,28,9505631142
1457,221120464,23849,221144313,15,0,1,32768,15,1355391987
1458,221124840,157192,221282032,11,0,0,3072,11,101151387
1459,221156182,103371,221259553,12,0,0,14848,12,6311672403
1460,221157009,177462,221334471,1,0,0,14848,1,7708517533
1461,221161203,119878,221281081,2,0,0,19968,2,179199897
1462,221170634,159298,221329932,7,0,0,29696,7,5062916069
1463,221172329,170750,221343079,12,0,0,512,12,3472636842
1464,221206778,261666,221468444,1,0,0,37376,1,4346683410
1465,221215431,182327,221397758,28,0,0,38400,28,5565782567
1466,221223509,145160,221368669,22,0,0,12800,22,7472871264
1467,221242855,5802,221248657,16,0,1,6144,16,1872935289
1468,221270286,76021,221346307,9,0,0,1024,9,7315102383
1469,221308933,3898,221312831,4,0,1,4096,4,10081489490
1470,221312000,22502,221334502,26,0,1,33792,26,5345354951
1471,221327554,10356,221337910,11,0,1,3584,11,8654440622
1472,221330948,145631,221476579,21,0,0,26624,21,4091353691
1473,221339518,100359,221439877,0,0,0,9216,0,9095217801
1474,221348802,2946,221351748,10,0,1,3072,10,669846260
1475,221351207,249980,221601187,22,0,0,26112,22,9885108949
1476,221367544,1683,221369227,16,0,1,512,16,5512917121
1477,221376742,78681,221455423,3,0,0,8704,3,4487127476
1478,221390843,132189,221523032,2,0,0,10752,2,3341423466
1479,221412873,264335,221677208,18,0,0,20480,18,10508229231
1480,221441938,125647,221567585,28,0,0,54784,28,1547330005
1481,221462044,16488,221478532,0,0,1,2048,0,1158034005
1482,221478852,125002,221603854,16,0,0,8704,16,7245595460
1483,221489120,127991,221617111,28,0,0,512,28,3768257750
1484,221489203,1994,221491197,4,0,1,2048,4,10588105281
1485,221491867,222312,221714179,11,0,0,97280,11,3775738450
1486,221496263,251481,221747744,11,0,0,31744,11,9991313433
1487,221501873,2870,221504743,18,0,1,8704,18,2207191110
1488,221535182,199333,221734515,29,0,0,15360,29,7901119125
1489,221542544,263523,221806067,1,0,0,14336,1,9132588329
1490,221567737,159482,221727219,17,0,0,31744,17,4521250915
1491,221577700,106704,221684404,18,0,1,177664,18,6771688715
1492,221595876,133230,221729106,16,0,0,6144,16,3196367038
1493,221688269,160441,221848710,3,0,0,7680,3,6951974537
1494,221713401,274040,221987441,25,0,0,16896,25,3220119610
1495,221724921,44810,221769731,15,0,1,65536,15,970333305
1496,221728880,394860,222123740,29,0,0,14848,29,6692167223
1497,221751776,284739,222036515,18,0,0,25600,18,3262944993
1498,221753134,307825,222060959,29,0,0,30208,29,2532419590
1499,221763189,129680,221892869,11,0,0,10752,11,1832862779
1500,221765301,147806,221913107,25,0,0,26112,25,8802123774
1501,221767658,7230,221774888,11,0,1,7680,11,3484401786
1502,221770590,347940,222118530,11,0,0,111104,11,10058187529
1503,221821712,5326,221827038,4,0,1,5632,4,693053282
1504,221827881,72587,221900468,5,0,0,1536,5,8394233584
1505,221901271,237525,222138796,22,0,0,19968,22,2832661071
1506,221905224,179439,222084663,2,0,0,54272,2,9315225437
1507,221924386,194799,222119185,18,0,0,2048,18,9401397432
1508,221945826,2946,221948772,25,0,1,3072,25,6016787274
1509,221986019,4542,221990561,28,0,1,9216,28,7058481303
1510,221992454,200994,222193448,10,0,0,20992,10,4999405218
1511,222003353,234564,222237917,18,0,0,13824,18,3432485460
1512,222004814,224181,222228995,3,0,0,46592,3,1984229297
1513,222006855,180182,222187037,25,0,0,17408,25,5398235199
1514,222036055,165208,222201263,22,0,0,25600,22,2357403989
1515,222039807,91864,222131671,28,0,0,21504,28,10457530050
1516,222041781,211011,222252792,2,0,0,18944,2,10025657775
1517,222056909,176781,222233690,28,0,0,15360,28,6516295034
1518,222065106,78563,222143669,8,0,0,4608,8,963733488
1519,222079849,195941,222275790,25,0,0,2560,25,2258400175
1520,222087042,308126,222395168,12,0,0,45056,12,5799385756
1521,222100292,189371,222289663,4,0,0,24064,4,1993299392
1522,222102574,79144,222181718,27,0,0,6144,27,4313682721
1523,222107300,195846,222303146,8,0,0,8704,8,2500830804
1524,222143424,324245,222467669,24,0,0,19968,24,8828921311
1525,222149588,296471,222446059,2,0,0,15872,2,6923638467
1526,222161085,484397,222645482,4,0,0,25600,4,902496446
1527,222166119,245140,222411259,17,0,0,52736,17,1369680492
1528,222169712,70902,222240614,16,0,0,5632,16,9078209020
1529,222178466,202959,222381425,21,0,0,4096,21,7791822146
1530,222212578,65900,222278478,13,0,0,7168,13,10719046790
1531,222290793,57440,222348233,29,0,0,4608,29,6853060199
1532,222291357,202940,222494297,13,0,0,18944,13,6391879269
1533,222298899,12308,222311207,10,0,1,20480,10,818319073
1534,222310708,383380,222694088,5,0,0,32768,5,788832464
1535,222315041,258421,222573462,4,0,0,8192,4,8234403968
1536,222331619,184845,222516464,2,0,0,72704,2,2749581291
1537,222332797,445843,222778640,4,0,0,512,4,4604735179
1538,222337099,292228,222629327,21,0,0,60416,21,3194775182
1539,222348259,2946,222351205,25,0,1,3072,25,8156136184
1540,222358278,537356,222895634,17,0,0,146432,17,8068723674
1541,222379052,191883,222570935,25,0,0,42496,25,2329334839
1542,222392991,23681,222416672,9,0,1,13824,9,2814109567
1543,222442009,25675,222467684,21,0,1,30720,21,9006334921
1544,222485215,90914,222576129,1,0,0,8704,1,9000178978
1545,222516732,84011,222600743,27,0,0,9728,27,9858019109
1546,222519140,70976,222590116,25,0,0,8704,25,4174811558
1547,222562162,237053,222799215,22,0,0,512,22,1810628619
1548,222564476,253365,222817841,17,0,0,54784,17,1087249858
1549,222572554,17577,222590131,28,0,1,25088,28,8264666328
1550,222583850,374383,222958233,17,0,0,47104,17,505189498
1551,222595707,169535,222765242,29,0,0,33280,29,6365743158
1552,222606312,23038,222629350,0,0,1,8192,0,705397151
1553,222611794,41470,222653264,18,0,1,43008,18,8034678940
1554,222614982,305340,222920322,22,0,0,8192,22,3699942383
1555,222616187,419923,223036110,0,0,0,51200,0,4521564827
1556,222635835,200852,222836687,14,0,0,4608,14,5341092320
1557,222647489,196263,222843752,27,0,0,6656,27,2336921952
1558,222681477,252040,222933517,24,0,0,6656,24,4680110188
1559,222683383,10728,222694111,22,0,1,2560,22,3599993468
1560,222685278,232502,222917780,28,0,0,46592,28,6746683454
1561,222714154,265780,222979934,16,0,0,27648,16,8817646940
1562,222720013,117937,222837950,19,0,0,4096,19,3934404926
1563,222722706,2870,222725576,4,0,1,8704,4,9089124186
1564,222733970,16096,222750066,20,0,1,31232,20,9810580888
1565,222734764,106945,222841709,29,0,0,12288,29,6699679614
1566,222739989,305272,223045261,22,0,0,8192,22,2277353815
1567,222751226,14047,222765273,18,0,1,15360,18,2924021199
1568,222752099,211149,222963248,21,0,0,16384,21,8794574912
1569,222756465,164964,222921429,17,0,0,3584,17,2458197140
1570,222759831,58493,222818324,10,0,0,1536,10,1629248045
1571,222783540,236947,223020487,12,0,0,38912,12,5196111924
1572,222794832,2470,222797302,22,0,1,2560,22,122992888
1573,222796859,316676,223113535,24,0,0,49664,24,8275720970
1574,222798217,258084,223056301,6,0,0,4096,6,2568446563
1575,222819267,217014,223036281,2,0,0,512,2,2084664104
1576,222872667,406452,223279119,21,0,0,28160,21,2015763133
1577,222887878,193313,223081191,26,0,0,56320,26,2720587913
1578,222893562,225292,223118854,13,0,0,17408,13,5309329018
1579,222900095,182999,223083094,14,0,0,6144,14,2565098503
1580,222903377,14426,222917803,5,0,1,1536,5,1177572096
1581,222903772,84945,222988717,23,0,0,4096,23,9839063321
1582,222907963,214650,223122613,27,0,0,12288,27,4819655631
1583,222944265,23879,222968144,16,0,1,12800,16,5970030739
1584,223005359,189940,223195299,25,0,0,5120,25,6979692236
1585,223009018,114546,223123564,11,0,0,3072,11,3003265068
1586,223032244,203807,223236051,16,0,0,48128,16,5566848626
1587,223043932,311954,223355886,2,0,0,129536,2,2794816348
1588,223064187,146758,223210945,21,0,0,15360,21,4038492987
1589,223065280,293741,223359021,17,0,0,10240,17,8374369866
1590,223081246,221553,223302799,10,0,0,3072,10,9402442107
1591,223081860,219988,223301848,27,0,0,52224,27,8140425233
1592,223082060,482164,223564224,21,0,0,53760,21,1700756606
1593,223091428,94600,223186028,15,0,1,154112,15,820344699
1594,223133769,456152,223589921,5,0,0,12800,5,9254741155
1595,223144291,319922,223464213,25,0,0,7168,25,487514120
1596,223160714,201754,223362468,8,0,0,11264,8,6053662826
1597,223160866,249794,223410660,19,0,0,10752,19,7235314052
1598,223164433,421565,223585998,16,0,0,30208,16,4546821680
1599,223168893,204163,223373056,16,0,0,20480,16,4360257723
1600,223172080,323968,223496048,23,0,0,38400,23,9606280047
1601,223195380,427854,223623234,22,0,0,19456,22,1299093373
1602,223195799,288534,223484333,8,0,0,27648,8,3494091361
1603,223200366,162585,223362951,21,0,0,1536,21,141168416
1604,223203503,184461,223387964,16,0,0,9728,16,8156686299
1605,223208641,302127,223510768,3,0,0,9216,3,853961754
1606,223210613,425713,223636326,7,0,0,27136,7,9383576725
1607,223220331,15743,223236074,27,0,1,17920,27,270806439
1608,223222205,371099,223593304,27,0,0,5632,27,665102129
1609,223265308,100942,223366250,19,0,0,10752,19,3304217132
1610,223295449,155372,223450821,6,0,0,33792,6,3793229305
1611,223301793,105276,223407069,4,0,0,6144,4,4229103950
1612,223352034,21045,223373079,10,0,1,13312,10,752954972
1613,223368473,8473,223376946,25,0,1,4096,25,4464210412
1614,223378665,117554,223496219,5,0,0,512,5,9758811391
1615,223393890,230110,223624000,11,0,0,512,11,526724036
1616,223473528,227376,223700904,26,0,0,1024,26,7186413463
1617,223501290,139107,223640397,26,0,0,13312,26,9544935183
1618,223507072,160380,223667452,20,0,0,36352,20,7477958052
1619,223509645,8821,223518466,5,0,1,8192,5,7895514599
1620,223530040,273586,223803626,16,0,0,46080,16,3139159231
1621,223540061,2946,223543007,4,0,1,3072,4,3191851528
1622,223544999,566,223545565,9,0,1,512,9,5707332766
1623,223554647,234924,223789571,25,0,0,48640,25,1589358329
1624,223580867,143243,223724110,26,0,0,24576,26,3742485361
1625,223584413,514831,224099244,22,0,0,39936,22,9714461093
1626,223590373,273280,223863653,11,0,0,21504,11,892289708
1627,223603136,398758,224001894,14,0,0,54272,14,6449810644
1628,223607260,15989,223623249,29,0,1,23040,29,7912462243
1629,223614011,9253,223623264,0,0,1,512,0,7397220748
1630,223634546,628372,224262918,2,0,0,51712,2,6327807103
1631,223645584,159157,223804741,17,0,0,3584,17,3774423538
1632,223665865,348064,224013929,1,0,0,39424,1,6354835308
1633,223699873,59132,223759005,1,0,0,5120,1,8858582078
1634,223736983,152314,223889297,2,0,0,16896,2,4130582206
1635,223751406,141137,223892543,5,0,0,10240,5,1001274649
1636,223758772,3171,223761943,21,0,1,3072,21,6550374737
1637,223761384,174143,223935527,9,0,0,44544,9,8413999007
1638,223769801,102455,223872256,1,0,0,28160,1,1774430002
1639,223781193,279224,224060417,17,0,0,36864,17,2788696010
1640,223791046,157831,223948877,15,0,0,1536,15,4881762858
1641,223822307,196793,224019100,9,0,0,16896,9,9172872180
1642,223861223,112812,223974035,19,0,0,31744,19,1968868061
1643,223875509,157641,224033150,24,0,0,15872,24,1855898009
1644,223887393,281063,224168456,18,0,0,70656,18,3474474852
1645,223912681,285537,224198218,17,0,0,52224,17,8739274865
1646,223928553,9912,223938465,8,0,1,3072,8,6353924178
1647,223964279,142189,224106468,22,0,0,8192,22,2212103797
1648,223968443,164299,224132742,19,0,0,2560,19,10363792003
1649,223982782,146917,224129699,14,0,0,20480,14,9051407102
1650,223991394,111297,224102691,12,0,0,11264,12,4863716137
1651,223998862,183421,224182283,22,0,0,31744,22,5822770930
1652,224020485,179799,224200284,3,0,0,6656,3,2990682024
1653,224027920,5245,224033165,28,0,1,2560,28,10311008419
1654,224084510,1994,224086504,9,0,1,2048,9,2932286455
1655,224123867,10198,224134065,16,0,1,4608,16,4287959223
1656,224133357,188516,224321873,24,0,0,41472,24,1940136639
1657,224148824,258975,224407799,28,0,0,120832,28,1768370672
1658,224159318,38915,224198233,20,0,1,16384,20,4540015044
1659,224161217,178358,224339575,16,0,0,9728,16,9132092644
1660,224165788,128806,224294594,6,0,0,7168,6,1642836536
1661,224175355,233395,224408750,25,0,0,3072,25,2274838739
1662,224183567,125655,224309222,16,0,0,14848,16,5757644912
1663,224203435,1518,224204953,29,0,1,1536,29,9779762886
1664,224231288,119100,224350388,3,0,0,7680,3,10020979557
1665,224279675,4679,224284354,19,0,1,12288,19,6050561446
1666,224281167,81071,224362238,8,0,0,5120,8,10111880771
1667,224301803,20085,224321888,25,0,1,18432,25,9081650744
1668,224326573,94244,224420817,4,0,0,24576,4,9901242623
1669,224327845,135388,224463233,19,0,0,44544,19,518606227
1670,224338806,4665,224343471,13,0,1,10752,13,10696763591
1671,224345294,124662,224469956,21,0,0,22016,21,3439860449
1672,224360282,1979,224362261,5,0,1,1536,5,3030976416
1673,224361271,177158,224538429,23,0,0,56320,23,6594946770
1674,224392678,190150,224582828,25,0,0,9216,25,4985682181
1675,224523376,16580,224539956,29,0,1,1536,29,6263725061
1676,224529382,14374,224543756,20,0,1,5120,20,1152224223
1677,224555786,56700,224612486,17,0,0,4608,17,9620302615
1678,224560971,135614,224696585,4,0,0,52224,4,5269437068
1679,224561466,106716,224668182,25,0,0,4608,25,10009403116
1680,224570325,150962,224721287,7,0,0,6144,7,6510028428
1681,224588683,121273,224709956,22,0,0,15872,22,9103734182
1682,224596914,3645,224600559,25,0,1,10240,25,7301128584
1683,224612091,157813,224769904,12,0,0,27648,12,7163973838
1684,224671259,79455,224750714,16,0,0,10240,16,7060604160
1685,224673847,73732,224747579,27,0,0,11776,27,7319096438
1686,224695270,298407,224993677,15,0,1,481792,15,3604665332
1687,224742226,311550,225053776,24,0,0,29184,24,170637326
1688,224758202,236141,224994343,9,0,1,1024,9,1038162398
1689,224765167,231442,224996609,21,0,1,3584,21,392542228
1690,224792616,209587,225002203,25,0,1,18432,25,6343219626
1691,224797075,481498,225278573,21,0,0,26112,21,5108504073
1692,224797760,444403,225242163,4,0,0,33280,4,7414423808
1693,224811635,226755,225038390,6,0,1,115712,6,10104725930
1694,224821546,298294,225119840,10,0,0,7168,10,2901964558
1695,224852414,186962,225039376,0,0,1,1536,0,9045201596
1696,224855822,424661,225280483,15,0,0,5632,15,684994094
1697,224864222,232076,225096298,25,0,0,8192,25,2226734769
1698,224869876,466636,225336512,17,0,0,34304,17,9492745297
1699,224883619,156743,225040362,10,0,1,1536,10,6558607356
1700,224904792,365778,225270570,3,0,0,93184,3,4765932102
1701,224909239,446288,225355527,21,0,0,16384,21,9245516165
1702,224923189,119439,225042628,20,0,1,3584,20,2957867152
1703,224931189,260970,225192159,22,0,0,7168,22,3553132189
1704,224945839,107960,225053799,2,0,1,6656,2,1349826755
1705,224962656,91158,225053814,9,0,1,8704,9,6199815658
1706,224969047,533205,225502252,0,0,0,30720,0,8441906546
1707,224982345,226706,225209051,19,0,0,4608,19,1896265342
1708,225041521,408746,225450267,28,0,0,4608,28,4676742374
1709,225046772,507596,225554368,11,0,0,40448,11,7198820974
1710,225050020,228724,225278744,29,0,0,512,29,6192644742
1711,225060155,2946,225063101,17,0,1,3072,17,1432349244
1712,225071520,244731,225316251,28,0,0,35840,28,4007228844
1713,225103417,318043,225421460,20,0,0,4096,20,2426200575
1714,225125735,406271,225532006,27,0,0,28672,27,1823100424
1715,225130841,154657,225285498,6,0,0,16384,6,6677424351
1716,225157134,263055,225420189,0,0,0,36352,0,3660456102
1717,225157539,422215,225579754,13,0,0,41984,13,3257112111
1718,225166617,11533,225178150,15,0,1,18944,15,1789396884
1719,225182604,282184,225464788,19,0,0,15872,19,9274839753
1720,225192802,528061,225720863,0,0,0,19968,0,4444224277
1721,225193144,95545,225288689,1,0,1,159232,1,10157565916
1722,225194448,311095,225505543,5,0,0,10752,5,8052911136
1723,225218249,118286,225336535,15,0,1,91648,15,8058652647
1724,225225498,442174,225667672,27,0,0,44544,27,140153038
1725,225246279,521387,225767666,19,0,0,4096,19,1755114342
1726,225263796,84389,225348185,22,0,0,3584,22,8879273726
1727,225287768,478635,225766403,3,0,0,43520,3,10332190767
1728,225326310,266992,225593302,19,0,0,15872,19,3782049937
1729,225336249,296122,225632371,23,0,0,19456,23,8883763287
1730,225342856,309966,225652822,11,0,0,67072,11,6167359155
1731,225343215,84475,225427690,15,0,1,137728,15,2276292206
1732,225353505,243516,225597021,13,0,0,11264,13,3173223387
1733,225362897,291188,225654085,20,0,0,4096,20,9744357942
1734,225375833,457554,225833387,7,0,0,62464,7,5323038178
1735,225391732,389053,225780785,2,0,0,43008,2,6220650718
1736,225411038,18918,225429956,13,0,1,3584,13,5782205815
1737,225428666,371924,225800590,4,0,0,2560,4,1201370997
1738,225462734,322925,225785659,5,0,0,2048,5,7851458186
1739,225530192,266150,225796342,27,0,0,13824,27,7010064758
1740,225530326,327242,225857568,27,0,0,3584,27,8231864564
1741,225564881,298548,225863429,3,0,0,8704,3,1969299501
1742,225583121,328668,225911789,26,0,0,36352,26,6771455984
1743,225591272,245094,225836366,26,0,0,9728,26,5521321568
1744,225597641,6488,225604129,0,0,1,15872,0,5623568562
1745,225653229,211707,225864936,6,0,0,2560,6,3483198200
1746,225653520,234460,225887980,28,0,0,26112,28,7560918590
1747,225667551,117461,225785012,29,0,0,13824,29,7149498794
1748,225730152,3898,225734050,0,0,1,4096,0,95813066
1749,225778311,285105,226063416,9,0,0,107008,9,6153898453
1750,225781841,445465,226227306,4,0,0,51712,4,5728167435
1751,225842280,235929,226078209,18,0,0,512,18,3080885595
1752,225843253,251306,226094559,23,0,0,8704,23,6088888028
1753,225854588,447508,226302096,29,0,0,8704,29,7024889612
1754,225858571,169264,226027835,0,0,0,12800,0,4202158908
1755,225864134,4216,225868350,22,0,1,3584,22,1670503503
1756,225879494,279394,226158888,13,0,0,45056,13,6870233563
1757,225919294,150221,226069515,17,0,0,19968,17,1425877361
1758,225924356,252834,226177190,7,0,0,34816,7,372358722
1759,225931889,68036,225999925,15,0,0,3584,15,8635048670
1760,225946469,180236,226126705,16,0,0,24064,16,2573197677
1761,225956929,2870,225959799,10,0,1,8704,10,3961233694
1762,225959069,132823,226091892,7,0,0,6656,7,7013355705
1763,225961362,5196,225966558,9,0,1,13312,9,2378984731
1764,225965237,112801,226078038,17,0,0,7680,17,9833937403
1765,225999508,3537,226003045,21,0,1,9216,21,7024205889
1766,226014713,145519,226160232,22,0,0,4096,22,8382503432
1767,226017451,413735,226431186,21,0,0,11776,21,10112791563
1768,226020544,209897,226230441,13,0,0,10240,13,9153813628
1769,226022074,155458,226177532,22,0,0,1024,22,9196630941
1770,226074138,131522,226205660,24,0,0,6144,24,8285780541
1771,226079647,343997,226423644,17,0,0,17408,17,8680216606
1772,226080628,324422,226405050,18,0,0,108544,18,6318962257
1773,226097362,3422,226100784,20,0,1,3584,20,1629058564
1774,226098796,3294,226102090,29,0,1,2048,29,6417761645
1775,226122368,171162,226293530,8,0,0,66560,8,517396230
1776,226143427,307277,226450704,9,0,0,10240,9,6312001537
1777,226154333,5922,226160255,20,0,1,1024,20,5091704778
1778,226159486,17719,226177205,29,0,1,8192,29,2904619072
1779,226163464,14083,226177547,2,0,1,7168,2,6212158505
1780,226176090,242235,226418325,19,0,0,43520,19,2458707797
1781,226182406,245153,226427559,0,0,0,12800,0,7120317128
1782,226231854,566,226232420,29,0,1,512,29,3505158087
1783,226281446,154571,226436017,26,0,0,11264,26,7752785823
1784,226284611,11806,226296417,10,0,1,8704,10,6079089100
1785,226297722,67592,226365314,0,0,0,7680,0,3400610255
1786,226371445,203418,226574863,9,0,0,2048,9,8409031077
1787,226371711,64321,226436032,15,0,1,103424,15,4131192425
1788,226391794,128841,226520635,1,0,0,512,1,10731455490
1789,226394103,143452,226537555,28,0,0,5632,28,5507045262
1790,226402133,152216,226554349,26,0,0,9216,26,3458453528
1791,226436234,216599,226652833,21,0,0,32768,21,8758214368
1792,226439703,160576,226600279,24,0,0,50176,24,4292983133
1793,226446189,59132,226505321,5,0,0,5120,5,3990989386
1794,226452861,217612,226670473,20,0,0,42496,20,7940373139
1795,226489750,228314,226718064,12,0,0,3072,12,9408714332
1796,226502992,13253,226516245,17,0,1,25600,17,7167204500
1797,226506538,166766,226673304,23,0,0,9216,23,6482104724
1798,226527266,73496,226600762,23,0,0,1536,23,3714435682
1799,226531056,169639,226700695,20,0,0,12288,20,3726817789
1800,226573341,62392,226635733,4,0,0,4096,4,1620235654
1801,226577445,96030,226673475,28,0,0,512,28,7611961044
1802,226583222,133883,226717105,2,0,0,47104,2,7664085801
1803,226628436,237085,226865521,17,0,0,25600,17,5570066172
1804,226665768,120913,226786681,15,0,0,60416,15,5317171928
1805,226676864,91394,226768258,24,0,0,12800,24,4105966180
1806,226692577,94602,226787179,11,0,0,1536,11,597675375
1807,226697173,99669,226796842,7,0,0,2048,7,3567901328
1808,226700874,226997,226927871,15,0,0,24064,15,8742097958
1809,226703215,111441,226814656,5,0,0,7680,5,8846255724
1810,226724374,437370,227161744,2,0,0,67584,2,2991995330
1811,226754412,32284,226786696,21,0,1,23552,21,912499995
1812,226756781,199531,226956312,11,0,0,40448,11,6667253927
1813,226762852,75608,226838460,2,0,0,13824,2,1210219149
1814,226769742,314974,227084716,25,0,0,51200,25,4267832967
1815,226771860,225048,226996908,16,0,0,17408,16,2298377120
1816,226788690,175552,226964242,29,0,0,14848,29,8147841481
1817,226793095,142782,226935877,20,0,0,12288,20,5743428424
1818,226800940,266653,227067593,16,0,0,19456,16,1360625588
1819,226838491,167301,227005792,7,0,0,24064,7,1266992614
1820,226844179,380701,227224880,15,0,0,28672,15,2110769681
1821,226846269,94083,226940352,18,0,1,153088,18,669251221
1822,226849137,320297,227169434,23,0,0,4096,23,2911541780
1823,226850876,409014,227259890,1,0,0,20480,1,3164654362
1824,226862216,178725,227040941,1,0,0,20992,1,1090166819
1825,226868755,269691,227138446,8,0,0,70144,8,2619204558
1826,226877516,515648,227393164,2,0,0,53760,2,4460254073
1827,226889261,54317,226943578,22,0,1,5120,22,4960074254
1828,226927022,214107,227141129,10,0,0,8704,10,2250882819
1829,226941375,262803,227204178,6,0,0,512,6,4864757941
1830,226992572,25727,227018299,23,0,1,34816,23,8890455360
1831,227001557,432026,227433583,26,0,0,132608,26,1146059077
1832,227020935,186783,227207718,27,0,0,2048,27,3379497373
1833,227021849,354920,227376769,12,0,0,76800,12,4255877938
1834,227023246,202585,227225831,26,0,0,3072,26,2643625204
1835,227025538,15426,227040964,15,0,1,29184,15,1362267948
1836,227033740,134423,227168163,15,0,0,20992,15,7663713352
1837,227038871,409280,227448151,1,0,0,8704,1,3345405203
1838,227087009,191863,227278872,2,0,0,2560,2,8747820184
1839,227108601,1518,227110119,9,0,1,1536,9,2566483072
1840,227117377,130806,227248183,12,0,0,3584,12,4528350679
1841,227120056,350367,227470423,17,0,0,2560,17,102033340
1842,227132073,202210,227334283,0,0,0,6656,0,9907240331
1843,227137814,307670,227445484,29,0,0,22528,29,8047392242
1844,227164055,289103,227453158,19,0,0,16384,19,2551498143
1845,227167725,6551,227174276,20,0,1,5120,20,9968354294
1846,227182246,274827,227457073,17,0,0,12800,17,8110511536
1847,227203076,79344,227282420,1,0,0,2560,1,3034189861
1848,227212090,226515,227438605,26,0,0,12288,26,4945312013
1849,227242139,192707,227434846,5,0,0,4096,5,8831225450
1850,227243513,306272,227549785,16,0,0,26112,16,404670897
1851,227250396,393672,227644068,26,0,0,57344,26,2889955908
1852,227250487,519839,227770326,18,0,0,16896,18,10398296726
1853,227311121,230693,227541814,3,0,0,111104,3,3236461482
1854,227318398,163670,227482068,23,0,0,16896,23,6844707454
1855,227349875,229994,227579869,26,0,0,12800,26,3488232382
1856,227422671,583338,228006009,2,0,0,49152,2,3815445929
1857,227430418,182847,227613265,11,0,0,26624,11,5433508509
1858,227449937,255158,227705095,17,0,0,14336,17,9864363723
1859,227487476,178291,227665767,18,0,0,71168,18,3351009778
1860,227547559,388813,227936372,12,0,0,114688,12,5965981481
1861,227550501,436244,227986745,8,0,0,36864,8,10181170649
1862,227552093,423381,227975474,3,0,0,56320,3,616916731
1863,227554647,6754,227561401,22,0,1,7168,22,449895077
1864,227554744,346669,227901413,2,0,0,133632,2,852967909
1865,227557502,251711,227809213,5,0,0,2048,5,10120130240
1866,227585583,200632,227786215,12,0,0,18432,12,2823035055
1867,227609168,11795,227620963,0,0,1,8192,0,8056147714
1868,227618084,132100,227750184,4,0,0,5120,4,3430734209
1869,227643997,175963,227819960,26,0,0,16896,26,9296239679
1870,227644364,313927,227958291,24,0,0,71680,24,7695082585
1871,227645819,22001,227667820,25,0,1,2048,25,3815327128
1872,227650636,36180,227686816,20,0,1,32768,20,6941942608
1873,227675522,112424,227787946,1,0,0,5632,1,8169814390
1874,227680628,325567,228006195,14,0,0,512,14,9815615902
1875,227723565,3422,227726987,11,0,1,3584,11,1834167807
1876,227752995,107687,227860682,8,0,0,13312,8,8174481488
1877,227774527,1994,227776521,10,0,1,2048,10,3403830004
1878,227776404,309691,228086095,22,0,0,99840,22,3299137842
1879,227788590,5326,227793916,5,0,1,5632,5,3515245363
1880,227793242,197746,227990988,3,0,0,13824,3,7074814018
1881,227849178,256135,228105313,27,0,0,29696,27,2716627721
1882,227860260,336801,228197061,15,0,0,61952,15,9119968859
1883,227865103,125900,227991003,20,0,1,4608,20,426408982
1884,227874387,260896,228135283,20,0,0,9216,20,5880869290
1885,227878008,113010,227991018,17,0,1,5120,17,2288841868
1886,227890698,115326,228006024,18,0,1,8704,18,3358283393
1887,227894831,333098,228227929,29,0,0,39936,29,2103415693
1888,227916336,179914,228096250,22,0,0,33280,22,6866030570
1889,227919714,342441,228262155,1,0,0,47616,1,1091266089
1890,227931641,74577,228006218,21,0,1,10240,21,1431984391
1891,227960145,336885,228297030,29,0,0,16896,29,9826784789
1892,227986571,252848,228239419,29,0,0,9728,29,10732812723
1893,228012039,142809,228154848,17,0,0,35328,17,1762081555
1894,228019399,156794,228176193,17,0,0,9216,17,6899829859
1895,228025308,350605,228375913,28,0,0,23040,28,4078431423
1896,228043112,269150,228312262,12,0,0,34304,12,1254537081
1897,228077570,224225,228301795,3,0,0,12800,3,5335000261
1898,228083281,121428,228204709,12,0,0,17920,12,2866824139
1899,228093917,117634,228211551,10,0,0,8192,10,10343555705
1900,228112262,336449,228448711,22,0,0,95744,22,9571586832
1901,228115701,342244,228457945,12,0,0,27136,12,3629191952
1902,228116645,301069,228417714,26,0,0,56832,26,3636978960
1903,228174504,22572,228197076,20,0,1,3584,20,7107320575
1904,228183894,326359,228510253,28,0,0,21504,28,9381781797
1905,228193520,5108,228198628,22,0,1,1536,22,1792926503
1906,228196188,350317,228546505,29,0,0,77824,29,6116335488
1907,228206749,191624,228398373,3,0,0,34816,3,7127355514
1908,228216351,250969,228467320,27,0,0,30720,27,10681987031
1909,228216444,354525,228570969,4,0,0,9216,4,10085390451
1910,228219443,180940,228400383,6,0,0,5632,6,4912502387
1911,228220972,265098,228486070,0,0,0,34304,0,6525057642
1912,228228032,247571,228475603,29,0,0,27136,29,1047505211
1913,228228201,2946,228231147,13,0,1,3072,13,9657312852
1914,228276122,173540,228449662,13,0,0,3072,13,2432916904
1915,228329065,445379,228774444,27,0,0,17920,27,7162178973
1916,228345933,140520,228486453,23,0,0,1024,23,4167810311
1917,228353653,576188,228929841,27,0,0,25600,27,3263261580
1918,228378274,206404,228584678,18,0,1,338432,18,695586122
1919,228393574,342752,228736326,22,0,0,29184,22,2195193526
1920,228415377,241877,228657254,8,0,0,19456,8,5707995886
1921,228428615,526036,228954651,15,0,0,35328,15,1446222428
1922,228432995,556834,228989829,0,0,0,28672,0,2407664564
1923,228433863,389986,228823849,16,0,0,36864,16,1412777430
1924,228467280,158689,228625969,12,0,0,8704,12,3887377043
1925,228469287,294354,228763641,24,0,0,89600,24,5362905408
1926,228485895,351547,228837442,21,0,0,22016,21,330871390
1927,228503282,217330,228720612,21,0,0,2560,21,4349427620
1928,228516775,247201,228763976,25,0,0,1024,25,1809031731
1929,228540701,348564,228889265,7,0,0,23040,7,3610327401
1930,228542626,47198,228589824,0,0,1,8192,0,8192217995
1931,228560426,236987,228797413,1,0,0,512,1,5726385856
1932,228561803,330441,228892244,20,0,0,9728,20,6871814509
1933,228604085,334745,228938830,21,0,0,9728,21,2554954603
1934,228616619,108781,228725400,26,0,0,8192,26,3573560617
1935,228652038,384901,229036939,24,0,0,1024,24,5435836054
1936,228677890,358698,229036588,14,0,0,29696,14,7744385778
1937,228690565,202006,228892571,20,0,0,1024,20,7099493761
1938,228694386,211744,228906130,1,0,0,11264,1,7623634897
1939,228696075,331450,229027525,27,0,0,29696,27,8703956089
1940,228742166,22360,228764526,25,0,1,512,25,5152695616
1941,228761005,286300,229047305,14,0,0,5120,14,2244348959
1942,228768655,249807,229018462,26,0,0,41984,26,6457844978
1943,228776986,183954,228960940,6,0,0,512,6,5003058160
1944,228783414,116660,228900074,6,0,0,24576,6,4269324572
1945,228785071,273793,229058864,25,0,0,37888,25,10172857810
1946,228794147,453512,229247659,4,0,0,65024,4,811287846
1947,228800434,5802,228806236,20,0,1,6144,20,2968066899
1948,228824894,241273,229066167,22,0,0,19456,22,5147320673
1949,228832017,279949,229111966,3,0,0,8192,3,601897253
1950,228864116,139022,229003138,14,0,0,14848,14,3142096839
1951,228905073,177784,229082857,23,0,0,9216,23,4829636654
1952,228910477,582570,229493047,3,0,0,36352,3,4756134758
1953,228914237,195218,229109455,20,0,0,22016,20,2370853469
1954,228944332,357901,229302233,9,0,0,96256,9,7574277992
1955,228959110,304889,229263999,10,0,0,36352,10,6110396570
1956,228988384,153054,229141438,28,0,0,3584,28,5366077087
1957,228992123,421487,229413610,21,0,0,64000,21,7817782879
1958,228997981,95472,229093453,15,0,0,8704,15,6178090546
1959,229025472,456050,229481522,19,0,0,51712,19,3672814219
1960,229031281,333921,229365202,25,0,0,14848,25,4462122792
1961,229031874,125662,229157536,10,0,0,1024,10,10498006237
1962,229042465,273847,229316312,16,0,0,46080,16,646364337
1963,229063213,577965,229641178,17,0,0,41472,17,7505440817
1964,229063750,106068,229169818,23,0,0,7168,23,2929022157
1965,229089776,135705,229225481,23,0,0,23040,23,5503406620
1966,229119814,338154,229457968,16,0,0,16896,16,8103440308
1967,229144370,240479,229384849,25,0,0,30208,25,8656144199
1968,229163211,190039,229353250,19,0,0,32256,19,1396624842
1969,229172215,156978,229329193,10,0,0,18944,10,863079533
1970,229177286,4937,229182223,15,0,1,12800,15,2654862431
1971,229182596,1994,229184590,22,0,1,2048,22,2782031874
1972,229187524,150684,229338208,11,0,0,27136,11,10041207044
1973,229190967,7230,229198197,25,0,1,7680,25,8773744174
1974,229197418,358538,229555956,19,0,0,9216,19,288701837
1975,229257203,208548,229465751,6,0,0,8704,6,2689342634
1976,229257453,295664,229553117,19,0,0,23552,19,1465271096
1977,229261205,284713,229545918,11,0,0,38912,11,3444642639
1978,229280490,170857,229451347,7,0,0,20480,7,2550133087
1979,229285866,212188,229498054,19,0,0,16384,19,8896139220
1980,229289169,326516,229615685,20,0,0,23552,20,2793412839
1981,229366316,167731,229534047,14,0,0,10752,14,8797394221
1982,229378767,6657,229385424,20,0,1,512,20,8928478031
1983,229381452,10316,229391768,21,0,1,7168,21,4186669571
1984,229404464,325012,229729476,22,0,0,45568,22,8929487764
1985,229407152,44210,229451362,12,0,1,53760,12,9658958503
1986,229408798,296581,229705379,29,0,0,14336,29,6436460288
1987,229416215,174341,229590556,18,0,0,41472,18,1313943451
1988,229418333,412437,229830770,13,0,0,35840,13,1925233497
1989,229423734,27643,229451377,16,0,1,512,16,3768654972
1990,229427544,221605,229649149,26,0,0,26112,26,4813962961
1991,229448244,9739,229457983,0,0,1,4608,0,9358973916
1992,229480861,255182,229736043,25,0,0,21504,25,7674863041
1993,229513161,1518,229514679,9,0,1,1536,9,3727057694
1994,229521191,215179,229736370,20,0,0,1024,20,2037289941
1995,229535417,277718,229813135,27,0,0,21504,27,2523799203
1996,229543201,481969,230025170,8,0,0,83456,8,8070943473
1997,229543325,172244,229715569,19,0,0,32768,19,9265055183
1998,229563771,178542,229742313,7,0,0,19456,7,6246616122
1999,229585592,88334,229673926,7,0,0,512,7,8451285281
2000,229625190,1994,229627184,21,0,1,2048,21,7241099522
2001,229648346,302958,229951304,28,0,0,52224,28,5092060950
2002,229656889,174052,229830941,6,0,0,512,6,9160496575
2003,229663069,336658,229999727,27,0,0,75776,27,5755780600
2004,229664256,207233,229871489,19,0,0,54272,19,103560238
2005,229677694,197242,229874936,12,0,0,11264,12,2187985635
2006,229707634,209296,229916930,3,0,0,23040,3,3990857707
2007,229739253,6439,229745692,10,0,1,9728,10,9022820111
2008,229749119,85628,229834747,20,0,0,7168,20,3280037360
2009,229757955,6754,229764709,25,0,1,7168,25,717190144
2010,229769862,192553,229962415,6,0,0,30720,6,3202953638
2011,229795128,321220,230116348,29,0,0,16384,29,10630325373
2012,229803808,226852,230030660,2,0,0,12288,2,8552605205
2013,229848318,2946,229851264,28,0,1,3072,28,3889526670
2014,229871106,155795,230026901,10,0,0,5632,10,2297567498
2015,229879982,162327,230042309,6,0,0,8192,6,962254750
2016,229896225,246407,230142632,24,0,0,57856,24,4342194991
2017,229899575,165063,230064638,12,0,0,39936,12,9974971485
2018,229936120,245191,230181311,16,0,0,52224,16,1930646758
2019,229941235,168523,230109758,17,0,0,36864,17,5158376657
2020,229963431,300422,230263853,16,0,0,90112,16,578078802
2021,229966489,253645,230220134,20,0,0,8704,20,3491136259
2022,229976085,172656,230148741,6,0,0,6144,6,2777872790
2023,230005471,347284,230352755,14,0,0,8192,14,2092858794
2024,230012846,84351,230097197,14,0,0,4608,14,8339181737
2025,230013470,97863,230111333,9,0,0,5120,9,4068308964
2026,230044156,392584,230436740,16,0,0,44544,16,5770340092
2027,230051500,13153,230064653,2,0,1,1024,2,1472690774
2028,230054798,261733,230316531,12,0,0,29184,12,2279290802
2029,230055592,10613,230066205,28,0,1,1536,28,8774663576
2030,230061722,361415,230423137,12,0,0,12288,12,300436895
2031,230086897,5326,230092223,2,0,1,5632,2,5517298291
2032,230097111,299780,230396891,21,0,0,102912,21,6786487236
2033,230109725,219145,230328870,16,0,0,40448,16,5625533320
2034,230145497,6754,230152251,16,0,1,7168,16,9911686039
2035,230155738,263640,230419378,1,0,0,73728,1,7061814514
2036,230159148,120008,230279156,6,0,0,4608,6,2217992286
2037,230160373,316882,230477255,23,0,0,61952,23,4969841993
2038,230171793,99348,230271141,13,0,0,5120,13,9416961580
2039,230187525,265362,230452887,16,0,0,5632,16,10216777010
2040,230197705,420508,230618213,15,0,0,110080,15,5485266096
2041,230214734,274152,230488886,19,0,0,11264,19,785693257
2042,230254995,390550,230645545,5,0,0,30720,5,8971076346
2043,230288688,5802,230294490,0,0,1,6144,0,9154416947
2044,230326124,251055,230577179,6,0,0,55808,6,10154517809
2045,230328865,2495,230331360,11,0,1,2560,11,10136278073
2046,230351429,381615,230733044,5,0,0,73216,5,812455181
2047,230378507,246897,230625404,2,0,0,23552,2,8092806284
2048,230401385,37809,230439194,15,0,1,2560,15,2501860029
2049,230410988,384831,230795819,2,0,0,55296,2,6710403626
2050,230413936,283194,230697130,3,0,0,41472,3,8679793679
2051,230427064,114865,230541929,18,0,0,5632,18,1032208804
2052,230430562,461698,230892260,16,0,0,62976,16,348912657
2053,230437489,333688,230771177,11,0,0,25088,11,8005996684
2054,230440759,195411,230636170,11,0,0,12800,11,7442251491
2055,230487586,254706,230742292,10,0,0,2048,10,1974972449
2056,230488917,142760,230631677,7,0,0,512,7,8415338679
2057,230510275,611229,231121504,10,0,0,32256,10,6172149502
2058,230517895,402513,230920408,19,0,0,39936,19,3570149892
2059,230520792,352265,230873057,13,0,0,10240,13,622509881
2060,230544289,350334,230894623,17,0,0,7680,17,10026283127
2061,230612320,416455,231028775,1,0,0,61440,1,10402597955
2062,230635770,573773,231209543,25,0,0,117248,25,9259218755
2063,230644297,5639,230649936,13,0,1,4608,13,1479490492
2064,230655841,333730,230989571,5,0,0,53760,5,2211808053
2065,230694637,13759,230708396,2,0,1,18432,2,3176356841
2066,230705487,247774,230953261,13,0,0,45568,13,755488642
2067,230709083,99135,230808218,3,0,0,4096,3,10332925874
2068,230716673,28412,230745085,20,0,1,19968,20,5844445717
2069,230738911,357298,231096209,9,0,0,54784,9,994072046
2070,230746789,211338,230958127,22,0,0,2560,22,1275500692
2071,230753144,7230,230760374,22,0,1,7680,22,10634670708
2072,230758636,286578,231045214,23,0,0,50176,23,78798068
2073,230762099,308325,231070424,9,0,0,19456,9,1323397268
2074,230762106,195226,230957332,25,0,0,13312,25,9831516117
2075,230798303,11791,230810094,28,0,1,19456,28,5378968731
2076,230830847,323725,231154572,27,0,0,20992,27,5292013983
2077,230830926,162560,230993486,15,0,0,12800,15,8154550668
2078,230834931,228529,231063460,1,0,0,3072,1,9696619046
2079,230857815,369268,231227083,20,0,0,5632,20,805559356
2080,230858791,288475,231147266,8,0,0,17920,8,8170157043
2081,230887231,252211,231139442,28,0,0,23040,28,5942978926
2082,230912259,188957,231101216,11,0,0,16384,11,5783134138
2083,230947303,12334,230959637,20,0,1,1536,20,10677959148
2084,230967642,3645,230971287,20,0,1,10240,20,9989923390
2085,230985335,234995,231220330,6,0,0,35328,6,5355655504
2086,230993581,272276,231265857,7,0,0,22016,7,6740446412
2087,231008727,216625,231225352,13,0,0,11776,13,3604427268
2088,231019875,52967,231072842,20,0,0,512,20,6995554150
2089,231027960,77030,231104990,21,0,0,10240,21,601566729
2090,231043358,6527,231049885,13,0,1,12288,13,2744995888
2091,231112984,10030,231123014,10,0,1,1536,10,1457774392
2092,231137507,84242,231221749,9,0,0,4608,9,9674161650
2093,231161359,1042,231162401,15,0,1,1024,15,9817741300
2094,231177694,163713,231341407,15,0,0,17408,15,3312108507
2095,231203930,112178,231316108,11,0,0,22528,11,1034742062
2096,231208420,60421,231268841,18,0,1,67584,18,9002426725
2097,231209500,174565,231384065,2,0,0,19456,2,497584894
2098,231215741,54688,231270429,3,0,1,15872,3,776162069
2099,231222772,101511,231324283,26,0,0,1536,26,5044788909
2100,231226558,50182,231276740,17,0,1,22016,17,3566080016
2101,231236698,199161,231435859,9,0,0,32768,9,7572943566
2102,231266396,174782,231441178,4,0,0,17408,4,8202445505
2103,231272537,218394,231490931,9,0,0,16384,9,9153287189
2104,231306466,206235,231512701,4,0,0,19456,4,10500812518
2105,231323859,216148,231540007,2,0,0,19456,2,4213461099
2106,231332232,286979,231619211,25,0,0,9728,25,8961816017
2107,231349349,177897,231527246,22,0,0,30720,22,5960320902
2108,231349892,96605,231446497,28,0,0,17408,28,2081262723
2109,231367882,7706,231375588,5,0,1,8192,5,8678544570
2110,231401203,566,231401769,25,0,1,512,25,9098739226
2111,231402361,206492,231608853,1,0,1,335360,1,9517012036
2112,231409895,204245,231614140,17,0,1,16896,17,7451169662
2113,231420836,243399,231664235,4,0,0,46592,4,5595938201
2114,231434448,308585,231743033,13,0,0,6656,13,5731549956
2115,231439904,683626,232123530,4,0,0,1536,4,7155766954
2116,231448547,427241,231875788,26,0,0,105984,26,6280072792
2117,231452917,246868,231699785,18,0,0,68608,18,4136003671
2118,231471515,483933,231955448,16,0,0,48640,16,4972578206
2119,231503910,63079,231566989,15,0,0,1024,15,7986013061
2120,231517216,252091,231769307,1,0,0,1024,1,5512636419
2121,231526884,524650,232051534,27,0,0,17920,27,7580428951
2122,231527459,513381,232040840,14,0,0,51200,14,9187114958
2123,231541295,302178,231843473,12,0,0,69120,12,1234995852
2124,231571290,369323,231940613,4,0,0,50176,4,6755954768
2125,231576277,341638,231917915,19,0,0,24576,19,3424279914
2126,231578957,805326,232384283,27,0,0,48128,27,5593212750
2127,231587684,1011040,232598724,14,0,0,18944,14,7232964706
2128,231599989,310423,231910412,25,0,0,7168,25,3215323138
2129,231631914,32336,231664250,10,0,1,36352,10,6759705501
2130,231648554,54787,231703341,6,0,1,93184,6,6147507711
2131,231649586,310439,231960025,6,0,0,14848,6,6719219631
2132,231656224,425594,232081818,2,0,0,16384,2,4306311521
2133,231658210,680453,232338663,23,0,0,42496,23,638057322
2134,231661674,852276,232513950,15,0,0,29184,15,5163071361
2135,231664278,40049,231704327,13,0,1,1536,13,5970309041
2136,231682287,23986,231706273,17,0,1,3072,17,1955302286
2137,231685060,320600,232005660,22,0,0,12288,22,9970949781
2138,231685486,22272,231707758,10,0,1,15360,10,10518193544
2139,231714788,492506,232207294,27,0,0,9728,27,1347209818
2140,231757409,124642,231882051,1,0,0,20480,1,7484273681
2141,231796977,2470,231799447,22,0,1,2560,22,7875393779
2142,231800091,460459,232260550,8,0,0,33280,8,8981407289
2143,231809856,313191,232123047,3,0,0,15360,3,4331040216
2144,231829069,172832,232001901,10,0,0,1536,10,7181294591
2145,231864680,90783,231955463,1,0,1,91136,1,5142028905
2146,231914406,41080,231955486,1,0,1,37376,1,5532374095
2147,231944419,405179,232349598,4,0,0,35840,4,4679873641
2148,231957484,5403,231962887,2,0,1,8704,2,68616079
2149,231962286,196743,232159029,22,0,0,16384,22,9107578872
2150,231964379,495874,232460253,9,0,0,22016,9,924791716
2151,231992943,133884,232126827,10,0,0,2560,10,10585683692
2152,231995509,236780,232232289,11,0,0,2560,11,3392591171
2153,232011224,358380,232369604,3,0,0,5120,3,3054130613
2154,232020144,207225,232227369,21,0,0,31232,21,2688329117
2155,232034859,276714,232311573,4,0,0,5632,4,1582775283
2156,232079013,568631,232647644,28,0,0,43008,28,554877871
2157,232101310,58829,232160139,20,0,0,1024,20,1634306901
2158,232104914,2470,232107384,9,0,1,2560,9,9883527805
2159,232127091,240938,232368029,1,0,0,60416,1,544890304
2160,232140146,13341,232153487,25,0,1,22528,25,10690074007
2161,232141418,285086,232426504,17,0,0,70656,17,6706193733
2162,232151622,12308,232163930,21,0,1,20480,21,5182032424
2163,232168106,236839,232404945,5,0,0,22016,5,1431557389
2164,232171529,411022,232582551,27,0,0,40448,27,3038551911
2165,232184134,214064,232398198,5,0,0,45568,5,3761516778
2166,232258600,16229,232274829,20,0,1,27648,20,8991548540
2167,232263520,205907,232469427,29,0,0,23552,29,9854797290
2168,232265189,341230,232606419,5,0,0,19968,5,3939553232
2169,232279255,272690,232551945,27,0,0,56320,27,5273166573
2170,232280019,383567,232663586,22,0,0,42496,22,2556196697
2171,232289204,446854,232736058,13,0,0,14848,13,4465909649
2172,232292423,277789,232570212,24,0,0,59904,24,3661941954
2173,232309043,451174,232760217,21,0,0,49664,21,7681885782
2174,232327762,371280,232699042,28,0,0,34304,28,3773482984
2175,232348888,77655,232426543,10,0,1,512,10,7125966452
2176,232361412,85039,232446451,18,0,1,67072,18,8116455400
2177,232364074,410042,232774116,10,0,0,45568,10,7654958328
2178,232367915,84233,232452148,29,0,1,18944,29,9615318121
2179,232369465,281158,232650623,3,0,0,9728,3,1472021320
2180,232397728,475996,232873724,3,0,0,75776,3,6005634424
2181,232402877,410772,232813649,27,0,0,19968,27,9926172843
2182,232405636,382870,232788506,26,0,0,45568,26,3315708413
2183,232410023,42471,232452494,0,0,1,512,0,8321081309
2184,232412114,298188,232710302,17,0,0,7168,17,4894390329
2185,232445265,77456,232522721,18,0,0,14848,18,474105143
2186,232454906,290164,232745070,18,0,0,4096,18,118882963
2187,232492322,127693,232620015,21,0,0,4096,21,4267234501
2188,232502200,604217,233106417,7,0,0,6144,7,875109257
2189,232513887,440568,232954455,11,0,0,10752,11,10693528697
2190,232568685,254559,232823244,24,0,0,9728,24,2746848252
2191,232664833,214241,232879074,11,0,0,13824,11,10432289340
2192,232706571,68028,232774599,13,0,0,1536,13,830406348
2193,232707245,143313,232850558,14,0,0,8704,14,2662787779
2194,232753826,239154,232992980,25,0,0,1024,25,4233241381
2195,232758758,31300,232790058,22,0,1,1536,22,9156477841
2196,232763988,110843,232874831,21,0,0,3584,21,6793655670
2197,232773339,41890,232815229,18,0,1,47616,18,3798429374
2198,232799646,16249,232815895,5,0,1,1024,5,550187253
2199,232825356,323871,233149227,20,0,0,54784,20,1437650713
2200,232843507,170084,233013591,7,0,0,43520,7,9339198551
2201,232844539,391190,233235729,10,0,0,19968,10,7698484840
2202,232854572,27958,232882530,0,0,1,3584,0,8180391628
2203,232858034,157920,233015954,20,0,0,7680,20,6642952758
2204,232861787,109863,232971650,29,0,0,12800,29,4092772121
2205,232870034,112836,232982870,21,0,0,7168,21,307232079
2206,232874328,9508,232883836,28,0,1,2048,28,3064759387
2207,232887301,1994,232889295,17,0,1,2048,17,8925430714
2208,232887967,159469,233047436,18,0,0,11264,18,6311329867
2209,232888829,270865,233159694,23,0,0,34304,23,9877016888
2210,232891125,191555,233082680,26,0,0,26112,26,5440900170
2211,232894010,312538,233206548,18,0,0,21504,18,7118879864
2212,232992553,400064,233392617,10,0,0,18432,10,1653629811
2213,233001926,275878,233277804,19,0,0,43008,19,1217997134
2214,233013644,317362,233331006,5,0,0,14848,5,5734450011
2215,233024246,204062,233228308,10,0,0,34304,10,8320780815
2216,233025452,258295,233283747,1,0,0,19456,1,9129151246
2217,233036687,137842,233174529,6,0,0,48640,6,6018024376
2218,233088236,286598,233374834,16,0,0,46080,16,6951621769
2219,233091164,108809,233199973,3,0,0,33280,3,2877256949
2220,233171488,447626,233619114,10,0,0,8192,10,5933986664
2221,233186813,229927,233416740,18,0,0,12800,18,6857285711
2222,233192013,314229,233506242,1,0,0,93696,1,8688384352
2223,233223158,5750,233228908,4,0,1,512,4,5379699516
2224,233223214,160521,233383735,23,0,0,23040,23,4989480684
2225,233224339,290887,233515226,27,0,0,13824,27,5712274597
2226,233228735,356179,233584914,4,0,0,58880,4,2755941462
2227,233246670,320289,233566959,5,0,0,56320,5,3880595010
2228,233287725,96025,233383750,7,0,1,150016,7,6439185249
2229,233340580,325312,233665892,8,0,0,49664,8,1330054041
2230,233360763,330397,233691160,18,0,0,5632,18,7965845636
2231,233366481,154540,233521021,26,0,0,18944,26,989497123
2232,233376512,7932,233384444,10,0,1,6656,10,5561111028
2233,233403313,566,233403879,11,0,1,512,11,9156218918
2234,233416293,319681,233735974,24,0,0,32768,24,8946080449
2235,233418711,423811,233842522,11,0,0,12288,11,7535500938
2236,233426469,385824,233812293,2,0,0,6656,2,8249795696
2237,233427313,270446,233697759,8,0,0,8704,8,4180382247
2238,233427705,581557,234009262,6,0,0,15360,6,5348404331
2239,233429838,346342,233776180,28,0,0,17408,28,6068412397
2240,233432198,117578,233549776,20,0,0,14848,20,3106042595
2241,233434204,161876,233596080,24,0,0,2048,24,3489349204
2242,233440323,464452,233904775,0,0,0,1536,0,1831725113
2243,233448936,306087,233755023,25,0,0,35328,25,9490597142
2244,233450522,200215,233650737,17,0,0,48128,17,8691417611
2245,233452005,349954,233801959,12,0,0,52224,12,4104507500
2246,233471348,349384,233820732,18,0,0,27648,18,785137018
2247,233484809,404774,233889583,5,0,0,46592,5,5529159210
2248,233485146,131050,233616196,28,0,0,13824,28,4450512849
2249,233497068,90789,233587857,14,0,0,3072,14,7829736487
2250,233511118,403040,233914158,11,0,0,30720,11,2295159698
2251,233526195,140492,233666687,5,0,0,2560,5,5530905073
2252,233532656,465329,233997985,10,0,0,63488,10,9509335142
2253,233538131,145415,233683546,2,0,0,22016,2,9412079077
2254,233546913,349081,233895994,21,0,0,20992,21,1636834719
2255,233577417,427150,234004567,6,0,0,21504,6,4192090322
2256,233581245,228997,233810242,13,0,0,27136,13,2481393713
2257,233611529,4682,233616211,20,0,1,2048,20,4809350726
2258,233636751,434684,234071435,6,0,0,62464,6,7806972819
2259,233641691,187157,233828848,8,0,0,13824,8,5062000633
2260,233642775,279978,233922753,19,0,0,28160,19,5191065543
2261,233644751,259541,233904292,18,0,0,2560,18,4698988847
2262,233655029,248468,233903497,21,0,0,24576,21,6738261004
2263,233726271,13117,233739388,16,0,1,3584,16,7658199517
2264,233748646,303734,234052380,4,0,0,87040,4,3542143554
2265,233757235,347262,234104497,18,0,0,18432,18,7336252309
2266,233803841,221980,234025821,26,0,0,31232,26,5100974615
2267,233833146,92631,233925777,23,0,0,2560,23,7685592113
2268,233874927,202483,234077410,25,0,0,19456,25,4695339760
2269,233902597,242866,234145463,16,0,0,5120,16,8231031706
2270,233911550,559179,234470729,15,0,0,14848,15,4580239247
2271,233924759,219121,234143880,2,0,0,21504,2,8039045502
2272,233931371,321240,234252611,11,0,0,9216,11,1075405196
2273,233936577,324837,234261414,7,0,0,5632,7,10510107775
2274,233939386,354332,234293718,12,0,0,15872,12,1534906740
2275,233975058,22942,233998000,9,0,1,6656,9,8176480976
2276,233975798,265216,234241014,25,0,0,122368,25,4168521219
2277,234008664,105257,234113921,26,0,0,12288,26,5304603480
2278,234018857,234237,234253094,3,0,0,1536,3,5778271516
2279,234022354,167030,234189384,11,0,0,59904,11,9698384348
2280,234023029,220660,234243689,29,0,0,8704,29,349585652
2281,234023934,53507,234077441,4,0,1,9728,4,23860149
2282,234040337,43786,234084123,25,0,1,7168,25,1563956233
2283,234063499,394065,234457564,9,0,0,110592,9,3896945562
2284,234065166,20237,234085403,17,0,1,14336,17,5495220114
2285,234077032,172756,234249788,2,0,0,19968,2,6584966462
2286,234088171,566,234088737,21,0,1,512,21,2739832951
2287,234093021,265987,234359008,20,0,0,9728,20,3221693416
2288,234093055,416299,234509354,4,0,0,52224,4,5763214117
2289,234102660,200433,234303093,7,0,0,30720,7,7833401858
2290,234129796,6229,234136025,18,0,1,15360,18,5075947091
2291,234133025,226466,234359491,27,0,0,1536,27,9158982592
2292,234139009,217020,234356029,9,0,0,51712,9,1965647338
2293,234147314,318868,234466182,22,0,0,24576,22,10542165104
2294,234186111,354028,234540139,17,0,0,66048,17,7813096721
2295,234206899,286513,234493412,0,0,0,11264,0,9434885322
2296,234230048,289952,234520000,17,0,0,20480,17,6589538352
2297,234235837,331248,234567085,22,0,0,6144,22,1276214598
2298,234246850,16527,234263377,26,0,1,16384,26,10372080570
2299,234253827,10536,234264363,12,0,1,1536,12,7046056200
2300,234253897,13372,234267269,17,0,1,4608,17,5716595408
2301,234262303,196368,234458671,28,0,0,3584,28,2355514763
2302,234264911,3024,234267935,20,0,1,1024,20,875999117
2303,234268499,5454,234273953,13,0,1,13824,13,808817659
2304,234275811,237926,234513737,0,0,0,14336,0,4978686170
2305,234283513,189259,234472772,1,0,0,6656,1,10132811092
2306,234298178,257919,234556097,5,0,0,45568,5,10361527995
2307,234328781,243485,234572266,8,0,0,14848,8,10677701387
2308,234354849,389860,234744709,15,0,0,36352,15,7895756921
2309,234364816,261192,234626008,22,0,0,3584,22,2476185341
2310,234389670,152512,234542182,5,0,0,6656,5,6709106671
2311,234403778,227549,234631327,15,0,0,17408,15,551583984
2312,234425044,48729,234473773,20,0,1,1024,20,2824635049
2313,234431273,150734,234582007,21,0,0,15872,21,9776767709
2314,234460311,353716,234814027,7,0,0,84480,7,8348245081
2315,234486951,6476,234493427,20,0,1,4096,20,9071476769
2316,234488529,102697,234591226,6,0,0,30208,6,8404601426
2317,234499808,103754,234603562,2,0,0,6656,2,117602201
2318,234512651,312030,234824681,27,0,0,33792,27,6819293276
2319,234517898,157905,234675803,2,0,0,6144,2,5336594283
2320,234530657,31301,234561958,13,0,1,6144,13,8361761831
2321,234543278,208474,234751752,18,0,0,23040,18,5899717859
2322,234548952,220615,234769567,29,0,0,58368,29,3498792091
2323,234553663,301884,234855547,29,0,0,15872,29,6154116225
2324,234591071,1189,234592260,2,0,1,1024,2,7996790155
2325,234591575,348680,234940255,0,0,0,59904,0,9552025864
2326,234616134,198236,234814370,27,0,0,1024,27,3003112423
2327,234644095,306783,234950878,3,0,0,34816,3,7330314043
2328,234647234,187579,234834813,27,0,0,5632,27,9445075644
2329,234693968,131368,234825336,1,0,0,2048,1,7490637012
2330,234697366,168804,234866170,9,0,0,34816,9,5091284403
2331,234703584,417658,235121242,4,0,0,70656,4,5828283631
2332,234715201,408084,235123285,21,0,0,6656,21,7975065454
2333,234717281,4374,234721655,28,0,1,4608,28,2552295374
2334,234726940,244498,234971438,17,0,0,16896,17,5272357942
2335,234736444,174211,234910655,21,0,0,3072,21,10337006100
2336,234741181,304353,235045534,22,0,0,74240,22,5871112753
2337,234744010,29445,234773455,7,0,1,10752,7,6551127705
2338,234749443,26304,234775747,16,0,1,8704,16,8925685121
2339,234762564,503260,235265824,0,0,0,39936,0,7791527444
2340,234764131,208266,234972397,18,0,0,3072,18,8008710949
2341,234774808,496179,235270987,4,0,0,16896,4,1847608417
2342,234781003,390609,235171612,18,0,0,28160,18,3711190349
2343,234792162,443357,235235519,24,0,0,6144,24,9569678122
2344,234800913,258387,235059300,10,0,0,13312,10,7108590934
2345,234812550,208415,235020965,18,0,0,1024,18,895702448
2346,234814139,106123,234920262,4,0,0,1024,4,3609842699
2347,234820360,604176,235424536,14,0,0,82944,14,7928866583
2348,234825794,140481,234966275,3,0,0,39424,3,9746609584
2349,234841527,566,234842093,4,0,1,512,4,4669511820
2350,234884044,171177,235055221,23,0,0,31744,23,10397103637
2351,234892419,304691,235197110,25,0,0,6656,25,6785288725
2352,234913765,294946,235208711,14,0,0,26624,14,4440695924
2353,234933682,399068,235332750,5,0,0,20480,5,607551239
2354,234956549,439099,235395648,29,0,0,29184,29,6423795198
2355,234962179,231625,235193804,27,0,0,27136,27,4171057809
2356,234967130,11513,234978643,0,0,1,15360,0,6645350524
2357,234979477,215590,235195067,26,0,0,4096,26,4960660221
2358,234980183,180972,235161155,16,0,0,16384,16,4174172183
2359,234988034,229272,235217306,21,0,0,28160,21,7949065542
2360,235011660,6229,235017889,0,0,1,15360,0,3846231238
2361,235045907,13918,235059825,2,0,1,512,2,7753493928
2362,235061095,156850,235217945,21,0,0,2048,21,154943789
2363,235089746,46729,235136475,1,0,1,80896,1,263274743
2364,235105733,254838,235360571,29,0,0,22528,29,908698022
2365,235119487,130280,235249767,26,0,0,39936,26,987693455
2366,235143000,389196,235532196,1,0,0,22016,1,2937024855
2367,235156420,353282,235509702,25,0,0,39424,25,653765393
2368,235166141,168028,235334169,16,0,0,4608,16,3288008547
2369,235169390,184294,235353684,15,0,0,64000,15,8321340292
2370,235221681,372318,235593999,15,0,0,33280,15,10113964659
2371,235230758,1042,235231800,15,0,1,1024,15,5529581877
2372,235258384,23394,235281778,1,0,1,17408,1,4827673961
2373,235259346,170992,235430338,15,0,0,1536,15,2073105580
2374,235265750,318094,235583844,8,0,0,54784,8,4974483158
2375,235277078,13512,235290590,23,0,1,26112,23,6577387236
2376,235280403,197119,235477522,1,0,0,8704,1,3320621138
2377,235282335,147520,235429855,10,0,0,17408,10,3987631320
2378,235317850,364320,235682170,10,0,0,29696,10,8349694323
2379,235318113,155916,235474029,24,0,0,64000,24,8492529850
2380,235319944,205529,235525473,9,0,0,49152,9,2349898592
2381,235336684,227952,235564636,11,0,0,6144,11,1747847023
2382,235412005,298014,235710019,14,0,0,35328,14,10070647165
2383,235464015,130007,235594022,18,0,1,183808,18,1044658078
2384,235489848,177005,235666853,5,0,0,30720,5,8606839226
2385,235508248,159400,235667648,2,0,0,2560,2,5866760201
2386,235578666,285934,235864600,15,0,0,22016,15,4482711468
2387,235602425,128846,235731271,15,0,0,2048,15,9530949362
2388,235607121,177284,235784405,11,0,0,17920,11,4249831129
2389,235627318,5971,235633289,9,0,1,14848,9,2186122108
2390,235656870,402565,236059435,4,0,0,8192,4,6230551436
2391,235716872,274037,235990909,11,0,0,11264,11,7558288261
2392,235726171,245042,235971213,7,0,0,24576,7,9469105242
2393,235728128,235582,235963710,28,0,0,104448,28,10099935014
2394,235734106,2870,235736976,2,0,1,8704,2,5676073929
2395,235738308,24929,235763237,18,0,1,45056,18,610725176
2396,235750539,13466,235764005,0,0,1,11776,0,5143586152
2397,235776106,258753,236034859,11,0,0,8192,11,2321060998
2398,235777218,209952,235987170,15,0,0,2048,15,3511735609
2399,235788645,292800,236081445,7,0,0,18944,7,845574479
2400,235827255,174819,236002074,14,0,0,34304,14,2757304297
2401,235828444,146840,235975284,13,0,0,13312,13,3870692263
2402,235836940,149591,235986531,14,0,0,36864,14,1656354260
2403,235845823,50241,235896064,4,0,0,2048,4,1572153660
2404,235847846,296066,236143912,18,0,1,479744,18,8982920487
2405,235888316,407080,236295396,4,0,0,91648,4,10248113264
2406,235896156,250040,236146196,6,0,0,3072,6,3767252365
2407,235937290,207288,236144578,22,0,1,1024,22,2144462013
2408,235942811,123464,236066275,9,0,0,4096,9,8784565870
2409,235966792,171280,236138072,13,0,0,6656,13,6064193915
2410,236011669,323402,236335071,12,0,0,71168,12,1742451831
2411,236023166,214612,236237778,12,0,0,6144,12,5651955622
2412,236031162,457074,236488236,16,0,0,34816,16,5113187911
2413,236035382,300024,236335406,18,0,0,1024,18,5229561827
2414,236039018,117004,236156022,21,0,1,38400,21,1438289248
2415,236051145,105850,236156995,4,0,1,12800,4,2712039311
2416,236110899,290543,236401442,5,0,0,25600,5,9375440804
2417,236123044,144413,236267457,7,0,0,26112,7,3033820420
2418,236151665,491453,236643118,5,0,0,26624,5,3199740341
2419,236164139,2946,236167085,21,0,1,3072,21,2163901021
2420,236202682,92729,236295411,18,0,1,126464,18,6310579572
2421,236249609,179636,236429245,2,0,0,55296,2,443141856
2422,236314310,177217,236491527,7,0,0,10752,7,7320655654
2423,236318402,178288,236496690,28,0,0,16896,28,8597922616
2424,236318735,22056,236340791,20,0,1,5632,20,6123564256
2425,236320650,276904,236597554,0,0,0,19968,0,8441613336
2426,236323474,127482,236450956,7,0,0,13824,7,10368056110
2427,236344306,62158,236406464,7,0,1,100864,7,3949967084
2428,236358330,49440,236407770,10,0,1,2048,10,5848897921
2429,236403331,221409,236624740,27,0,0,12288,27,1470945853
2430,236405824,228338,236634162,27,0,0,20480,27,3137059455
2431,236418915,264885,236683800,4,0,0,51200,4,4750766375
2432,236435285,266470,236701755,0,0,0,58880,0,774440709
2433,236436522,1994,236438516,22,0,1,2048,22,6801127176
2434,236445924,123825,236569749,21,0,0,1536,21,4756474602
2435,236451540,409124,236860664,13,0,0,43520,13,10425084052
2436,236553767,199750,236753517,3,0,0,6656,3,8309875615
2437,236562154,4850,236567004,0,0,1,5120,0,540800794
2438,236562227,189247,236751474,27,0,0,30208,27,10504429439
2439,236576005,237752,236813757,14,0,0,59904,14,2738757364
2440,236587514,229854,236817368,18,0,0,11776,18,6979577790
2441,236609086,153034,236762120,25,0,0,28160,25,9941539915
2442,236622063,225326,236847389,3,0,0,22016,3,4800505250
2443,236645782,78680,236724462,26,0,0,13824,26,7031110600
2444,236647123,405035,237052158,14,0,0,38400,14,343674620
2445,236654282,232213,236886495,5,0,0,70656,5,7389602814
2446,236664009,269802,236933811,6,0,0,49152,6,6820362510
2447,236667730,392744,237060474,19,0,0,5632,19,7092281130
2448,236696481,243694,236940175,26,0,0,9728,26,10716715559
2449,236706604,267053,236973657,14,0,0,22528,14,8448191202
2450,236749745,290698,237040443,21,0,0,8704,21,699755521
2451,236801234,193039,236994273,26,0,0,19968,26,4155202620
2452,236807359,173742,236981101,20,0,0,16896,20,4966992318
2453,236836070,188897,237024967,23,0,0,28672,23,3921987538
2454,236836269,2870,236839139,5,0,1,8704,5,6790579002
2455,236854497,353080,237207577,13,0,0,82432,13,1477488510
2456,236859270,302151,237161421,6,0,0,18432,6,1556264641
2457,236862410,84031,236946441,3,0,0,1536,3,9332215723
2458,236867477,191266,237058743,12,0,0,13312,12,1392526833
2459,236869877,214765,237084642,13,0,0,15872,13,4595430469
2460,236872685,110615,236983300,0,0,0,7168,0,6539497390
2461,236873143,101798,236974941,16,0,0,1536,16,1460002064
2462,236929089,226701,237155790,26,0,0,88064,26,5230921011
2463,236999197,25793,237024990,13,0,1,33280,13,10736011981
2464,237017923,34250,237052173,13,0,1,28672,13,9662359191
2465,237024309,265606,237289915,26,0,0,44032,26,4738903480
2466,237025791,215908,237241699,1,0,0,47104,1,3879637619
2467,237030064,339114,237369178,7,0,0,18944,7,815230518
2468,237068586,3904,237072490,13,0,1,10752,13,9825045441
2469,237087176,5326,237092502,21,0,1,5632,21,8046089919
2470,237101695,73760,237175455,19,0,0,12800,19,6997874038
2471,237108162,309043,237417205,3,0,0,27136,3,6076210878
2472,237117485,124697,237242182,13,0,0,1536,13,369078297
2473,237117605,191697,237309302,2,0,0,9216,2,8012380677
2474,237126438,441820,237568258,12,0,0,25600,12,8687689381
2475,237137242,301194,237438436,2,0,0,69632,2,791162214
2476,237151231,314658,237465889,21,0,0,25600,21,337374910
2477,237158704,237216,237395920,12,0,0,62464,12,7221432140
2478,237161924,164900,237326824,13,0,0,5632,13,5089778142
2479,237169725,183000,237352725,24,0,0,30208,24,9171212053
2480,237187941,252382,237440323,10,0,0,6144,10,2000914426
2481,237191730,16497,237208227,16,0,1,512,16,1637294060
2482,237192596,103669,237296265,9,0,0,11264,9,1713440812
2483,237200190,305974,237506164,2,0,0,24576,2,4182129050
2484,237204207,8806,237213013,10,0,1,13312,10,2859367637
2485,237229204,226950,237456154,22,0,0,27136,22,1726556275
2486,237231053,215837,237446890,24,0,0,21504,24,7958138164
2487,237288525,233585,237522110,22,0,0,27648,22,3486154985
2488,237290449,286197,237576646,14,0,0,12800,14,3482360023
2489,237332200,141638,237473838,25,0,0,5120,25,9430781093
2490,237341976,153946,237495922,9,0,0,9216,9,5900254039
2491,237351242,134708,237485950,21,0,0,11776,21,4751176249
2492,237361751,184097,237545848,13,0,0,35840,13,7539016015
2493,237379702,23916,237403618,25,0,1,8192,25,10167928066
2494,237401140,316187,237717327,24,0,0,24576,24,9584632510
2495,237435307,160941,237596248,2,0,0,39936,2,4738022178
2496,237486206,117052,237603258,19,0,0,9216,19,8251939435
2497,237518832,146722,237665554,17,0,0,39424,17,6067245856
2498,237544906,164918,237709824,17,0,0,60416,17,9760803936
2499,237567338,14512,237581850,27,0,1,23040,27,3656677655
2500,237575399,163423,237738822,25,0,0,13312,25,1236992425
2501,237582958,205390,237788348,25,0,0,37376,25,5924446377
2502,237615900,319512,237935412,7,0,0,3072,7,7000648401
2503,237658567,217751,237876318,12,0,0,52224,12,8438175586
2504,237665135,179689,237844824,23,0,0,42496,23,886689364
2505,237666875,189571,237856446,8,0,0,24064,8,8929463088
2506,237709318,9995,237719313,28,0,1,2048,28,8456852888
2507,237738002,255274,237993276,27,0,0,26624,27,10012260276
2508,237741709,302092,238043801,17,0,0,26112,17,9021282553
2509,237747484,327422,238074906,15,0,0,66560,15,9097490303
2510,237791234,93598,237884832,11,0,0,10240,11,2539188050
2511,237796720,130220,237926940,9,0,0,47616,9,8755510766
2512,237811331,566,237811897,17,0,1,512,17,9553575824
2513,237813803,222019,238035822,14,0,0,35840,14,7318811840
2514,237823960,1994,237825954,4,0,1,2048,4,5015762690
2515,237827795,336967,238164762,2,0,0,33792,2,4081340597
2516,237834665,165498,238000163,19,0,0,22528,19,3214568805
2517,237839302,279272,238118574,24,0,0,43520,24,5599606421
2518,237854747,374532,238229279,20,0,0,28672,20,10110449979
2519,237909409,17546,237926955,20,0,1,10240,20,9351254990
2520,237926040,76218,238002258,25,0,0,3072,25,6137880124
2521,237950330,3422,237953752,13,0,1,3584,13,2889675905
2522,237952111,138081,238090192,0,0,0,7168,0,4049906978
2523,237959004,247440,238206444,21,0,0,38400,21,4336890240
2524,237985445,21481,238006926,29,0,1,7168,29,6188208986
2525,237992102,258446,238250548,12,0,0,59392,12,6524477793
2526,237992261,15651,238007912,21,0,1,1536,21,9573685433
2527,237998426,89567,238087993,13,0,0,10240,13,6095004407
2528,238007902,1520,238009422,12,0,1,1536,12,6603325000
2529,238030388,90073,238120461,26,0,0,6144,26,2732279775
2530,238039764,191246,238231010,17,0,0,5632,17,5674869425
2531,238052193,22728,238074921,2,0,1,5632,2,5675357869
2532,238114896,117533,238232429,15,0,0,4608,15,7784806020
2533,238124874,140964,238265838,23,0,0,20480,23,2734245082
2534,238161800,8297,238170097,27,0,1,5632,27,7684013673
2535,238164347,140858,238305205,23,0,0,37888,23,6750238179
2536,238181027,3898,238184925,15,0,1,4096,15,8348120870
2537,238190939,156980,238347919,0,0,0,66048,0,8598744307
2538,238195689,228328,238424017,8,0,0,7168,8,2206310897
2539,238225205,195842,238421047,5,0,0,4608,5,5153257218
2540,238233672,240627,238474299,29,0,0,11264,29,1003362033
2541,238244422,215947,238460369,18,0,0,81408,18,347206602
2542,238285476,81718,238367194,15,0,0,4608,15,9237478263
2543,238294693,17734,238312427,29,0,1,7680,29,1788652262
2544,238310875,175104,238485979,7,0,0,12800,7,10522133244
2545,238347139,123705,238470844,7,0,0,34304,7,5691342890
2546,238373367,142468,238515835,17,0,0,26112,17,6347943743
2547,238374124,125343,238499467,6,0,0,6656,6,6128369257
2548,238413720,2946,238416666,29,0,1,3072,29,10400889478
2549,238439970,229908,238669878,22,0,0,33792,22,9997662172
2550,238456582,191058,238647640,9,0,0,18944,9,3558197156
2551,238474899,124435,238599334,8,0,0,43008,8,916480643
2552,238476173,3387,238479560,0,0,1,9728,0,840506515
2553,238483609,147978,238631587,24,0,0,29696,24,7874681072
2554,238518798,155315,238674113,25,0,0,13824,25,9986598680
2555,238554908,131030,238685938,0,0,0,22528,0,5660798840
2556,238578349,98595,238676944,9,0,0,9216,9,3092045525
2557,238590070,171726,238761796,5,0,0,43520,5,25161344
2558,238607623,206339,238813962,26,0,0,38400,26,9729236963
2559,238631892,165808,238797700,18,0,0,35328,18,7165610116
2560,238636151,225479,238861630,21,0,0,2048,21,4287890074
2561,238646484,192556,238839040,7,0,0,39936,7,3063540043
2562,238662789,139138,238801927,8,0,0,13824,8,7071010501
2563,238671715,448697,239120412,25,0,0,52736,25,9997772765
2564,238674668,11285,238685953,25,0,1,6656,25,3604851499
2565,238675842,253350,238929192,23,0,0,37376,23,2924115170
2566,238704807,3387,238708194,27,0,1,9728,27,1103448240
2567,238722098,566,238722664,11,0,1,512,11,7516891153
2568,238753861,327310,239081171,21,0,0,35328,21,767974403
2569,238759712,232982,238992694,8,0,0,79872,8,5237957529
2570,238762540,39410,238801950,6,0,1,49664,6,852020592
2571,238763051,325548,239088599,21,0,0,14336,21,1707232535
2572,238777339,104109,238881448,27,0,0,13312,27,4251095377
2573,238792354,427199,239219553,11,0,0,26112,11,825711339
2574,238793979,327852,239121831,10,0,0,4608,10,9899067931
2575,238794368,19609,238813977,28,0,1,2560,28,7114838897
2576,238795131,695754,239490885,22,0,0,22528,22,1014332415
2577,238828044,449519,239277563,4,0,0,7168,4,10586709495
2578,238847779,4850,238852629,28,0,1,5120,28,9750367359
2579,238868637,399026,239267663,15,0,0,25088,15,6764506849
2580,238873627,11274,238884901,20,0,1,18432,20,3526295883
2581,238875365,131496,239006861,25,0,0,2048,25,7259217320
2582,238879597,506956,239386553,22,0,0,51200,22,8501857261
2583,238909156,348982,239258138,29,0,0,77312,29,10290136729
2584,238962024,179549,239141573,22,0,0,2048,22,9866123612
2585,238993558,333859,239327417,19,0,0,18432,19,1446955501
2586,239018048,659055,239677103,24,0,0,179712,24,10596836306
2587,239025423,5196,239030619,22,0,1,13312,22,1813324100
2588,239051942,566,239052508,3,0,1,512,3,3476130226
2589,239069624,163672,239233296,25,0,0,45056,25,1187053420
2590,239133480,101087,239234567,4,0,0,4096,4,4791483733
2591,239138178,73404,239211582,19,0,0,5120,19,1320025284
2592,239144527,154575,239299102,22,0,0,12288,22,2084818056
2593,239173705,1994,239175699,13,0,1,2048,13,9668689138
2594,239183093,566,239183659,0,0,1,512,0,8419836240
2595,239218297,265709,239484006,2,0,0,20480,2,7251989999
2596,239243322,177636,239420958,21,0,0,5120,21,10182352333
2597,239264096,15867,239279963,1,0,1,20480,1,3014248667
2598,239267980,96218,239364198,1,0,0,2560,1,4945758962
2599,239292276,281874,239574150,18,0,0,74752,18,5139348813
2600,239299099,276993,239576092,8,0,0,3584,8,9705651958
2601,239302359,86923,239389282,26,0,0,5632,26,4562230077
2602,239317769,233574,239551343,19,0,0,71680,19,7380792278
2603,239381565,8108,239389673,20,0,1,9216,20,5309725678
2604,239401466,5802,239407268,29,0,1,6144,29,10618999249
2605,239408400,179719,239588119,29,0,0,39424,29,8289384582
2606,239418250,319693,239737943,5,0,0,10752,5,285715629
2607,239421680,1042,239422722,9,0,1,1024,9,5365140762
2608,239432206,142739,239574945,18,0,0,2560,18,6053502495
2609,239442982,13083,239456065,18,0,1,22016,18,3409771730
2610,239458853,133025,239591878,29,0,0,12288,29,4383112280
2611,239461359,141165,239602524,4,0,0,34816,4,9327794005
2612,239476427,133753,239610180,27,0,0,12800,27,7263179942
2613,239501851,245374,239747225,21,0,0,25600,21,7532677618
2614,239507790,338385,239846175,5,0,0,67584,5,2951403672
2615,239522641,672080,240194721,12,0,0,15360,12,3802757550
2616,239525478,403502,239928980,2,0,0,19456,2,9773019339
2617,239530153,61748,239591901,4,0,1,1536,4,5073283744
2618,239531428,156204,239687632,1,0,0,3072,1,968692046
2619,239543928,142730,239686658,18,0,0,31232,18,4340950306
2620,239555362,47193,239602555,9,0,1,512,9,7413106089
2621,239557130,223981,239781111,6,0,0,15360,6,3740949207
2622,239562218,236390,239798608,28,0,0,11264,28,4867189339
2623,239584007,141052,239725059,0,0,0,10240,0,7499863884
2624,239584724,101949,239686673,1,0,1,115200,1,7785216364
2625,239598632,310008,239908640,24,0,0,38400,24,3058253990
2626,239607768,244662,239852430,8,0,0,20480,8,3426269875
2627,239623370,406167,240029537,2,0,0,16896,2,983956382
2628,239652771,39219,239691990,20,0,1,4608,20,2616008300
2629,239674043,73197,239747240,24,0,1,83456,24,6990226175
2630,239675970,495907,240171877,29,0,0,53760,29,7409519382
2631,239682238,401230,240083468,12,0,0,95744,12,3256064149
2632,239704326,320040,240024366,18,0,0,8704,18,5821311373
2633,239766336,219144,239985480,7,0,0,43520,7,10393717363
2634,239800595,16354,239816949,15,0,1,31744,15,7356156738
2635,239835409,19483,239854892,25,0,1,2560,25,6158537066
2636,239863142,16096,239879238,11,0,1,31232,11,10170447336
2637,239887001,144125,240031126,14,0,0,4608,14,9827812853
2638,239893131,15524,239908655,22,0,1,4608,22,632647026
2639,239905670,145170,240050840,20,0,0,7680,20,907959051
2640,239938476,102961,240041437,11,0,0,33792,11,5719480611
2641,239938522,184468,240122990,29,0,0,7168,29,6120245578
2642,239940890,214584,240155474,20,0,0,23040,20,6558709282
2643,239947526,144916,240092442,13,0,0,15360,13,1449650077
2644,239954564,298063,240252627,2,0,0,30208,2,3532229628
2645,239980237,332359,240312596,12,0,0,5632,12,5880068885
2646,239997920,190063,240187983,19,0,0,12288,19,2005890639
2647,240020872,163344,240184216,28,0,0,40448,28,7327765125
2648,240021789,168237,240190026,0,0,0,6656,0,4744597393
2649,240023961,212793,240236754,1,0,0,17920,1,7998382474
2650,240028958,195469,240224427,6,0,0,43520,6,3464661695
2651,240032148,278709,240310857,21,0,0,58880,21,1063417437
2652,240055649,380896,240436545,27,0,0,26624,27,3396818429
2653,240069068,282468,240351536,21,0,0,48128,21,8035094844
2654,240120316,122999,240243315,20,0,0,9728,20,8213786562
2655,240125481,242013,240367494,6,0,0,512,6,797588581
2656,240125952,2946,240128898,3,0,1,3072,3,4687605387
2657,240130096,257119,240387215,15,0,0,16896,15,6696700479
2658,240131493,360412,240491905,6,0,0,6656,6,1151619707
2659,240146658,220657,240367315,6,0,0,51712,6,7613429397
2660,240149198,224866,240374064,29,0,0,8704,29,9661404592
2661,240162569,248294,240410863,16,0,0,3072,16,1443914024
2662,240186891,241527,240428418,16,0,0,29696,16,9191823983
2663,240187722,10914,240198636,21,0,1,4096,21,4944553810
2664,240194799,6743,240201542,22,0,1,4608,22,7305737751
2665,240202559,244046,240446605,0,0,0,18432,0,5585557305
2666,240218457,384700,240603157,9,0,0,49152,9,932327503
2667,240251290,250193,240501483,27,0,0,5632,27,2237809886
2668,240260425,312768,240573193,15,0,0,112128,15,9301504842
2669,240272615,202906,240475521,10,0,0,12288,10,4926079171
2670,240278454,3645,240282099,11,0,1,10240,11,8150643026
2671,240278941,331095,240610036,28,0,0,22528,28,10564412416
2672,240284482,379651,240664133,23,0,0,55296,23,4653170487
2673,240298014,240892,240538906,7,0,0,22528,7,4487428596
2674,240330935,315184,240646119,25,0,0,42496,25,6482909986
2675,240343335,326764,240670099,21,0,0,19456,21,6752652699
2676,240354777,374114,240728891,4,0,0,34816,4,9094412326
2677,240363388,393753,240757141,9,0,0,75264,9,6055076255
2678,240374807,145369,240520176,24,0,0,2048,24,4619422371
2679,240380003,315780,240695783,20,0,0,4096,20,324381339
2680,240397481,6488,240403969,10,0,1,15872,10,8116986364
2681,240463284,231236,240694520,20,0,0,16896,20,5719576215
2682,240492350,288813,240781163,23,0,0,45056,23,1352871220
2683,240499614,11016,240510630,15,0,1,17920,15,1363629237
2684,240500864,261010,240761874,23,0,0,3072,23,267691051
2685,240529074,160283,240689357,16,0,0,10240,16,6443157952
2686,240569728,276007,240845735,5,0,0,34816,5,8119640046
2687,240587048,171832,240758880,18,0,0,5632,18,8780459511
2688,240596165,304864,240901029,3,0,0,38912,3,9366541860
2689,240603184,9756,240612940,21,0,1,8704,21,4031480505
2690,240608844,184309,240793153,7,0,0,17920,7,8339401322
2691,240617202,1518,240618720,0,0,1,1536,0,2617813331
2692,240640436,159596,240800032,15,0,0,22528,15,5345852788
2693,240646076,18072,240664148,25,0,1,11264,25,4298620234
2694,240661226,242790,240904016,23,0,0,9728,23,2548309113
2695,240665327,95596,240760923,17,0,0,6656,17,6582257390
2696,240668875,262741,240931616,15,0,0,46592,15,2007498035
2697,240695334,8147,240703481,20,0,1,8192,20,1411856006
2698,240708246,274833,240983079,16,0,0,4608,16,5326123123
2699,240737261,126368,240863629,16,0,0,49664,16,9200827059
2700,240796846,7552,240804398,11,0,1,4608,11,1125749572
2701,240809871,63620,240873491,6,0,1,107008,6,6941815309
2702,240821692,223331,241045023,15,0,0,48128,15,55985467
2703,240825675,123172,240948847,17,0,0,8192,17,10625417465
2704,240834944,216022,241050966,19,0,0,19456,19,9449371268
2705,240849636,145111,240994747,11,0,0,2560,11,3731534219
2706,240868288,372891,241241179,7,0,0,15872,7,5153465172
2707,240879955,3128,240883083,8,0,1,9216,8,3719790911
2708,240884360,98890,240983250,8,0,0,512,8,2926310160
2709,240885247,198022,241083269,7,0,0,4096,7,1180285089
2710,240895734,184047,241079781,28,0,0,1024,28,1855699514
2711,240903105,4290,240907395,16,0,1,9728,16,4136554789
2712,240904100,6819,240910919,21,0,1,4096,21,4336695095
2713,240923286,404671,241327957,25,0,0,72704,25,1786465330
2714,240933846,119007,241052853,28,0,0,6144,28,7179603260
2715,240955569,4420,240959989,3,0,1,11776,3,7707007090
2716,240965562,1518,240967080,11,0,1,1536,11,5987447721
2717,240983302,238112,241221414,12,0,0,37888,12,7285008843
2718,240991666,178289,241169955,25,0,0,28672,25,9910433581
2719,240997030,144127,241141157,2,0,0,32768,2,7144660374
2720,241005284,165489,241170773,4,0,0,1024,4,358216742
2721,241011079,159367,241170446,8,0,0,1536,8,2465492111
2722,241058047,21749,241079796,3,0,1,35328,3,10241487256
2723,241070438,356972,241427410,15,0,0,7680,15,9037888443
2724,241079837,182158,241261995,14,0,0,20992,14,750028569
2725,241101191,82408,241183599,18,0,1,133632,18,4055028888
2726,241116131,92032,241208163,22,0,0,5632,22,4841127472
2727,241127695,432213,241559908,6,0,0,53248,6,10000758939
2728,241145576,224594,241370170,7,0,0,20992,7,2266656231
2729,241162054,326311,241488365,13,0,0,75776,13,4060215824
2730,241169034,345912,241514946,7,0,0,2560,7,10164569586
2731,241171718,113041,241284759,1,0,1,183296,1,1933479936
2732,241196609,317534,241514143,9,0,0,75264,9,4242726777
2733,241201025,290163,241491188,27,0,0,9216,27,10269624115
2734,241233481,423288,241656769,14,0,0,73728,14,562843154
2735,241236080,283717,241519797,10,0,0,15872,10,2101275327
2736,241241672,44572,241286244,25,0,1,15360,25,3650470772
2737,241293532,340758,241634290,0,0,0,54272,0,2720624568
2738,241300197,370947,241671144,5,0,0,47104,5,8735231241
2739,241302170,455618,241757788,22,0,0,14848,22,9353044912
2740,241306999,387058,241694057,1,0,0,22528,1,4352283391
2741,241336289,394268,241730557,3,0,0,24576,3,8416417587
2742,241340350,1042,241341392,25,0,1,1024,25,648929195
2743,241365094,357952,241723046,29,0,0,29696,29,6194440281
2744,241390621,355654,241746275,0,0,0,46592,0,2317980030
2745,241455607,122874,241578481,1,0,0,4608,1,2331886560
2746,241474874,196761,241671635,24,0,0,1536,24,2304291119
2747,241489625,438560,241928185,27,0,0,3072,27,10486635096
2748,241510657,285736,241796393,23,0,0,48640,23,2971049043
2749,241514598,315038,241829636,1,0,0,109056,1,5445679174
2750,241518355,315219,241833574,0,0,0,10752,0,6352613248
2751,241528149,355055,241883204,27,0,0,17408,27,4472642213
2752,241534416,81583,241615999,22,0,0,5632,22,7425841647
2753,241572683,566,241573249,11,0,1,512,11,5912375575
2754,241576502,189793,241766295,4,0,0,1024,4,652468479
2755,241580472,256393,241836865,18,0,0,10752,18,9496065086
2756,241592805,237470,241830275,2,0,0,2048,2,10554694753
2757,241595800,369050,241964850,28,0,0,13312,28,4930126251
2758,241597281,477687,242074968,4,0,0,35840,4,7512746604
2759,241603797,353782,241957579,21,0,0,7680,21,9907283250
2760,241608895,156289,241765184,3,0,0,512,3,3467410421
2761,241629616,211484,241841100,3,0,0,13824,3,2556940120
2762,241641866,246969,241888835,4,0,0,18432,4,10298989374
2763,241676899,212895,241889794,9,0,0,3072,9,1074191168
2764,241688792,189093,241877885,19,0,0,33792,19,1426628001
2765,241717159,29139,241746298,16,0,1,7680,16,5626588478
2766,241725030,334871,242059901,29,0,0,4096,29,2739373144
2767,241729312,21772,241751084,10,0,1,5120,10,5408812213
2768,241746246,11557,241757803,25,0,1,4608,25,7081013259
2769,241758795,167122,241925917,6,0,0,10752,6,8686770257
2770,241777002,155232,241932234,15,0,0,2048,15,2016405161
2771,241817971,23152,241841123,16,0,1,8704,16,8558999587
2772,241837155,7065,241844220,4,0,1,9216,4,8977729076
2773,241849836,173370,242023206,27,0,0,43520,27,3591760279
2774,241880657,120988,242001645,28,0,0,25088,28,3650240203
2775,241882338,19514,241901852,2,0,1,19968,2,1751048461
2776,241889718,252456,242142174,11,0,0,13312,11,6216073658
2777,241898013,91093,241989106,18,0,0,8192,18,7680423758
2778,241942790,268736,242211526,19,0,0,128512,19,5713647514
2779,241946659,134139,242080798,1,0,0,9216,1,8362389880
2780,241982423,6698,241989121,15,0,1,12800,15,8642315151
2781,241985327,125131,242110458,12,0,0,30208,12,9571286031
2782,241996758,64718,242061476,13,0,0,5120,13,5292384756
2783,241997585,221499,242219084,4,0,0,7680,4,3164125733
2784,242003513,213216,242216729,27,0,0,16896,27,7586446910
2785,242009335,135981,242145316,19,0,0,3072,19,3915621254
2786,242014297,308464,242322761,4,0,0,32768,4,3818573373
2787,242041932,232121,242274053,13,0,0,29184,13,71453509
2788,242061582,229343,242290925,18,0,0,28160,18,2771954667
2789,242065578,300137,242365715,21,0,0,46592,21,4763469551
2790,242075082,180840,242255922,24,0,0,16384,24,2852798185
2791,242079807,336892,242416699,29,0,0,46592,29,9120818630
2792,242086753,75059,242161812,17,0,0,1024,17,4018175921
2793,242087074,11016,242098090,22,0,1,17920,22,4962372208
2794,242094550,5166,242099716,15,0,1,2560,15,2857371877
2795,242110586,5326,242115912,20,0,1,5632,20,7551544157
2796,242116752,177947,242294699,14,0,0,4608,14,8238962162
2797,242122457,159873,242282330,13,0,0,17920,13,3285482635
2798,242159380,165892,242325272,17,0,0,8192,17,10304944142
2799,242170992,214908,242385900,12,0,0,1024,12,3056428515
2800,242175095,47593,242222688,20,0,1,10240,20,7781420054
2801,242175917,275084,242451001,7,0,0,16896,7,9355111913
2802,242177295,194215,242371510,10,0,0,18944,10,6133787324
2803,242178414,45743,242224157,5,0,1,2048,5,376580781
2804,242194035,99245,242293280,24,0,0,7680,24,181788876
2805,242230181,170256,242400437,17,0,0,8192,17,5529903941
2806,242241467,3387,242244854,21,0,1,9728,21,1143483754
2807,242247996,7941,242255937,21,0,1,4608,21,6595572577
2808,242258839,1518,242260357,2,0,1,1536,2,8371822187
2809,242328841,232923,242561764,14,0,0,51712,14,2682209834
2810,242329541,91237,242420778,19,0,0,13312,19,2626160926
2811,242356486,16025,242372511,17,0,1,1024,17,10619871635
2812,242367157,167908,242535065,28,0,0,9216,28,10101130822
2813,242370647,14187,242384834,4,0,1,25088,4,7853481217
2814,242390571,4850,242395421,10,0,1,5120,10,5506908210
2815,242391264,200909,242592173,28,0,0,35328,28,9286030118
2816,242392721,7731,242400452,27,0,1,5632,27,1005919899
2817,242402524,139203,242541727,23,0,0,18944,23,4096687308
2818,242416023,90146,242506169,7,0,0,5120,7,2607330634
2819,242461286,135270,242596556,19,0,0,14336,19,9178087388
2820,242462688,175835,242638523,20,0,0,19968,20,4880138027
2821,242466095,135951,242602046,28,0,0,8704,28,8818487651
2822,242487824,111555,242599379,4,0,0,9216,4,9312493245
2823,242509060,105675,242614735,0,0,0,14336,0,8015703458
2824,242521697,98346,242620043,4,0,0,2560,4,9616973473
2825,242528204,210965,242739169,10,0,0,43520,10,2459902389
2826,242540332,62665,242602997,25,0,0,3072,25,6664373781
2827,242553286,12416,242565702,23,0,1,10752,23,7797675815
2828,242560563,123370,242683933,12,0,0,23552,12,6889490127
2829,242560835,247484,242808319,19,0,0,42496,19,7438611122
2830,242580111,124628,242704739,18,0,1,205824,18,8685601587
2831,242607777,102659,242710436,27,0,1,18944,27,3763414896
2832,242610859,81090,242691949,20,0,0,2048,20,10563330685
2833,242631794,130228,242762022,10,0,1,173056,10,6338956452
2834,242666745,214513,242881258,29,0,0,19456,29,3031535698
2835,242684793,143573,242828366,21,0,0,44544,21,6120755532
2836,242700801,167485,242868286,27,0,0,15360,27,3193886907
2837,242758564,112266,242870830,10,0,1,181760,10,7895068579
2838,242759793,303488,243063281,23,0,0,4096,23,2631496706
2839,242761556,111540,242873096,9,0,1,3584,9,3461092902
2840,242783383,146115,242929498,14,0,0,21504,14,9877408861
2841,242822958,451063,243274021,12,0,0,94720,12,3267110112
2842,242851633,21822,242873455,19,0,1,9728,19,6159455257
2843,242864509,471457,243335966,5,0,0,38912,5,6224284248
2844,242868748,227352,243096100,0,0,0,33280,0,2924049005
2845,242875081,6192,242881273,10,0,1,13312,10,7009083127
2846,242884305,289045,243173350,20,0,0,19456,20,2450281237
2847,242901350,2946,242904296,14,0,1,3072,14,5421588318
2848,242917746,310861,243228607,22,0,0,23040,22,2341490201
2849,242922810,543200,243466010,14,0,0,12288,14,8191403132
2850,242940319,5326,242945645,3,0,1,5632,3,1114757522
2851,242962599,479505,243442104,14,0,0,22528,14,10627774999
2852,242974917,4420,242979337,9,0,1,11776,9,1892890397
2853,242981262,240310,243221572,22,0,0,10240,22,7793861635
2854,243007395,361181,243368576,24,0,0,8704,24,1629485917
2855,243018524,210886,243229410,5,0,0,2560,5,9259501663
2856,243056602,223221,243279823,6,0,0,2560,6,9946472834
2857,243091385,5749,243097134,9,0,1,1024,9,8231203903
2858,243156175,6754,243162929,11,0,1,7168,11,5366840900
2859,243159433,302810,243462243,11,0,0,66048,11,1417368352
2860,243163956,130247,243294203,3,0,0,2560,3,9192502212
2861,243169940,166977,243336917,23,0,0,3072,23,10434923753
2862,243181930,13858,243195788,16,0,1,23552,16,7361526021
2863,243192907,86121,243279028,3,0,0,16384,3,10244994509
2864,243213226,202291,243415517,21,0,0,26624,21,7293624024
2865,243220762,274276,243495038,12,0,0,44544,12,2999924006
2866,243228401,178989,243407390,16,0,0,45056,16,9624901255
2867,243292502,90357,243382859,6,0,0,10752,6,51945217
2868,243302841,253992,243556833,4,0,0,3072,4,6774033754
2869,243339375,174999,243514374,16,0,0,31744,16,2019850783
2870,243362205,103820,243466025,1,0,1,159744,1,9099895948
2871,243406719,171943,243578662,22,0,0,1536,22,10640910214
2872,243407103,601024,244008127,1,0,0,26112,1,6261745687
2873,243445004,394379,243839383,8,0,0,54272,8,7051208167
2874,243462293,355977,243818270,23,0,0,103424,23,7364536206
2875,243471617,52612,243524229,5,0,0,512,5,10394489492
2876,243492332,114139,243606471,4,0,0,33792,4,8510080036
2877,243502268,371969,243874237,25,0,0,11264,25,3445637678
2878,243510099,214773,243724872,28,0,0,512,28,975427936
2879,243518794,331547,243850341,24,0,0,2048,24,4366486912
2880,243525474,127382,243652856,14,0,0,15360,14,4918869578
2881,243533826,1994,243535820,20,0,1,2048,20,10009837688
2882,243541218,106069,243647287,8,0,0,15872,8,2674364455
2883,243544961,219060,243764021,18,0,0,30208,18,5785883759
2884,243557487,167206,243724693,3,0,0,72192,3,7711133097
2885,243563653,1994,243565647,21,0,1,2048,21,97777976
2886,243607188,147614,243754802,19,0,0,31232,19,10123889982
2887,243658289,261032,243919321,14,0,0,28160,14,918803971
2888,243685939,168481,243854420,1,0,0,13312,1,3971744599
2889,243704010,60026,243764036,18,0,1,45056,18,4101365333
2890,243719690,130004,243849694,15,0,0,33792,15,266136175
2891,243766363,4374,243770737,28,0,1,4608,28,7983411428
2892,243783447,169912,243953359,8,0,0,7680,8,9817412656
2893,243814608,8074,243822682,9,0,1,11776,9,5806515705
2894,243829701,254869,244084570,12,0,0,12800,12,8388744260
2895,243841962,238693,244080655,16,0,0,17920,16,6197788161
2896,243855882,142674,243998556,1,0,0,3072,1,8029490354
2897,243877850,222082,244099932,29,0,0,5632,29,10235672239
2898,243927733,1042,243928775,15,0,1,1024,15,5481526304
2899,243940682,4937,243945619,29,0,1,12800,29,7432275896
2900,243947800,127364,244075164,22,0,0,93184,22,8201286218
2901,243983246,141155,244124401,0,0,0,4096,0,6217344604
2902,244050966,268402,244319368,22,0,0,22528,22,692448239
2903,244054975,157813,244212788,1,0,0,23552,1,341848329
2904,244061003,26496,244087499,9,0,1,8704,9,6635568235
2905,244066907,205119,244272026,0,0,0,26624,0,7587460012
2906,244068219,129778,244197997,28,0,0,6656,28,6009693541
2907,244081964,230502,244312466,2,0,0,112640,2,3281856992
2908,244087355,274917,244362272,29,0,0,48128,29,8528787683
2909,244119776,4640,244124416,29,0,1,11776,29,3006036675
2910,244129947,4679,244134626,20,0,1,12288,20,7158450183
2911,244135348,184683,244320031,29,0,0,2048,29,4707021546
2912,244179732,49574,244229306,19,0,0,1024,19,9539278394
2913,244190810,131264,244322074,28,0,0,6656,28,10425649600
2914,244222482,218600,244441082,24,0,0,43520,24,8395361591
2915,244246059,5196,244251255,5,0,1,13312,5,5723430312
2916,244248440,75209,244323649,3,0,0,5120,3,8599088446
2917,244276127,183599,244459726,5,0,0,59392,5,4126344184
2918,244277276,35213,244312489,4,0,1,14848,4,5410444016
2919,244282706,47180,244329886,16,0,1,6656,16,2584156378
2920,244292244,127154,244419398,18,0,1,155648,18,214122899
2921,244298785,358826,244657611,21,0,0,39936,21,1113169122
2922,244302853,224775,244527628,5,0,0,54272,5,1147242977
2923,244316821,102923,244419744,29,0,1,512,29,7168121608
2924,244319784,293762,244613546,8,0,0,27136,8,7953995669
2925,244353086,70917,244424003,10,0,0,2560,10,10515216783
2926,244358380,212818,244571198,3,0,0,4096,3,3776150641
2927,244380855,297423,244678278,10,0,0,7168,10,4684255389
2928,244418042,5976,244424018,3,0,1,13312,3,9841806700
2929,244422823,276498,244699321,20,0,0,65024,20,8066345966
2930,244430420,29321,244459741,22,0,1,16896,22,4089979622
2931,244456071,368332,244824403,29,0,0,35840,29,518768596
2932,244502556,202240,244704796,27,0,0,17920,27,8608227375
2933,244518138,15711,244533849,16,0,1,15360,16,6609813255
2934,244570235,190188,244760423,6,0,0,47616,6,6698885071
2935,244582910,363670,244946580,7,0,0,45568,7,7782793921
2936,244586470,156755,244743225,1,0,0,12288,1,1869291308
2937,244626563,162798,244789361,6,0,0,20480,6,8333339327
2938,244629201,405928,245035129,13,0,0,60416,13,9491252216
2939,244647958,11656,244659614,25,0,1,2048,25,8912033397
2940,244654960,241441,244896401,8,0,0,49152,8,8190131394
2941,244659164,116723,244775887,6,0,0,7680,6,7861346823
2942,244675566,313465,244989031,28,0,0,66048,28,8751045151
2943,244706093,240658,244946751,14,0,0,512,14,7966305276
2944,244709747,83529,244793276,9,0,0,12800,9,10333177719
2945,244709760,196016,244905776,20,0,0,30720,20,1485528376
2946,244740144,256718,244996862,4,0,0,25600,4,231785389
2947,244742711,3001,244745712,3,0,1,2560,3,3915836651
2948,244752014,264692,245016706,13,0,0,52224,13,439969056
2949,244777642,417193,245194835,9,0,0,27136,9,6609613815
2950,244793771,510630,245304401,6,0,0,9216,6,795295004
2951,244811462,224618,245036080,14,0,0,3072,14,8275221017
2952,244817911,100848,244918759,11,0,0,19456,11,3439933367
2953,244819444,5542,244824986,22,0,1,512,22,7982960711
2954,244867861,190779,245058640,1,0,0,12288,1,10675855512
2955,244877963,27828,244905791,21,0,1,17408,21,2500459108
2956,244892853,143398,245036251,13,0,0,512,13,1437263280
2957,244900165,137357,245037522,15,0,0,4096,15,10208243814
2958,244913578,215529,245129107,5,0,0,4608,5,5992068565
2959,244916912,4334,244921246,5,0,1,2560,5,5413922908
2960,244923137,184026,245107163,21,0,0,49152,21,7286773970
2961,244935707,187695,245123402,17,0,0,53248,17,1031700615
2962,244974412,151638,245126050,25,0,0,512,25,8011618352
2963,244977511,324067,245301578,0,0,0,29696,0,2860931284
2964,244987580,136461,245124041,21,0,0,2048,21,5079522174
2965,245015450,23549,245038999,28,0,1,1536,28,7210484811
2966,245047783,4850,245052633,27,0,1,5120,27,10265812639
2967,245053724,147177,245200901,29,0,0,14336,29,4762828828
2968,245061920,116573,245178493,24,0,0,14336,24,10124668325
2969,245086856,222575,245309431,1,0,0,6656,1,10171955976
2970,245124690,167825,245292515,10,0,0,87040,10,7882497543
2971,245126415,3422,245129837,18,0,1,3584,18,399401505
2972,245129173,2946,245132119,17,0,1,3072,17,1670169047
2973,245155049,1994,245157043,5,0,1,2048,5,6998085070
2974,245161928,145452,245307380,24,0,0,9728,24,7701508262
2975,245184896,124550,245309446,1,0,1,199168,1,8197591816
2976,245185703,289573,245475276,13,0,0,32768,13,1350782312
2977,245208192,245653,245453845,7,0,0,30720,7,2930768620
2978,245216191,179795,245395986,16,0,0,512,16,420094350
2979,245225518,103996,245329514,1,0,1,71168,1,7910827305
2980,245240430,91670,245332100,28,0,1,4096,28,10111332851
2981,245289416,269561,245558977,12,0,0,30720,12,10072338681
2982,245310371,171344,245481715,9,0,0,5120,9,10610219015
2983,245404503,2946,245407449,15,0,1,3072,15,4659070804
2984,245404794,109422,245514216,11,0,0,2048,11,618937039
2985,245425988,215241,245641229,10,0,0,9728,10,9302217022
2986,245447169,149041,245596210,8,0,0,34816,8,1781840778
2987,245451595,3309,245454904,18,0,1,1024,18,209534124
2988,245455309,127885,245583194,10,0,0,14336,10,6611828034
2989,245484629,165039,245649668,4,0,0,27648,4,3237750640
2990,245497222,121652,245618874,17,0,0,12288,17,5895923403
2991,245514083,124167,245638250,19,0,0,32256,19,2075022827
2992,245524954,234040,245758994,28,0,0,5632,28,7489726973
2993,245545548,79314,245624862,11,0,0,11776,11,10528541994
2994,245559023,233709,245792732,23,0,0,19456,23,10473745371
2995,245575158,191046,245766204,23,0,0,10752,23,5960956651
2996,245575863,1042,245576905,27,0,1,1024,27,3930211251
2997,245590458,119690,245710148,13,0,0,9216,13,8893198950
2998,245591572,6173,245597745,29,0,1,1536,29,562093008
2999,245597029,146855,245743884,0,0,0,33280,0,9429788615
3000,245599858,4374,245604232,4,0,1,4608,4,5999394258
3001,245670460,262949,245933409,21,0,0,60416,21,2612348892
3002,245681427,12825,245694252,21,0,1,21504,21,5758849275
3003,245682258,197556,245879814,7,0,0,24576,7,4700543432
3004,245683909,12929,245696838,21,0,1,4096,21,1115742324
3005,245686457,11047,245697504,3,0,1,1024,3,3541971999
3006,245707844,3338,245711182,17,0,1,1024,17,2740616288
3007,245742869,96549,245839418,8,0,0,10240,8,9496646153
3008,245764069,179191,245943260,0,0,0,32256,0,891903415
3009,245779819,199001,245978820,29,0,0,35840,29,7707636402
3010,245795286,209662,246004948,11,0,0,5632,11,187722855
3011,245872496,9780,245882276,5,0,1,2560,5,6380012598
3012,245894549,285343,246179892,12,0,0,88576,12,10619993036
3013,245898044,113959,246012003,25,0,0,9728,25,7683617997
3014,245902610,153829,246056439,2,0,0,19456,2,1345578964
3015,245920887,181932,246102819,20,0,0,3072,20,9098739137
3016,245944254,327896,246272150,5,0,0,109568,5,7414879384
3017,245970945,128765,246099710,7,0,0,4608,7,9435772721
3018,246008621,194725,246203346,0,0,0,38400,0,8237061136
3019,246041055,98127,246139182,10,0,0,14336,10,266583147
3020,246061708,148517,246210225,7,0,0,22528,7,9342423137
3021,246088214,1042,246089256,2,0,1,1024,2,2472255131
3022,246090590,146065,246236655,6,0,0,31744,6,1923850185
3023,246131021,8176,246139197,25,0,1,4608,25,2997960465
3024,246201279,122947,246324226,16,0,0,74240,16,670426715
3025,246203519,79186,246282705,27,0,0,3584,27,3641593320
3026,246227923,107816,246335739,16,0,0,5120,16,8743852245
3027,246251289,165110,246416399,17,0,0,12800,17,6061795400
3028,246262030,118956,246380986,9,0,0,11264,9,8634824868
3029,246282824,41425,246324249,7,0,1,60928,7,1666480296
3030,246289493,81753,246371246,3,0,0,9216,3,773000477
3031,246294107,30157,246324264,25,0,1,5632,25,6372719773
3032,246309245,63953,246373198,22,0,0,2048,22,429936229
3033,246327706,214260,246541966,6,0,0,13824,6,6873420202
3034,246328894,208845,246537739,13,0,0,78848,13,6319208527
3035,246329552,6278,246335830,22,0,1,6656,22,2169773768
3036,246330464,180681,246511145,1,0,0,31744,1,10614446039
3037,246375882,200145,246576027,4,0,0,33280,4,5631212673
3038,246380581,181836,246562417,22,0,0,67072,22,1270242788
3039,246412301,4121,246416422,17,0,1,1536,17,873256640
3040,246413239,152625,246565864,13,0,0,11264,13,541132925
3041,246415865,257476,246673341,20,0,0,94720,20,486809017
3042,246431372,4850,246436222,17,0,1,5120,17,9541796575
3043,246467492,566,246468058,28,0,1,512,28,8617778828
3044,246470175,233311,246703486,5,0,0,60928,5,3917475606
3045,246470865,3422,246474287,5,0,1,3584,5,8661359468
3046,246562130,19207,246581337,28,0,1,5632,28,7389360213
3047,246564408,168695,246733103,18,0,0,10752,18,4776828993
3048,246569720,135356,246705076,19,0,0,2560,19,8579896005
3049,246577013,127268,246704281,15,0,0,2560,15,3745801094
3050,246593618,80518,246674136,21,0,0,2560,21,7325789841
3051,246608849,131933,246740782,13,0,0,22016,13,5263036947
3052,246644405,61466,246705871,13,0,0,2560,13,1898874252
3053,246669898,5748,246675646,16,0,1,1536,16,7677108190
3054,246706479,6278,246712757,0,0,1,6656,0,5742519045
3055,246735822,192535,246928357,9,0,0,148480,9,4685714220
3056,246741620,187228,246928848,6,0,0,1536,6,5257941046
3057,246752961,130141,246883102,7,0,0,26112,7,8588762821
3058,246762076,175679,246937755,17,0,0,29184,17,8232618098
3059,246833356,132489,246965845,11,0,0,42496,11,6669936180
3060,246841379,111503,246952882,22,0,0,20992,22,2140193518
3061,246845627,138131,246983758,23,0,0,21504,23,1160343274
3062,246869715,4679,246874394,18,0,1,12288,18,9519383316
3063,246885655,142638,247028293,8,0,0,28160,8,6679696422
3064,246932280,259750,247192030,21,0,0,117760,21,2915142246
3065,246933635,114641,247048276,8,0,0,15360,8,6773587710
3066,246939227,136613,247075840,14,0,0,30208,14,6197340112
3067,246958321,150933,247109254,1,0,0,7680,1,5761228305
3068,246958658,137357,247096015,28,0,0,17408,28,8081939529
3069,246978867,133366,247112233,14,0,0,9728,14,5325651612
3070,247055069,101066,247156135,18,0,0,15872,18,5742398291
3071,247099122,154288,247253410,16,0,0,9728,16,8149084612
3072,247100691,136606,247237297,28,0,0,54272,28,10640548176
3073,247103683,100881,247204564,12,0,0,16896,12,4353937132
3074,247113334,184521,247297855,14,0,0,36352,14,2177100532
3075,247119895,2946,247122841,13,0,1,3072,13,4878112325
3076,247161532,37020,247198552,21,0,1,15872,21,4665939732
3077,247179474,25105,247204579,21,0,1,5120,21,1230146580
3078,247185081,19513,247204594,11,0,1,9216,11,2193936554
3079,247217267,1042,247218309,2,0,1,1024,2,2109255056
3080,247240968,1518,247242486,2,0,1,1536,2,1061025390
3081,247249897,149683,247399580,9,0,0,18944,9,613988799
3082,247309177,106962,247416139,10,0,1,178176,10,6286429998
3083,247325238,300187,247625425,2,0,0,39936,2,3036608658
3084,247337401,127949,247465350,8,0,0,3072,8,1235545434
3085,247338682,181623,247520305,20,0,0,9728,20,5927377310
3086,247341343,139991,247481334,1,0,0,5120,1,5084400724
3087,247360287,271081,247631368,6,0,0,19456,6,3842905921
3088,247382080,39858,247421938,3,0,1,19456,3,2341824654
3089,247397202,150961,247548163,11,0,0,14336,11,5735596474
3090,247413375,108661,247522036,19,0,0,5632,19,6571437583
3091,247424602,4937,247429539,4,0,1,12800,4,6920350859
3092,247428589,318488,247747077,19,0,0,8704,19,4087966567
3093,247443673,14029,247457702,0,0,1,27136,0,913376972
3094,247451536,292866,247744402,29,0,0,27136,29,1481798606
3095,247454929,254123,247709052,25,0,0,4608,25,10012304408
3096,247462272,294648,247756920,25,0,0,32256,25,8634326966
3097,247509090,227029,247736119,12,0,0,54272,12,4866946136
3098,247512575,181538,247694113,1,0,0,13312,1,6798975313
3099,247523572,285013,247808585,21,0,0,27136,21,2497907172
3100,247535874,314167,247850041,20,0,0,3584,20,4690576218
3101,247548401,265645,247814046,4,0,0,15360,4,2563005446
3102,247555701,120316,247676017,14,0,0,19456,14,10123187242
3103,247558043,354631,247912674,8,0,0,15872,8,4865351500
3104,247560328,4162,247564490,15,0,1,11264,15,3659368920
3105,247562799,342081,247904880,16,0,0,85504,16,10068739045
3106,247599046,265240,247864286,27,0,0,13312,27,6071746665
3107,247603815,214146,247817961,14,0,0,12800,14,3906252748
3108,247608067,226800,247834867,28,0,0,50688,28,7946972963
3109,247621929,153405,247775334,19,0,0,14336,19,6530306815
3110,247648012,2946,247650958,2,0,1,3072,2,8177219678
3111,247705205,262352,247967557,13,0,0,24064,13,8367133578
3112,247713788,146427,247860215,22,0,0,24064,22,1121902271
3113,247713818,121220,247835038,2,0,0,512,2,10734822762
3114,247729460,37685,247767145,4,0,1,16384,4,7270837353
3115,247744130,260764,248004894,22,0,0,49664,22,5138490536
3116,247745022,280369,248025391,18,0,0,15360,18,3810842356
3117,247775868,129971,247905839,3,0,0,3072,3,4160392932
3118,247791468,226701,248018169,13,0,0,43520,13,9803626692
3119,247817663,242373,248060036,10,0,0,6144,10,2644057946
3120,247833084,192806,248025890,27,0,0,1536,27,1343399677
3121,247834524,6333,247840857,28,0,1,6144,28,715978826
3122,247838009,182671,248020680,11,0,0,8192,11,7456321401
3123,247860821,108475,247969296,28,0,0,5632,28,7590688860
3124,247880122,178027,248058149,19,0,0,55296,19,4918263163
3125,247900918,174109,248075027,21,0,0,49152,21,3931519231
3126,247925188,173779,248098967,25,0,0,6656,25,2342757877
3127,247959801,116489,248076290,10,0,0,4096,10,1473439914
3128,247961177,12452,247973629,11,0,1,4608,11,9906988640
3129,248009343,17525,248026868,28,0,1,1536,28,4089197700
3130,248012213,17509,248029722,10,0,1,10752,10,1954691276
3131,248073240,9530,248082770,11,0,1,15872,11,9869018394
3132,248102540,93908,248196448,24,0,0,18432,24,5273804376
3133,248103331,6754,248110085,4,0,1,7168,4,1458657289
3134,248115939,216385,248332324,7,0,0,44544,7,8258410442
3135,248144979,95111,248240090,24,0,0,18432,24,6575316149
3136,248161181,184277,248345458,11,0,0,22528,11,1450659263
3137,248165976,121206,248287182,12,0,0,13312,12,2999805309
3138,248184742,153837,248338579,18,0,0,20480,18,6219284037
3139,248194265,9405,248203670,16,0,1,7680,16,6932934283
3140,248239295,56535,248295830,23,0,0,4096,23,4560188070
3141,248267044,133808,248400852,10,0,1,217088,10,1918812607
3142,248289744,185025,248474769,16,0,0,17408,16,2549146180
3143,248301095,294748,248595843,23,0,0,3072,23,1332517669
3144,248316528,270502,248587030,23,0,0,64512,23,8234453057
3145,248328368,395000,248723368,0,0,0,11264,0,7120148306
3146,248331282,73116,248404398,16,0,1,5632,16,7553337483
3147,248368510,261804,248630314,11,0,0,45568,11,7156200027
3148,248371405,195954,248567359,1,0,0,2048,1,9309978089
3149,248377084,184929,248562013,11,0,0,15872,11,4589572041
3150,248404944,254839,248659783,23,0,0,10752,23,9829583329
3151,248411524,225425,248636949,0,0,0,15872,0,10538739207
3152,248418039,284295,248702334,20,0,0,82432,20,4512467466
3153,248499095,206062,248705157,20,0,0,9216,20,7602161710
3154,248517369,4937,248522306,29,0,1,12800,29,1684617636
3155,248555402,155461,248710863,28,0,0,15360,28,5241058805
3156,248560471,333825,248894296,23,0,0,29184,23,5262810017
3157,248571421,105782,248677203,14,0,0,10752,14,927386127
3158,248573140,249438,248822578,18,0,0,6656,18,6932525204
3159,248577682,263211,248840893,27,0,0,57344,27,3070556877
3160,248578699,141222,248719921,6,0,0,20480,6,6641600973
3161,248598872,253826,248852698,5,0,0,9728,5,6629902283
3162,248641215,156337,248797552,29,0,0,16384,29,10098730909
3163,248647772,2470,248650242,15,0,1,2560,15,9357018242
3164,248663377,95682,248759059,3,0,0,6656,3,5063839007
3165,248691138,118423,248809561,21,0,0,25088,21,2678712131
3166,248746842,158233,248905075,6,0,0,35328,6,6637056010
3167,248824985,114101,248939086,22,0,0,8704,22,4835503033
3168,248852998,111968,248964966,1,0,0,4608,1,1828283216
3169,248853486,77214,248930700,16,0,0,9216,16,6345668935
3170,248856618,76437,248933055,9,0,0,7680,9,5577638315
3171,248858032,86828,248944860,7,0,0,15360,7,1295158908
3172,248862988,3645,248866633,15,0,1,10240,15,2782109224
3173,248881887,126831,249008718,15,0,0,32256,15,8161269171
3174,248883910,71277,248955187,13,0,0,5632,13,5730831373
3175,248909972,121697,249031669,19,0,0,28672,19,9456738296
3176,248940610,157317,249097927,7,0,0,15360,7,2476702610
3177,248943996,149236,249093232,27,0,0,37376,27,9496925533
3178,248944939,106764,249051703,1,0,0,2560,1,10385640721
3179,248980709,125672,249106381,11,0,0,23040,11,1410690880
3180,249002766,131380,249134146,9,0,0,9216,9,2074035330
3181,249009615,89731,249099346,14,0,0,4608,14,4220391114
3182,249013321,61614,249074935,16,0,0,5120,16,1931839434
3183,249015803,154517,249170320,7,0,0,51200,7,3184597260
3184,249039760,99580,249139340,8,0,0,3584,8,3265152681
3185,249047724,4679,249052403,25,0,1,12288,25,9413764016
3186,249070315,101268,249171583,18,0,0,4096,18,6002002117
3187,249094230,56047,249150277,10,0,0,512,10,8864746278
3188,249101789,118221,249220010,24,0,0,35328,24,8683301527
3189,249126620,82256,249208876,16,0,0,4096,16,3286015806
3190,249185602,76388,249261990,6,0,0,16384,6,4502633707
3191,249188709,2470,249191179,27,0,1,2560,27,3848168046
3192,249190342,79436,249269778,15,0,0,11264,15,4041497480
3193,249194472,79592,249274064,10,0,0,11776,10,6531010588
3194,249202475,67318,249269793,10,0,1,113152,10,4837385987
3195,249241579,204664,249446243,29,0,0,7168,29,877374713
3196,249259433,112322,249371755,22,0,0,10240,22,6869537594
3197,249302816,172323,249475139,8,0,0,11264,8,6659470523
3198,249333629,62426,249396055,21,0,0,2048,21,7337955255
3199,249340131,5196,249345327,25,0,1,13312,25,7230569693
3200,249342475,179974,249522449,6,0,0,27136,6,1232230782
3201,249367401,112745,249480146,13,0,0,16384,13,7274041154
3202,249373922,227817,249601739,5,0,0,59392,5,9472846172
3203,249400978,145917,249546895,1,0,0,20992,1,4293651507
3204,249436475,87861,249524336,8,0,0,6144,8,2849079275
3205,249458011,6488,249464499,13,0,1,15872,13,9614157838
3206,249475623,158930,249634553,6,0,0,16896,6,2933178011
3207,249499202,154774,249653976,20,0,0,36352,20,6526968836
3208,249505658,340404,249846062,13,0,0,15872,13,593533255
3209,249530032,159067,249689099,16,0,0,36352,16,5752193584
3210,249546194,176205,249722399,13,0,0,72192,13,916666231
3211,249549530,263736,249813266,23,0,0,9216,23,3462619518
3212,249556673,7706,249564379,2,0,1,8192,2,4232711985
3213,249575808,25946,249601754,16,0,1,16896,16,5097615885
3214,249606862,2470,249609332,28,0,1,2560,28,3016612353
3215,249622196,101310,249723506,1,0,0,3584,1,9686634971
3216,249622987,206638,249829625,12,0,0,10240,12,153297884
3217,249635862,147539,249783401,17,0,0,4096,17,7199821103
3218,249640404,167192,249807596,16,0,0,79360,16,800517903
3219,249646570,316753,249963323,0,0,0,26624,0,5750230835
3220,249668697,189002,249857699,2,0,0,19968,2,7085924890
3221,249679495,217648,249897143,21,0,0,13312,21,266654754
3222,249681780,13614,249695394,11,0,1,6656,11,7010366661
3223,249692746,117697,249810443,11,0,0,9216,11,2088345497
3224,249785620,287164,250072784,12,0,0,60928,12,4039514920
3225,249786404,124781,249911185,21,0,0,10752,21,4908210504
3226,249790654,117240,249907894,5,0,0,29184,5,8455511216
3227,249839273,133555,249972828,7,0,0,4608,7,1301921566
3228,249863775,140826,250004601,1,0,0,21504,1,8379301799
3229,249880573,90836,249971409,2,0,0,18432,2,93114520
3230,249928466,566,249929032,20,0,1,512,20,491768102
3231,249932983,115993,250048976,2,0,0,28160,2,1395261435
3232,249938216,191706,250129922,18,0,0,20480,18,764230682
3233,249947218,6754,249953972,17,0,1,7168,17,6074786271
3234,249987793,6754,249994547,27,0,1,7168,27,7187985829
3235,250058221,80455,250138676,2,0,0,7168,2,10024781183
3236,250067930,99535,250167465,24,0,0,15872,24,10477019836
3237,250070603,207591,250278194,9,0,0,14848,9,2526275999
3238,250070606,70962,250141568,18,0,0,1536,18,794996374
3239,250089973,117448,250207421,11,0,0,7168,11,4853063633
3240,250115916,193803,250309719,1,0,0,30720,1,5114371974
3241,250116174,89048,250205222,13,0,0,13312,13,8088370777
3242,250134307,89636,250223943,14,0,0,7680,14,5707371300
3243,250170498,167577,250338075,10,0,0,17920,10,9782623474
3244,250170672,76629,250247301,18,0,0,2560,18,6086026298
3245,250174403,186045,250360448,29,0,0,56832,29,6699338651
3246,250178460,108512,250286972,20,0,0,12288,20,6643528263
3247,250226779,97096,250323875,10,0,1,162304,10,5002165714
3248,250255395,151889,250407284,4,0,0,6656,4,6421768495
3249,250325026,128070,250453096,8,0,0,18944,8,3492895576
3250,250374572,138128,250512700,22,0,0,53248,22,8017768777
3251,250389953,106026,250495979,23,0,0,512,23,8925878399
3252,250394306,231866,250626172,11,0,0,30208,11,1483715821
3253,250434598,2470,250437068,2,0,1,2560,2,2445320836
3254,250445012,8099,250453111,2,0,1,7680,2,6973294741
3255,250478006,188833,250666839,4,0,0,76800,4,1330357618
3256,250482983,1042,250484025,29,0,1,1024,29,6472335672
3257,250514232,5454,250519686,27,0,1,13824,27,5727977178
3258,250533343,147091,250680434,20,0,0,44544,20,8858053363
3259,250546166,156247,250702413,11,0,0,22016,11,7642865427
3260,250570336,141935,250712271,17,0,0,4608,17,2555080677
3261,250571180,139672,250710852,25,0,0,27648,25,7499048564
3262,250582348,207827,250790175,23,0,0,66560,23,2894453337
3263,250604275,1994,250606269,16,0,1,2048,16,5817984856
3264,250619611,171539,250791150,2,0,0,3072,2,9087946054
3265,250635084,159677,250794761,20,0,0,11776,20,2287676921
3266,250650181,33340,250683521,29,0,1,9216,29,4172485375
3267,250749358,3387,250752745,5,0,1,9728,5,4502746573
3268,250776794,20396,250797190,22,0,1,2560,22,9360716416
3269,250779231,226152,251005383,27,0,0,27136,27,1011386680
3270,250780392,202958,250983350,11,0,0,26112,11,9300172643
3271,250781790,20940,250802730,15,0,1,7680,15,4434241805
3272,250796172,179192,250975364,23,0,0,60416,23,7376968597
3273,250810960,103523,250914483,18,0,0,1024,18,9284454094
3274,250824772,129119,250953891,14,0,0,19456,14,10457050157
3275,250860421,250436,251110857,3,0,0,140288,3,6993809112
3276,250924226,203354,251127580,23,0,0,54784,23,4073506717
3277,250952974,178833,251131807,19,0,0,13824,19,22735665
3278,250953922,21457,250975379,11,0,1,13824,11,6281406385
3279,250984737,5802,250990539,5,0,1,6144,5,4410379686
3280,251000703,185754,251186457,6,0,0,44032,6,1358362023
3281,251025801,2870,251028671,13,0,1,8704,13,415618310
3282,251026595,202408,251229003,0,0,0,36352,0,2504394609
3283,251033427,103551,251136978,3,0,0,16896,3,1272522799
3284,251046942,195974,251242916,27,0,0,26624,27,1179976396
3285,251082101,193984,251276085,23,0,0,13312,23,6060255897
3286,251089896,97044,251186940,21,0,0,1536,21,6725274231
3287,251118272,238188,251356460,7,0,0,18944,7,8863406797
3288,251155956,144530,251300486,11,0,0,12800,11,7179454687
3289,251158240,5802,251164042,25,0,1,6144,25,969954228
3290,251166621,98228,251264849,22,0,0,22528,22,3077264925
3291,251184868,107239,251292107,28,0,0,30208,28,9997630786
3292,251185392,126027,251311419,8,0,0,7168,8,1989668508
3293,251192020,134003,251326023,18,0,0,9728,18,4190240289
3294,251204267,162348,251366615,4,0,0,33280,4,3120791608
3295,251209658,162294,251371952,13,0,0,14336,13,5845499891
3296,251260018,11101,251271119,29,0,1,6656,29,3444993983
3297,251273857,169189,251443046,29,0,0,17920,29,7827390936
3298,251334428,6488,251340916,5,0,1,15872,5,6208426441
3299,251334983,79141,251414124,7,0,0,16384,7,10732257546
3300,251340813,66939,251407752,6,0,0,512,6,5394967588
3301,251405802,75962,251481764,1,0,0,12800,1,6005908907
3302,251409336,58836,251468172,24,0,0,3584,24,4066233423
3303,251410468,7594,251418062,25,0,1,10752,25,2585872910
3304,251412663,56460,251469123,29,0,0,3072,29,5147233221
3305,251416425,4956,251421381,17,0,1,4096,17,165768164
3306,251448343,4850,251453193,4,0,1,5120,4,7900025275
3307,251458704,298701,251757405,23,0,0,54784,23,8480880977
3308,251462594,72848,251535442,12,0,0,14848,12,5210951954
3309,251466072,3387,251469459,19,0,1,9728,19,4245333674
3310,251484541,172662,251657203,28,0,0,113664,28,1878268198
3311,251495679,268746,251764425,14,0,0,12288,14,9599830161
3312,251515672,157602,251673274,18,0,0,3584,18,1939315544
3313,251541665,3904,251545569,1,0,1,10752,1,1905275983
3314,251562786,141411,251704197,25,0,0,41472,25,8286434183
3315,251574167,90258,251664425,25,0,0,19968,25,3183159140
3316,251577735,214511,251792246,27,0,0,20480,27,2305626098
3317,251584939,134450,251719389,2,0,0,5632,2,6404925908
3318,251587058,126539,251713597,3,0,0,15360,3,3971469333
3319,251590894,96077,251686971,28,0,0,11264,28,5370856401
3320,251591865,4162,251596027,0,0,1,11264,0,4115613199
3321,251592047,66279,251658326,6,0,0,3584,6,8943836172
3322,251592933,95096,251688029,5,0,0,1536,5,9097884965
3323,251618651,2470,251621121,2,0,1,2560,2,237941975
3324,251619140,251466,251870606,16,0,0,5120,16,7289126827
3325,251629447,130532,251759979,21,0,0,6656,21,6788301169
3326,251640253,164811,251805064,19,0,0,12288,19,5731008956
3327,251695006,19424,251714430,4,0,1,16384,4,3051001780
3328,251706272,153250,251859522,6,0,0,7168,6,6919341823
3329,251713879,142768,251856647,2,0,0,3584,2,3708493292
3330,251720820,10241,251731061,21,0,1,16384,21,8249046568
3331,251725617,5790,251731407,2,0,1,512,2,6811194913
3332,251742878,109774,251852652,6,0,0,3072,6,2492333225
3333,251761663,292995,252054658,15,0,0,4608,15,3511080
3334,251775712,69284,251844996,25,0,0,8192,25,119699888
3335,251776137,48980,251825117,10,0,0,2048,10,2348661220
3336,251797594,3128,251800722,20,0,1,9216,20,7026038293
3337,251799798,69233,251869031,0,0,0,8192,0,8344923469
3338,251802910,130094,251933004,2,0,0,45568,2,4708292544
3339,251813263,175329,251988592,11,0,0,8704,11,4997047349
3340,251815858,134066,251949924,10,0,1,217600,10,6845524214
3341,251822795,225277,252048072,25,0,0,18432,25,6506229238
3342,251873675,230705,252104380,27,0,0,20480,27,7387417143
3343,251888399,112447,252000846,20,0,0,10752,20,10032612974
3344,251898973,102356,252001329,5,0,0,1536,5,9221215867
3345,251910542,78065,251988607,2,0,1,116736,2,7503633473
3346,251959385,110789,252070174,27,0,0,5120,27,1535524148
3347,251991765,150822,252142587,6,0,0,21504,6,2248095160
3348,252013376,238836,252252212,3,0,0,7168,3,5282682725
3349,252016831,271789,252288620,11,0,0,40960,11,5054157735
3350,252093057,119417,252212474,10,0,0,24064,10,6198890076
3351,252176931,56060,252232991,1,0,0,5120,1,5279838620
3352,252191640,166754,252358394,5,0,0,41984,5,6510766505
3353,252224112,45596,252269708,12,0,0,1024,12,10362432784
3354,252233179,2870,252236049,13,0,1,8704,13,2904499499
3355,252263611,71656,252335267,7,0,0,1024,7,10382831326
3356,252277509,155328,252432837,12,0,0,11776,12,8963818707
3357,252285001,18957,252303958,1,0,1,29696,1,10085210290
3358,252296908,7818,252304726,11,0,1,11776,11,8339353736
3359,252299088,123425,252422513,15,0,0,44032,15,3416792894
3360,252346629,62429,252409058,19,0,0,2560,19,4416204579
3361,252349400,21577,252370977,13,0,1,20992,13,3138871875
3362,252378876,92012,252470888,20,0,0,12800,20,6271928612
3363,252400659,146651,252547310,21,0,0,77312,21,7150820708
3364,252402956,566,252403522,4,0,1,512,4,2542665161
3365,252461171,196033,252657204,22,0,0,17920,22,7183972423
3366,252477920,5802,252483722,5,0,1,6144,5,2796537932
3367,252491100,72462,252563562,7,0,0,4096,7,612406624
3368,252499475,6278,252505753,12,0,1,6656,12,6130985962
3369,252510554,126964,252637518,19,0,0,85504,19,6987271703
3370,252530270,182929,252713199,9,0,0,12288,9,6565532456
3371,252561408,566,252561974,0,0,1,512,0,5762556892
3372,252572184,75268,252647452,20,0,0,7168,20,654742449
3373,252606782,136404,252743186,16,0,0,47104,16,6882914193
3374,252607386,30147,252637533,18,0,1,7680,18,9145898061
3375,252651834,12592,252664426,27,0,1,7680,27,3232388939
3376,252676549,148942,252825491,22,0,0,5632,22,4409996715
3377,252691774,52394,252744168,23,0,0,3072,23,7777736337
3378,252703371,254661,252958032,0,0,0,45568,0,7429033244
3379,252718254,24947,252743201,18,0,1,25088,18,9088169348
3380,252732005,72988,252804993,24,0,1,98304,24,9664195328
3381,252739304,67635,252806939,7,0,1,3072,7,2791187615
3382,252747197,60510,252807707,4,0,1,11776,4,3021733578
3383,252749925,225434,252975359,25,0,0,28672,25,3443153415
3384,252766327,372178,253138505,7,0,0,124416,7,727404915
3385,252791597,273067,253064664,0,0,0,24064,0,448311588
3386,252804294,253023,253057317,19,0,0,35328,19,5244026367
3387,252806742,239796,253046538,18,0,0,40960,18,3701491335
3388,252817510,3898,252821408,20,0,1,4096,20,9063742663
3389,252826771,107846,252934617,14,0,0,8192,14,2018890087
3390,252866193,6754,252872947,15,0,1,7168,15,5030893050
3391,252866871,144530,253011401,12,0,0,9728,12,2701825050
3392,252947145,28229,252975374,18,0,1,20480,18,9707174425
3393,252954285,200771,253155056,3,0,0,54272,3,9982224258
3394,253004220,151179,253155399,3,0,0,1024,3,8443009435
3395,253007885,88760,253096645,8,0,0,1536,8,3211837282
3396,253052245,177858,253230103,24,0,0,2560,24,5906511220
3397,253054163,25322,253079485,11,0,1,28672,11,2518674256
3398,253082721,136147,253218868,21,0,0,23040,21,3121723392
3399,253086692,108851,253195543,6,0,0,27648,6,2389199328
3400,253122449,138903,253261352,1,0,0,29184,1,9246712867
3401,253125168,155701,253280869,20,0,0,11776,20,2480248430
3402,253142691,17074,253159765,13,0,1,4608,13,6952136516
3403,253160785,130353,253291138,11,0,0,32256,11,1616629989
3404,253176899,327399,253504298,11,0,0,61440,11,4381284030
3405,253196717,2470,253199187,11,0,1,2560,11,5796500970
3406,253200715,184749,253385464,8,0,0,28160,8,5265340409
3407,253219057,98467,253317524,15,0,0,4608,15,960038016
3408,253235992,75934,253311926,19,0,0,6656,19,1577864432
3409,253238359,229777,253468136,7,0,0,16896,7,97616878
3410,253244040,241523,253485563,4,0,0,15872,4,3130152486
3411,253259481,293731,253553212,19,0,0,16896,19,4053773052
3412,253281963,167311,253449274,25,0,0,34816,25,7520394761
3413,253311826,1134,253312960,1,0,1,1024,1,10322656957
3414,253321786,140607,253462393,5,0,0,43008,5,2474098504
3415,253350561,2946,253353507,29,0,1,3072,29,7739328232
3416,253354853,125859,253480712,16,0,0,12800,16,2725641372
3417,253358753,261908,253620661,14,0,0,8704,14,9830959539
3418,253359476,3422,253362898,29,0,1,3584,29,1282399097
3419,253362915,255079,253617994,8,0,0,19456,8,8065162844
3420,253372154,13333,253385487,22,0,1,7680,22,3175717760
3421,253378172,135860,253514032,25,0,0,31744,25,2755282254
3422,253380390,200666,253581056,13,0,0,7168,13,7038019301
3423,253383205,3351,253386556,28,0,1,1024,28,7958656040
3424,253398617,378197,253776814,4,0,0,33792,4,10227990517
3425,253400800,1518,253402318,22,0,1,1536,22,7460719961
3426,253402841,232031,253634872,25,0,0,46592,25,1824630672
3427,253419990,331135,253751125,27,0,0,36352,27,275684205
3428,253444598,193885,253638483,1,0,0,11776,1,4761033516
3429,253451892,288134,253740026,29,0,0,30720,29,4904519782
3430,253458315,221041,253679356,28,0,0,93696,28,8108146352
3431,253471314,32999,253504313,4,0,1,19968,4,6852953216
3432,253484269,34918,253519187,16,0,1,13312,16,4218419577
3433,253485700,424998,253910698,1,0,0,7168,1,7980878612
3434,253492257,471653,253963910,11,0,0,19968,11,1847808257
3435,253495510,32778,253528288,25,0,1,16384,25,143129644
3436,253508496,172762,253681258,17,0,0,6144,17,804898477
3437,253517567,265289,253782856,25,0,0,7680,25,6901111391
3438,253526231,288376,253814607,21,0,0,512,21,1325839026
3439,253548716,136769,253685485,16,0,0,13824,16,6842543552
3440,253550640,263796,253814436,17,0,0,92160,17,3310640804
3441,253551609,488315,254039924,12,0,0,41472,12,10346180086
3442,253560221,327746,253887967,5,0,0,13312,5,8237841196
3443,253563281,6229,253569510,16,0,1,15360,16,8207607969
3444,253592946,393982,253986928,14,0,0,9216,14,381101075
3445,253625213,54158,253679371,17,0,1,24064,17,10014517521
3446,253630953,209869,253840822,4,0,0,9728,4,7858005987
3447,253634145,189082,253823227,25,0,0,9216,25,4380846988
3448,253640904,136929,253777833,7,0,0,2048,7,8947174486
3449,253644072,239824,253883896,16,0,0,31232,16,3467613191
3450,253736928,190390,253927318,9,0,0,12800,9,10506337751
3451,253757444,409822,254167266,5,0,0,16384,5,5269985031
3452,253789447,133956,253923403,17,0,0,33280,17,10421766041
3453,253792655,182658,253975313,10,0,0,37376,10,4639487313
3454,253821510,348400,254169910,2,0,1,561664,2,1011536816
3455,253831525,338731,254170256,20,0,1,512,20,8202136365
3456,253837326,390194,254227520,29,0,0,7168,29,10601610043
3457,253854499,359973,254214472,23,0,0,19968,23,4483342674
3458,253868698,486194,254354892,23,0,0,70144,23,3791800242
3459,253888737,567969,254456706,18,0,0,90624,18,8531403717
3460,253934275,307178,254241453,2,0,0,27648,2,2392013280
3461,253953294,290654,254243948,3,0,0,5632,3,10644776008
3462,254027053,148490,254175543,18,0,1,25088,18,5921616049
3463,254034630,142219,254176849,5,0,1,2048,5,1051452350
3464,254051110,128325,254179435,11,0,1,4096,11,9253677619
3465,254060607,622890,254683497,27,0,0,15360,27,5988759234
3466,254070139,571169,254641308,5,0,0,45056,5,1267521478
3467,254073823,449669,254523492,16,0,0,11264,16,7251021807
3468,254086055,541097,254627152,29,0,0,5120,29,249827278
3469,254103269,293091,254396360,2,0,0,15872,2,4348343132
3470,254119971,271530,254391501,17,0,0,22016,17,5824619391
3471,254141398,537396,254678794,2,0,0,43008,2,2655401163
3472,254161850,381722,254543572,28,0,0,15360,28,5926907310
3473,254164463,621373,254785836,10,0,0,31232,10,3172593923
3474,254177273,207505,254384778,7,0,0,15872,7,3544610542
3475,254184730,281233,254465963,4,0,0,29184,4,7393308758
3476,254214401,14180,254228581,28,0,1,24064,28,8170424616
3477,254258069,440278,254698347,4,0,0,4608,4,7052875451
3478,254297423,317021,254614444,11,0,0,23552,11,7000822816
3479,254314475,2946,254317421,13,0,1,3072,13,468527256
3480,254385566,14398,254399964,0,0,1,10240,0,1304089995
3481,254405703,259956,254665659,14,0,0,79872,14,720994020
3482,254411450,285478,254696928,18,0,0,44032,18,4735297619
3483,254426380,162749,254589129,4,0,0,30720,4,3235622645
3484,254435325,307471,254742796,11,0,0,19456,11,1877911425
3485,254472510,351747,254824257,4,0,0,4096,4,2657963288
3486,254518859,566,254519425,29,0,1,512,29,7772011660
3487,254535002,326276,254861278,4,0,0,24064,4,9040849566
3488,254542437,2169,254544606,24,0,1,1024,24,7396558430
3489,254546132,159757,254705889,22,0,0,24064,22,6408461442
3490,254547522,380650,254928172,6,0,0,512,6,9018307250
3491,254549469,370021,254919490,9,0,0,23552,9,7650445146
3492,254575280,236311,254811591,16,0,0,84480,16,6364603786
3493,254585425,277428,254862853,13,0,0,5120,13,5886489083
3494,254590855,5326,254596181,24,0,1,5632,24,5031922319
3495,254594254,410868,255005122,27,0,0,25088,27,4209533592
3496,254610676,212318,254822994,7,0,0,37376,7,5942976091
3497,254614669,83849,254698518,0,0,0,512,0,278025295
3498,254629481,446039,255075520,9,0,0,28160,9,9607291029
3499,254632305,324618,254956923,7,0,0,42496,7,8937123195
3500,254641658,64254,254705912,1,0,1,512,1,1035645221
3501,254685516,21374,254706890,10,0,1,1024,10,5127141876
3502,254689630,282136,254971766,16,0,0,48640,16,1219363743
3503,254713655,323701,255037356,24,0,0,30720,24,4814641345
3504,254744718,2470,254747188,28,0,1,2560,28,4561445261
3505,254758986,4937,254763923,25,0,1,12800,25,6664082439
3506,254877950,221084,255099034,6,0,0,23552,6,8104114288
3507,254888272,6278,254894550,13,0,1,6656,13,6253062966
3508,254954310,24645,254978955,21,0,1,7680,21,6820977240
3509,254979618,3422,254983040,4,0,1,3584,4,583639366
3510,254997096,210600,255207696,9,0,0,48128,9,192994565
3511,255053401,114420,255167821,23,0,0,16896,23,3952619809
3512,255067103,71659,255138762,29,0,0,5120,29,2434173872
3513,255079630,137456,255217086,20,0,0,30720,20,8858246819
3514,255085915,204351,255290266,4,0,0,7168,4,3438668709
3515,255113045,94666,255207711,28,0,1,133632,28,4692591060
3516,255125274,91827,255217101,13,0,1,5632,13,10450263763
3517,255155718,132349,255288067,18,0,0,12800,18,2354108244
3518,255162248,54868,255217116,13,0,1,3072,13,4515562947
3519,255222700,255113,255477813,14,0,0,11264,14,10197762813
3520,255242521,86072,255328593,8,0,0,17920,8,3497726997
3521,255245477,137572,255383049,4,0,0,35328,4,9031526671
3522,255297445,176921,255474366,2,0,0,16896,2,4184470123
3523,255330822,138381,255469203,24,0,0,90112,24,4885819611
3524,255397214,2470,255399684,5,0,1,2560,5,8803834703
3525,255476076,15587,255491663,2,0,1,23552,2,6511006235
3526,255489270,89900,255579170,27,0,0,15360,27,9155858618
3527,255516850,215550,255732400,22,0,0,10240,22,5814216614
3528,255517120,272438,255789558,15,0,0,59904,15,3469328331
3529,255546449,349862,255896311,4,0,0,23552,4,2942541887
3530,255593284,60740,255654024,11,0,0,1024,11,4212415074
3531,255594629,125211,255719840,6,0,0,19968,6,2879426678
3532,255598156,4420,255602576,3,0,1,11776,3,7549303780
3533,255598952,61973,255660925,19,0,0,5120,19,3858407911
3534,255604438,4850,255609288,3,0,1,5120,3,6960195021
3535,255606458,228965,255835423,25,0,0,17920,25,1704601586
3536,255625648,122010,255747658,28,0,0,13824,28,7644006128
3537,255638128,64208,255702336,16,0,0,6656,16,2995760419
3538,255648150,145167,255793317,16,0,0,12288,16,549470594
3539,255657917,1042,255658959,3,0,1,1024,3,2961001878
3540,255681195,148753,255829948,19,0,0,30720,19,9174446998
3541,255698356,178508,255876864,13,0,0,32768,13,6909675552
3542,255699125,108673,255807798,10,0,0,18944,10,3504903979
3543,255719079,130321,255849400,1,0,0,18944,1,1107295687
3544,255743480,117517,255860997,2,0,0,26112,2,7934373998
3545,255757507,5712,255763219,22,0,1,14336,22,8607625938
3546,255760103,128779,255888882,13,0,0,512,13,3671903275
3547,255774607,153536,255928143,18,0,0,23552,18,4952235135
3548,255780178,16102,255796280,20,0,1,3072,20,3150804863
3549,255822921,119968,255942889,17,0,0,24064,17,6355831116
3550,255860079,103075,255963154,16,0,0,15872,16,9462741499
3551,255897765,78133,255975898,14,0,0,1536,14,4260394466
3552,255898426,145299,256043725,6,0,0,35840,6,277201694
3553,255902041,130749,256032790,12,0,0,4096,12,10490730885
3554,255903897,162862,256066759,26,0,0,31232,26,1125463094
3555,255904709,4850,255909559,11,0,1,5120,11,3958834609
3556,255905594,259264,256164858,1,0,0,41472,1,4474252026
3557,255905831,5216,255911047,16,0,1,12288,16,5000526255
3558,255905862,125633,256031495,8,0,0,22016,8,3662480749
3559,255909455,305555,256215010,19,0,0,9728,19,8480079925
3560,255936228,181236,256117464,2,0,1,283136,2,10365531976
3561,255941331,238527,256179858,18,0,0,30208,18,5566959698
3562,255943553,263455,256207008,10,0,0,9216,10,1740553891
3563,255950201,253984,256204185,20,0,0,22016,20,6193866401
3564,255959771,324493,256284264,0,0,0,79360,0,3857277643
3565,256021887,230848,256252735,9,0,0,21504,9,2992069471
3566,256039706,384688,256424394,11,0,0,69632,11,6216555906
3567,256050043,161972,256212015,3,0,0,16384,3,2226327434
3568,256051922,67808,256119730,3,0,1,3584,3,1936887660
3569,256053011,266792,256319803,18,0,0,7168,18,3534315675
3570,256103381,212186,256315567,3,0,0,6656,3,600438607
3571,256103512,17396,256120908,17,0,1,13824,17,2982539953
3572,256104293,182482,256286775,15,0,0,8192,15,10367556879
3573,256108540,247091,256355631,22,0,0,12288,22,7521393620
3574,256117411,8003,256125414,16,0,1,7168,16,6042414578
3575,256144679,286922,256431601,27,0,0,23552,27,1428835053
3576,256146135,205737,256351872,5,0,0,10240,5,10648322056
3577,256161752,396409,256558161,29,0,0,10240,29,6733849004
3578,256175172,279333,256454505,2,0,0,30208,2,9094067
3579,256176552,304467,256481019,20,0,0,10240,20,997760696
3580,256180308,433905,256614213,6,0,0,128512,6,1719173357
3581,256186287,6488,256192775,0,0,1,15872,0,9908909623
3582,256200289,242559,256442848,29,0,0,36864,29,9994101789
3583,256202322,258283,256460605,12,0,0,1536,12,1476588154
3584,256210178,294397,256504575,13,0,0,22016,13,3480616065
3585,256211086,244838,256455924,21,0,0,4608,21,7181072459
3586,256245812,219428,256465240,21,0,0,5632,21,9044149820
3587,256287001,4420,256291421,25,0,1,11776,25,9081720669
3588,256354620,193117,256547737,24,0,0,54784,24,8730016735
3589,256388111,267148,256655259,14,0,0,30208,14,849968435
3590,256407179,256705,256663884,8,0,0,12288,8,4688995365
3591,256408386,282647,256691033,22,0,0,36864,22,6824252854
3592,256437579,190884,256628463,9,0,0,45056,9,6453650358
3593,256451676,296722,256748398,28,0,0,56320,28,2562121714
3594,256458533,4420,256462953,1,0,1,11776,1,7201558894
3595,256462990,238852,256701842,19,0,0,15872,19,1976394420
3596,256465932,148772,256614704,29,0,0,1536,29,5381367351
3597,256475027,6007,256481034,20,0,1,13312,20,10656306130
3598,256500142,167670,256667812,24,0,0,11264,24,9758286010
3599,256505345,4850,256510195,0,0,1,5120,0,5088798797
3600,256520203,176788,256696991,5,0,0,2048,5,2375250293
3601,256534649,14139,256548788,22,0,1,1024,22,3430024039
3602,256544522,151830,256696352,22,0,0,17408,22,10242389905
3603,256553921,4255,256558176,24,0,1,3072,24,1913977925
3604,256581536,213034,256794570,10,0,0,49664,10,6253112154
3605,256591880,37609,256629489,27,0,1,1024,27,2226787164
3606,256596532,308417,256904949,3,0,0,51712,3,946238953
3607,256611911,163649,256775560,17,0,0,9216,17,9170983307
3608,256650980,221019,256871999,9,0,0,44032,9,6649384571
3609,256652471,145242,256797713,25,0,0,10240,25,5080966302
3610,256654470,218815,256873285,18,0,0,3072,18,3679779740
3611,256670702,187858,256858560,8,0,0,40960,8,752798987
3612,256671535,174507,256846042,18,0,0,31744,18,2278721292
3613,256672671,244781,256917452,4,0,0,40960,4,1810063317
3614,256705674,166660,256872334,28,0,0,1024,28,9196606900
3615,256732095,284470,257016565,12,0,0,10240,12,4063548133
3616,256756617,162098,256918715,1,0,0,4096,1,3207520184
3617,256759893,206580,256966473,21,0,0,19456,21,2066497268
3618,256767518,121219,256888737,5,0,0,4608,5,4172781464
3619,256768851,191671,256960522,28,0,0,27136,28,4536650812
3620,256780176,24751,256804927,0,0,1,7680,0,5216760998
3621,256788332,19821,256808153,5,0,1,5120,5,7877405610
3622,256819519,6754,256826273,25,0,1,7168,25,8040413196
3623,256832212,13853,256846065,11,0,1,15872,11,462046649
3624,256832949,241969,257074918,19,0,0,76800,19,3432060807
3625,256848940,146220,256995160,21,0,0,43008,21,6502914449
3626,256857475,18689,256876164,8,0,1,8704,8,10526912406
3627,256864273,302549,257166822,26,0,0,1024,26,6281578749
3628,256865254,301241,257166495,3,0,0,46592,3,2263922048
3629,256890587,201526,257092113,8,0,0,6144,8,6159269233
3630,256916405,295465,257211870,10,0,0,13824,10,4521805884
3631,256955967,280008,257235975,0,0,0,10240,0,10580958964
3632,256966272,249111,257215383,0,0,0,8192,0,5802936091
3633,256971702,348361,257320063,5,0,0,89088,5,5159287921
3634,256971970,148574,257120544,7,0,0,2560,7,4404397126
3635,256982795,95882,257078677,10,0,0,12288,10,2265163082
3636,256990861,192382,257183243,10,0,0,33792,10,9827119055
3637,257009750,85342,257095092,3,0,0,9728,3,3570122298
3638,257038946,293612,257332558,17,0,0,40960,17,4927343617
3639,257091610,297605,257389215,5,0,0,16896,5,1836434939
3640,257124159,139606,257263765,19,0,0,25600,19,7787162444
3641,257129979,5196,257135175,26,0,1,13312,26,3833857015
3642,257132360,282193,257414553,14,0,0,8192,14,8446854129
3643,257140469,126439,257266908,25,0,0,10240,25,10352033578
3644,257217338,399851,257617189,2,0,0,37376,2,3003801765
3645,257223745,227852,257451597,23,0,0,13824,23,8327177744
3646,257226717,40206,257266923,28,0,1,54784,28,7976762983
3647,257258558,76215,257334773,14,0,0,7168,14,689752385
3648,257270094,132947,257403041,26,0,0,4096,26,89691307
3649,257274955,79772,257354727,9,0,0,17408,9,9592946919
3650,257281938,145586,257427524,2,0,0,42496,2,3745429323
3651,257308338,90009,257398347,17,0,0,2048,17,5470179538
3652,257324542,108311,257432853,26,0,0,12800,26,6537902063
3653,257331896,212594,257544490,17,0,0,1536,17,9609643370
3654,257386982,138310,257525292,24,0,0,32768,24,21805885
3655,257392055,79972,257472027,10,0,0,9728,10,4481818086
3656,257399841,318980,257718821,14,0,0,12288,14,3947323589
3657,257413209,19659,257432868,4,0,1,3072,4,5466779729
3658,257440824,234619,257675443,26,0,0,17408,26,6546626184
3659,257443439,100568,257544007,7,0,0,30208,7,7105835190
3660,257444037,226087,257670124,2,0,0,31744,2,6551308276
3661,257448156,7807,257455963,11,0,1,4608,11,280530208
3662,257467617,160671,257628288,16,0,0,31744,16,5689431065
3663,257493149,214066,257707215,2,0,0,68096,2,7361936226
3664,257503349,130422,257633771,6,0,0,17920,6,1906568939
3665,257519989,140448,257660437,20,0,0,23040,20,7935000289
3666,257556692,158370,257715062,28,0,0,17408,28,6309875594
3667,257586854,293819,257880673,24,0,0,20480,24,10048012609
3668,257590893,130595,257721488,9,0,0,8704,9,5239010840
3669,257593612,92840,257686452,20,0,0,19968,20,2785819733
3670,257600390,191156,257791546,29,0,0,20480,29,4004998615
3671,257608091,190209,257798300,24,0,0,7168,24,10384663826
3672,257614644,19150,257633794,21,0,1,19968,21,8892329049
3673,257626555,139146,257765701,28,0,0,18432,28,6951955660
3674,257628741,156550,257785291,7,0,0,61440,7,4110750253
3675,257682735,244366,257927101,1,0,0,35840,1,1661679960
3676,257690384,219371,257909755,25,0,0,24064,25,7593697943
3677,257699200,137169,257836369,9,0,0,6144,9,813245255
3678,257714738,116759,257831497,5,0,0,15360,5,4979343492
3679,257724256,1994,257726250,1,0,1,2048,1,9141392215
3680,257737250,7706,257744956,0,0,1,8192,0,8967496983
3681,257737372,81657,257819029,2,0,0,9728,2,871192142
3682,257737800,190892,257928692,11,0,0,5120,11,10613527865
3683,257749900,90228,257840128,16,0,0,12288,16,4138746865
3684,257750901,165265,257916166,4,0,0,20992,4,9454107609
3685,257787293,240188,258027481,7,0,0,31232,7,6710788648
3686,257788896,160726,257949622,15,0,0,1536,15,3474365306
3687,257796122,247324,258043446,27,0,0,16384,27,8993798678
3688,257848979,246300,258095279,16,0,0,17408,16,7417463647
3689,257857554,133758,257991312,22,0,0,43008,22,9856858617
3690,257871396,15837,257887233,1,0,1,30720,1,79017555
3691,257892313,105277,257997590,11,0,0,20480,11,10539962819
3692,257901404,96677,257998081,2,0,0,1536,2,4944500351
3693,257913550,18488,257932038,16,0,1,9728,16,6340973988
3694,257920366,209774,258130140,5,0,0,22528,5,8810569267
3695,257962420,271466,258233886,10,0,0,61440,10,6692488956
3696,257976183,181704,258157887,13,0,0,18432,13,1600277961
3697,257976344,14983,257991327,24,0,1,11264,24,2680801064
3698,257981641,19553,258001194,26,0,1,10240,26,6468017165
3699,257997905,49284,258047189,2,0,1,80384,2,9154607169
3700,258051181,163970,258215151,4,0,0,45056,4,6290969234
3701,258056704,191659,258248363,26,0,0,23552,26,2042834020
3702,258062018,5196,258067214,3,0,1,13312,3,6648727836
3703,258086984,8326,258095310,25,0,1,12800,25,2607574668
3704,258091266,4621,258095887,20,0,1,512,20,351055950
3705,258091623,162386,258254009,1,0,0,18432,1,1854494458
3706,258094320,14240,258108560,28,0,1,22016,28,8639437705
3707,258098042,192758,258290800,29,0,0,19968,29,6150303592
3708,258099084,233801,258332885,25,0,0,23552,25,2024102292
3709,258169667,235020,258404687,5,0,0,31232,5,5490313096
3710,258176049,237701,258413750,27,0,0,29696,27,1753571056
3711,258198506,266909,258465415,12,0,0,32256,12,8458914836
3712,258208524,155977,258364501,8,0,0,39936,8,645460434
3713,258214467,230728,258445195,13,0,0,11264,13,6623837940
3714,258214987,33391,258248378,19,0,1,18432,19,4780788262
3715,258235239,418301,258653540,25,0,0,28160,25,718167095
3716,258236339,241581,258477920,29,0,0,7168,29,644913941
3717,258259289,559268,258818557,6,0,0,13312,6,5235580479
3718,258259329,7231,258266560,5,0,1,7680,5,10688509118
3719,258316895,209301,258526196,23,0,0,43008,23,7142957075
3720,258320310,308084,258628394,12,0,0,145408,12,10338527602
3721,258355026,219091,258574117,6,0,0,14848,6,6294996544
3722,258356579,119142,258475721,15,0,0,6144,15,10665694869
3723,258365155,100899,258466054,22,0,0,2048,22,740582131
3724,258382343,178440,258560783,11,0,0,57344,11,648288892
3725,258382769,287964,258670733,28,0,0,13824,28,2482222467
3726,258422383,1518,258423901,26,0,1,1536,26,7236458707
3727,258423181,82398,258505579,2,0,0,512,2,85968751
3728,258442279,215800,258658079,9,0,0,14848,9,3550190520
3729,258465562,285345,258750907,3,0,0,39424,3,9404664612
3730,258483615,24670,258508285,28,0,1,44544,28,10424992820
3731,258484242,160703,258644945,12,0,0,54272,12,7181588167
3732,258531916,325850,258857766,4,0,0,14336,4,3505144945
3733,258573105,123994,258697099,0,0,0,29184,0,260408890
3734,258580355,216886,258797241,23,0,0,11264,23,4449211765
3735,258641629,152165,258793794,17,0,0,13312,17,7430353311
3736,258642519,138094,258780613,29,0,0,45056,29,1103519067
3737,258658148,1994,258660142,20,0,1,2048,20,3391179040
3738,258679478,101930,258781408,23,0,0,2560,23,1871809355
3739,258694824,295858,258990682,14,0,0,3072,14,5224025916
3740,258708622,101660,258810282,7,0,0,33792,7,2517209294
3741,258719420,2870,258722290,26,0,1,8704,26,278998468
3742,258722796,187546,258910342,13,0,0,49152,13,7426933730
3743,258761127,158434,258919561,27,0,0,30208,27,2441506540
3744,258765960,317860,259083820,10,0,0,40448,10,9534138661
3745,258766302,178668,258944970,1,0,0,14848,1,1550519765
3746,258775398,182530,258957928,21,0,0,2560,21,5058485843
3747,258779737,384659,259164396,21,0,0,43008,21,3977033924
3748,258789725,166245,258955970,28,0,0,18432,28,2024923952
3749,258804590,180572,258985162,19,0,0,5120,19,1999948123
3750,258830969,4374,258835343,29,0,1,4608,29,5366296528
3751,258858710,103601,258962311,5,0,0,14336,5,4658937293
3752,258861475,188334,259049809,10,0,0,37376,10,10620577918
3753,258874942,4679,258879621,25,0,1,12288,25,10655473076
3754,258875599,230024,259105623,24,0,0,40448,24,6559333274
3755,258879177,371440,259250617,9,0,0,99328,9,2067735683
3756,258879744,378043,259257787,28,0,0,15872,28,1732634532
3757,258910769,240508,259151277,29,0,0,7680,29,8177020799
3758,258914024,198010,259112034,21,0,0,20992,21,1310330489
3759,258929930,15055,258944985,5,0,1,18432,5,4577602974
3760,258933991,207671,259141662,29,0,0,17920,29,4876672223
3761,258936608,182773,259119381,19,0,0,24064,19,2916071102
3762,258939599,119332,259058931,5,0,0,8192,5,3591212154
3763,258967872,14287,258982159,18,0,1,27648,18,8961696295
3764,258984707,413741,259398448,2,0,0,56832,2,1433388444
3765,258986154,286398,259272552,2,0,0,48128,2,6745160920
3766,259048601,1766,259050367,20,0,1,512,20,3256689432
3767,259052681,119836,259172517,26,0,0,16896,26,762728043
3768,259056196,220115,259276311,1,0,0,12288,1,9221094494
3769,259081762,299355,259381117,11,0,0,71680,11,6905012933
3770,259139188,352533,259491721,7,0,0,17920,7,3621224177
3771,259203408,2470,259205878,11,0,1,2560,11,4266048276
3772,259242449,229640,259472089,15,0,0,24064,15,7911211760
3773,259272894,145288,259418182,3,0,0,30720,3,2336587782
3774,259279857,15062,259294919,2,0,1,29184,2,6685763038
3775,259346895,94903,259441798,8,0,0,22528,8,2867313422
3776,259411051,12925,259423976,16,0,1,6144,16,513730167
3777,259436195,252034,259688229,14,0,0,65024,14,4693208194
3778,259441013,59934,259500947,16,0,0,5120,16,188031526
3779,259452551,69836,259522387,24,0,0,4608,24,4090868647
3780,259452659,56063,259508722,6,0,0,5120,6,3038247069
3781,259454665,234679,259689344,24,0,0,3584,24,8056747195
3782,259469014,315371,259784385,23,0,0,15872,23,5221375149
3783,259472202,4374,259476576,17,0,1,4608,17,8055401666
3784,259472900,182923,259655823,21,0,0,40448,21,4009929910
3785,259480043,128998,259609041,13,0,0,12288,13,2984542900
3786,259502950,246665,259749615,4,0,0,44032,4,5433271187
3787,259507131,6876,259514007,26,0,1,5632,26,9486253678
3788,259509542,49884,259559426,26,0,0,2048,26,3816374310
3789,259511002,187201,259698203,8,0,0,18432,8,9091256338
3790,259514719,196133,259710852,12,0,0,9728,12,9388422464
3791,259529086,329441,259858527,18,0,0,31232,18,10210285990
3792,259529803,193124,259722927,10,0,0,21504,10,8082967306
3793,259555055,419746,259974801,1,0,0,23552,1,9231243437
3794,259587340,295923,259883263,6,0,0,55296,6,715788343
3795,259599118,2470,259601588,25,0,1,2560,25,6282367198
3796,259629465,12049,259641514,20,0,1,19968,20,5225981150
3797,259641184,393824,260035008,19,0,0,117760,19,7921350916
3798,259654571,455920,260110491,24,0,0,94720,24,494841025
3799,259682157,121154,259803311,19,0,0,5632,19,4487580257
3800,259690506,569014,260259520,19,0,0,10752,19,8147720395
3801,259700375,189143,259889518,20,0,0,20480,20,8420380766
3802,259730982,18648,259749630,27,0,1,16384,27,9521951296
3803,259752906,566,259753472,22,0,1,512,22,459326120
3804,259764091,235022,259999113,19,0,0,32768,19,4686100433
3805,259779990,9237,259789227,0,0,1,5120,0,7270647053
3806,259799053,241634,260040687,28,0,0,18432,28,1251238828
3807,259809675,141152,259950827,28,0,0,3584,28,9756086127
3808,259828125,116606,259944731,6,0,0,21504,6,1873959968
3809,259837187,275659,260112846,28,0,0,7680,28,6586544345
3810,259850384,198118,260048502,13,0,0,25600,13,6529385821
3811,259851583,200834,260052417,9,0,0,12800,9,2973810947
3812,259854419,461339,260315758,27,0,0,7680,27,10253820358
3813,259871163,21475,259892638,1,0,1,9216,1,8401055794
3814,259890658,173817,260064475,17,0,0,39424,17,90286887
3815,259915067,2870,259917937,18,0,1,8704,18,10229622217
3816,259916005,69425,259985430,5,0,0,1536,5,2779335058
3817,259941521,7106,259948627,3,0,1,10752,3,604194725
3818,259972905,79543,260052448,21,0,1,123904,21,8360057674
3819,259982539,193241,260175780,12,0,0,27648,12,44031559
3820,259984212,80472,260064684,24,0,1,20480,24,2186091323
3821,259990150,126344,260116494,10,0,0,5632,10,9051657245
3822,259992701,74249,260066950,29,0,1,3584,29,1960270453
3823,260001998,298955,260300953,26,0,0,31744,26,10728435277
3824,260007603,215503,260223106,23,0,0,48640,23,3067278002
3825,260074710,261628,260336338,5,0,0,20480,5,10215824464
3826,260081044,255777,260336821,27,0,0,1536,27,5255454537
3827,260112700,138975,260251675,7,0,0,12288,7,7699090499
3828,260123433,231691,260355124,0,0,0,9728,0,4730074836
3829,260127186,371361,260498547,16,0,0,10240,16,4613238830
3830,260129436,219724,260349160,26,0,0,40448,26,10023953134
3831,260141011,90703,260231714,28,0,0,12288,28,7729236513
3832,260157546,161288,260318834,13,0,0,7680,13,7649808634
3833,260175848,205463,260381311,10,0,0,62464,10,6956638676
3834,260182934,107776,260290710,16,0,0,13312,16,9923688071
3835,260188663,211533,260400196,1,0,1,342016,1,4928513676
3836,260189625,213608,260403233,19,0,0,5120,19,3901350401
3837,260200765,385254,260586019,3,0,0,8704,3,10121021246
3838,260239810,411055,260650865,7,0,0,18432,7,9174444578
3839,260244906,155275,260400181,27,0,0,17408,27,7199828053
3840,260273335,368037,260641372,0,0,0,45056,0,10297298122
3841,260275645,124566,260400211,27,0,1,12288,27,10289174680
3842,260299823,161829,260461652,20,0,0,8192,20,7922364129
3843,260328046,72286,260400332,22,0,1,4096,22,1235272256
3844,260360469,40427,260400896,11,0,1,10752,11,8421205382
3845,260370891,212446,260583337,22,0,0,10752,22,1191240065
3846,260379881,289754,260669635,13,0,0,4608,13,9167803865
3847,260407154,280784,260687938,15,0,0,8704,15,10387481165
3848,260431172,46729,260477901,21,0,1,80896,21,3737117647
3849,260432906,305822,260738728,10,0,0,23040,10,4249220973
3850,260456247,146906,260603153,13,0,0,23040,13,2156301456
3851,260469877,172602,260642479,13,0,0,3584,13,3642811341
3852,260478833,301921,260780754,23,0,0,6656,23,9043984147
3853,260493609,266351,260759960,0,0,0,51712,0,2209702169
3854,260518009,3387,260521396,22,0,1,9728,22,10402181344
3855,260530876,321724,260852600,10,0,0,40960,10,6047783433
3856,260577891,5461,260583352,26,0,1,9216,26,423090177
3857,260622631,158138,260780769,2,0,1,258560,2,7884610188
3858,260666298,122552,260788850,1,0,0,8192,1,990911436
3859,260685896,94896,260780792,4,0,1,10752,4,6053063284
3860,260699541,351169,261050710,5,0,0,61440,5,8683340489
3861,260701686,391102,261092788,29,0,0,46080,29,6568768898
3862,260706752,104207,260810959,28,0,1,98816,28,9492330395
3863,260709441,427532,261136973,19,0,0,95232,19,6832130619
3864,260711511,120236,260831747,29,0,1,66560,29,6545522154
3865,260749140,313816,261062956,8,0,0,4096,8,4557817718
3866,260779532,318419,261097951,6,0,0,16896,6,7596636889
3867,260790463,139940,260930403,28,0,0,512,28,7060460761
3868,260793384,443874,261237258,9,0,0,27136,9,777957712
3869,260806907,193649,261000556,10,0,0,12800,10,8508600917
3870,260821002,13011,260834013,16,0,1,3584,16,419216904
3871,260824355,14804,260839159,5,0,1,8192,5,6533564613
3872,260828942,396105,261225047,0,0,0,100864,0,4595196168
3873,260830860,329387,261160247,16,0,0,33280,16,1784109972
3874,260863501,5712,260869213,18,0,1,14336,18,1895732176
3875,260872473,4162,260876635,26,0,1,11264,26,2950932183
3876,260889470,296842,261186312,19,0,0,12288,19,5689254973
3877,260911358,447274,261358632,4,0,0,26112,4,7091522610
3878,260912265,359972,261272237,6,0,0,2560,6,2209683508
3879,260931597,360752,261292349,8,0,0,33280,8,7102974689
3880,260995404,475076,261470480,1,0,0,102912,1,4168757186
3881,261018825,616321,261635146,12,0,0,22016,12,2014091818
3882,261028173,320472,261348645,15,0,0,10240,15,7236150508
3883,261036134,506414,261542548,26,0,0,1536,26,1958524192
3884,261054045,385064,261439109,19,0,0,19968,19,967098413
3885,261058730,413028,261471758,13,0,0,2048,13,5189868382
3886,261067697,440431,261508128,27,0,0,81408,27,6138889204
3887,261098682,225450,261324132,10,0,1,365568,10,9027889201
3888,261110263,449523,261559786,24,0,0,4096,24,2772644864
3889,261123846,201592,261325438,24,0,1,2048,24,9578885676
3890,261126088,574087,261700175,15,0,0,12800,15,3465040327
3891,261137762,192502,261330264,26,0,1,7680,26,6803549432
3892,261150192,675993,261826185,7,0,0,15360,7,5533447677
3893,261160872,322437,261483309,23,0,0,12800,23,1033886618
3894,261186088,541812,261727900,8,0,0,43008,8,4917542141
3895,261189659,281460,261471119,20,0,0,2048,20,3824710774
3896,261200025,474468,261674493,4,0,0,9728,4,6662463142
3897,261208486,398105,261606591,3,0,0,53248,3,4986479122
3898,261229349,449839,261679188,20,0,0,15360,20,5526201339
3899,261238538,351806,261590344,10,0,0,39936,10,9582812898
3900,261241301,409272,261650573,11,0,0,5632,11,831045720
3901,261245780,113769,261359549,25,0,0,2560,25,3915320054
3902,261269307,252112,261521419,21,0,0,39424,21,3552366270
3903,261271350,306811,261578161,18,0,0,3584,18,2031514229
3904,261284696,292358,261577054,25,0,0,38400,25,7972902500
3905,261287568,511831,261799399,18,0,0,12288,18,10476576492
3906,261323854,197588,261521442,18,0,1,317952,18,4444122539
3907,261350773,265981,261616754,4,0,0,33280,4,10043788193
3908,261357196,517857,261875053,29,0,0,22528,29,9670355451
3909,261357585,522631,261880216,4,0,0,16896,4,99606303
3910,261358614,162843,261521457,22,0,1,512,22,6183546196
3911,261398443,375108,261773551,13,0,0,3072,13,8559584501
3912,261467078,204436,261671514,0,0,0,19456,0,170182883
3913,261469461,52011,261521472,10,0,1,9216,10,1266805468
3914,261490053,462198,261952251,9,0,0,512,9,2129941091
3915,261492038,451548,261943586,5,0,0,76800,5,1261301938
3916,261504132,27004,261531136,21,0,1,35328,21,6822741711
3917,261518333,14429,261532762,26,0,1,2560,26,4371826057
3918,261558636,4564,261563200,20,0,1,3584,20,2766415402
3919,261578265,43089,261621354,16,0,1,28672,16,483341659
3920,261613096,242630,261855726,9,0,0,34816,9,3735829862
3921,261648073,173409,261821482,1,0,0,11264,1,1427559968
3922,261651348,5326,261656674,26,0,1,5632,26,115514750
3923,261660165,443070,262103235,14,0,0,194048,14,5912447244
3924,261660284,125841,261786125,10,0,0,512,10,3841070196
3925,261677659,4391,261682050,13,0,1,8704,13,5257534769
3926,261701685,424699,262126384,7,0,0,75776,7,132727357
3927,261714205,474722,262188927,3,0,0,9728,3,5687335956
3928,261736954,491625,262228579,12,0,0,38912,12,4357182604
3929,261737151,298314,262035465,28,0,0,50688,28,2478918256
3930,261738501,419113,262157614,10,0,0,20992,10,5350831305
3931,261745052,150042,261895094,27,0,0,6144,27,5144341317
3932,261764385,1518,261765903,20,0,1,1536,20,1807575813
3933,261799023,148790,261947813,9,0,0,13824,9,891739202
3934,261800092,568319,262368411,12,0,0,11776,12,9384442435
3935,261807406,494303,262301709,12,0,0,10752,12,3439462234
3936,261818839,313184,262132023,9,0,0,18432,9,8040290484
3937,261983009,120241,262103250,2,0,1,123392,2,6128980686
3938,261993512,335602,262329114,17,0,0,11776,17,3753501142
3939,261995863,362620,262358483,20,0,0,48128,20,9422139689
3940,262013481,482959,262496440,14,0,0,35840,14,9442709766
3941,262017287,447644,262464931,6,0,0,45056,6,1405020909
3942,262019168,84097,262103265,16,0,1,2048,16,1351418529
3943,262020918,520969,262541887,2,0,0,37888,2,6850162091
3944,262020921,430267,262451188,29,0,0,48640,29,5185373679
3945,262035291,240882,262276173,24,0,0,68096,24,2474476536
3946,262066529,94609,262161138,10,0,1,60928,10,3235484341
3947,262084596,209545,262294141,17,0,0,512,17,2211825044
3948,262119054,46270,262165324,28,0,1,6656,28,4703399720
3949,262120174,379581,262499755,19,0,0,10752,19,6788931295
3950,262121902,44408,262166310,28,0,1,1536,28,9425529049
3951,262134086,465630,262599716,1,0,0,28672,1,10534712589
3952,262138810,28806,262167616,0,0,1,2048,0,1556838196
3953,262139853,544853,262684706,22,0,0,16896,22,10336976883
3954,262149637,328421,262478058,4,0,0,43008,4,5008095199
3955,262157911,12931,262170842,29,0,1,5120,29,9088476535
3956,262179739,234040,262413779,6,0,0,5632,6,4844641488
3957,262221598,101157,262322755,0,0,0,2560,0,831356039
3958,262233246,162857,262396103,25,0,0,3072,25,5197520852
3959,262253608,116690,262370298,15,0,0,6144,15,4278128816
3960,262263448,130881,262394329,12,0,0,11776,12,7983419270
3961,262283923,267513,262551436,0,0,0,12800,0,2586845931
3962,262298648,182880,262481528,26,0,0,6144,26,2987748711
3963,262311700,124435,262436135,5,0,0,18432,5,9113976928
3964,262338064,336734,262674798,8,0,0,76288,8,9658519649
3965,262341094,138539,262479633,17,0,0,5120,17,2053023115
3966,262375912,10241,262386153,13,0,1,16384,13,2342396853
3967,262386605,220926,262607531,7,0,0,25600,7,1018484114
3968,262402090,188752,262590842,19,0,0,2560,19,2469826936
3969,262412426,309397,262721823,2,0,0,26112,2,6066050853
3970,262428754,354158,262782912,27,0,0,31744,27,10630504062
3971,262441186,210106,262651292,8,0,0,13312,8,5435855462
3972,262468738,207268,262676006,18,0,0,2560,18,5151070051
3973,262484015,255361,262739376,27,0,0,50176,27,5459671654
3974,262488975,200590,262689565,17,0,0,15872,17,6446952626
3975,262490726,12633,262503359,16,0,1,10240,16,1193465415
3976,262492017,385620,262877637,21,0,0,512,21,5879003331
3977,262501083,286406,262787489,28,0,0,4096,28,9687710392
3978,262503821,134650,262638471,2,0,0,20480,2,380276657
3979,262532548,14181,262546729,25,0,1,5120,25,2902657263
3980,262579276,373904,262953180,13,0,0,50688,13,10479531670
3981,262582019,233378,262815397,10,0,0,7168,10,8322167480
3982,262605267,143952,262749219,12,0,0,32256,12,2692439544
3983,262612948,222728,262835676,8,0,0,1024,8,6153498790
3984,262616921,354861,262971782,0,0,0,35840,0,5559810256
3985,262623279,223548,262846827,21,0,0,21504,21,6012361658
3986,262627087,224911,262851998,17,0,0,16896,17,2991922052
3987,262633405,175098,262808503,6,0,0,7168,6,8861533058
3988,262669024,6997,262676021,24,0,1,512,24,369394612
3989,262675822,334544,263010366,0,0,0,3584,0,1276338883
3990,262680500,105703,262786203,23,0,0,10752,23,10249453328
3991,262702615,110583,262813198,26,0,0,15360,26,7694517768
3992,262722691,26551,262749242,21,0,1,32768,21,4901321243
3993,262742973,10167,262753140,20,0,1,10752,20,8074937902
3994,262743084,263820,263006904,18,0,0,76800,18,3541359154
3995,262754110,206729,262960839,20,0,0,25088,20,10699829475
3996,262763609,283819,263047428,10,0,0,55296,10,10697645769
3997,262764142,22084,262786226,3,0,1,25600,3,7582812165
3998,262770754,246351,263017105,11,0,0,22016,11,9015259445
3999,262777267,231992,263009259,13,0,0,7680,13,5777537465
4000,262791382,283031,263074413,2,0,0,13824,2,3037747746
4001,262838999,13014,262852013,28,0,1,7680,28,8948040775
4002,262840880,12134,262853014,29,0,1,1024,29,5108671374
4003,262855053,215133,263070186,12,0,0,29184,12,4407455629
4004,262884489,143166,263027655,19,0,0,512,19,752997593
4005,262925956,3422,262929378,28,0,1,3584,28,9280143147
4006,262942553,336665,263279218,23,0,0,34304,23,10604485778
4007,262948756,28281,262977037,16,0,1,13312,16,8331485652
4008,262950642,194663,263145305,26,0,0,28160,26,6519901435
4009,262966073,406046,263372119,17,0,0,11776,17,2114606331
4010,262967571,206615,263174186,12,0,0,33792,12,5085957537
4011,262981921,35199,263017120,10,0,1,46592,10,5470857834
4012,262995204,117930,263113134,27,0,0,7680,27,890993398
4013,262996464,268200,263264664,0,0,0,44544,0,7337072842
4014,263046184,175627,263221811,28,0,0,6144,28,9535318775
4015,263065138,14134,263079272,4,0,1,5120,4,2875599878
4016,263065720,203015,263268735,14,0,0,13312,14,4060949004
4017,263080130,116384,263196514,7,0,0,28160,7,615371809
4018,263101998,296107,263398105,7,0,0,10240,7,6272913131
4019,263114252,101066,263215318,13,0,0,9216,13,10471478859
4020,263140652,199647,263340299,29,0,0,4608,29,20985072
4021,263140892,188703,263329595,26,0,0,14848,26,7849714388
4022,263153366,261571,263414937,3,0,0,41472,3,10726767939
4023,263166704,275088,263441792,7,0,0,88064,7,6534884891
4024,263211917,104378,263316295,10,0,1,173056,10,9639961591
4025,263247347,73454,263320801,11,0,1,7168,11,5235167735
4026,263255761,226747,263482508,11,0,0,7680,11,3111653909
4027,263312372,277174,263589546,2,0,0,9728,2,4059593457
4028,263326353,179925,263506278,20,0,0,15360,20,4959772076
4029,263370500,15123,263385623,28,0,1,26112,28,9970935604
4030,263382922,117550,263500472,7,0,0,6144,7,5645962254
4031,263401580,96682,263498262,23,0,0,9216,23,4868697201
4032,263402287,219698,263621985,23,0,0,15360,23,1112273862
4033,263426834,16944,263443778,13,0,1,2048,13,1030400653
4034,263457842,78070,263535912,22,0,0,5632,22,5250242366
4035,263460927,2946,263463873,4,0,1,3072,4,8417620795
4036,263485581,1042,263486623,26,0,1,1024,26,525334813
4037,263487530,129760,263617290,18,0,0,24576,18,1158178728
4038,263534705,134385,263669090,27,0,0,7168,27,10011617860
4039,263541782,373970,263915752,28,0,0,161792,28,9364729419
4040,263567906,197784,263765690,19,0,0,89600,19,8484236446
4041,263572827,284649,263857476,21,0,1,460800,21,2170548903
4042,263580855,462309,264043164,27,0,0,3584,27,327726850
4043,263591435,355559,263946994,23,0,0,36352,23,5621700652
4044,263619063,239719,263858782,10,0,1,2048,10,501430216
4045,263619807,220383,263840190,2,0,0,24576,2,7280491627
4046,263630680,361794,263992474,15,0,0,39424,15,5721274689
4047,263642569,217519,263860088,24,0,1,2048,24,8203704654
4048,263652354,263429,263915783,18,0,1,99840,18,3938688177
4049,263708256,302549,264010805,28,0,0,1024,28,7843706878
4050,263716306,436873,264153179,22,0,0,23552,22,9651955014
4051,263761078,627450,264388528,10,0,0,19456,10,1513958491
4052,263761574,510214,264271788,9,0,0,28160,9,8341138129
4053,263766855,275202,264042057,13,0,0,29696,13,10274797532
4054,263770320,181009,263951329,9,0,0,12800,9,9036344837
4055,263778912,573327,264352239,25,0,0,13312,25,7010856889
4056,263780427,279660,264060087,5,0,0,2048,5,3864235510
4057,263794176,510185,264304361,11,0,0,6656,11,5722539674
4058,263825669,304691,264130360,25,0,0,1024,25,6309533438
4059,263839132,76666,263915798,5,0,1,26624,5,7051257320
4060,263860353,473480,264333833,9,0,0,512,9,444653860
4061,263869615,372561,264242176,15,0,0,17920,15,3569347461
4062,263884606,112287,263996893,1,0,1,131072,1,5066715742
4063,263924975,528647,264453622,16,0,0,15360,16,3004879472
4064,263929325,404337,264333662,7,0,0,6144,7,5616011605
4065,263931193,559819,264491012,6,0,0,20992,6,34500637
4066,263942511,158208,264100719,20,0,0,19456,20,4478692559
4067,263947823,649434,264597257,14,0,0,55808,14,2849687862
4068,263952645,45234,263997879,29,0,1,1536,29,8983840009
4069,263955209,413540,264368749,8,0,0,512,8,9450422579
4070,263955987,240393,264196380,5,0,0,5632,5,1010637497
4071,263956967,70138,264027105,8,0,0,3584,8,1559061683
4072,263964748,533353,264498101,22,0,0,7168,22,1619190542
4073,263967247,260595,264227842,8,0,0,38912,8,10076828849
4074,263969579,281436,264251015,4,0,0,22016,4,7517279572
4075,263977466,194242,264171708,8,0,0,32768,8,7239436
4076,263985625,306750,264292375,27,0,0,33280,27,5345420569
4077,263987835,10812,263998647,3,0,1,11776,3,3734770969
4078,264013677,435250,264448927,6,0,0,19456,6,7130390757
4079,264015834,2946,264018780,22,0,1,3072,22,9808884297
4080,264050689,410904,264461593,24,0,0,26112,24,4546776568
4081,264106439,195871,264302310,25,0,0,11264,25,306983678
4082,264138059,217471,264355530,7,0,0,10752,7,9861833447
4083,264141665,491835,264633500,10,0,0,6656,10,2838633810
4084,264146373,317419,264463792,22,0,0,7168,22,5509276362
4085,264149540,6784,264156324,26,0,1,9216,26,2379243133
4086,264199705,276114,264475819,5,0,0,39424,5,10482793377
4087,264210798,3898,264214696,16,0,1,4096,16,2520969954
4088,264213278,134890,264348168,27,0,0,15360,27,2103469212
4089,264241712,201272,264442984,17,0,0,36864,17,10431148842
4090,264275363,209238,264484601,3,0,0,512,3,5891503716
4091,264296518,187896,264484414,16,0,0,28160,16,5653314944
4092,264299857,276988,264576845,3,0,0,30208,3,6506887027
4093,264314009,181706,264495715,19,0,0,15360,19,4276684727
4094,264316344,359969,264676313,12,0,0,30720,12,4559147599
4095,264362726,14287,264377013,10,0,1,27648,10,9730585396
4096,264394279,130103,264524382,17,0,0,512,17,403001777
4097,264412700,3645,264416345,25,0,1,10240,25,8990812051
4098,264416875,120311,264537186,1,0,0,12288,1,6728465856
4099,264418249,81427,264499676,21,0,0,5120,21,6002730031
4100,264454199,177258,264631457,25,0,0,37888,25,15517125
4101,264455227,47727,264502954,21,0,1,7680,21,1645430181
4102,264467848,146095,264613943,21,0,0,3584,21,273856180
4103,264482120,256041,264738161,12,0,0,4608,12,6746091022
4104,264484151,130722,264614873,9,0,0,1536,9,2869817188
4105,264552051,1518,264553569,0,0,1,1536,0,5769574060
4106,264574202,5581,264579783,13,0,1,3072,13,10013504751
4107,264609045,178273,264787318,26,0,0,27648,26,2315646194
4108,264640178,105966,264746144,5,0,0,10752,5,8227216696
4109,264645987,119876,264765863,13,0,0,8704,13,1561401073
4110,264647136,5326,264652462,10,0,1,5632,10,7317835078
4111,264670374,185644,264856018,0,0,0,36352,0,6060722386
4112,264681900,122222,264804122,18,0,0,18432,18,2978911026
4113,264691093,150797,264841890,8,0,0,4608,8,3761443370
4114,264735298,154891,264890189,4,0,0,47616,4,7290057202
4115,264772767,292466,265065233,9,0,0,4096,9,6428531467
4116,264774288,155779,264930067,2,0,1,256512,2,1665160532
4117,264815104,116551,264931655,28,0,1,15872,28,704793856
4118,264820976,92055,264913031,24,0,0,8192,24,4850603862
4119,264824419,107582,264932001,4,0,1,512,4,9065849821
4120,264829040,251352,265080392,7,0,0,4096,7,2839352404
4121,264833295,104198,264937493,2,0,1,17920,2,656008870
4122,264891226,419291,265310517,25,0,0,50176,25,1499410282
4123,264899057,49573,264948630,1,0,1,45056,1,2226239602
4124,264920582,287491,265208073,0,0,0,33792,0,2888925755
4125,264959792,480293,265440085,20,0,0,1024,20,6604932794
4126,264969487,278261,265247748,3,0,0,35840,3,7540234390
4127,264977683,25446,265003129,1,0,1,46080,1,7874125492
4128,265006022,5326,265011348,18,0,1,5632,18,76425004
4129,265013786,299554,265313340,3,0,0,9216,3,1176750787
4130,265023309,259209,265282518,18,0,0,7680,18,7892700106
4131,265061687,3561,265065248,29,0,1,8704,29,2539852045
4132,265074312,44233,265118545,1,0,1,72704,1,9345514691
4133,265097333,233154,265330487,23,0,0,27648,23,6314287875
4134,265104137,526393,265630530,28,0,0,39936,28,6643540987
4135,265108915,316058,265424973,18,0,1,512000,18,9793065140
4136,265140323,532033,265672356,29,0,0,9728,29,101288002
4137,265159155,270004,265429159,3,0,1,6656,3,9786621113
4138,265167116,184035,265351151,22,0,0,15872,22,6504208486
4139,265187198,461612,265648810,22,0,0,11264,22,3723827854
4140,265207050,307911,265514961,4,0,0,51712,4,3390798925
4141,265226256,333317,265559573,29,0,0,19968,29,4881223134
4142,265228375,539087,265767462,20,0,0,8192,20,9479284041
4143,265244549,569796,265814345,22,0,0,150016,22,7848952041
4144,265267278,93945,265361223,18,0,0,13824,18,136541344
4145,265274223,368586,265642809,11,0,0,15872,11,8477958492
4146,265275816,257112,265532928,17,0,0,5120,17,397357326
4147,265311919,119186,265431105,26,0,1,3072,26,7321097146
4148,265314596,503820,265818416,16,0,0,13312,16,5442228600
4149,265331930,199423,265531353,0,0,0,9728,0,9203847588
4150,265334198,149704,265483902,2,0,0,5632,2,3639353961
4151,265355395,253700,265609095,17,0,0,6656,17,8177351572
4152,265387608,244193,265631801,17,0,0,4096,17,1551848466
4153,265390963,41448,265432411,16,0,1,2048,16,5111472722
4154,265396244,260314,265656558,21,0,0,7168,21,4826985176
4155,265404234,32043,265436277,28,0,1,6144,28,10108247029
4156,265417145,20003,265437148,18,0,1,12288,18,1609584410
4157,265421222,521908,265943130,28,0,0,48128,28,4183859007
4158,265477694,398494,265876188,23,0,0,22016,23,5391275025
4159,265499325,192432,265691757,21,0,0,4608,21,5551899573
4160,265507673,361784,265869457,20,0,0,15872,20,7641396592
4161,265511274,486352,265997626,10,0,0,12288,10,6381318809
4162,265516777,347829,265864606,12,0,0,54784,12,5622616624
4163,265518631,239270,265757901,18,0,0,1024,18,3999074328
4164,265522655,566,265523221,26,0,1,512,26,5780884318
4165,265533618,523864,266057482,12,0,0,30208,12,934407548
4166,265534200,223374,265757574,26,0,0,13824,26,515014082
4167,265542084,546162,266088246,24,0,0,58368,24,1936285986
4168,265556513,448264,266004777,10,0,0,17408,10,3549147682
4169,265560358,267145,265827503,29,0,0,29696,29,469139599
4170,265562752,464834,266027586,4,0,0,25088,4,4359802510
4171,265572520,456329,266028849,15,0,0,4096,15,10354380650
4172,265591528,467685,266059213,2,0,0,5632,2,5332603264
4173,265607359,277862,265885221,3,0,0,7168,3,9725738214
4174,265613661,397894,266011555,29,0,0,19456,29,8353664550
4175,265618695,443737,266062432,22,0,0,2048,22,795763859
4176,265632064,524640,266156704,18,0,0,63488,18,6884156566
4177,265637246,452107,266089353,25,0,0,3584,25,4914231184
4178,265679672,12566,265692238,4,0,1,20992,4,5150875810
4179,265687075,5509,265692584,27,0,1,512,27,5015606293
4180,265706071,419715,266125786,24,0,0,42496,24,7473212983
4181,265706643,478593,266185236,26,0,0,32768,26,10668110354
4182,265710841,426504,266137345,29,0,0,37888,29,9595598379
4183,265720339,256283,265976622,29,0,0,16896,29,8998012964
4184,265722205,566,265722771,20,0,1,512,20,3021226555
4185,265740872,17044,265757916,20,0,1,24064,20,9253660000
4186,265755026,354045,266109071,29,0,0,11264,29,6809314891
4187,265783065,492669,266275734,4,0,0,31232,4,5487216416
4188,265790243,229684,266019927,28,0,0,17408,28,1290983115
4189,265790339,315261,266105600,14,0,0,53248,14,3903270304
4190,265796580,413100,266209680,9,0,0,37376,9,543431249
4191,265806359,225781,266032140,1,0,0,10752,1,5477953289
4192,265830130,406241,266236371,11,0,0,4096,11,5842380179
4193,265831367,3128,265834495,3,0,1,9216,3,9821997452
4194,265856089,209322,266065411,5,0,0,9728,5,9918456564
4195,265876135,294048,266170183,27,0,0,28672,27,2612455937
4196,265912919,3387,265916306,27,0,1,9728,27,7507020944
4197,265944922,288833,266233755,20,0,0,35840,20,726996584
4198,265947798,1042,265948840,17,0,1,1024,17,10410853373
4199,265964033,542458,266506491,23,0,0,69632,23,2268177529
4200,265964433,231664,266196097,15,0,0,11776,15,2117930511
4201,265973638,9254,265982892,25,0,1,6656,25,7274763246
4202,265988442,11016,265999458,16,0,1,17920,16,2891409376
4203,266007453,357405,266364858,20,0,0,15872,20,7898045620
4204,266078491,225155,266303646,21,0,1,325632,21,1845709750
4205,266091415,318158,266409573,3,0,0,4608,3,9465910768
4206,266095464,224247,266319711,1,0,1,60416,1,6183868217
4207,266106376,437859,266544235,21,0,0,8704,21,7497912750
4208,266121002,348619,266469621,10,0,0,9728,10,8288580889
4209,266145317,301444,266446761,3,0,0,15360,3,7134983701
4210,266149232,475287,266624519,3,0,0,19968,3,6837771887
4211,266149909,465561,266615470,16,0,0,1024,16,1077770278
4212,266151185,313879,266465064,20,0,0,20992,20,2200325479
4213,266151683,267733,266419416,9,0,0,32256,9,10578547274
4214,266169841,425826,266595667,1,0,0,36352,1,2915498179
4215,266175687,398855,266574542,7,0,0,38400,7,6795581619
4216,266176349,509855,266686204,22,0,0,10240,22,10456587543
4217,266193793,336277,266530070,14,0,0,53760,14,5956458128
4218,266212382,195772,266408154,0,0,0,51200,0,3675195866
4219,266216945,248626,266465571,11,0,0,1536,11,944610681
4220,266219517,425735,266645252,19,0,0,42496,19,9867289267
4221,266250737,73480,266324217,27,0,1,7168,27,8543052224
4222,266259991,70332,266330323,26,0,1,20992,26,3669545603
4223,266261715,681270,266942985,4,0,0,46592,4,440743161
4224,266262874,433961,266696835,8,0,0,34816,8,5664163527
4225,266269305,67022,266336327,11,0,1,20480,11,104098605
4226,266273180,733067,267006247,1,0,0,75264,1,1511814317
4227,266298842,413374,266712216,23,0,0,20480,23,951358779
4228,266333399,244149,266577548,1,0,1,395264,1,4562834309
4229,266348319,233735,266582054,27,0,1,7168,27,6846952467
4230,266348682,842157,267190839,26,0,0,37376,26,1759321225
4231,266356508,240008,266596516,8,0,0,2560,8,4096931075
4232,266410851,184839,266595690,11,0,1,17920,11,5701475994
4233,266417496,402963,266820459,7,0,0,16384,7,9028405178
4234,266455731,346783,266802514,5,0,0,8704,5,9884015257
4235,266456147,284763,266740910,0,0,0,27648,0,399588028
4236,266458849,487895,266946744,8,0,0,12288,8,4299788748
4237,266476152,119561,266595713,3,0,1,2560,3,3318338025
4238,266484434,588384,267072818,6,0,0,57344,6,9960946942
4239,266491032,296862,266787894,7,0,0,35840,7,505147190
4240,266529384,923277,267452661,15,0,0,74752,15,3531362734
4241,266539031,619480,267158511,17,0,0,22016,17,1672252346
4242,266539422,274232,266813654,2,0,0,14336,2,8492358097
4243,266571475,660133,267231608,13,0,0,18944,13,8319062025
4244,266582714,294534,266877248,22,0,0,1536,22,9972968309
4245,266586527,142464,266728991,2,0,1,214528,2,7108737947
4246,266588140,784043,267372183,10,0,0,67584,10,3299744184
4247,266589538,465769,267055307,18,0,0,73728,18,9091268295
4248,266596114,833756,267429870,12,0,0,75776,12,1764810018
4249,266641012,692733,267333745,17,0,0,13312,17,9852909549
4250,266641337,99596,266740933,21,0,1,30208,21,10730101262
4251,266661631,601462,267263093,18,0,0,2560,18,486538480
4252,266664413,642263,267306676,23,0,0,13824,23,9098160412
4253,266684117,323081,267007198,10,0,0,3072,10,10637522254
4254,266687790,451746,267139536,17,0,0,3072,17,7004514742
4255,266692563,269083,266961646,7,0,0,4096,7,1703285894
4256,266709137,215025,266924162,20,0,0,8192,20,7226062946
4257,266716089,24867,266740956,13,0,1,6656,13,7693155255
4258,266734269,231760,266966029,16,0,0,14336,16,2661971004
4259,266738074,7023,266745097,25,0,1,11264,25,7655172493
4260,266765637,6278,266771915,7,0,1,6656,7,7507763446
4261,266769063,307686,267076749,13,0,0,12800,13,5596432374
4262,266775444,341853,267117297,9,0,0,10240,9,5908174706
4263,266776225,11684,266787909,5,0,1,6144,5,3770530864
4264,266797825,43975,266841800,18,0,1,72192,18,8821511770
4265,266813332,481261,267294593,10,0,0,5120,10,2403875813
4266,266822327,19627,266841954,5,0,1,8704,5,2327915394
4267,266826720,370998,267197718,16,0,0,22528,16,3874932464
4268,266876296,245072,267121368,5,0,0,13312,5,6818454328
4269,266934975,535500,267470475,7,0,0,50176,7,2015669606
4270,266939561,449344,267388905,29,0,0,44544,29,123158297
4271,267004799,231189,267235988,9,0,0,3072,9,943874328
4272,267027617,347701,267375318,16,0,0,10240,16,349051539
4273,267028238,300645,267328883,6,0,0,6656,6,5209921196
4274,267034627,443039,267477666,13,0,0,23552,13,1469692217
4275,267038378,38386,267076764,3,0,1,4096,3,6683618249
4276,267040248,217348,267257596,13,0,0,10752,13,9688192080
4277,267065640,216245,267281885,5,0,0,13824,5,8129777138
4278,267084864,313506,267398370,2,0,0,512,2,2577579685
4279,267158508,233688,267392196,23,0,0,10752,23,8780515396
4280,267208490,1994,267210484,1,0,1,2048,1,9010394129
4281,267241516,1042,267242558,3,0,1,1024,3,8896998623
4282,267253090,233335,267486425,23,0,0,28672,23,9731022938
4283,267311418,298726,267610144,13,0,0,12800,13,4099821818
4284,267321018,388106,267709124,11,0,0,78336,11,6568293181
4285,267333396,383543,267716939,4,0,0,25600,4,5869288280
4286,267341407,277794,267619201,22,0,0,14848,22,7155425059
4287,267427857,395501,267823358,4,0,0,26112,4,2228666369
4288,267459713,103490,267563203,18,0,0,3584,18,6653259365
4289,267503879,179939,267683818,2,0,0,26624,2,10065504208
4290,267534665,345426,267880091,14,0,0,27136,14,5905351675
4291,267543156,2946,267546102,27,0,1,3072,27,1170509950
4292,267543606,6362,267549968,0,0,1,6144,0,10588093025
4293,267544452,241759,267786211,4,0,0,35328,4,8731036947
4294,267556655,127490,267684145,21,0,0,1024,21,6752048862
4295,267558028,256561,267814589,11,0,0,19968,11,10314767574
4296,267559442,300195,267859637,24,0,0,32256,24,6727378871
4297,267561595,282000,267843595,4,0,0,22016,4,8797897433
4298,267575272,211578,267786850,11,0,0,2048,11,2706722386
4299,267578499,168520,267747019,12,0,0,45056,12,6547934732
4300,267615070,102352,267717422,17,0,0,1536,17,6140023453
4301,267638334,125678,267764012,19,0,0,9216,19,6650421932
4302,267647576,283071,267930647,8,0,0,31744,8,2424817098
4303,267718202,131592,267849794,9,0,0,17408,9,7917924017
4304,267750491,5971,267756462,21,0,1,14848,21,6121906229
4305,267800284,179494,267979778,17,0,0,52224,17,3563741816
4306,267816715,131107,267947822,8,0,0,56320,8,3754299700
4307,267822733,178363,268001096,0,0,0,5120,0,5459629958
4308,267945959,198985,268144944,5,0,0,30208,5,5317357286
4309,267951447,6278,267957725,5,0,1,6656,5,3767664851
4310,267980932,207608,268188540,15,0,0,3584,15,3422362107
4311,268001215,50672,268051887,10,0,0,2560,10,2873162167
4312,268004694,2946,268007640,17,0,1,3072,17,4629934613
4313,268005238,379545,268384783,17,0,0,88576,17,10359285954
4314,268016875,275670,268292545,9,0,0,13824,9,9494972397
4315,268019729,4850,268024579,5,0,1,5120,5,6669094914
4316,268022876,5802,268028678,24,0,1,6144,24,6909059151
4317,268023797,111928,268135725,16,0,0,54784,16,10021114959
4318,268034237,407348,268441585,1,0,0,41984,1,3780421845
4319,268034779,24670,268059449,11,0,1,44544,11,4667567109
4320,268045504,15891,268061395,22,0,1,3072,22,2515230580
4321,268061892,242775,268304667,20,0,0,17408,20,6906548420
4322,268088595,165140,268253735,10,0,0,52224,10,110034673
4323,268103471,3128,268106599,24,0,1,9216,24,8577913163
4324,268113546,3422,268116968,24,0,1,3584,24,9618265118
4325,268127213,269464,268396677,19,0,0,25600,19,8463634857
4326,268130893,295490,268426383,8,0,0,18432,8,8973525034
4327,268132865,22878,268155743,10,0,1,17408,10,4989249661
4328,268145603,14326,268159929,1,0,1,6656,1,9346919616
4329,268153216,299393,268452609,21,0,0,2560,21,4280338995
4330,268162432,185837,268348269,26,0,0,35328,26,9602980681
4331,268167451,327360,268494811,4,0,0,18944,4,3848251614
4332,268182937,205917,268388854,3,0,0,13312,3,7221379919
4333,268224040,91634,268315674,10,0,0,4096,10,6487929779
4334,268238265,18408,268256673,16,0,1,3072,16,7660279515
4335,268270512,289201,268559713,9,0,0,29184,9,8219407361
4336,268278202,246546,268524748,9,0,0,5120,9,3042592331
4337,268279512,71424,268350936,7,0,0,8704,7,6575296664
4338,268324999,539126,268864125,24,0,0,34816,24,4876601129
4339,268348190,155615,268503805,28,0,0,24064,28,456241511
4340,268366052,206909,268572961,20,0,0,37376,20,4933408458
4341,268420127,114314,268534441,21,0,0,11776,21,10028819401
4342,268425792,15808,268441600,10,0,1,9728,10,3264102745
4343,268437192,192692,268629884,10,0,0,34304,10,2127976221
4344,268444068,346233,268790301,0,0,0,71680,0,4357447127
4345,268459280,62416,268521696,2,0,1,101376,2,9673990036
4346,268473672,400965,268874637,28,0,0,22528,28,407722523
4347,268474953,98803,268573756,19,0,0,2560,19,6751376531
4348,268481291,268553,268749844,25,0,0,71168,25,7047730723
4349,268490672,34091,268524763,5,0,1,3072,5,3835579978
4350,268493936,33252,268527188,5,0,1,5632,5,8449481520
4351,268497596,195958,268693554,20,0,0,28160,20,9842270639
4352,268502038,220368,268722406,6,0,0,20480,6,958552744
4353,268508638,149943,268658581,20,0,0,3584,20,8241396735
4354,268524817,390854,268915671,27,0,0,46592,27,1440826613
4355,268533949,388280,268922229,26,0,0,17408,26,3279212575
4356,268560640,465654,269026294,18,0,0,7680,18,9069809941
4357,268568423,189860,268758283,0,0,0,27648,0,368616268
4358,268568643,199795,268768438,3,0,0,33280,3,126836962
4359,268577433,628174,269205607,12,0,0,18944,12,8198248690
4360,268597509,109467,268706976,21,0,0,512,21,8278840309
4361,268636608,6754,268643362,13,0,1,7168,13,9583135429
4362,268658512,395295,269053807,29,0,0,22528,29,2361658320
4363,268681611,20624,268702235,28,0,1,33280,28,5611792376
4364,268683637,385383,269069020,27,0,0,5632,27,633023801
4365,268698275,454823,269153098,10,0,0,43520,10,5273549566
4366,268699526,227081,268926607,7,0,0,4608,7,2627626490
4367,268721879,230810,268952689,25,0,0,62464,25,3811418764
4368,268753337,37489,268790826,13,0,1,512,13,3058334452
4369,268777102,15884,268792986,1,0,1,2560,1,762814457
4370,268779458,15483,268794941,26,0,1,10240,26,4012194307
4371,268780130,356105,269136235,21,0,0,69632,21,4697842284
4372,268788234,38481,268826715,2,0,1,52736,2,6539133622
4373,268815066,222424,269037490,14,0,0,4096,14,10692529951
4374,268834489,10499,268844988,25,0,1,16896,25,5688187646
4375,268836911,9063,268845974,16,0,1,1536,16,7987996373
4376,268837602,9038,268846640,0,0,1,1024,0,6639447477
4377,268849020,232929,269081949,22,0,0,9216,22,9280061250
4378,268852811,456365,269309176,11,0,0,32256,11,199557412
4379,268864946,250050,269114996,18,0,0,59904,18,5408064405
4380,268868175,10352,268878527,28,0,1,4096,28,3109521359
4381,268875319,288774,269164093,22,0,0,33280,22,5173403776
4382,268889122,153393,269042515,15,0,0,5632,15,4491963056
4383,268892252,191765,269084017,5,0,0,4608,5,145650807
4384,268894713,167302,269062015,11,0,0,4096,11,9345243084
4385,268909957,12287,268922244,4,0,1,5632,4,3463267945
4386,268925535,343282,269268817,28,0,0,77312,28,8128417382
4387,268930954,250196,269181150,27,0,0,16896,27,1723151919
4388,268951377,224610,269175987,16,0,0,17920,16,9288210532
4389,268957579,14287,268971866,25,0,1,27648,25,6722410240
4390,268966644,7808,268974452,11,0,1,4096,11,206908998
4391,268967618,202894,269170512,3,0,0,20992,3,2902238934
4392,269001911,213554,269215465,20,0,0,4096,20,8580149046
4393,269002295,4850,269007145,4,0,1,5120,4,3722178490
4394,269017982,365796,269383778,22,0,0,11776,22,772448534
4395,269035289,148538,269183827,6,0,0,1024,6,1067892476
4396,269056299,152281,269208580,22,0,0,3072,22,8176140222
4397,269058386,80828,269139214,10,0,0,9728,10,9250869081
4398,269070905,172016,269242921,28,0,0,17408,28,6503013864
4399,269086372,148443,269234815,23,0,0,2560,23,4551956054
4400,269091445,222235,269313680,19,0,0,12288,19,6605278952
4401,269095402,307513,269402915,0,0,0,7680,0,4299638052
4402,269105229,230130,269335359,1,0,0,47104,1,109491807
4403,269146954,233221,269380175,15,0,0,20992,15,6505233161
4404,269153914,27251,269181165,10,0,1,20480,10,2543210569
4405,269178831,6224,269185055,11,0,1,4096,11,9987297908
4406,269211234,282062,269493296,27,0,0,22528,27,6626712127
4407,269218526,566,269219092,16,0,1,512,16,2944822386
4408,269246453,269184,269515637,29,0,0,28672,29,3533097767
4409,269254243,250471,269504714,26,0,0,29184,26,10282679500
4410,269264586,170481,269435067,21,0,0,4096,21,9976393803
4411,269266071,220346,269486417,29,0,0,53760,29,9704608985
4412,269282248,268528,269550776,8,0,0,16896,8,1548313593
4413,269287740,21451,269309191,0,0,1,29696,0,6563576273
4414,269305020,9013,269314033,15,0,1,5120,15,45848894
4415,269313829,181978,269495807,1,0,0,8192,1,7211357057
4416,269368191,229310,269597501,17,0,0,12800,17,1826080338
4417,269382970,266686,269649656,24,0,0,24576,24,8803916293
4418,269392509,3422,269395931,0,0,1,3584,0,1834738112
4419,269395503,315796,269711299,21,0,0,31744,21,9617899430
4420,269402635,239518,269642153,25,0,0,50688,25,1999459283
4421,269402909,13108,269416017,0,0,1,22016,0,4859289985
4422,269411642,124185,269535827,21,0,0,3072,21,8407844920
4423,269419754,159300,269579054,19,0,0,44544,19,4228963989
4424,269432532,241169,269673701,19,0,0,55296,19,9902899306
4425,269440396,98006,269538402,11,0,0,6144,11,8096379988
4426,269466749,1994,269468743,21,0,1,2048,21,6705654761
4427,269500275,191716,269691991,8,0,0,8704,8,10411582933
4428,269510099,22143,269532242,3,0,1,32256,3,7304236025
4429,269531564,239321,269770885,16,0,0,14336,16,3166718435
4430,269537048,206338,269743386,21,0,0,26624,21,8284275738
4431,269538733,6278,269545011,0,0,1,6656,0,5458979202
4432,269562821,150475,269713296,20,0,0,4608,20,69601296
4433,269587678,162431,269750109,11,0,0,22016,11,6157146231
4434,269630938,135564,269766502,13,0,0,12288,13,1293482820
4435,269634910,15822,269650732,3,0,1,1024,3,7263771987
4436,269643569,159472,269803041,3,0,0,52736,3,1258539098
4437,269660482,15681,269676163,29,0,1,2560,29,2503923477
4438,269678409,170152,269848561,1,0,0,31744,1,3163811334
4439,269758763,114832,269873595,17,0,0,56320,17,3885366852
4440,269792864,151127,269943991,23,0,0,28672,23,3531342273
4441,269801512,74712,269876224,17,0,0,1024,17,6434944603
4442,269842376,107870,269950246,25,0,0,20480,25,4823505298
4443,269886313,81252,269967565,23,0,0,4096,23,2124432857
4444,269899623,3645,269903268,4,0,1,10240,4,4540651162
4445,269908317,4850,269913167,10,0,1,5120,10,5880572278
4446,269970643,103064,270073707,28,0,0,38400,28,5057457423
4447,269971838,59912,270031750,7,0,0,7680,7,8098153175
4448,269973952,1042,269974994,26,0,1,1024,26,7494209273
4449,270031587,174070,270205657,29,0,0,49664,29,7277458039
4450,270033818,60967,270094785,5,0,0,5632,5,3621086520
4451,270034694,244048,270278742,15,0,0,10752,15,7058803449
4452,270049444,141066,270190510,25,0,0,59904,25,1878318485
4453,270065205,268369,270333574,17,0,0,10752,17,182400898
4454,270072266,202267,270274533,12,0,0,15360,12,202322733
4455,270081037,158510,270239547,2,0,0,62976,2,2994998234
4456,270094276,115780,270210056,6,0,0,14336,6,502900757
4457,270100850,184660,270285510,8,0,0,12800,8,2729057998
4458,270108148,152106,270260254,14,0,0,14336,14,10654619770
4459,270157580,117124,270274704,23,0,0,512,23,8009612342
4460,270192058,24260,270216318,29,0,1,6656,29,5364233657
4461,270201967,15017,270216984,25,0,1,1024,25,1660710902
4462,270205565,58695,270264260,7,0,0,4096,7,1110365535
4463,270228160,114606,270342766,16,0,0,5632,16,1751077529
4464,270279478,163924,270443402,18,0,1,265728,18,5850690220
4465,270300046,161810,270461856,13,0,0,512,13,8580193976
4466,270335106,394909,270730015,15,0,0,19456,15,1794804072
4467,270340937,134926,270475863,1,0,0,7168,1,4248686720
4468,270364745,230453,270595198,5,0,0,18432,5,6286120297
4469,270375530,201998,270577528,14,0,0,1024,14,5813150777
4470,270389166,222910,270612076,19,0,0,7168,19,9233368968
4471,270395354,328718,270724072,10,0,0,10240,10,1689033903
4472,270400921,477404,270878325,20,0,0,72704,20,9038775682
4473,270403066,403961,270807027,27,0,0,41472,27,4044157799
4474,270410664,422459,270833123,12,0,0,42496,12,8842991030
4475,270453218,163460,270616678,13,0,0,13312,13,4813791571
4476,270489060,301303,270790363,16,0,0,1024,16,1779133636
4477,270512654,3645,270516299,29,0,1,10240,29,4763843750
4478,270528933,114052,270642985,13,0,0,24576,13,3532440801
4479,270534047,3645,270537692,26,0,1,10240,26,5416068348
4480,270551759,64942,270616701,2,0,1,104448,2,650035057
4481,270571372,362123,270933495,21,0,0,5632,21,9114489240
4482,270601011,109516,270710527,27,0,0,8192,27,1808958482
4483,270614249,175772,270790021,13,0,0,51200,13,5919769101
4484,270640395,5528,270645923,24,0,1,3072,24,4964199618
4485,270649763,1042,270650805,10,0,1,1024,10,7318819761
4486,270665565,330690,270996255,0,0,0,10240,0,3917916733
4487,270670565,311932,270982497,3,0,0,64512,3,1054570529
4488,270695244,220337,270915581,11,0,0,29696,11,7050858688
4489,270729234,153170,270882404,14,0,0,13312,14,6625461200
4490,270748916,244204,270993120,16,0,0,34816,16,6566137505
4491,270761601,294372,271055973,17,0,0,43520,17,8507553114
4492,270769632,136827,270906459,7,0,0,37888,7,3187413302
4493,270773415,16621,270790036,24,0,1,2048,24,3867695573
4494,270800761,142818,270943579,24,0,0,1536,24,1718320598
4495,270832559,163867,270996426,9,0,0,512,9,10022985130
4496,270863651,23612,270887263,3,0,1,5120,3,10395120875
4497,270874369,200035,271074404,23,0,0,60416,23,7085506081
4498,270877411,300199,271177610,13,0,0,32768,13,8721988392
4499,270901115,14481,270915596,22,0,1,512,22,2458991349
4500,270920971,155320,271076291,6,0,0,6144,6,7384889586
4501,270921640,259646,271181286,23,0,0,3072,23,2234353156
4502,270927132,219536,271146668,4,0,0,32256,4,8631407561
4503,270931831,266192,271198023,3,0,0,32768,3,6825370476
4504,270932474,165725,271098199,17,0,0,25600,17,3919366564
4505,270946352,92011,271038363,22,0,0,14848,22,10691511043
4506,270958212,209383,271167595,0,0,0,68608,0,5511029286
4507,270959331,354766,271314097,18,0,0,55296,18,5463116448
4508,270989429,245090,271234519,18,0,0,27136,18,2023598502
4509,271002194,10241,271012435,1,0,1,16384,1,10594972127
4510,271025576,3422,271028998,20,0,1,3584,20,6317579534
4511,271045941,34683,271080624,13,0,1,4608,13,10640505963
4512,271071136,141938,271213074,7,0,0,1536,7,6537845744
4513,271088453,99556,271188009,15,0,0,22016,15,3033212073
4514,271099073,253597,271352670,6,0,0,13824,6,8763828440
4515,271126667,126506,271253173,4,0,0,1536,4,9930413149
4516,271140310,214403,271354713,14,0,0,6656,14,8108175515
4517,271144669,79585,271224254,14,0,0,4096,14,3009534788
4518,271148957,39067,271188024,3,0,1,12800,3,2140003856
4519,271158039,169279,271327318,17,0,0,29184,17,367892217
4520,271212687,1421,271214108,22,0,1,1024,22,2667564891
4521,271213952,178078,271392030,1,0,0,22016,1,3099785959
4522,271226920,9585,271236505,13,0,1,2048,13,9565553187
4523,271234738,4608,271239346,4,0,1,11264,4,6406935963
4524,271238357,223783,271462140,13,0,0,29184,13,2188212960
4525,271262908,7230,271270138,28,0,1,7680,28,9479856388
4526,271290952,6278,271297230,16,0,1,6656,16,7845417810
4527,271308083,66830,271374913,16,0,0,5632,16,2921349224
4528,271320044,95856,271415900,19,0,0,10752,19,3241389246
4529,271345217,174563,271519780,16,0,0,7680,16,3329083185
4530,271352718,7958,271360676,25,0,1,14848,25,2906692642
4531,271384311,7734,271392045,4,0,1,5120,4,6734397498
4532,271393761,172211,271565972,3,0,0,44544,3,4207195549
4533,271397959,3128,271401087,2,0,1,9216,2,3999541190
4534,271399872,63531,271463403,10,0,0,4096,10,3147137886
4535,271402137,201057,271603194,20,0,0,2560,20,3227789553
4536,271433273,1998,271435271,2,0,1,2048,2,8979295961
4537,271433318,212157,271645475,3,0,0,16896,3,5998789246
4538,271471107,153662,271624769,29,0,0,30720,29,10401873033
4539,271474523,7230,271481753,1,0,1,7680,1,3886943240
4540,271491719,229263,271720982,18,0,0,27136,18,1925172124
4541,271520575,219676,271740251,16,0,0,3072,16,8502788008
4542,271532268,81078,271613346,22,0,0,5632,22,257914706
4543,271560607,320750,271881357,11,0,0,71680,11,4110461278
4544,271564991,186396,271751387,19,0,0,19456,19,7033264081
4545,271569341,143358,271712699,28,0,0,23552,28,10735380198
4546,271571067,198086,271769153,2,0,0,1024,2,2582955743
4547,271572918,64958,271637876,22,0,0,1024,22,9032214727
4548,271574879,272424,271847303,13,0,0,37376,13,2709983311
4549,271588380,103320,271691700,19,0,0,34816,19,1517255214
4550,271588770,566,271589336,4,0,1,512,4,2751608790
4551,271595553,7706,271603259,26,0,1,8192,26,3518696282
4552,271688730,113413,271802143,20,0,0,28160,20,3320568734
4553,271695428,230055,271925483,7,0,0,18944,7,9016003490
4554,271725600,5326,271730926,25,0,1,5632,25,1552553446
4555,271731268,45596,271776864,3,0,0,1024,3,755106052
4556,271749122,110372,271859494,13,0,0,39936,13,5900401438
4557,271750197,4629,271754826,0,0,1,3584,0,5878790733
4558,271791883,566,271792449,3,0,1,512,3,6923107106
4559,271802120,109791,271911911,25,0,0,10240,25,6308448128
4560,271815160,139662,271954822,4,0,0,28160,4,3118201282
4561,271838947,103348,271942295,23,0,0,4096,23,7932781036
4562,271850125,194115,272044240,14,0,0,14336,14,4279934523
4563,271858113,290515,272148628,2,0,0,79872,2,333638766
4564,271861688,352502,272214190,28,0,0,39424,28,358305815
4565,271882673,111515,271994188,2,0,0,13824,2,2289245541
4566,271908001,465939,272373940,5,0,0,33280,5,2977865027
4567,271945764,124345,272070109,11,0,0,74752,11,9975436145
4568,271955969,227762,272183731,14,0,0,44032,14,4774303145
4569,271968693,1042,271969735,28,0,1,1024,28,6294511780
4570,271998973,4374,272003347,5,0,1,4608,5,7482703292
4571,272010997,321339,272332336,15,0,0,37888,15,5415519267
4572,272013051,218686,272231737,17,0,0,3072,17,2505543853
4573,272032434,512178,272544612,22,0,0,40448,22,2176753941
4574,272035193,135107,272170300,7,0,0,50176,7,3620495121
4575,272043861,2841,272046702,14,0,1,2560,14,9435967623
4576,272053790,259814,272313604,20,0,0,137728,20,4795176697
4577,272107515,448623,272556138,6,0,0,1536,6,5425162845
4578,272131531,224432,272355963,7,0,0,23552,7,2266048901
4579,272191725,126418,272318143,3,0,0,14848,3,877558009
4580,272198322,232587,272430909,27,0,0,54272,27,1386266269
4581,272211550,417456,272629006,5,0,0,52224,5,5116222333
4582,272215594,245441,272461035,18,0,1,397824,18,3985847415
4583,272225148,530544,272755692,2,0,0,20992,2,3610123966
4584,272241808,223413,272465221,1,0,1,6656,1,9251127555
4585,272256069,225217,272481286,18,0,1,52224,18,316542021
4586,272256434,184982,272441416,2,0,0,8192,2,8787141815
4587,272263618,398097,272661715,7,0,0,15872,7,4713867271
4588,272281432,151676,272433108,18,0,0,7168,18,9993247013
4589,272284070,264145,272548215,24,0,0,11776,24,7789606692
4590,272311942,247470,272559412,0,0,0,7680,0,2295763070
4591,272312682,436599,272749281,15,0,0,51712,15,6203221914
4592,272322716,161796,272484512,2,0,1,5120,2,7021999116
4593,272328543,284536,272613079,1,0,0,11264,1,7934513096
4594,272346827,410300,272757127,29,0,0,4608,29,1722580630
4595,272354067,379443,272733510,15,0,0,31232,15,21777125
4596,272358919,190091,272549010,9,0,0,2560,9,4098084455
4597,272406160,203472,272609632,3,0,0,71680,3,3025036171
4598,272479509,176284,272655793,29,0,0,1024,29,5509172441
4599,272488348,235631,272723979,8,0,0,49152,8,948122464
4600,272572288,245725,272818013,28,0,0,1024,28,4511611122
4601,272577288,205543,272782831,17,0,0,28672,17,3600036777
4602,272620278,163192,272783470,1,0,0,2048,1,6796457361
4603,272624210,250468,272874678,2,0,0,30208,2,1948290664
4604,272625942,495071,273121013,10,0,0,90112,10,5685647179
4605,272654225,177420,272831645,27,0,0,12800,27,5692852249
4606,272674727,180842,272855569,0,0,0,39424,0,8319772844
4607,272685351,211178,272896529,24,0,0,24576,24,4070955536
4608,272685749,5802,272691551,29,0,1,6144,29,3788651023
4609,272687722,170670,272858392,18,0,0,9216,18,9972047724
4610,272691349,1042,272692391,11,0,1,1024,11,2874811217
4611,272704161,255799,272959960,13,0,0,52224,13,9252396964
4612,272738953,222894,272961847,19,0,0,6144,19,4633667352
4613,272741678,343760,273085438,24,0,0,74752,24,1597433738
4614,272760706,4374,272765080,25,0,1,4608,25,7727032999
4615,272788681,253777,273042458,10,0,0,11264,10,9916930024
4616,272811018,108534,272919552,10,0,0,2048,10,7225692759
4617,272835105,2870,272837975,2,0,1,8704,2,8143461599
4618,272854370,324317,273178687,23,0,0,29696,23,3738325417
4619,272865639,381874,273247513,9,0,0,57856,9,7124831078
4620,272865882,221287,273087169,9,0,0,5632,9,9465847918
4621,272869036,318297,273187333,12,0,0,13312,12,9880672912
4622,272896997,137053,273034050,27,0,0,1536,27,4081835118
4623,272922945,13083,272936028,3,0,1,22016,3,2068239531
4624,272998577,94965,273093542,15,0,0,15360,15,71332168
4625,273030908,5971,273036879,16,0,1,14848,16,3534658537
4626,273051702,158677,273210379,19,0,0,73216,19,402470161
4627,273086762,34274,273121036,4,0,1,7168,4,5904881571
4628,273093529,253439,273346968,15,0,0,12288,15,4622878810
4629,273106722,182677,273289399,27,0,0,7168,27,8266163287
4630,273120512,324028,273444540,16,0,0,30208,16,5910572429
4631,273163769,115862,273279631,13,0,0,20480,13,3564927065
4632,273164952,115162,273280114,25,0,0,1536,25,1854163787
4633,273175845,171918,273347763,23,0,0,2560,23,3397180591
4634,273229514,113687,273343201,0,0,0,40448,0,2095091670
4635,273240576,210859,273451435,2,0,0,22528,2,652921464
4636,273240899,88364,273329263,3,0,0,9728,3,138516547
4637,273252631,182690,273435321,17,0,0,61440,17,3243109909
4638,273253009,162618,273415627,0,0,0,50176,0,369371855
4639,273264585,199252,273463837,5,0,0,6656,5,7212906336
4640,273314377,187416,273501793,16,0,0,75776,16,2699782606
4641,273337477,79101,273416578,13,0,0,3072,13,1013853633
4642,273396960,108748,273505708,14,0,0,12800,14,10160280215
4643,273406796,141467,273548263,28,0,0,20480,28,2310864658
4644,273418637,91795,273510432,22,0,0,7168,22,7988238572
4645,273418944,111727,273530671,19,0,0,3072,19,321219596
4646,273431335,138282,273569617,28,0,0,13824,28,1149539395
4647,273434292,93649,273527941,25,0,0,3072,25,5466096508
4648,273434337,115813,273550150,18,0,0,6144,18,1434069132
4649,273445526,96395,273541921,16,0,0,4096,16,5553403854
4650,273447018,8171,273455189,26,0,1,10240,26,7097549003
4651,273448660,188979,273637639,18,0,0,29184,18,8004213104
4652,273452541,164895,273617436,19,0,0,13312,19,153645785
4653,273467233,228326,273695559,10,0,0,34304,10,474094771
4654,273476586,29137,273505723,0,0,1,3584,0,9442801880
4655,273481928,203156,273685084,16,0,0,39936,16,9458180050
4656,273527694,59545,273587239,12,0,0,1024,12,10253249635
4657,273528431,182142,273710573,7,0,0,40448,7,2748003825
4658,273536337,111406,273647743,4,0,0,27136,4,26292813
4659,273545568,127333,273672901,1,0,0,12800,1,2463609978
4660,273560449,204120,273764569,16,0,0,71680,16,4654567925
4661,273608433,89801,273698234,0,0,0,8704,0,5189516184
4662,273615855,182161,273798016,29,0,0,52224,29,8832764434
4663,273627149,171038,273798187,29,0,0,512,29,7447682624
4664,273658757,179938,273838695,19,0,0,3584,19,9452929368
4665,273660245,121844,273782089,19,0,0,26112,19,633656730
4666,273673571,145388,273818959,15,0,0,19968,15,5081206144
4667,273681596,152381,273833977,19,0,0,19968,19,10059035967
4668,273684898,156903,273841801,5,0,0,3072,5,3721394878
4669,273685344,115267,273800611,13,0,0,5120,13,7400201403
4670,273709119,4624,273713743,11,0,1,9216,11,5881452013
4671,273729014,108566,273837580,6,0,0,11776,6,1808153291
4672,273770516,144299,273914815,19,0,0,39936,19,9976644433
4673,273814576,108375,273922951,13,0,0,6144,13,7044813181
4674,273821539,111965,273933504,23,0,0,13312,23,10225682638
4675,273832512,145837,273978349,21,0,0,20480,21,10291846490
4676,273847444,187365,274034809,4,0,0,39424,4,5698836786
4677,273849688,225389,274075077,15,0,0,9216,15,670830125
4678,273870542,121222,273991764,25,0,0,6656,25,10439593916
4679,273882895,119453,274002348,4,0,0,6656,4,9839460476
4680,273891869,3422,273895291,4,0,1,3584,4,5453755145
4681,273902990,239399,274142389,6,0,0,37376,6,10634594671
4682,273905548,9917,273915465,24,0,1,512,24,1577532393
4683,273907882,92423,274000305,22,0,0,15872,22,4802846501
4684,273908592,9885,273918477,17,0,1,3584,17,1518237905
4685,273911565,200350,274111915,11,0,0,64512,11,264689667
4686,273930161,8678,273938839,17,0,1,5632,17,110958102
4687,273930784,222696,274153480,0,0,0,36352,0,8128922353
4688,274006263,263619,274269882,20,0,0,38912,20,3175570651
4689,274011316,7706,274019022,4,0,1,8192,4,5855129411
4690,274018503,208374,274226877,25,0,0,36352,25,2821108711
4691,274019618,160426,274180044,21,0,0,17408,21,2363006228
4692,274023961,15214,274039175,4,0,1,4608,4,1069564732
4693,274055026,57528,274112554,8,0,0,2048,8,10473209768
4694,274055165,272050,274327215,22,0,0,36864,22,5528704287
4695,274104317,302641,274406958,5,0,0,10752,5,4646354208
4696,274113427,381233,274494660,8,0,0,35328,8,4232894711
4697,274114916,88907,274203823,0,0,0,13824,0,10301334484
4698,274116463,134870,274251333,11,0,0,10752,11,10209331987
4699,274162466,2470,274164936,24,0,1,2560,24,267119447
4700,274186223,99164,274285387,2,0,0,25600,2,7632654973
4701,274190406,80123,274270529,14,0,0,2048,14,8691393204
4702,274221708,11456,274233164,29,0,1,6656,29,9894620078
4703,274224442,85299,274309741,16,0,0,3584,16,5775195783
4704,274227705,102185,274329890,1,0,0,8704,1,571503569
4705,274258927,190925,274449852,3,0,0,2560,3,2107801528
4706,274284743,3764,274288507,24,0,1,9216,24,3025756669
4707,274296820,264782,274561602,4,0,0,22016,4,7567184404
4708,274303102,82281,274385383,27,0,0,11264,27,2372810522
4709,274312910,48613,274361523,20,0,0,1024,20,7251415383
4710,274318222,109865,274428087,4,0,0,31232,4,9159807112
4711,274349249,99808,274449057,12,0,0,8192,12,8543657483
4712,274372628,131509,274504137,10,0,0,27648,10,8292898799
4713,274389414,115830,274505244,18,0,0,3584,18,1581077603
4714,274393442,78977,274472419,24,0,0,17408,24,10440900937
4715,274396832,5802,274402634,2,0,1,6144,2,10100948748
4716,274450978,126237,274577215,17,0,0,11264,17,3261808019
4717,274455838,194882,274650720,27,0,0,86528,27,676538105
4718,274534982,6754,274541736,20,0,1,7168,20,9822304390
4719,274562655,127597,274690252,21,0,0,49152,21,9368051119
4720,274578182,91638,274669820,6,0,0,14336,6,1453120826
4721,274611211,150617,274761828,1,0,0,13312,1,1684899982
4722,274656029,55203,274711232,24,0,0,1536,24,795903588
4723,274663342,149487,274812829,23,0,0,50176,23,10720651223
4724,274684982,238666,274923648,14,0,0,6656,14,6996539110
4725,274690779,170345,274861124,18,0,0,47616,18,7805010002
4726,274708853,74779,274783632,21,0,0,3072,21,4133625051
4727,274709881,106567,274816448,1,0,0,11776,1,769448781
4728,274716505,122051,274838556,8,0,0,22016,8,284370901
4729,274719482,354160,275073642,19,0,0,114688,19,2564413629
4730,274746787,123703,274870490,20,0,0,6656,20,3308190884
4731,274778292,158090,274936382,19,0,0,6144,19,238300784
4732,274795813,183626,274979439,18,0,0,6144,18,77744583
4733,274802351,129424,274931775,17,0,0,26624,17,4589889212
4734,274803664,147766,274951430,20,0,0,5120,20,4798752357
4735,274815401,126063,274941464,2,0,0,1536,2,5185244543
4736,274840236,4420,274844656,16,0,1,11776,16,8051681987
4737,274877038,119840,274996878,13,0,0,24064,13,8166019549
4738,274907057,4679,274911736,28,0,1,12288,28,6789009725
4739,274950599,1882,274952481,2,0,1,1024,2,3176258145
4740,274951219,6810,274958029,10,0,1,6656,10,8560797416
4741,274954863,4792,274959655,25,0,1,2560,25,3407261933
4742,274955695,135533,275091228,28,0,0,25088,28,10133465068
4743,274960063,147044,275107107,5,0,0,30720,5,5458415097
4744,274970189,219679,275189868,23,0,0,63488,23,2773011956
4745,274984135,141068,275125203,15,0,0,23552,15,6166320952
4746,274995919,234540,275230459,19,0,0,9728,19,4402239034
4747,275018437,123284,275141721,20,0,0,1024,20,1507617872
4748,275089218,17920,275107138,10,0,1,17920,10,7624145150
4749,275089421,81088,275170509,27,0,0,14848,27,9613735369
4750,275098207,65576,275163783,29,0,0,7168,29,3030270361
4751,275099894,167641,275267535,13,0,0,96256,13,2359778029
4752,275105564,96025,275201589,5,0,0,4096,5,2984858557
4753,275150915,4679,275155594,11,0,1,12288,11,8059127727
4754,275151111,152050,275303161,4,0,0,45568,4,1075792561
4755,275153185,164864,275318049,12,0,0,17920,12,9305537995
4756,275164527,162856,275327383,28,0,0,28160,28,9392821522
4757,275234877,32673,275267550,27,0,1,4096,27,10317616058
4758,275242552,29152,275271704,0,0,1,11264,0,9352090460
4759,275288172,209537,275497709,15,0,0,5120,15,1252920181
4760,275313477,91416,275404893,19,0,0,20480,19,10443538722
4761,275315938,287329,275603267,8,0,0,168960,8,2045665384
4762,275344245,25446,275369691,5,0,1,46080,5,7681760080
4763,275372098,242440,275614538,29,0,0,36864,29,10710671348
4764,275375563,162578,275538141,11,0,0,22016,11,7456440845
4765,275451065,1042,275452107,28,0,1,1024,28,8574715357
4766,275500524,4679,275505203,24,0,1,12288,24,1754195561
4767,275529529,143119,275672648,10,0,0,45568,10,133979449
4768,275549504,84132,275633636,13,0,0,13312,13,9847476399
4769,275560078,224938,275785016,8,0,0,114688,8,8292381687
4770,275573064,213223,275786287,5,0,0,4096,5,603378300
4771,275580356,37019,275617375,22,0,1,8704,22,7540917124
4772,275614342,175416,275789758,22,0,0,11264,22,9405702732
4773,275614545,113447,275727992,27,0,0,8192,27,9087775977
4774,275666890,152282,275819172,2,0,0,43520,2,8279471809
4775,275673956,261720,275935676,7,0,0,27648,7,3412390288
4776,275682244,123653,275805897,10,0,0,17920,10,1134849563
4777,275708593,122636,275831229,21,0,0,15360,21,2090655870
4778,275739460,163997,275903457,2,0,0,8192,2,5147161338
4779,275739514,121553,275861067,9,0,0,16384,9,9998375663
4780,275751247,278903,276030150,15,0,0,11776,15,9356778400
4781,275761589,264934,276026523,5,0,0,73216,5,1344084712
4782,275762657,100186,275862843,23,0,0,2048,23,6924861190
4783,275767878,116361,275884239,14,0,0,11776,14,5868212379
4784,275819940,220746,276040686,0,0,0,6656,0,6110829433
4785,275820476,170137,275990613,23,0,0,22016,23,780446035
4786,275858881,194300,276053181,20,0,0,40960,20,4137826429
4787,275873262,192882,276066144,4,0,0,42496,4,2896317194
4788,275878583,5671,275884254,24,0,1,9216,24,9027516251
4789,275898420,177381,276075801,6,0,0,27136,6,4972096740
4790,275908693,284654,276193347,12,0,0,10240,12,8664303172
4791,275918395,231251,276149646,23,0,0,17920,23,1957766769
4792,275935143,263866,276199009,25,0,0,5632,25,7957800313
4793,275948453,228640,276177093,14,0,0,59904,14,9455170044
4794,275972882,217330,276190212,12,0,0,43008,12,4853116526
4795,275977030,115133,276092163,23,0,0,4096,23,5637722841
4796,275979492,164679,276144171,29,0,0,23552,29,6691785378
4797,276007951,260120,276268071,1,0,0,29696,1,10225724218
4798,276009524,211411,276220935,2,0,0,1024,2,1301332375
4799,276009942,187328,276197270,10,0,0,12800,10,7086973054
4800,276014441,121798,276136239,5,0,0,2560,5,1914902352
4801,276060991,14825,276075816,15,0,1,4096,15,10693205361
4802,276125389,78643,276204032,18,0,0,16384,18,5934274994
4803,276152241,97158,276249399,22,0,0,10240,22,5725649596
4804,276185737,113744,276299481,6,0,0,5632,6,132273388
4805,276187167,18079,276205246,16,0,1,6656,16,3129431391
4806,276197408,10228,276207636,15,0,1,10240,15,6638195328
4807,276200095,123403,276323498,27,0,0,11264,27,673117786
4808,276214788,70257,276285045,3,0,0,5120,3,3074849986
4809,276215843,150028,276365871,27,0,0,37376,27,9730527142
4810,276255995,57796,276313791,22,0,0,2560,22,5476369197
4811,276282728,173076,276455804,23,0,0,41984,23,612098917
4812,276297634,78851,276376485,13,0,0,512,13,2459685056
4813,276349812,77768,276427580,22,0,0,15872,22,2609702388
4814,276374192,128610,276502802,9,0,0,25600,9,3673522393
4815,276385656,3904,276389560,1,0,1,10752,1,1016920088
4816,276392478,566,276393044,22,0,1,512,22,547758865
4817,276395833,15837,276411670,13,0,1,30720,13,8431790733
4818,276429185,153106,276582291,7,0,0,24064,7,603721646
4819,276449512,110847,276560359,28,0,0,10240,28,1245586200
4820,276530319,109067,276639386,9,0,0,9216,9,5146641977
4821,276539450,1994,276541444,24,0,1,2048,24,1479844238
4822,276556466,5196,276561662,10,0,1,13312,10,1553248677
4823,276556572,86425,276642997,12,0,0,11776,12,9742625988
4824,276566405,1994,276568399,28,0,1,2048,28,8874633750
4825,276585345,90524,276675869,5,0,0,17408,5,8524813728
4826,276608860,134332,276743192,20,0,0,19456,20,7547067016
4827,276617183,60105,276677288,24,0,0,4608,24,10570564193
4828,276637059,170651,276807710,20,0,0,13312,20,2960477620
4829,276696771,60824,276757595,15,0,0,5632,15,10509789000
4830,276701287,88435,276789722,28,0,0,9728,28,128446380
4831,276726258,66212,276792470,20,0,0,8192,20,2845145073
4832,276737695,89893,276827588,10,0,0,22528,10,6473512968
4833,276747972,133124,276881096,21,0,0,31232,21,5099561119
4834,276750174,193748,276943922,4,0,0,12800,4,967701223
4835,276761736,193745,276955481,16,0,0,37888,16,8703905150
4836,276779291,2870,276782161,10,0,1,8704,10,2916991696
4837,276815058,68126,276883184,23,0,0,6144,23,1056002280
4838,276842934,85874,276928808,5,0,0,14336,5,1917621305
4839,276870590,86466,276957056,11,0,0,5120,11,10562725075
4840,276872177,187449,277059626,10,0,0,72704,10,8994196441
4841,276885518,83898,276969416,24,0,0,4608,24,7438431702
4842,276898241,176688,277074929,4,0,0,50176,4,3910220680
4843,276959349,5802,276965151,2,0,1,6144,2,283445921
4844,276961529,173193,277134722,21,0,0,102400,21,837492123
4845,276968919,307796,277276715,13,0,0,10240,13,7327134698
4846,276995537,5802,277001339,4,0,1,6144,4,4663935657
4847,277015105,211717,277226822,7,0,0,9216,7,4112147453
4848,277020144,247568,277267712,24,0,0,41472,24,6818222354
4849,277021272,142568,277163840,24,0,0,15360,24,975451626
4850,277023852,188972,277212824,4,0,0,45056,4,1592269798
4851,277093112,237119,277330231,28,0,0,1536,28,2912199165
4852,277126546,14488,277141034,16,0,1,6656,16,6762309544
4853,277128725,182103,277310828,15,0,0,31744,15,8360811952
4854,277133524,10736,277144260,28,0,1,5120,28,9408899610
4855,277149595,231271,277380866,16,0,0,23552,16,549473748
4856,277149921,179819,277329740,7,0,0,20992,7,2773505807
4857,277157050,116530,277273580,25,0,0,15360,25,4107519821
4858,277166149,246460,277412609,10,0,0,29184,10,3894146847
4859,277199589,222730,277422319,25,0,0,11776,25,9777846478
4860,277279817,123885,277403702,9,0,0,30720,9,8624676947
4861,277307573,111135,277418708,14,0,0,19968,14,10371676149
4862,277324305,137777,277462082,29,0,0,18432,29,4467652403
4863,277338079,103825,277441904,4,0,0,13824,4,10107539118
4864,277364004,131894,277495898,4,0,0,23552,4,9327214192
4865,277370253,106229,277476482,29,0,0,10240,29,4627773973
4866,277415263,84889,277500152,24,0,0,6144,24,7362895209
4867,277484326,63557,277547883,2,0,0,512,2,7621543374
4868,277503979,91592,277595571,14,0,0,15872,14,223774435
4869,277547164,109766,277656930,10,0,0,6656,10,6793528036
4870,277567783,87104,277654887,7,0,0,6656,7,5854471018
4871,277606422,5326,277611748,11,0,1,5632,11,8581734180
4872,277624763,73903,277698666,7,0,0,7168,7,4313513131
4873,277630433,100256,277730689,19,0,0,29184,19,3313484093
4874,277632062,64405,277696467,16,0,0,6656,16,2395282697
4875,277643084,180041,277823125,23,0,0,7680,23,9759650904
4876,277649406,116389,277765795,16,0,0,7168,16,682089127
4877,277652201,107698,277759899,5,0,0,46592,5,2857325230
4878,277670252,5326,277675578,17,0,1,5632,17,3036096859
4879,277688797,5196,277693993,22,0,1,13312,22,9343544308
4880,277698939,102616,277801555,3,0,0,33792,3,4450571044
4881,277710443,234329,277944772,2,0,0,57856,2,5729426918
4882,277716478,345773,278062251,16,0,0,8192,16,2197885299
4883,277760908,142292,277903200,17,0,0,29696,17,5987951335
4884,277765108,4577,277769685,17,0,1,4096,17,6458940083
4885,277771240,4850,277776090,22,0,1,5120,22,7575540364
4886,277777982,111981,277889963,0,0,0,12288,0,5079273527
4887,277791760,158955,277950715,19,0,0,19456,19,5156332378
4888,277810757,203827,278014584,27,0,0,19968,27,2223775223
4889,277817278,242462,278059740,5,0,0,4608,5,9834151195
4890,277834250,56040,277890290,7,0,0,1024,7,10057987162
4891,277834363,6754,277841117,10,0,1,7168,10,7252969350
4892,277840479,202267,278042746,20,0,0,45568,20,6603748878
4893,277848444,268756,278117200,8,0,0,61952,8,6591511582
4894,277851957,101797,277953754,12,0,0,512,12,9716934339
4895,277858121,334746,278192867,6,0,0,25600,6,5698670182
4896,277874012,175784,278049796,26,0,0,18432,26,277392972
4897,277878524,376142,278254666,29,0,0,5632,29,6455645028
4898,277889462,154703,278044165,7,0,0,4608,7,5296739868
4899,277922026,316650,278238676,27,0,0,75264,27,9389479019
4900,277977700,207352,278185052,25,0,0,52736,25,6165800297
4901,277990328,6754,277997082,24,0,1,7168,24,288743351
4902,277999040,79241,278078281,7,0,0,2048,7,9604237437
4903,278060315,77692,278138007,10,0,0,14336,10,9566596393
4904,278064555,95599,278160154,8,0,0,10240,8,5146687163
4905,278096077,202662,278298739,4,0,0,36864,4,6802915341
4906,278103514,17323,278120837,18,0,1,10240,18,8042408045
4907,278126845,73173,278200018,11,0,0,12800,11,9006947633
4908,278154452,51506,278205958,15,0,0,2048,15,3020909817
4909,278164479,28427,278192906,16,0,1,41984,16,8174123053
4910,278178715,108777,278287492,7,0,0,21504,7,1226865544
4911,278182461,257273,278439734,17,0,0,9728,17,7771797323
4912,278186112,79990,278266102,20,0,0,5632,20,3670663877
4913,278211974,287208,278499182,14,0,0,43520,14,5825212475
4914,278217245,25627,278242872,10,0,1,11264,10,9237960149
4915,278232753,144419,278377172,19,0,0,72704,19,10203951656
4916,278236912,281656,278518568,25,0,0,10240,25,6320063319
4917,278246948,51962,278298910,22,0,0,512,22,10706154449
4918,278251871,142557,278394428,9,0,0,18432,9,6880179503
4919,278269865,148187,278418052,16,0,0,39424,16,178461848
4920,278298568,2804,278301372,11,0,1,2560,11,3545446571
4921,278310595,84784,278395379,1,0,0,3072,1,8875586945
4922,278325405,98434,278423839,18,0,0,18944,18,4112331251
4923,278331851,137025,278468876,13,0,0,2560,13,2266583678
4924,278338502,121976,278460478,2,0,0,6144,2,5852909965
4925,278347056,4850,278351906,24,0,1,5120,24,3617744067
4926,278354247,245135,278599382,11,0,0,7168,11,5369057866
4927,278412916,150736,278563652,24,0,0,27136,24,2307053092
4928,278434223,225855,278660078,2,0,0,45056,2,4870506248
4929,278439899,98696,278538595,5,0,0,24064,5,6424028637
4930,278461869,301687,278763556,7,0,0,60928,7,1760301311
4931,278501589,139384,278640973,22,0,0,18944,22,6750609093
4932,278502842,242135,278744977,21,0,0,40448,21,5244239441
4933,278526026,147617,278673643,6,0,0,16384,6,6579653361
4934,278530550,132975,278663525,13,0,0,11264,13,459871674
4935,278545136,98036,278643172,13,0,0,7168,13,7615813144
4936,278582604,119833,278702437,19,0,0,24064,19,2844872813
4937,278677534,105248,278782782,4,0,0,45568,4,6061745026
4938,278683804,4374,278688178,23,0,1,4608,23,3757822276
4939,278702397,133851,278836248,19,0,0,8192,19,6005332440
4940,278718426,110298,278828724,25,0,0,8704,25,1716948427
4941,278727415,77300,278804715,6,0,0,14336,6,4525456086
4942,278739484,133145,278872629,22,0,0,44544,22,3616250609
4943,278744714,137929,278882643,24,0,0,23552,24,9763897144
4944,278764952,110500,278875452,29,0,0,9216,29,8929479534
4945,278773848,55047,278828895,17,0,0,512,17,10586396591
4946,278775836,8957,278784793,10,0,1,2048,10,209343692
4947,278794389,142527,278936916,12,0,0,38912,12,1857959851
4948,278819025,168868,278987893,4,0,0,33280,4,10496161232
4949,278837662,75852,278913514,1,0,0,9728,1,743186729
4950,278917531,4937,278922468,2,0,1,12800,2,3886558938
4951,278955927,3387,278959314,20,0,1,9728,20,5220219294
4952,278983345,7503,278990848,16,0,1,3072,16,4752638273
4953,278987607,64067,279051674,17,0,0,10240,17,3478829075
4954,279007098,104942,279112040,25,0,0,32768,25,5935478977
4955,279043979,121886,279165865,3,0,0,1024,3,1991925226
4956,279064904,97604,279162508,4,0,0,20480,4,3050106110
4957,279066743,164858,279231601,10,0,0,65536,10,2658783265
4958,279076483,4850,279081333,28,0,1,5120,28,6584678571
4959,279110307,217157,279327464,14,0,0,19456,14,5016454509
4960,279122785,87343,279210128,29,0,0,4608,29,4751313549
4961,279134453,153081,279287534,10,0,0,60928,10,8054063134
4962,279162594,300234,279462828,19,0,0,10752,19,8414156534
4963,279185759,108974,279294733,16,0,0,23552,16,2910448603
4964,279190307,147780,279338087,3,0,0,34816,3,8443742430
4965,279263902,303791,279567693,6,0,0,8704,6,9166687631
4966,279266665,149244,279415909,22,0,0,76288,22,4072895399
4967,279275351,26621,279301972,25,0,1,7680,25,3804162610
4968,279277621,174762,279452383,16,0,0,18432,16,8812820429
4969,279278242,31148,279309390,16,0,1,20480,16,6172052583
4970,279307677,4299,279311976,11,0,1,4096,11,8461773380
4971,279323296,118901,279442197,10,0,0,22528,10,795085709
4972,279328936,151571,279480507,23,0,0,3584,23,2799941798
4973,279332942,126595,279459537,18,0,0,18944,18,1084661357
4974,279355417,175937,279531354,25,0,0,2560,25,9267774875
4975,279373908,112698,279486606,2,0,0,19968,2,4402420719
4976,279380860,98540,279479400,4,0,0,23552,4,5403236892
4977,279390698,25226,279415924,16,0,1,7680,16,719541664
4978,279398353,164640,279562993,4,0,0,47616,4,4084685762
4979,279426570,103989,279530559,15,0,0,24064,15,903219066
4980,279501898,94640,279596538,0,0,0,21504,0,4055328944
4981,279515703,112424,279628127,6,0,0,69120,6,2573530345
4982,279528996,172954,279701950,8,0,0,27136,8,2505528726
4983,279535831,251796,279787627,12,0,0,18944,12,7259049168
4984,279542556,86405,279628961,24,0,0,512,24,2412276843
4985,279547699,15309,279563008,2,0,1,6144,2,2473392809
4986,279568994,59796,279628790,3,0,0,2048,3,10468426086
4987,279588697,7856,279596553,26,0,1,6656,26,7230226644
4988,279607179,22332,279629511,10,0,1,512,10,6923419505
4989,279610160,119517,279729677,16,0,0,30720,16,5419010608
4990,279615778,19125,279634903,17,0,1,6144,17,9658851713
4991,279620630,120058,279740688,15,0,0,29184,15,8266691837
4992,279629701,152139,279781840,11,0,0,56320,11,6248168789
4993,279671068,151326,279822394,13,0,0,16896,13,10079208590
4994,279672910,212628,279885538,13,0,0,53760,13,10535462870
4995,279739819,194420,279934239,29,0,0,9216,29,1832345983
4996,279751681,138560,279890241,5,0,0,15360,5,8501343545
4997,279764274,152905,279917179,22,0,0,2048,22,8384547061
4998,279791646,181173,279972819,21,0,0,24576,21,3417586384
4999,279796576,119964,279916540,3,0,0,8192,3,264193137
5000,279806260,200405,280006665,13,0,0,28672,13,8822656940
5001,279808931,5196,279814127,10,0,1,13312,10,4501081317
5002,279821524,142685,279964209,1,0,0,5632,1,7163049080
5003,279823219,285872,280109091,17,0,0,15872,17,1471527920
5004,279823917,4850,279828767,10,0,1,5120,10,3736882340
5005,279834498,56070,279890568,11,0,0,1024,11,10478733412
5006,279837134,196156,280033290,9,0,0,3584,9,2487009451
5007,279838630,4850,279843480,11,0,1,5120,11,8581815280
5008,279855401,176782,280032183,23,0,0,15872,23,8335099237
5009,279868329,208056,280076385,5,0,0,91136,5,9039704203
5010,279879740,110318,279990058,13,0,0,21504,13,6572504663
5011,279889365,7473,279896838,13,0,1,6656,13,5059938517
5012,279907136,173336,280080472,14,0,0,13312,14,4376358743
5013,279941796,210171,280151967,3,0,0,20480,3,5755687651
5014,279962194,10640,279972834,16,0,1,5120,16,372227821
5015,279976654,157092,280133746,27,0,0,22016,27,6924384842
5016,280002172,123473,280125645,18,0,0,24064,18,6713228790
5017,280039919,5454,280045373,16,0,1,13824,16,3255380649
5018,280058758,25095,280083853,26,0,1,3584,26,6521982560
5019,280064250,20269,280084519,25,0,1,1024,25,8259300039
5020,280079189,5996,280085185,2,0,1,1024,2,10029025636
5021,280083696,171656,280255352,5,0,0,46080,5,2488228822
5022,280086059,83356,280169415,2,0,0,15360,2,2295359758
5023,280097587,66455,280164042,11,0,0,2560,11,3482642576
5024,280113370,155435,280268805,24,0,0,43008,24,6916112143
5025,280150023,6356,280156379,26,0,1,11776,26,9906096224
5026,280191781,100017,280291798,7,0,0,1536,7,10250702376
5027,280193133,11274,280204407,5,0,1,18432,5,7626912977
5028,280201035,196771,280397806,12,0,0,12800,12,3646171106
5029,280220828,68337,280289165,19,0,0,2560,19,7432521687
5030,280231451,99417,280330868,28,0,0,19456,28,1493100613
5031,280291631,66839,280358470,2,0,0,9728,2,1279354866
5032,280327632,105824,280433456,25,0,0,36864,25,9844728371
5033,280333311,175194,280508505,16,0,0,5632,16,9605230359
5034,280335211,131841,280467052,13,0,0,32256,13,8351096547
5035,280359124,240049,280599173,5,0,0,19456,5,3985127676
5036,280359169,139879,280499048,18,0,0,23040,18,9062163821
5037,280361345,168783,280530128,7,0,0,34304,7,6988555805
5038,280361390,182169,280543559,14,0,0,44032,14,7506212052
5039,280390324,154810,280545134,6,0,0,5120,6,7447628403
5040,280392366,200864,280593230,21,0,0,53760,21,280700225
5041,280403463,231774,280635237,4,0,0,26112,4,6100558603
5042,280470591,361911,280832502,8,0,0,40448,8,190636022
5043,280474689,252867,280727556,12,0,0,29184,12,10312096843
5044,280479276,88520,280567796,16,0,0,15872,16,5809213347
5045,280486538,2946,280489484,11,0,1,3072,11,4767169010
5046,280492850,198169,280691019,2,0,0,17408,2,3632085395
5047,280503224,154090,280657314,12,0,0,26624,12,8883861301
5048,280507154,5505,280512659,16,0,1,11264,16,6768993122
5049,280515594,223286,280738880,8,0,0,30720,8,1183205327
5050,280548099,120618,280668717,20,0,0,37376,20,35438987
5051,280568982,110145,280679127,5,0,0,3584,5,2998084479
5052,280588010,178308,280766318,4,0,0,34816,4,3729358617
5053,280596424,110626,280707050,21,0,0,6656,21,10141991448
5054,280603042,285155,280888197,22,0,0,25088,22,4824105374
5055,280610333,261838,280872171,0,0,0,2560,0,4455921520
5056,280648972,222404,280871376,24,0,0,99328,24,7321661243
5057,280667170,152993,280820163,4,0,0,34816,4,1243732862
5058,280679571,161526,280841097,17,0,0,28160,17,7444642305
5059,280705119,104046,280809165,13,0,0,7680,13,5573644230
5060,280743351,1042,280744393,8,0,1,1024,8,3354769461
5061,280766845,232597,280999442,8,0,0,94720,8,8479595483
5062,280774989,138494,280913483,2,0,0,31232,2,1894060747
5063,280789619,114333,280903952,8,0,0,14336,8,3292755259
5064,280832257,45725,280877982,1,0,1,6144,1,4478370287
5065,280870212,134089,281004301,13,0,0,15872,13,6641929713
5066,280881530,452585,281334115,9,0,0,41472,9,2566007327
5067,280886339,284007,281170346,21,0,0,3072,21,6146275131
5068,280893529,262891,281156420,17,0,0,6656,17,8636266890
5069,280903296,347881,281251177,25,0,0,82944,25,5971098371
5070,280903959,14884,280918843,26,0,1,5632,26,4070094897
5071,280910821,106680,281017501,20,0,0,30720,20,4491264874
5072,280916655,167280,281083935,14,0,0,79360,14,3749110238
5073,280962959,134799,281097758,2,0,0,16896,2,230856370
5074,280971757,35449,281007206,20,0,1,3072,20,7155394179
5075,281005208,194545,281199753,22,0,0,31744,22,2846401328
5076,281023693,163153,281186846,26,0,0,34816,26,7115320770
5077,281023781,566,281024347,28,0,1,512,28,8574219615
5078,281028211,2946,281031157,22,0,1,3072,22,7604124146
5079,281045455,265379,281310834,14,0,0,14336,14,9031694624
5080,281062840,195543,281258383,0,0,0,18432,0,3627902052
5081,281063059,80167,281143226,19,0,0,2560,19,764807940
5082,281086837,282759,281369596,7,0,0,55808,7,1657535459
5083,281107326,145426,281252752,0,0,0,5120,0,3269077251
5084,281110686,345158,281455844,27,0,0,69632,27,5475055767
5085,281116710,235859,281352569,19,0,0,59392,19,38971048
5086,281116917,189526,281306443,17,0,0,36352,17,74987086
5087,281145060,189390,281334450,24,0,0,1024,24,6398501119
5088,281244138,147266,281391404,3,0,0,19456,3,1500155343
5089,281244156,128739,281372895,9,0,0,10752,9,9796405818
5090,281255509,120365,281375874,15,0,0,9728,15,1054082158
5091,281255957,5932,281261889,22,0,1,3584,22,816406257
5092,281256969,296495,281553464,11,0,0,20992,11,6283348938
5093,281263192,360202,281623394,3,0,0,22528,3,2138552798
5094,281267106,476097,281743203,24,0,0,29184,24,6350133197
5095,281280958,229792,281510750,7,0,0,58368,7,9421684473
5096,281293574,363568,281657142,24,0,0,5632,24,6266045430
5097,281296054,472827,281768881,4,0,0,17408,4,10705621496
5098,281317198,229390,281546588,23,0,0,47616,23,6176874314
5099,281325030,192318,281517348,23,0,0,21504,23,10430092863
5100,281328649,47240,281375889,17,0,1,34816,17,9895108792
5101,281339493,217942,281557435,21,0,0,8704,21,6549162079
5102,281379218,111660,281490878,3,0,0,13312,3,1912431580
5103,281380775,307865,281688640,22,0,0,32768,22,5727068007
5104,281451123,137804,281588927,13,0,0,28160,13,261355160
5105,281482322,28443,281510765,0,0,1,19968,0,9970661187
5106,281484014,400602,281884616,7,0,0,72704,7,479232121
5107,281492110,296955,281789065,2,0,0,19456,2,1009528743
5108,281498434,309912,281808346,24,0,0,36352,24,1690614101
5109,281498701,156710,281655411,11,0,0,44544,11,9921245724
5110,281531069,15542,281546611,5,0,1,6656,5,1316383736
5111,281532695,373136,281905831,25,0,0,18432,25,6258259083
5112,281558513,335634,281894147,7,0,0,31232,7,1711103910
5113,281561620,72680,281634300,18,0,0,3584,18,10581532723
5114,281580303,183259,281763562,23,0,0,50688,23,267145797
5115,281591046,263446,281854492,14,0,0,10240,14,1945992538
5116,281614236,361483,281975719,11,0,0,28160,11,4050281123
5117,281622929,339500,281962429,0,0,0,26624,0,3589533865
5118,281632655,199553,281832208,17,0,0,7680,17,9444464469
5119,281664781,250425,281915206,4,0,0,30720,4,6451396722
5120,281694439,10499,281704938,20,0,1,16896,20,570763335
5121,281795051,200078,281995129,14,0,0,23040,14,5422078120
5122,281812275,154849,281967124,0,0,0,15360,0,4534699313
5123,281841847,224148,282065995,2,0,0,27648,2,1299865245
5124,281912329,157893,282070222,11,0,0,13824,11,721621274
5125,281934371,4850,281939221,3,0,1,5120,3,10330731500
5126,281996704,220140,282216844,2,0,0,18944,2,9567631369
5127,281997634,5802,282003436,11,0,1,6144,11,10636078327
5128,282029734,85292,282115026,11,0,0,15360,11,4370460517
5129,282067331,79739,282147070,1,0,0,17920,1,7069991149
5130,282078859,106149,282185008,13,0,0,10240,13,1149650451
5131,282084569,96068,282180637,13,0,0,20480,13,10003048572
5132,282119844,103627,282223471,6,0,0,8704,6,8121693576
5133,282145971,1657,282147628,4,0,1,512,4,2808913026
5134,282149022,167670,282316692,11,0,0,60416,11,9326810477
5135,282157768,105716,282263484,28,0,0,47104,28,6722668191
5136,282175450,11933,282187383,3,0,1,7168,3,9116102111
5137,282191511,101816,282293327,18,0,0,34304,18,566933545
5138,282230557,86314,282316871,14,0,0,512,14,8322703902
5139,282237318,112623,282349941,14,0,0,21504,14,3367595845
5140,282242277,101097,282343374,4,0,0,10752,4,7393551256
5141,282250701,86049,282336750,6,0,0,5120,6,7112357884
5142,282252450,118445,282370895,15,0,0,19456,15,6461972249
5143,282292867,1018,282293885,17,0,1,512,17,8876336543
5144,282309152,87940,282397092,22,0,0,12288,22,590604910
5145,282322486,6754,282329240,16,0,1,7168,16,9357221351
5146,282357052,45596,282402648,9,0,0,1024,9,8884697290
5147,282393769,105340,282499109,3,0,0,19968,3,3863014059
5148,282404426,54056,282458482,24,0,0,3584,24,4403794478
5149,282412515,119067,282531582,19,0,0,19456,19,6708067014
5150,282427756,203924,282631680,19,0,0,34304,19,2535479471
5151,282436208,106153,282542361,10,0,0,35328,10,10006617884
5152,282461088,198412,282659500,20,0,0,47616,20,4463849489
5153,282464943,213760,282678703,11,0,0,62976,11,9268319623
5154,282485212,326653,282811865,8,0,0,19968,8,1070697774
5155,282496715,8615,282505330,16,0,1,15360,16,8464940356
5156,282517909,5454,282523363,15,0,1,13824,15,37150359
5157,282563969,122928,282686897,28,0,0,15360,28,663544901
5158,282570000,285317,282855317,29,0,0,16384,29,3169553474
5159,282607930,3898,282611828,22,0,1,4096,22,9778126998
5160,282612712,164683,282777395,6,0,0,79360,6,1156020995
5161,282622319,451830,283074149,29,0,0,64000,29,1092499197
5162,282630466,95599,282726065,19,0,0,512,19,1485476861
5163,282644655,76263,282720918,17,0,0,11264,17,7594194616
5164,282652953,33959,282686912,5,0,1,5632,5,7702330733
5165,282655222,37797,282693019,14,0,1,20992,14,8850039677
5166,282664046,181324,282845370,28,0,0,4096,28,7585665829
5167,282724093,101915,282826008,10,0,0,3584,10,10362508177
5168,282738314,305198,283043512,10,0,0,169984,10,10239934768
5169,282742061,105206,282847267,2,0,0,4096,2,3794489724
5170,282791527,2470,282793997,5,0,1,2560,5,1613752600
5171,282793567,285965,283079532,12,0,0,17408,12,10266549758
5172,282825291,262202,283087493,11,0,0,19968,11,859116101
5173,282853508,5223,282858731,17,0,1,3584,17,305526564
5174,282871932,275680,283147612,19,0,0,15360,19,10454980112
5175,282898557,151366,283049923,28,0,0,20992,28,2795477908
5176,282921276,133350,283054626,8,0,0,15360,8,8617783232
5177,282945768,187570,283133338,4,0,0,90624,4,1825823633
5178,282980013,183134,283163147,5,0,0,30208,5,6222342198
5179,283006238,73317,283079555,10,0,1,12288,10,10290618170
5180,283013756,121625,283135381,9,0,0,6656,9,5605177571
5181,283023460,112092,283135552,2,0,0,512,2,8769048568
5182,283023506,167763,283191269,28,0,0,25600,28,3717768913
5183,283029672,119827,283149499,10,0,0,6144,10,1983985046
5184,283038141,186766,283224907,16,0,0,11776,16,2430258344
5185,283048594,169988,283218582,8,0,0,8192,8,455059548
5186,283052347,35161,283087508,11,0,1,7680,11,4883034773
5187,283054872,139688,283194560,7,0,0,10752,7,1562485923
5188,283138505,24657,283163162,4,0,1,35328,4,9044394354
5189,283151740,127429,283279169,21,0,0,19456,21,3297392064
5190,283173587,164927,283338514,0,0,0,33280,0,2880030474
5191,283197913,566,283198479,17,0,1,512,17,8188347240
5192,283327475,51515,283378990,18,0,0,2560,18,2308255553
5193,283336210,98808,283435018,6,0,0,16896,6,1304859744
5194,283375221,101036,283476257,18,0,0,31744,18,7937403915
5195,283387282,60427,283447709,3,0,0,3584,3,5935176268
5196,283417735,88084,283505819,22,0,0,6656,22,4028446004
5197,283422084,242970,283665054,13,0,0,512,13,8342683443
5198,283440294,204107,283644401,19,0,0,72192,19,10263278618
5199,283450246,146051,283596297,8,0,0,23552,8,1974557165
5200,283454749,108802,283563551,20,0,0,34816,20,3571645694
5201,283483132,131579,283614711,12,0,0,12288,12,8784778469
5202,283507897,5712,283513609,15,0,1,14336,15,8714074222
5203,283512018,4458,283516476,16,0,1,11264,16,3067364470
5204,283513194,144950,283658144,0,0,0,45056,0,3299401825
5205,283516111,148764,283664875,16,0,0,22016,16,7954820009
5206,283542609,152326,283694935,25,0,0,1536,25,2163653482
5207,283587223,566,283587789,28,0,1,512,28,7662830920
5208,283605036,99320,283704356,24,0,0,26112,24,5686744496
5209,283609022,151451,283760473,20,0,0,49152,20,6260447081
5210,283610805,80950,283691755,1,0,0,11264,1,5943576428
5211,283627780,109953,283737733,24,0,0,14848,24,1289967345
5212,283630762,303424,283934186,0,0,0,50176,0,10384113056
5213,283654827,14184,283669011,15,0,1,4096,15,2579669816
5214,283655340,115184,283770524,21,0,0,4096,21,2761974083
5215,283657738,126829,283784567,25,0,0,7680,25,6917964237
5216,283664737,15741,283680478,18,0,1,24064,18,4734676084
5217,283707630,74582,283782212,18,0,0,7168,18,2605770147
5218,283718077,187219,283905296,2,0,0,83456,2,3489581165
5219,283725156,193727,283918883,26,0,0,44544,26,1636674106
5220,283747490,17842,283765332,11,0,1,5120,11,3011854594
5221,283750302,185147,283935449,25,0,0,4096,25,3130415440
5222,283787854,159192,283947046,23,0,0,512,23,6785989328
5223,283795342,151533,283946875,0,0,0,1536,0,7266448245
5224,283860920,85472,283946392,0,0,0,20992,0,3859028679
5225,283864601,181827,284046428,22,0,0,20992,22,10372886549
5226,283879206,130671,284009877,17,0,0,38400,17,7382402332
5227,283917805,226297,284144102,4,0,0,108544,4,7069049868
5228,283959741,192354,284152095,12,0,0,12800,12,675897536
5229,284001026,159258,284160284,14,0,0,14336,14,4681291538
5230,284043755,124005,284167760,6,0,0,3584,6,4313835058
5231,284068002,187960,284255962,27,0,0,33792,27,6655268790
5232,284075965,100916,284176881,12,0,0,17408,12,9778740880
5233,284082791,7230,284090021,10,0,1,7680,10,8721485446
5234,284090505,3387,284093892,16,0,1,9728,16,7563775675
5235,284093235,210163,284303398,7,0,0,28160,7,6749578425
5236,284106711,295465,284402176,20,0,0,23552,20,8523462856
5237,284124544,336542,284461086,12,0,0,46080,12,1677348236
5238,284165882,266611,284432493,16,0,0,72704,16,3228372855
5239,284166249,101399,284267648,21,0,0,31744,21,10201378338
5240,284178914,184999,284363913,17,0,0,24064,17,7356697736
5241,284210310,157830,284368140,25,0,0,13824,25,7314850684
5242,284235888,47288,284283176,21,0,0,1536,21,5718211848
5243,284303863,143168,284447031,5,0,0,19456,5,234191343
5244,284319014,122074,284441088,22,0,0,28160,22,2938731050
5245,284368067,631,284368698,16,0,1,512,16,10142287038
5246,284471080,72668,284543748,3,0,0,9216,3,6940042602
5247,284496043,86204,284582247,19,0,0,13312,19,7786043201
5248,284502267,4850,284507117,10,0,1,5120,10,4326393175
5249,284509373,60181,284569554,6,0,0,2048,6,1276492401
5250,284509585,103532,284613117,27,0,0,39936,27,5318440326
5251,284520708,145990,284666698,15,0,0,20992,15,607306811
5252,284527424,48980,284576404,20,0,0,2048,20,3171854714
5253,284535974,89407,284625381,4,0,0,1024,4,990323648
5254,284559305,117560,284676865,20,0,0,13824,20,9068270457
5255,284565206,159446,284724652,15,0,0,23552,15,8358143014
5256,284572985,77044,284650029,6,0,0,512,6,5825581677
5257,284584527,131196,284715723,28,0,0,64512,28,10028746139
5258,284585336,5454,284590790,4,0,1,13824,4,9129736333
5259,284608579,130893,284739472,28,0,0,6656,28,6565544269
5260,284613760,151770,284765530,24,0,0,20480,24,8636928091
5261,284618733,179070,284797803,10,0,0,62976,10,4857575779
5262,284623834,108055,284731889,16,0,0,11264,16,3040555013
5263,284691116,205216,284896332,22,0,0,8192,22,3217685910
5264,284728220,131059,284859279,0,0,0,55808,0,7889175661
5265,284738173,216623,284954796,28,0,0,11264,28,5255009913
5266,284758747,82820,284841567,11,0,0,12288,11,2644607201
5267,284773606,85852,284859458,23,0,0,512,23,3328532434
5268,284780054,113767,284893821,19,0,0,11776,19,7728596372
5269,284783097,21001,284804098,0,0,1,6656,0,6176213558
5270,284801429,85162,284886591,19,0,0,2048,19,7009008359
5271,284817375,214666,285032041,22,0,0,39936,22,3047908689
5272,284825115,111572,284936687,12,0,0,31232,12,10713005596
5273,284833984,117365,284951349,8,0,0,29184,8,768777101
5274,284839365,141986,284981351,5,0,0,9216,5,8930472801
5275,284848529,23971,284872500,3,0,1,22016,3,3890648048
5276,284898098,4937,284903035,24,0,1,12800,24,8387732912
5277,284903911,115931,285019842,15,0,0,44544,15,4853534142
5278,284907178,56854,284964032,6,0,1,97280,6,8524850782
5279,284911339,121201,285032540,12,0,0,1536,12,821106170
5280,284917239,645905,285563144,20,0,0,13312,20,8653859979
5281,285006503,126830,285133333,1,0,0,20992,1,9972199261
5282,285010903,147630,285158533,10,0,0,23040,10,373077261
5283,285016764,165655,285182419,5,0,0,9216,5,2455336038
5284,285016847,19322,285036169,0,0,1,10240,0,6447136488
5285,285026675,24548,285051223,1,0,1,30208,1,5493365113
5286,285072966,131031,285203997,0,0,0,10240,0,7213060568
5287,285077917,2470,285080387,22,0,1,2560,22,381407762
5288,285083307,189136,285272443,29,0,0,77824,29,1079656957
5289,285087799,227791,285315590,4,0,0,46080,4,5478254449
5290,285092579,6754,285099333,28,0,1,7168,28,10393356073
5291,285115638,159160,285274798,18,0,0,7680,18,1592731319
5292,285141411,208944,285350355,27,0,0,30720,27,3078012565
5293,285144979,293449,285438428,29,0,0,29696,29,9713082212
5294,285151711,13319,285165030,5,0,1,15872,5,7218214192
5295,285153319,124302,285277621,12,0,0,9216,12,607821853
5296,285162504,160277,285322781,17,0,0,23552,17,6105080743
5297,285178543,218735,285397278,5,0,0,6144,5,950297139
5298,285194190,171225,285365415,24,0,0,17408,24,5610515406
5299,285197789,246278,285444067,16,0,0,18432,16,10504090354
5300,285214472,170904,285385376,24,0,0,16896,24,1340840582
5301,285233635,211251,285444886,4,0,0,2560,4,7749158514
5302,285237152,138187,285375339,21,0,0,4608,21,1710242540
5303,285293897,84325,285378222,2,0,0,4096,2,8545517357
5304,285297761,163773,285461534,0,0,0,3584,0,3493195402
5305,285318347,205731,285524078,21,0,0,42496,21,9942794082
5306,285336333,215106,285551439,27,0,0,29696,27,1348744352
5307,285344987,142891,285487878,15,0,0,18944,15,8717491412
5308,285356646,185730,285542376,16,0,0,14848,16,3829387340
5309,285434395,11149,285445544,28,0,1,1536,28,6306653906
5310,285441188,7079,285448267,25,0,1,3584,25,10613224557
5311,285441489,115175,285556664,9,0,0,7168,9,10138135817
5312,285451386,13512,285464898,14,0,1,26112,14,7394875610
5313,285480387,178347,285658734,4,0,0,16896,4,9159848071
5314,285507764,188136,285695900,29,0,0,8192,29,10622130179
5315,285522920,130651,285653571,9,0,0,88064,9,10585085833
5316,285564238,116038,285680276,24,0,0,17408,24,4658293483
5317,285574368,205940,285780308,27,0,0,10752,27,4469669753
5318,285576788,1042,285577830,24,0,1,1024,24,2279742307
5319,285598572,119465,285718037,25,0,0,6656,25,9646846544
5320,285610315,105679,285715994,0,0,0,27648,0,279535963
5321,285616420,4850,285621270,3,0,1,5120,3,631161998
5322,285617746,3870,285621616,1,0,1,512,1,7670657674
5323,285645861,114677,285760538,17,0,0,27648,17,7967410692
5324,285657573,167559,285825132,8,0,0,43520,8,4227769635
5325,285699412,71456,285770868,9,0,0,1536,9,7283843377
5326,285731002,166677,285897679,9,0,0,2048,9,9654686520
5327,285733248,233873,285967121,28,0,0,82944,28,3925913328
5328,285742775,17786,285760561,16,0,1,24576,16,1725150023
5329,285754572,11284,285765856,3,0,1,5632,3,3079721273
5330,285763842,213286,285977128,5,0,0,32768,5,9708209909
5331,285764897,117789,285882686,16,0,0,28160,16,1137049463
5332,285788134,153700,285941834,19,0,0,48640,19,10671929236
5333,285802100,5971,285808071,26,0,1,14848,26,8646840286
5334,285837172,3422,285840594,1,0,1,3584,1,9348916497
5335,285859242,134185,285993427,15,0,0,8192,15,4203111038
5336,285883607,11274,285894881,18,0,1,18432,18,9015594372
5337,285902220,3387,285905607,24,0,1,9728,24,330638256
5338,285916904,7706,285924610,28,0,1,8192,28,10499341042
5339,285955182,83742,286038924,8,0,0,4608,8,9466788732
5340,285969863,7823,285977686,22,0,1,512,22,9920290487
5341,285977961,54212,286032173,24,0,0,4096,24,9121824821
5342,285994523,210051,286204574,0,0,0,61952,0,2486274808
5343,286000376,154733,286155109,0,0,0,14336,0,8803486269
5344,286002633,85595,286088228,6,0,0,13824,6,395533031
5345,286009289,135600,286144889,11,0,0,34816,11,6197400684
5346,286019182,5971,286025153,5,0,1,14848,5,3530673358
5347,286021575,6084,286027659,26,0,1,10752,26,3741443776
5348,286024020,123224,286147244,17,0,0,7680,17,2278413418
5349,286027952,296313,286324265,1,0,0,45568,1,1645551152
5350,286030833,216497,286247330,29,0,0,40960,29,790808280
5351,286039941,142784,286182725,14,0,0,27136,14,7229206274
5352,286061163,186182,286247345,6,0,1,288768,6,9784255119
5353,286074648,204872,286279520,24,0,0,4608,24,6588412511
5354,286106829,152126,286258955,3,0,0,13824,3,1929766838
5355,286118767,128617,286247384,20,0,1,6656,20,10054060704
5356,286127188,481239,286608427,3,0,0,33280,3,9773920302
5357,286128758,319176,286447934,16,0,0,100352,16,10108163992
5358,286134891,112516,286247407,4,0,1,28160,4,2738102824
5359,286139946,265274,286405220,19,0,0,6656,19,10485081788
5360,286189684,452979,286642663,5,0,0,8192,5,10011306517
5361,286239785,346281,286586066,22,0,0,44544,22,7527781550
5362,286239804,10562,286250366,17,0,1,3072,17,6857691640
5363,286240880,316339,286557219,23,0,0,109568,23,6682763660
5364,286242160,356112,286598272,4,0,0,36864,4,2515924367
5365,286270723,473096,286743819,16,0,0,8704,16,6715002189
5366,286275236,13512,286288748,28,0,1,26112,28,9913939053
5367,286281784,7732,286289516,22,0,1,11776,22,2881670981
5368,286309949,462692,286772641,0,0,0,13312,0,8254202933
5369,286347933,348823,286696756,25,0,0,60416,25,6402690928
5370,286350901,589839,286940740,12,0,0,32256,12,10718401356
5371,286359398,136966,286496364,8,0,0,12800,8,10606819166
5372,286383476,269867,286653343,11,0,0,31232,11,1562357267
5373,286392554,332982,286725536,17,0,0,30208,17,6078908473
5374,286402592,420971,286823563,14,0,0,23040,14,1064752215
5375,286403489,4851,286408340,1,0,1,9216,1,1708226045
5376,286419901,321235,286741136,27,0,0,40960,27,412728932
5377,286428905,352205,286781110,21,0,0,1536,21,2485871517
5378,286483159,220164,286703323,27,0,0,21504,27,5460854036
5379,286494501,407098,286901599,24,0,0,57344,24,10448425755
5380,286495510,288459,286783969,29,0,0,5120,29,3245894230
5381,286509237,549490,287058727,5,0,0,41472,5,2278500149
5382,286519619,37623,286557242,13,0,1,6144,13,7770247875
5383,286524325,102224,286626549,8,0,0,1024,8,3669884074
5384,286548898,624123,287173021,21,0,0,37376,21,3342272292
5385,286554450,226177,286780627,27,0,0,19456,27,558850229
5386,286557723,390364,286948087,8,0,0,24064,8,5869366043
5387,286565213,209471,286774684,20,0,0,6656,20,4593082235
5388,286576051,259500,286835551,11,0,0,29184,11,7732531827
5389,286649262,7019,286656281,1,0,1,3072,1,7252976186
5390,286672434,354967,287027401,12,0,0,40448,12,10568854924
5391,286704155,3422,286707577,11,0,1,3584,11,2593330110
5392,286713719,262844,286976563,11,0,0,15872,11,2675603345
5393,286718851,7243,286726094,3,0,1,512,3,9438381641
5394,286726461,64848,286791309,2,0,0,6656,2,7470010600
5395,286730963,199934,286930897,16,0,0,13312,16,1334324100
5396,286732721,18763,286751484,28,0,1,8192,28,652603926
5397,286746616,165580,286912196,8,0,0,15360,8,8901514608
5398,286748309,3521,286751830,11,0,1,512,11,3413045755
5399,286798316,389406,287187722,0,0,0,18944,0,10009416553
5400,286835986,286963,287122949,17,0,0,52736,17,8047042608
5401,286854755,3898,286858653,4,0,1,4096,4,4305015453
5402,286883536,181758,287065294,17,0,0,21504,17,9679411189
5403,286884336,205159,287089495,12,0,0,41472,12,2353681848
5404,286893364,136704,287030068,22,0,0,8704,22,7144468720
5405,286900099,172386,287072485,25,0,0,23552,25,7497031858
5406,286901660,193499,287095159,25,0,0,14848,25,9129610045
5407,286993078,113788,287106866,6,0,0,5632,6,2852711533
5408,287019152,241403,287260555,16,0,0,91648,16,5983034848
5409,287036473,174271,287210744,9,0,0,7680,9,2439557243
5410,287065733,23785,287089518,24,0,1,20480,24,5624013952
5411,287068379,202955,287271334,27,0,0,35328,27,10512324091
5412,287075818,220803,287296621,5,0,0,12288,5,10139717944
5413,287092861,242082,287334943,22,0,0,20992,22,8841625684
5414,287127313,93879,287221192,24,0,0,2560,24,4660183490
5415,287149540,74724,287224264,6,0,0,2560,6,10014826016
5416,287221506,2870,287224376,10,0,1,8704,10,6587774502
5417,287229730,52364,287282094,0,0,0,3072,0,1292217073
5418,287261120,166643,287427763,25,0,0,16384,25,741248638
5419,287284925,93944,287378869,12,0,0,12800,12,6626031362
5420,287295443,178684,287474127,6,0,0,14336,6,2843186232
5421,287301430,2946,287304376,1,0,1,3072,1,2629462115
5422,287303975,7230,287311205,20,0,1,7680,20,3801867201
5423,287326759,249755,287576514,25,0,0,106496,25,2803388409
5424,287342416,121575,287463991,0,0,0,44032,0,6419743767
5425,287357010,129151,287486161,9,0,0,3072,9,2139440429
5426,287363132,6754,287369886,3,0,1,7168,3,138496132
5427,287408621,1042,287409663,24,0,1,1024,24,10478982759
5428,287451008,132229,287583237,16,0,0,22016,16,3522302260
5429,287458129,193157,287651286,9,0,0,36352,9,684729418
5430,287466727,77324,287544051,16,0,0,19456,16,3314163148
5431,287506623,80077,287586700,3,0,0,11264,3,618112759
5432,287571310,82019,287653329,6,0,0,6656,6,9393004543
5433,287575714,101628,287677342,0,0,0,24064,0,391077571
5434,287590860,115401,287706261,12,0,0,38400,12,5808862185
5435,287627428,3645,287631073,20,0,1,10240,20,6526824804
5436,287630157,123756,287753913,5,0,0,31232,5,6402830360
5437,287651189,167188,287818377,21,0,0,22528,21,9513194751
5438,287659855,111077,287770932,8,0,0,12288,8,6873541707
5439,287662631,94885,287757516,21,0,0,11776,21,2966411619
5440,287693257,118241,287811498,22,0,0,8192,22,2367933009
5441,287746592,76372,287822964,19,0,0,10752,19,5788213425
5442,287766416,11016,287777432,17,0,1,17920,17,6002767881
5443,287788372,116018,287904390,23,0,0,18432,23,9234538941
5444,287799362,5971,287805333,3,0,1,14848,3,8028022422
5445,287840704,57440,287898144,9,0,0,4608,9,3221370216
5446,287858929,142775,288001704,2,0,0,1536,2,4626884405
5447,287876620,124593,288001213,3,0,0,42496,3,4740423207
5448,287885220,180551,288065771,7,0,0,10752,7,3059269725
5449,287886924,4374,287891298,22,0,1,4608,22,451460978
5450,287889770,8389,287898159,18,0,1,8192,18,5895032132
5451,287890380,132936,288023316,11,0,0,37376,11,4876090265
5452,287895295,9110,287904405,4,0,1,6656,4,2317191567
5453,287907354,225685,288133039,15,0,0,62464,15,1753770661
5454,287909728,6754,287916482,17,0,1,7168,17,4210744265
5455,287927682,96741,288024423,0,0,0,3584,0,3295815624
5456,287938208,175211,288113419,14,0,0,4096,14,2440276373
5457,287950256,231731,288181987,14,0,0,17408,14,9257673618
5458,287956642,296780,288253422,15,0,0,17920,15,6632504979
5459,287975613,172573,288148186,7,0,0,49664,7,6582017601
5460,287998173,223089,288221262,1,0,0,38400,1,1742161527
5461,288077581,199697,288277278,12,0,0,34816,12,8208834382
5462,288109121,149620,288258741,6,0,0,17408,6,3198980541
5463,288135645,17859,288153504,5,0,1,5632,5,7610714393
5464,288180127,4322,288184449,10,0,1,2560,10,5801579025
5465,288185076,52291,288237367,26,0,1,84992,26,2261503147
5466,288203090,133299,288336389,1,0,0,9728,1,3719420679
5467,288260349,128206,288388555,15,0,0,49664,15,5838600844
5468,288319542,80959,288400501,21,0,0,2048,21,7032377535
5469,288322390,163527,288485917,29,0,0,23040,29,10197498401
5470,288322769,71300,288394069,6,0,0,6144,6,7536322080
5471,288345061,85122,288430183,29,0,0,2560,29,8872994129
5472,288373886,20198,288394084,25,0,1,10240,25,472903562
5473,288379715,16368,288396083,11,0,1,4608,11,8155273876
5474,288383545,104793,288488338,15,0,0,7680,15,2138524977
5475,288389192,58897,288448089,25,0,0,512,25,7948020447
5476,288417193,7706,288424899,7,0,1,8192,7,2427857088
5477,288461593,102128,288563721,17,0,0,35328,17,4536968099
5478,288464881,114635,288579516,22,0,0,30208,22,8250406118
5479,288465891,139992,288605883,22,0,0,11264,22,1070186912
5480,288474947,20882,288495829,24,0,1,33792,24,4749199953
5481,288475324,212971,288688295,11,0,0,22016,11,444495158
5482,288480275,18780,288499055,17,0,1,5120,17,10444437470
5483,288492563,77734,288570297,2,0,0,6144,2,1309270891
5484,288535444,82504,288617948,23,0,0,8192,23,2539644392
5485,288540209,116634,288656843,16,0,0,11776,16,8774929287
5486,288552699,11037,288563736,3,0,1,512,3,3897315194
5487,288559862,119053,288678915,18,0,0,11776,18,7618694586
5488,288603769,25314,288629083,4,0,1,38400,4,9287635492
5489,288607354,114715,288722069,0,0,0,10752,0,6089574930
5490,288617808,99268,288717076,19,0,0,5632,19,9641958994
5491,288653154,3704,288656858,17,0,1,9728,17,8280470641
5492,288683195,68396,288751591,10,0,0,512,10,5247100220
5493,288722975,242756,288965731,8,0,0,74752,8,2491277075
5494,288778748,200585,288979333,0,0,0,39936,0,9793703978
5495,288781414,67592,288849006,10,0,0,7680,10,10526676678
5496,288801378,48980,288850358,4,0,0,2048,4,10072668583
5497,288803656,7706,288811362,22,0,1,8192,22,5465472335
5498,288824335,117028,288941363,4,0,0,512,4,1332073115
5499,288838493,5326,288843819,1,0,1,5632,1,5609907534
5500,288858836,186034,289044870,18,0,0,10240,18,5153100810
5501,288872428,108012,288980440,21,0,0,3584,21,10101556551
5502,288879245,87905,288967150,14,0,0,4608,14,2402304472
5503,288887424,33245,288920669,4,0,1,57856,4,6150450612
5504,288914086,133249,289047335,10,0,0,2048,10,10048575559
5505,288929559,244243,289173802,29,0,0,54784,29,6441788927
5506,288976630,7224,288983854,13,0,1,3584,13,7733554034
5507,288993036,67079,289060115,24,0,0,8704,24,5988375131
5508,289035510,75468,289110978,5,0,0,8192,5,348130956
5509,289038964,59288,289098252,10,0,0,5632,10,9717286898
5510,289079320,99801,289179121,15,0,0,17408,15,7061493870
5511,289103013,189120,289292133,12,0,0,112640,12,10675359056
5512,289107212,149912,289257124,9,0,0,1024,9,1647945551
5513,289115033,137791,289252824,17,0,0,1536,17,3713449405
5514,289153438,219236,289372674,29,0,0,35840,29,8369072496
5515,289198745,106762,289305507,5,0,0,9216,5,7745267578
5516,289210182,163147,289373329,18,0,0,2048,18,8024011468
5517,289228032,214018,289442050,7,0,0,103936,7,4733837891
5518,289246464,3128,289249592,18,0,1,9216,18,7241933036
5519,289257296,34868,289292164,22,0,1,5120,22,6220821674
5520,289258304,41552,289299856,5,0,1,8192,5,697690821
5521,289261116,238375,289499491,1,0,0,37376,1,9672516554
5522,289303584,147373,289450957,27,0,0,29184,27,9382621468
5523,289307609,201413,289509022,6,0,0,31232,6,4915858305
5524,289320293,132435,289452728,22,0,0,5632,22,6630995636
5525,289350908,1042,289351950,12,0,1,1024,12,7923872630
5526,289354758,106939,289461697,12,0,0,20992,12,7857381318
5527,289357083,131005,289488088,29,0,0,22016,29,6443700794
5528,289366921,283840,289650761,29,0,0,1024,29,316032982
5529,289369032,281402,289650434,20,0,0,23040,20,1377636820
5530,289415414,46298,289461712,13,0,1,4096,13,9049958924
5531,289420745,345943,289766688,24,0,0,96256,24,8284454783
5532,289420947,40796,289461743,5,0,1,6656,5,3781601390
5533,289424933,208393,289633326,11,0,0,70144,11,902318186
5534,289441467,349455,289790922,15,0,0,19456,15,5652103624
5535,289458533,273633,289732166,20,0,0,124928,20,1119995548
5536,289459882,325089,289784971,23,0,0,59904,23,10715481829
5537,289496041,439657,289935698,13,0,0,145408,13,1962530374
5538,289543133,5196,289548329,5,0,1,13312,5,8139698856
5539,289545739,4921,289550660,16,0,1,3584,16,544526004
5540,289564928,443474,290008402,17,0,0,18432,17,6013600286
5541,289568520,168817,289737337,11,0,0,16896,11,5573424197
5542,289591555,366973,289958528,24,0,0,6656,24,5549860641
5543,289609065,418696,290027761,10,0,0,63488,10,10161472220
5544,289643248,313221,289956469,22,0,0,68096,22,1803034622
5545,289656952,36346,289693298,4,0,1,64000,4,9309411861
5546,289665490,403326,290068816,25,0,0,12800,25,9803019837
5547,289697548,367338,290064886,14,0,0,28160,14,9200523507
5548,289717036,314208,290031244,20,0,0,1536,20,10505813048
5549,289738849,317442,290056291,25,0,0,18432,25,3009231189
5550,289745080,230661,289975741,17,0,0,12288,17,6778592088
5551,289748595,239666,289988261,28,0,0,3584,28,1064465168
5552,289779255,467963,290247218,23,0,0,28672,23,10590789487
5553,289798934,3422,289802356,22,0,1,3584,22,4191196195
5554,289817809,172588,289990397,19,0,0,512,19,539169026
5555,289822207,146788,289968995,3,0,0,34304,3,342786915
5556,289832606,405853,290238459,17,0,0,56320,17,10110704972
5557,289852063,341180,290193243,15,0,0,35840,15,718227607
5558,289856854,191413,290048267,8,0,0,17920,8,5740882672
5559,289866966,163462,290030428,5,0,0,8704,5,10309115345
5560,289878042,254872,290132914,16,0,0,39424,16,5154686333
5561,289882170,116550,289998720,20,0,0,11776,20,2098699715
5562,289883232,157590,290040822,14,0,0,7680,14,1796568783
5563,289892638,187144,290079782,16,0,0,18944,16,10508320213
5564,289924845,179039,290103884,15,0,0,5120,15,307297690
5565,289934544,95899,290030443,26,0,1,90624,26,3757669457
5566,289969901,60557,290030458,25,0,1,4096,25,8226027836
5567,289976605,326610,290303215,27,0,0,15360,27,6569599897
5568,290029491,2953,290032444,1,0,1,2048,1,6293019304
5569,290039688,211917,290251605,1,0,0,2560,1,21520536
5570,290049757,15144,290064901,16,0,1,10752,16,2383896804
5571,290069318,409674,290478992,22,0,0,34304,22,493717414
5572,290099126,4773,290103899,28,0,1,4608,28,1834476446
5573,290117340,190102,290307442,10,0,0,13824,10,9158806342
5574,290121318,135229,290256547,23,0,0,6144,23,9699367880
5575,290157127,225198,290382325,21,0,0,38912,21,10327231015
5576,290189244,194976,290384220,13,0,0,6144,13,9648292780
5577,290196286,128219,290324505,15,0,0,7680,15,4572916160
5578,290215983,152710,290368693,22,0,0,17408,22,6242653079
5579,290227874,34107,290261981,13,0,1,28672,13,2790431968
5580,290252114,10431,290262545,24,0,1,10752,24,2018538877
5581,290279975,275396,290555371,25,0,0,21504,25,3630881817
5582,290286421,68742,290355163,14,0,0,4096,14,3041690129
5583,290312851,6229,290319080,16,0,1,15360,16,668093616
5584,290328274,151357,290479631,15,0,0,2048,15,1138714449
5585,290340267,115096,290455363,18,0,0,33280,18,6237419814
5586,290340920,115048,290455968,7,0,0,512,7,3075988710
5587,290351904,3274,290355178,8,0,1,2560,8,7341459668
5588,290374635,158026,290532661,16,0,0,33792,16,8119067933
5589,290412272,5802,290418074,10,0,1,6144,10,7818245383
5590,290429056,244783,290673839,24,0,0,8704,24,1779330972
5591,290455168,128319,290583487,21,0,0,23040,21,1040461902
5592,290456021,7706,290463727,13,0,1,8192,13,1945524985
5593,290481502,189670,290671172,22,0,0,54272,22,4117506702
5594,290501813,84609,290586422,14,0,0,4096,14,3189246396
5595,290525712,152986,290678698,17,0,0,15872,17,4904940801
5596,290583250,136810,290720060,29,0,0,15872,29,1473761236
5597,290584353,112072,290696425,5,0,0,7680,5,7462285061
5598,290647970,106086,290754056,3,0,0,26624,3,299788572
5599,290667844,11855,290679699,25,0,1,1024,25,1378662896
5600,290757217,102596,290859813,16,0,0,36864,16,9672310769
5601,290758374,108817,290867191,27,0,0,15872,27,9163727294
5602,290768055,94269,290862324,17,0,0,8192,17,1900657887
5603,290777568,58779,290836347,1,0,0,4096,1,5603027789
5604,290795972,45596,290841568,18,0,0,1024,18,5857498731
5605,290811416,125653,290937069,7,0,0,20992,7,4654352703
5606,290816651,111784,290928435,18,0,0,6656,18,10373206716
5607,290847596,140965,290988561,16,0,0,28672,16,6284125491
5608,290853990,16106,290870096,20,0,1,3072,20,7483594245
5609,290857414,172757,291030171,25,0,0,17920,25,7409628237
5610,290877275,156544,291033819,2,0,0,9728,2,1483813468
5611,290898140,66524,290964664,24,0,0,9216,24,10017744397
5612,290909979,69018,290978997,29,0,0,5120,29,8334876840
5613,290925859,173446,291099305,27,0,0,27648,27,3175243115
5614,290999620,113740,291113360,0,0,0,46080,0,8008610495
5615,291013553,159966,291173519,7,0,0,58368,7,4997214287
5616,291027998,91341,291119339,28,0,0,1536,28,3542922982
5617,291029061,4773,291033834,18,0,1,2048,18,8473479903
5618,291061098,140495,291201593,12,0,0,43520,12,3656639172
5619,291079425,3422,291082847,10,0,1,3584,10,8572114508
5620,291107009,100683,291207692,17,0,0,19968,17,10003729553
5621,291108969,73400,291182369,12,0,0,5632,12,6983688229
5622,291110032,115081,291225113,29,0,0,14848,29,7087552366
5623,291161531,16159,291177690,22,0,1,11264,22,10019707110
5624,291164221,14135,291178356,18,0,1,1024,18,2560226215
5625,291182540,120435,291302975,13,0,0,37376,13,1021049238
5626,291183184,63140,291246324,19,0,0,8192,19,2148232411
5627,291203361,174692,291378053,7,0,0,55808,7,5954659166
5628,291225768,1994,291227762,5,0,1,2048,5,1929567698
5629,291231487,174316,291405803,24,0,0,4608,24,4997875621
5630,291250829,1518,291252347,3,0,1,1536,3,3699325635
5631,291297593,160794,291458387,20,0,0,40960,20,9828819894
5632,291322181,56823,291379004,14,0,0,3072,14,3059625796
5633,291354293,134454,291488747,4,0,0,22528,4,9217989475
5634,291394736,123933,291518669,22,0,0,15872,22,1603657184
5635,291432468,148271,291580739,13,0,0,4608,13,6801790563
5636,291451704,203560,291655264,21,0,0,54784,21,7755809967
5637,291452882,7057,291459939,13,0,1,1536,13,1046560093
5638,291454456,184093,291638549,10,0,0,49152,10,7618227441
5639,291461525,249770,291711295,15,0,0,27136,15,4398531398
5640,291466940,212550,291679490,28,0,0,47104,28,8006263110
5641,291473365,277642,291751007,2,0,0,28160,2,8237904367
5642,291501966,163149,291665115,17,0,0,32256,17,8476792932
5643,291511521,93432,291604953,11,0,0,2048,11,1067253686
5644,291519508,309865,291829373,11,0,0,27136,11,6233919181
5645,291528841,171892,291700733,7,0,0,2560,7,2761093659
5646,291544937,77862,291622799,28,0,0,5632,28,7485822773
5647,291565241,120504,291685745,9,0,0,20480,9,9073039764
5648,291583905,116018,291699923,4,0,0,41984,4,7482217957
5649,291593747,193350,291787097,10,0,0,5120,10,5707038704
5650,291599535,221402,291820937,9,0,0,29696,9,13829873
5651,291631102,82860,291713962,5,0,0,8704,5,8127877011
5652,291634397,80204,291714601,4,0,0,2048,4,4565644977
5653,291640368,518825,292159193,7,0,0,75264,7,7840131511
5654,291667796,185403,291853199,7,0,0,23552,7,5217153307
5655,291685039,14899,291699938,17,0,1,2560,17,7932767304
5656,291697861,131527,291829388,26,0,1,210944,26,8055974716
5657,291738872,116370,291855242,9,0,0,6656,9,4449295305
5658,291739407,120887,291860294,3,0,0,1024,3,4636500667
5659,291740354,166764,291907118,28,0,0,28672,28,10372469372
5660,291743927,151104,291895031,2,0,0,34816,2,7190341380
5661,291744252,197366,291941618,19,0,0,15872,19,9068331670
5662,291747059,263226,292010285,13,0,0,38912,13,7977766606
5663,291794833,35050,291829883,20,0,1,3072,20,7098582554
5664,291800183,213027,292013210,24,0,0,3584,24,4635967028
5665,291858591,214647,292073238,27,0,0,13312,27,2393133156
5666,291863034,14029,291877063,13,0,1,27136,13,5593841692
5667,291864443,306309,292170752,21,0,0,37888,21,4178134356
5668,291875714,3615,291879329,5,0,1,3584,5,9558525317
5669,291885675,194266,292079941,24,0,0,19456,24,7959578181
5670,291908071,122891,292030962,6,0,0,5632,6,4231400548
5671,291934237,246054,292180291,2,0,0,31232,2,3684683392
5672,291957025,3422,291960447,11,0,1,3584,11,7828093300
5673,291983386,234023,292217409,1,0,0,43520,1,8627060583
5674,291990622,273330,292263952,27,0,0,54784,27,4649687417
5675,291995976,137401,292133377,18,0,0,1024,18,2986200148
5676,292043794,566,292044360,10,0,1,512,10,10190654151
5677,292054391,566,292054957,15,0,1,512,15,8419010808
5678,292055267,220592,292275859,5,0,0,10240,5,3520544922
5679,292061408,179160,292240568,7,0,0,3584,7,2336378670
5680,292096433,138379,292234812,2,0,0,20992,2,5519702067
5681,292122905,124340,292247245,28,0,0,8192,28,3490414198
5682,292132589,3422,292136011,2,0,1,3584,2,2590130205
5683,292149125,158880,292308005,0,0,0,22016,0,7751999643
5684,292206174,21485,292227659,5,0,1,16384,5,7262973695
5685,292212936,229691,292442627,22,0,0,29184,22,3425617557
5686,292264063,289759,292553822,22,0,0,21504,22,4965854317
5687,292265842,281413,292547255,14,0,0,98816,14,5633713501
5688,292275160,174658,292449818,21,0,0,23552,21,7071779191
5689,292295733,125919,292421652,6,0,0,44032,6,2486892011
5690,292301781,201141,292502922,3,0,0,7168,3,9232616026
5691,292328957,183444,292512401,14,0,0,10752,14,1530935263
5692,292332122,2870,292334992,24,0,1,8704,24,7919553720
5693,292335523,3645,292339168,12,0,1,10240,12,2847565393
5694,292340074,168787,292508861,11,0,0,9216,11,2130988587
5695,292379269,276616,292655885,29,0,0,18432,29,9794314458
5696,292382279,210138,292592417,27,0,0,124928,27,10089213201
5697,292421609,219990,292641599,25,0,0,40448,25,5412526041
5698,292440170,353193,292793363,7,0,0,10240,7,2229922390
5699,292443700,9263,292452963,5,0,1,9216,5,7581959223
5700,292454349,3904,292458253,1,0,1,10752,1,4027353149
5701,292469573,7230,292476803,26,0,1,7680,26,10164150301
5702,292508176,101863,292610039,19,0,0,10240,19,2123547775
5703,292513847,298483,292812330,27,0,0,38912,27,2588517723
5704,292548731,122718,292671449,13,0,0,11264,13,3453147861
5705,292548947,61107,292610054,20,0,1,91136,20,4707433495
5706,292572467,207948,292780415,17,0,0,33280,17,4507958588
5707,292588501,234623,292823124,16,0,0,21504,16,443384511
5708,292592636,114387,292707023,9,0,0,8704,9,5758863056
5709,292597168,273289,292870457,15,0,0,16896,15,8132536963
5710,292613747,221595,292835342,22,0,0,1024,22,1890713269
5711,292633338,148964,292782302,16,0,0,6144,16,2425110661
5712,292635511,12334,292647845,4,0,1,15360,4,169287019
5713,292721478,321056,293042534,8,0,0,55296,8,4198824507
5714,292728666,87891,292816557,6,0,0,13824,6,5115093253
5715,292742618,11016,292753634,7,0,1,17920,7,1614250050
5716,292746470,310446,293056916,7,0,0,29696,7,8083500635
5717,292749060,139355,292888415,17,0,0,22528,17,7649996764
5718,292785019,357941,293142960,25,0,0,33280,25,10123473122
5719,292788687,6754,292795441,11,0,1,7168,11,2826103952
5720,292789151,312331,293101482,14,0,0,91136,14,10334177673
5721,292792741,255112,293047853,3,0,0,17408,3,8797645346
5722,292814307,134277,292948584,6,0,0,18944,6,3743665544
5723,292822166,305109,293127275,25,0,0,2560,25,8358954365
5724,292824681,308084,293132765,19,0,0,1024,19,10720286302
5725,292836694,351375,293188069,24,0,0,19456,24,6781299009
5726,292840943,341183,293182126,19,0,0,77824,19,685388409
5727,292846818,171126,293017944,3,0,0,4608,3,10041975989
5728,292855890,263235,293119125,27,0,0,57856,27,7821810728
5729,292859445,141625,293001070,23,0,0,35328,23,2861074409
5730,292871442,566,292872008,3,0,1,512,3,5252815417
5731,292883194,243286,293126480,5,0,0,24064,5,9210115566
5732,292890568,175420,293065988,19,0,0,5120,19,8979140448
5733,292911800,336464,293248264,2,0,0,56832,2,2696259574
5734,292942463,189975,293132438,27,0,0,16896,27,320365995
5735,292948981,1042,292950023,13,0,1,1024,13,6234800108
5736,292955882,238918,293194800,25,0,0,22016,25,9732616545
5737,292987333,13752,293001085,0,0,1,9216,0,3340356507
5738,293010806,184485,293195291,2,0,0,1536,2,4454889562
5739,293011650,6309,293017959,1,0,1,5632,1,6523248860
5740,293076189,66794,293142983,18,0,1,4096,18,7330038583
5741,293096540,191171,293287711,8,0,0,14336,8,10422017714
5742,293097217,276116,293373333,25,0,0,71168,25,6693882986
5743,293109937,215535,293325472,20,0,0,30720,20,2650934019
5744,293112068,36305,293148373,4,0,1,13824,4,3001528415
5745,293137779,208165,293345944,7,0,0,7168,7,4099103909
5746,293148211,102252,293250463,7,0,0,7168,7,10399621091
5747,293167029,32641,293199670,11,0,1,11776,11,3048047844
5748,293184429,147298,293331727,6,0,0,20480,6,8868406426
5749,293219235,206959,293426194,2,0,0,48640,2,2450216192
5750,293248080,26100,293274180,5,0,1,39424,5,4825603112
5751,293265854,174965,293440819,10,0,0,25600,10,3086164350
5752,293279781,225142,293504923,24,0,0,28160,24,2055788395
5753,293291210,82294,293373504,7,0,0,512,7,6245790750
5754,293296077,353838,293649915,9,0,0,37888,9,5264298429
5755,293301139,249951,293551090,0,0,0,36864,0,6955247497
5756,293308186,77139,293385325,10,0,0,8704,10,5300718442
5757,293315604,146365,293461969,7,0,0,8192,7,6935858843
5758,293339432,169250,293508682,6,0,0,12288,6,5758752272
5759,293350302,257113,293607415,19,0,0,9728,19,8128328713
5760,293351201,145127,293496328,28,0,0,60928,28,435109035
5761,293364753,239683,293604436,24,0,0,40448,24,2568932818
5762,293371682,96661,293468343,2,0,0,1536,2,5425340879
5763,293389215,7230,293396445,22,0,1,7680,22,9614764603
5764,293433057,204504,293637561,13,0,0,58880,13,6239029027
5765,293448971,170635,293619606,6,0,0,39936,6,3907132525
5766,293503567,172839,293676406,14,0,0,18432,14,9162977906
5767,293508068,3501,293511569,4,0,1,8704,4,3711659097
5768,293516269,6754,293523023,13,0,1,7168,13,1217849777
5769,293534864,195818,293730682,17,0,0,30208,17,8210223227
5770,293545198,107392,293652590,17,0,0,8704,17,9900124110
5771,293557622,80734,293638356,21,0,0,2560,21,2999682883
5772,293598700,169355,293768055,28,0,0,12288,28,224182295
5773,293633227,123956,293757183,10,0,0,52224,10,2206763542
5774,293638735,16835,293655570,1,0,1,3072,1,2415751291
5775,293641268,270284,293911552,16,0,0,43520,16,8862393456
5776,293650462,66289,293716751,26,0,1,102912,26,1658515359
5777,293653159,64898,293718057,16,0,1,2048,16,1010521015
5778,293671114,276556,293947670,23,0,0,4096,23,4741822762
5779,293688120,42577,293730697,29,0,1,25600,29,1460387602
5780,293728882,5705,293734587,4,0,1,4096,4,258645555
5781,293731517,190049,293921566,21,0,0,25600,21,1122632150
5782,293748868,19598,293768466,20,0,1,18432,20,5331429619
5783,293750455,253543,294003998,9,0,0,27648,9,9030786319
5784,293764532,149219,293913751,29,0,0,7168,29,9597858229
5785,293766415,205191,293971606,1,0,0,3072,1,1847394984
5786,293786662,149506,293936168,13,0,0,512,13,1341225938
5787,293788459,106941,293895400,21,0,0,6144,21,10534516306
5788,293792126,566,293792692,24,0,1,512,24,143465273
5789,293824353,5326,293829679,26,0,1,5632,26,7361266987
5790,293832674,121964,293954638,7,0,0,512,7,3487947025
5791,293837823,3422,293841245,20,0,1,3584,20,5271364890
5792,293848708,144876,293993584,9,0,0,20480,9,8515761006
5793,293896251,294133,294190384,14,0,0,122880,14,5994585534
5794,293920579,6967,293927546,18,0,1,14848,18,2270141337
5795,293920896,301068,294221964,1,0,0,68608,1,10343012113
5796,293923551,310923,294234474,29,0,0,29184,29,2980910048
5797,293935715,324208,294259923,0,0,0,19968,0,8075507471
5798,293942361,475884,294418245,13,0,0,29696,13,2218971119
5799,293964604,135888,294100492,10,0,0,31744,10,2894532162
5800,293988850,15163,294004013,26,0,1,5632,26,3299868103
5801,293999807,128859,294128666,11,0,0,1024,11,8808308772
5802,294016056,13858,294029914,22,0,1,23552,22,2839342191
5803,294061630,163937,294225567,8,0,0,11776,8,6287128915
5804,294121850,159394,294281244,15,0,0,18944,15,2697716186
5805,294127775,423550,294551325,28,0,0,19456,28,9044350698
5806,294151645,102179,294253824,9,0,0,16896,9,5381414752
5807,294167157,115365,294282522,5,0,0,4096,5,7269326684
5808,294174926,452881,294627807,2,0,0,42496,2,5018023194
5809,294179822,114394,294294216,8,0,0,1024,8,3594362256
5810,294181728,146292,294328020,23,0,0,36352,23,9511352325
5811,294221398,20298,294241696,9,0,1,7680,9,7700531874
5812,294235460,173722,294409182,0,0,0,74752,0,895911401
5813,294239554,64546,294304100,7,0,0,512,7,729681602
5814,294261205,244862,294506067,23,0,0,38400,23,1027616203
5815,294303730,182231,294485961,7,0,0,1536,7,8359328335
5816,294331780,12308,294344088,15,0,1,20480,15,10425947386
5817,294331996,135326,294467322,3,0,0,11264,3,9931291228
5818,294382608,110073,294492681,4,0,0,14336,4,10530707227
5819,294444866,315041,294759907,9,0,0,58880,9,10554136911
5820,294455191,144041,294599232,9,0,0,1024,9,3963352861
5821,294474294,124611,294598905,27,0,0,44544,27,3796965893
5822,294488506,49763,294538269,21,0,0,1024,21,5385623488
5823,294518554,5326,294523880,3,0,1,5632,3,1699234777
5824,294522125,7230,294529355,24,0,1,7680,24,5298289351
5825,294528847,10241,294539088,17,0,1,16384,17,4562360425
5826,294577728,124984,294702712,19,0,0,37888,19,8714759180
5827,294592223,181034,294773257,23,0,0,15872,23,7990782168
5828,294657184,4420,294661604,14,0,1,11776,14,3812115017
5829,294667510,5802,294673312,24,0,1,6144,24,8870151828
5830,294669597,151248,294820845,1,0,0,5632,1,5939276350
5831,294671928,133269,294805197,22,0,0,9728,22,8705124143
5832,294677887,100845,294778732,15,0,0,17920,15,819545817
5833,294696633,207845,294904478,0,0,0,48128,0,411302471
5834,294706984,144774,294851758,22,0,0,11776,22,2047706877
5835,294715986,63541,294779527,1,0,0,2560,1,8962565420
5836,294737131,4374,294741505,16,0,1,4608,16,7566539997
5837,294744118,77834,294821952,6,0,0,3584,6,8618772952
5838,294754015,181849,294935864,9,0,0,18944,9,8167582351
5839,294758309,128759,294887068,27,0,0,1024,27,549701116
5840,294837862,135916,294973778,16,0,0,6144,16,5392065676
5841,294891164,87153,294978317,26,0,0,14848,26,10056991919
5842,294896925,128507,295025432,18,0,0,33792,18,7290451663
5843,294897278,111900,295009178,13,0,0,21504,13,2787545182
5844,294912476,102645,295015121,27,0,0,19456,27,319214909
5845,295019311,55561,295074872,6,0,0,3584,6,591906300
5846,295020503,15445,295035948,13,0,1,16896,13,6381268060
5847,295044465,225878,295270343,0,0,0,50688,0,6289764720
5848,295045885,141736,295187621,2,0,0,7168,2,2140558253
5849,295048334,80976,295129310,19,0,0,9728,19,9708241413
5850,295059578,96234,295155812,3,0,0,13312,3,8661065904
5851,295059737,13600,295073337,13,0,1,23040,13,1716869249
5852,295069645,82088,295151733,3,0,0,19968,3,5597437997
5853,295070309,138286,295208595,9,0,0,18944,9,5708989473
5854,295070527,62587,295133114,14,0,0,2048,14,8030414607
5855,295079295,3422,295082717,21,0,1,3584,21,3709858039
5856,295122861,276209,295399070,5,0,0,53760,5,6212211409
5857,295149222,206639,295355861,12,0,0,39424,12,2533071218
5858,295170905,147625,295318530,15,0,0,7168,15,2100541273
5859,295180049,113371,295293420,7,0,0,31744,7,10259258694
5860,295180327,2946,295183273,22,0,1,3072,22,7067835016
5861,295185614,192414,295378028,27,0,0,72704,27,1874755254
5862,295200373,143461,295343834,29,0,0,33792,29,6168083671
5863,295211151,310577,295521728,19,0,0,31744,19,2322093274
5864,295234064,146483,295380547,13,0,0,8192,13,1633254015
5865,295242900,2946,295245846,4,0,1,3072,4,4905650039
5866,295292675,173724,295466399,8,0,0,44544,8,5833724603
5867,295320717,148817,295469534,8,0,0,10240,8,5250100215
5868,295327463,125349,295452812,8,0,0,14336,8,6295852062
5869,295344302,54783,295399085,3,0,1,8192,3,3862516717
5870,295427167,209866,295637033,11,0,0,24576,11,10279997015
5871,295427247,297191,295724438,9,0,0,211968,9,1655923165
5872,295486387,2870,295489257,26,0,1,8704,26,10330100745
5873,295512394,103825,295616219,14,0,0,512,14,4268322641
5874,295526877,132962,295659839,4,0,0,32768,4,2901479570
5875,295532389,208288,295740677,22,0,0,53248,22,7310385010
5876,295573307,229272,295802579,4,0,0,30720,4,8767012787
5877,295583100,178354,295761454,26,0,1,293888,26,10503030292
5878,295622354,351988,295974342,3,0,0,5120,3,9277225418
5879,295651766,230458,295882224,17,0,0,21504,17,8371874668
5880,295664597,571474,296236071,19,0,0,6656,19,6222816361
5881,295671743,551701,296223444,17,0,0,51200,17,5420786438
5882,295698468,334356,296032824,9,0,0,7168,9,7796147272
5883,295703980,314486,296018466,16,0,0,13824,16,6887144898
5884,295706732,263530,295970262,0,0,0,4608,0,3700198317
5885,295708354,423083,296131437,20,0,0,38912,20,6339941432
5886,295719473,42442,295761915,18,0,1,10240,18,6961146723
5887,295755539,170926,295926465,29,0,0,7168,29,5930565946
5888,295771142,121268,295892410,28,0,0,5120,28,778623510
5889,295776542,216710,295993252,14,0,0,47616,14,7698718897
5890,295789513,166829,295956342,29,0,0,31744,29,9970228064
5891,295797977,321589,296119566,22,0,0,71168,22,550285343
5892,295810266,215859,296026125,3,0,0,25088,3,1822322541
5893,295838026,93072,295931098,18,0,0,1024,18,5095390719
5894,295851096,147007,295998103,14,0,0,15872,14,2490057961
5895,295865288,192676,296057964,21,0,0,11264,21,8930918835
5896,295890219,371635,296261854,16,0,0,30720,16,3908978034
5897,295895484,5326,295900810,28,0,1,5632,28,7340474937
5898,295901267,1994,295903261,25,0,1,2048,25,322261014
5899,295906079,230389,296136468,22,0,0,16384,22,7953960199
5900,295906301,1518,295907819,10,0,1,1536,10,1126470314
5901,295907649,466676,296374325,12,0,0,41984,12,3047069238
5902,295924430,9733,295934163,24,0,1,8192,24,3151194836
5903,295948716,9136,295957852,20,0,1,1536,20,5962188644
5904,295967720,119509,296087229,15,0,0,13312,15,8913535747
5905,296017424,132376,296149800,26,0,1,200704,26,6943464578
5906,296080243,340636,296420879,9,0,0,42496,9,5582800082
5907,296087192,63274,296150466,25,0,1,11264,25,6139697845
5908,296093437,67551,296160988,23,0,1,33792,23,1123057647
5909,296114404,407160,296521564,15,0,0,26624,15,5304078548
5910,296114637,408346,296522983,3,0,0,4608,3,7183849244
5911,296117435,221634,296339069,17,0,0,62464,17,9740295948
5912,296145478,201500,296346978,7,0,0,4608,7,147029391
5913,296177327,197481,296374808,6,0,0,1536,6,6348664151
5914,296191152,287069,296478221,16,0,0,12800,16,1580060667
5915,296191701,319217,296510918,16,0,0,16384,16,7161237020
5916,296197246,384071,296581317,10,0,0,25088,10,6244569929
5917,296197531,300172,296497703,18,0,0,42496,18,9561356819
5918,296199459,187985,296387444,18,0,0,13312,18,7746307241
5919,296225428,6278,296231706,5,0,1,6656,5,9163296549
5920,296233843,106177,296340020,2,0,0,3072,2,4604222084
5921,296242381,3898,296246279,11,0,1,4096,11,6990306125
5922,296256763,256666,296513429,2,0,0,8192,2,1512453214
5923,296270984,182091,296453075,1,0,0,57344,1,9306933520
5924,296314787,110907,296425694,24,0,0,6656,24,9201280715
5925,296334280,128244,296462524,6,0,0,4096,6,8921233132
5926,296345958,108848,296454806,14,0,0,5632,14,7375320250
5927,296371286,235474,296606760,20,0,0,83456,20,8587896458
5928,296384911,154861,296539772,1,0,0,4096,1,4575475248
5929,296462779,199700,296662479,28,0,0,63488,28,8170471971
5930,296505017,123939,296628956,5,0,0,60416,5,508791703
5931,296508885,156261,296665146,4,0,0,8704,4,8994244545
5932,296513016,204416,296717432,2,0,0,75776,2,7899253242
5933,296519453,11253,296530706,22,0,1,8192,22,10656496828
5934,296523781,7386,296531167,23,0,1,10240,23,8776742673
5935,296565144,189826,296754970,19,0,0,16896,19,75261523
5936,296584806,87129,296671935,8,0,0,1536,8,2379295921
5937,296594137,129925,296724062,8,0,0,21504,8,6969663171
5938,296605493,118740,296724233,0,0,0,512,0,5044345561
5939,296614347,373648,296987995,10,0,0,107520,10,9976833762
5940,296620126,191236,296811362,11,0,0,19968,11,9164191707
5941,296620364,204546,296824910,15,0,0,2048,15,8786610946
5942,296621609,10836,296632445,25,0,1,3584,25,10454844760
5943,296660547,132983,296793530,21,0,0,16896,21,5025045003
5944,296691158,26321,296717479,20,0,1,8192,20,4924071952
5945,296695027,377648,297072675,29,0,0,19968,29,463931468
5946,296695208,260004,296955212,15,0,0,1536,15,5418017222
5947,296696255,151719,296847974,13,0,0,7168,13,5746537987
5948,296697573,30517,296728090,17,0,1,4096,17,2066467094
5949,296700121,31515,296731636,23,0,1,5632,23,7319134613
5950,296703593,403095,297106688,29,0,0,61440,29,10344632295
5951,296723242,231487,296954729,29,0,0,40448,29,8473518128
5952,296723261,145485,296868746,18,0,0,24576,18,10212073008
5953,296765118,225879,296990997,13,0,0,9728,13,10135580695
5954,296802215,140135,296942350,22,0,0,65024,22,10437644686
5955,296831090,166474,296997564,21,0,0,21504,21,2357800830
5956,296835422,164497,296999919,13,0,0,7680,13,5227413034
5957,296837574,279791,297117365,13,0,0,26112,13,2244761300
5958,296838743,50882,296889625,16,0,0,1024,16,5965430669
5959,296861529,143100,297004629,13,0,0,10240,13,1086797985
5960,296865938,193820,297059758,1,0,0,28672,1,10505497837
5961,296866112,13950,296880062,4,0,1,18432,4,8064757583
5962,296869075,132419,297001494,12,0,0,5120,12,8903449147
5963,296894077,188753,297082830,17,0,0,33280,17,6624273501
5964,296912472,5326,296917798,5,0,1,5632,5,8470737261
5965,296922704,186651,297109355,1,0,0,8704,1,1148545349
5966,296923517,64493,296988010,11,0,1,2048,11,4760067887
5967,296925742,199115,297124857,10,0,0,3584,10,2128739661
5968,296929378,121629,297051007,4,0,0,33280,4,9181815217
5969,296934958,283845,297218803,20,0,0,29184,20,7980324052
5970,296957441,234956,297192397,20,0,0,39424,20,6494791494
5971,297031519,111511,297143030,20,0,0,8192,20,476166141
5972,297059474,234911,297294385,24,0,0,24064,24,6187519988
5973,297061782,253795,297315577,13,0,0,23040,13,9642540526
5974,297070257,343715,297413972,12,0,0,16896,12,7197828347
5975,297078330,87829,297166159,20,0,0,18944,20,9981301134
5976,297085555,23815,297109370,22,0,1,18944,22,8695837903
5977,297102418,588628,297691046,20,0,0,121344,20,10294714059
5978,297103588,163527,297267115,27,0,0,46592,27,9207796381
5979,297107741,262619,297370360,23,0,0,44032,23,8120129332
5980,297129550,13770,297143320,20,0,1,26624,20,3820763734
5981,297133067,316200,297449267,17,0,0,18432,17,9194545999
5982,297134658,202208,297336866,10,0,0,18944,10,4257165595
5983,297148927,662281,297811208,27,0,0,91136,27,7458094201
5984,297177430,202602,297380032,14,0,0,10240,14,3636832600
5985,297234913,262779,297497692,5,0,0,39424,5,7904924668
5986,297243539,275175,297518714,21,0,0,6656,21,5658067459
5987,297266975,176661,297443636,5,0,0,15360,5,3155887371
5988,297271895,300236,297572131,28,0,0,512,28,2991318509
5989,297306237,223025,297529262,21,0,0,23040,21,10270439213
5990,297328793,238152,297566945,4,0,0,45568,4,8497479240
5991,297331887,211007,297542894,11,0,0,20480,11,3506548242
5992,297335562,266444,297602006,12,0,0,512,12,4347317309
5993,297343973,26402,297370375,22,0,1,29184,22,6839110720
5994,297361764,471890,297833654,15,0,0,22528,15,8151376400
5995,297367694,3264,297370958,5,0,1,512,5,2396653085
5996,297376642,273163,297649805,6,0,0,12800,6,5166964841
5997,297395212,192052,297587264,6,0,0,8704,6,7114288129
5998,297398129,173831,297571960,0,0,0,16384,0,10329921552
5999,297400621,121072,297521693,5,0,0,9728,5,3590815884
6000,297403648,172406,297576054,5,0,0,12800,5,4475643509
6001,297417184,1042,297418226,24,0,1,1024,24,8720281010
6002,297438544,445180,297883724,22,0,0,79872,22,6298329366
6003,297484128,488144,297972272,12,0,0,15360,12,5292689426
6004,297498507,202889,297701396,14,0,0,20992,14,8505708623
6005,297509187,566,297509753,5,0,1,512,5,1444132298
6006,297522331,185492,297707823,7,0,0,20992,7,6193909506
6007,297523540,6322,297529862,13,0,1,512,13,2933154590
6008,297525814,319555,297845369,10,0,0,37376,10,6295910716
6009,297540215,199030,297739245,24,0,0,39936,24,3344405523
6010,297548368,146601,297694969,9,0,0,12800,9,6117909379
6011,297554310,380156,297934466,4,0,0,18432,4,366709245
6012,297565261,14656,297579917,16,0,1,10752,16,2383022864
6013,297640851,139917,297780768,27,0,0,24064,27,824487871
6014,297655823,60077,297715900,23,0,1,28160,23,1977954991
6015,297673964,239752,297913716,15,0,0,14336,15,1633776280
6016,297685742,32104,297717846,3,0,1,3072,3,5704853557
6017,297700123,111428,297811551,22,0,0,1024,22,5451829788
6018,297717961,107482,297825443,21,0,0,6144,21,76257459
6019,297719908,4850,297724758,3,0,1,5120,3,3854910229
6020,297728587,236409,297964996,6,0,0,30208,6,2431798603
6021,297731749,302149,298033898,4,0,0,14848,4,5867609091
6022,297739400,152451,297891851,22,0,0,26624,22,3994795572
6023,297751091,5971,297757062,11,0,1,14848,11,5519399741
6024,297789806,410606,298200412,16,0,0,43008,16,28723247
6025,297799294,188133,297987427,7,0,0,49664,7,5747838019
6026,297845973,301301,298147274,15,0,0,51712,15,2528546515
6027,297853358,278145,298131503,18,0,0,62976,18,3355812148
6028,297894074,336333,298230407,25,0,0,12288,25,8717342765
6029,297919741,2870,297922611,13,0,1,8704,13,6373121112
6030,297923686,122083,298045769,11,0,0,38912,11,9471830186
6031,297968386,232821,298201207,20,0,0,2560,20,6413192257
6032,297985509,183674,298169183,5,0,0,5632,5,6329870538
6033,297985968,163505,298149473,16,0,0,7168,16,7861567225
6034,297994103,80724,298074827,1,0,0,14336,1,5371706093
6035,298003158,83405,298086563,13,0,0,11264,13,4577519281
6036,298033254,147152,298180406,25,0,0,9728,25,254909733
6037,298042869,3959,298046828,20,0,1,1024,20,1667009716
6038,298057888,157735,298215623,12,0,0,4096,12,10728935876
6039,298059171,163901,298223072,1,0,0,12288,1,4597821440
6040,298059232,128053,298187285,9,0,0,22528,9,4500965472
6041,298099365,133241,298232606,17,0,0,7168,17,7906717788
6042,298105437,57497,298162934,4,0,0,2560,4,9770469910
6043,298173257,93780,298267037,14,0,0,20480,14,979103632
6044,298176324,158567,298334891,21,0,0,5120,21,2403614866
6045,298182488,172545,298355033,13,0,0,34816,13,5501175412
6046,298215734,166824,298382558,20,0,0,39424,20,7796168249
6047,298221477,5009,298226486,24,0,1,3584,24,2042605129
6048,298239956,117900,298357856,12,0,0,9216,12,4930671162
6049,298241209,129306,298370515,16,0,0,41472,16,10418185681
6050,298267390,12049,298279439,25,0,1,19968,25,9088366026
6051,298276035,145827,298421862,25,0,0,26112,25,2637025724
6052,298296363,246159,298542522,0,0,0,78336,0,1248872520
6053,298302967,130626,298433593,8,0,0,38400,8,7791436818
6054,298325752,122000,298447752,27,0,0,4096,27,10340504030
6055,298350993,167646,298518639,14,0,0,45056,14,4621023991
6056,298363837,25910,298389747,3,0,1,7680,3,4079162410
6057,298369344,185689,298555033,5,0,0,40960,5,2542730073
6058,298418390,150432,298568822,26,0,1,223232,26,5928430073
6059,298420026,152982,298573008,18,0,1,6656,18,8483097853
6060,298449488,161119,298610607,7,0,0,2048,7,5106682740
6061,298453789,119475,298573264,0,0,1,9216,0,224650016
6062,298455167,215719,298670886,27,0,0,20480,27,10434088131
6063,298466723,107527,298574250,16,0,1,1536,16,6315199232
6064,298493564,116404,298609968,7,0,0,8192,7,2907317445
6065,298495043,72733,298567776,16,0,0,2560,16,2453746232
6066,298499103,328528,298827631,14,0,0,77312,14,2558604593
6067,298512691,143702,298656393,29,0,0,1024,29,7899884953
6068,298513507,232731,298746238,11,0,0,22016,11,1620056892
6069,298522136,540173,299062309,4,0,0,30208,4,6012669118
6070,298534966,126503,298661469,18,0,0,2560,18,8651087777
6071,298536934,42910,298579844,24,0,1,18432,24,1130977705
6072,298556613,23692,298580305,22,0,1,10240,22,8021771700
6073,298560907,95129,298656036,1,0,0,7680,1,144421441
6074,298571960,370160,298942120,17,0,0,64000,17,2702474619
6075,298620646,245886,298866532,9,0,0,35840,9,9887157144
6076,298633686,249417,298883103,10,0,0,10752,10,1305043899
6077,298655126,308503,298963629,7,0,0,11776,7,9475386805
6078,298673983,7230,298681213,13,0,1,7680,13,8972404107
6079,298697416,5326,298702742,8,0,1,5632,8,7950791631
6080,298712431,397785,299110216,7,0,0,157184,7,1058317442
6081,298719509,3422,298722931,17,0,1,3584,17,1008362639
6082,298760727,109192,298869919,8,0,0,7168,8,5624532295
6083,298764146,2470,298766616,24,0,1,2560,24,2063047639
6084,298799868,27778,298827646,25,0,1,7168,25,3829601529
6085,298802974,143373,298946347,12,0,0,13824,12,7632105273
6086,298813299,209466,299022765,6,0,0,44544,6,5636335772
6087,298835141,3387,298838528,21,0,1,9728,21,9268388662
6088,298875968,119251,298995219,11,0,0,5632,11,4067284220
6089,298889983,222916,299112899,21,0,0,8704,21,6609915598
6090,298894967,3128,298898095,4,0,1,9216,4,2960850736
6091,298936326,15815,298952141,13,0,1,6144,13,8503972971
6092,298947356,237030,299184386,7,0,0,29184,7,9577157197
6093,299072066,331674,299403740,9,0,0,9728,9,919476055
6094,299100610,179113,299279723,19,0,0,7168,19,3951343281
6095,299144361,130235,299274596,3,0,0,97280,3,1482426194
6096,299161050,113733,299274783,5,0,0,512,5,5797447057
6097,299167375,154351,299321726,22,0,0,18944,22,2853198941
6098,299173597,109354,299282951,25,0,0,7680,25,1172621350
6099,299220349,178015,299398364,4,0,0,42496,4,1466659905
6100,299235698,5326,299241024,13,0,1,5632,13,9744919446
6101,299250097,204463,299454560,2,0,0,23040,2,10108604465
6102,299257410,272429,299529839,17,0,0,22016,17,10573976633
6103,299261080,104168,299365248,8,0,0,7168,8,5550867090
6104,299322947,95676,299418623,18,0,0,2048,18,7778217031
6105,299345651,237400,299583051,14,0,0,23040,14,2984643365
6106,299399885,251586,299651471,7,0,0,35840,7,7731208512
6107,299405645,182109,299587754,1,0,0,15360,1,3113930856
6108,299410042,100724,299510766,5,0,0,30720,5,687607932
6109,299413162,47288,299460450,25,0,0,1536,25,2491903215
6110,299448207,98018,299546225,12,0,0,4096,12,678803535
6111,299452576,174796,299627372,8,0,0,43520,8,4522456470
6112,299464871,111145,299576016,18,0,0,16896,18,8408710548
6113,299477996,116637,299594633,5,0,0,22528,5,7676706803
6114,299484979,174151,299659130,12,0,0,25088,12,4248452776
6115,299504257,25597,299529854,3,0,1,24064,3,6404808222
6116,299507259,201411,299708670,18,0,0,29696,18,3766499598
6117,299517355,12514,299529869,13,0,1,4096,13,435055338
6118,299545042,217207,299762249,4,0,0,35328,4,2324041624
6119,299553479,245694,299799173,23,0,0,15360,23,2839599299
6120,299565829,208774,299774603,0,0,0,32768,0,7646964194
6121,299576293,210352,299786645,17,0,0,36864,17,2480581749
6122,299593778,230028,299823806,25,0,0,31744,25,8685328790
6123,299611417,163981,299775398,15,0,0,2560,15,8639145622
6124,299676477,155090,299831567,21,0,0,4608,21,4427325634
6125,299690494,50397,299740891,18,0,0,1024,18,1341140749
6126,299695295,69309,299764604,6,0,0,7680,6,368630652
6127,299724941,144144,299869085,25,0,0,5632,25,3662709184
6128,299727099,212066,299939165,17,0,0,39424,17,10715826172
6129,299767941,119420,299887361,2,0,0,30720,2,1572936984
6130,299779671,21125,299800796,19,0,1,24064,19,7918269198
6131,299783072,20310,299803382,23,0,1,4096,23,9328977705
6132,299801996,182583,299984579,0,0,0,60928,0,1268582823
6133,299808890,90939,299899829,16,0,0,10752,16,1813269950
6134,299843771,144099,299987870,19,0,0,10752,19,7919017984
6135,299860199,11016,299871215,29,0,1,17920,29,5551106566
6136,299882115,151148,300033263,13,0,0,59392,13,832790152
6137,299908893,98235,300007128,21,0,0,3072,21,1781698105
6138,299939224,114086,300053310,24,0,0,17408,24,6300015919
6139,299941409,92181,300033590,5,0,0,1024,5,4631327710
6140,299953219,213518,300166737,14,0,0,38400,14,4196706831
6141,299958525,78044,300036569,20,0,0,9728,20,10045777499
6142,299975217,220146,300195363,5,0,0,10240,5,5502333459
6143,299982564,11811,299994375,19,0,1,15872,19,6439932280
6144,299997872,119465,300117337,5,0,0,31744,5,1880268219
6145,300032053,8195,300040248,22,0,1,10240,22,7390800559
6146,300032498,141438,300173936,11,0,0,23552,11,16117155
6147,300035251,102594,300137845,10,0,0,15872,10,2548591225
6148,300076220,162631,300238851,17,0,0,17920,17,1482929307
6149,300087713,132279,300219992,29,0,0,23552,29,1246291639
6150,300093170,96105,300189275,2,0,0,1536,2,114542469
6151,300119241,184237,300303478,15,0,0,24064,15,5201204746
6152,300151802,142424,300294226,9,0,0,15872,9,1943258286
6153,300155813,184148,300339961,8,0,0,44544,8,3618371549
6154,300183511,5802,300189313,20,0,1,6144,20,1963526843
6155,300185239,6422,300191661,25,0,1,15360,25,2197902818
6156,300217905,130816,300348721,19,0,0,12800,19,5466399242
6157,300249632,121364,300370996,19,0,0,34816,19,1453159484
6158,300286778,7463,300294241,1,0,1,10240,1,9789538149
6159,300344395,64208,300408603,0,0,0,6656,0,8481920265
6160,300380796,93596,300474392,5,0,0,17408,5,738108828
6161,300385047,106043,300491090,16,0,0,512,16,860795302
6162,300396023,54056,300450079,28,0,0,3584,28,3328411336
6163,300406998,4543,300411541,25,0,1,3072,25,8507785073
6164,300465283,45596,300510879,13,0,0,1024,13,8706429913
6165,300466039,50732,300516771,4,0,0,2048,4,1763792433
6166,300496918,99476,300596394,8,0,0,26624,8,850271383
6167,300497479,1042,300498521,4,0,1,1024,4,596437002
6168,300505014,21141,300526155,13,0,1,34304,13,10071776558
6169,300513272,110542,300623814,13,0,0,28672,13,1056978133
6170,300521122,109498,300630620,5,0,0,10240,5,7888339577
6171,300539718,13341,300553059,26,0,1,22528,26,6296803321
6172,300551233,107806,300659039,24,0,0,2560,24,348535019
6173,300555697,151366,300707063,3,0,0,24064,3,10156188436
6174,300558300,363827,300922127,24,0,0,46080,24,1084401528
6175,300562642,160660,300723302,11,0,0,53248,11,8400888680
6176,300565070,300677,300865747,17,0,0,23552,17,10477533715
6177,300602272,238915,300841187,11,0,0,47616,11,8541642664
6178,300605700,252053,300857753,13,0,0,4608,13,2857163190
6179,300611235,134804,300746039,15,0,0,14848,15,7973958562
6180,300637478,253735,300891213,28,0,0,64512,28,6467551657
6181,300680120,176214,300856334,15,0,0,49664,15,956191269
6182,300683717,249680,300933397,10,0,0,36864,10,9166614804
6183,300715182,177138,300892320,21,0,0,3584,21,4882849554
6184,300720229,138319,300858548,29,0,0,2560,29,2571902223
6185,300730329,141213,300871542,7,0,0,18944,7,6612186742
6186,300732114,3645,300735759,27,0,1,10240,27,3940123618
6187,300763011,3387,300766398,19,0,1,9728,19,658134226
6188,300789087,3422,300792509,11,0,1,3584,11,8641158159
6189,300794073,108416,300902489,20,0,0,11776,20,9761891401
6190,300795350,205917,301001267,3,0,0,7168,3,5220485148
6191,300843720,256331,301100051,24,0,0,36864,24,8889988078
6192,300851225,162313,301013538,19,0,0,6144,19,5400809555
6193,300882379,85253,300967632,17,0,0,17920,17,10652956234
6194,300888021,34129,300922150,26,0,1,43008,26,4679549414
6195,300898239,142863,301041102,9,0,0,20992,9,9198089540
6196,300898504,148426,301046930,23,0,0,6656,23,483736001
6197,300909303,24644,300933947,24,0,1,512,24,1417013325
6198,300920186,251310,301171496,4,0,0,33280,4,8003003647
6199,300931781,157023,301088804,27,0,0,52224,27,1551706763
6200,300941892,183953,301125845,23,0,0,77312,23,7885042197
6201,300948670,102956,301051626,18,0,0,5120,18,3593943375
6202,300970250,132024,301102274,22,0,0,7168,22,7541629072
6203,300988804,184119,301172923,7,0,0,4608,7,2968518424
6204,300995100,212144,301207244,21,0,0,12800,21,6918028939
6205,301078581,151540,301230121,22,0,0,6656,22,8401361729
6206,301082241,121072,301203313,11,0,0,38912,11,9952537155
6207,301094039,65186,301159225,0,0,0,5120,0,7634315455
6208,301161899,300974,301462873,20,0,0,77824,20,8422943470
6209,301175141,225796,301400937,22,0,0,6656,22,8944992224
6210,301175959,73136,301249095,6,0,0,10752,6,3072588508
6211,301187807,128912,301316719,27,0,0,57856,27,7974640124
6212,301195023,13698,301208721,20,0,1,1536,20,10218139612
6213,301196317,151530,301347847,15,0,0,24064,15,3328128548
6214,301223738,14545,301238283,3,0,1,28160,3,10043350171
6215,301223984,278433,301502417,16,0,0,8192,16,3315140643
6216,301227410,265609,301493019,0,0,0,36352,0,371968970
6217,301249918,135585,301385503,24,0,0,4096,24,8191199397
6218,301268954,212974,301481928,24,0,0,62464,24,2421103288
6219,301318196,190632,301508828,21,0,0,20992,21,7763482975
6220,301322197,2470,301324667,23,0,1,2560,23,8127505809
6221,301349079,208448,301557527,15,0,0,17408,15,3536470611
6222,301349651,150247,301499898,29,0,0,22528,29,1654027140
6223,301394722,7230,301401952,13,0,1,7680,13,5907968817
6224,301399940,139882,301539822,6,0,0,33792,6,10662667751
6225,301431808,88651,301520459,23,0,0,6656,23,4246906211
6226,301444595,165625,301610220,2,0,0,36864,2,3566745322
6227,301471139,76039,301547178,15,0,0,1536,15,7809546165
6228,301506162,4652,301510814,3,0,1,2048,3,1006423535
6229,301513327,165196,301678523,0,0,0,6144,0,10338548305
6230,301527499,252397,301779896,22,0,0,60416,22,2264806012
6231,301551434,125133,301676567,4,0,0,14848,4,8383622993
6232,301566682,193177,301759859,5,0,0,8704,5,3186649668
6233,301571478,143177,301714655,17,0,0,67072,17,369411722
6234,301573054,232285,301805339,4,0,0,83456,4,6390380962
6235,301642021,1042,301643063,13,0,1,1024,13,5123157021
6236,301655085,6278,301661363,13,0,1,6656,13,3962898226
6237,301662843,159382,301822225,0,0,0,48640,0,1510308924
6238,301665296,142086,301807382,12,0,0,6656,12,3754407184
6239,301671752,157251,301829003,13,0,0,1536,13,4254417066
6240,301676790,206423,301883213,25,0,0,4096,25,8906217275
6241,301708233,198285,301906518,11,0,0,36864,11,4465030109
6242,301709218,9845,301719063,23,0,1,4608,23,3085352134
6243,301714586,6444,301721030,17,0,1,12800,17,9937097440
6244,301718008,110029,301828037,12,0,0,17408,12,10396382606
6245,301718056,235460,301953516,25,0,0,28672,25,299658683
6246,301723231,152818,301876049,3,0,0,15872,3,5492491324
6247,301724228,118521,301842749,10,0,0,10240,10,8645646737
6248,301798489,178877,301977366,4,0,0,30208,4,7874397436
6249,301855135,131138,301986273,13,0,0,29184,13,2536252734
6250,301873949,6466,301880415,9,0,1,4608,9,1889034512
6251,301908392,78224,301986616,27,0,0,1024,27,6574470756
6252,301911273,83517,301994790,20,0,0,11776,20,1327853572
6253,301921215,196510,302117725,13,0,0,14336,13,4484469505
6254,301945925,112363,302058288,10,0,0,44032,10,10705738355
6255,301959281,194090,302153371,9,0,0,9216,9,7360954357
6256,301959702,139286,302098988,22,0,0,19968,22,560193977
6257,301979825,146898,302126723,25,0,0,9216,25,3064452412
6258,301989201,103688,302092889,29,0,0,40448,29,1905493015
6259,302056025,8743,302064768,11,0,1,15872,11,9214426359
6260,302069622,125701,302195323,17,0,0,46080,17,3529084683
6261,302099821,7706,302107527,19,0,1,8192,19,9893487612
6262,302136774,58720,302195494,6,0,0,512,6,8984133676
6263,302149649,161676,302311325,1,0,0,31232,1,8111390628
6264,302149872,16613,302166485,11,0,1,32256,11,4951604212
6265,302157451,124240,302281691,13,0,0,57856,13,3354753402
6266,302158939,138514,302297453,23,0,0,20992,23,9865223021
6267,302161254,8777,302170031,7,0,1,5632,7,8358464403
6268,302173311,262183,302435494,7,0,0,24064,7,1790838687
6269,302180790,14719,302195509,3,0,1,8192,3,1433335500
6270,302189827,261609,302451436,22,0,0,52224,22,4532980628
6271,302193209,162306,302355515,0,0,0,13824,0,7983495036
6272,302197151,189840,302386991,17,0,0,11264,17,8482338171
6273,302223815,204332,302428147,23,0,0,39936,23,4916362987
6274,302249216,286425,302535641,27,0,0,29184,27,1376420274
6275,302257630,4420,302262050,4,0,1,11776,4,6851902806
6276,302294797,212632,302507429,13,0,0,7168,13,2471126425
6277,302304202,95869,302400071,1,0,0,1536,1,6644445475
6278,302304336,9952,302314288,7,0,1,3072,7,3962309277
6279,302366048,185076,302551124,11,0,0,47616,11,2490302362
6280,302366905,227419,302594324,25,0,0,23040,25,3391386806
6281,302404278,3898,302408176,13,0,1,4096,13,5880057411
6282,302412521,22988,302435509,22,0,1,7680,22,6167694190
6283,302438959,160060,302599019,0,0,0,15360,0,1112770210
6284,302444211,203380,302647591,17,0,0,44032,17,10080986094
6285,302445264,266838,302712102,10,0,0,39936,10,1030070175
6286,302447933,185136,302633069,21,0,0,24064,21,1069588599
6287,302531888,19251,302551139,3,0,1,8704,3,1008064815
6288,302544293,80241,302624534,5,0,0,5120,5,9303273935
6289,302603069,119823,302722892,8,0,0,9216,8,6528602572
6290,302630084,4019,302634103,25,0,1,1024,25,154501872
6291,302654268,78056,302732324,5,0,0,11776,5,6169919227
6292,302658869,96021,302754890,16,0,0,12288,16,8159436513
6293,302661477,53144,302714621,9,0,0,5632,9,764154747
6294,302675300,43904,302719204,17,0,0,512,17,9003887148
6295,302685085,140807,302825892,12,0,0,10240,12,4468881937
6296,302697703,58294,302755997,24,0,0,3584,24,3921013201
6297,302698469,77907,302776376,13,0,0,1024,13,8977366730
6298,302705542,103031,302808573,5,0,0,9728,5,401067237
6299,302747708,71437,302819145,10,0,0,4096,10,1830457844
6300,302760986,69392,302830378,9,0,0,5632,9,10029454186
6301,302762088,99788,302861876,7,0,0,27648,7,10534581131
6302,302843480,97004,302940484,7,0,0,23552,7,7194401902
6303,302880742,105540,302986282,19,0,0,21504,19,5301067860
6304,302927400,78368,303005768,27,0,0,12800,27,6450701352
6305,302930298,107458,303037756,23,0,0,17920,23,9956829006
6306,302964525,201185,303165710,9,0,0,31232,9,5004305561
6307,302972328,117722,303090050,24,0,0,61440,24,10080747716
6308,303002101,129529,303131630,15,0,0,35328,15,10633592238
6309,303021021,7706,303028727,27,0,1,8192,27,2034908204
6310,303076963,19424,303096387,20,0,1,6656,20,2074622435
6311,303077863,181732,303259595,10,0,0,37376,10,10350034130
6312,303078160,170032,303248192,22,0,0,23552,22,5169324218
6313,303085212,12161,303097373,25,0,1,1536,25,7870894225
6314,303113554,241913,303355467,14,0,0,61952,14,9836632229
6315,303158147,104739,303262886,15,0,0,10752,15,2928658309
6316,303168189,121590,303289779,25,0,0,7680,25,5204237802
6317,303170425,203777,303374202,9,0,0,61440,9,2362206211
6318,303179135,249850,303428985,24,0,0,75264,24,3221131441
6319,303189534,244526,303434060,13,0,0,11264,13,1597656260
6320,303192521,104792,303297313,27,0,0,11264,27,7788371828
6321,303210061,165716,303375777,5,0,0,5120,5,4317131728
6322,303222824,106998,303329822,20,0,0,2048,20,4124276808
6323,303269093,5712,303274805,29,0,1,14336,29,10419741213
6324,303290898,196532,303487430,27,0,0,41984,27,9051451240
6325,303301275,2470,303303745,4,0,1,2560,4,1364246703
6326,303304071,220199,303524270,28,0,0,79360,28,8698728286
6327,303304081,150450,303454531,12,0,0,16384,12,4196941845
6328,303401093,566,303401659,19,0,1,512,19,29562375
6329,303406223,35596,303441819,17,0,1,21504,17,8044963861
6330,303406674,39011,303445685,12,0,1,6144,12,3337443315
6331,303431690,195269,303626959,25,0,0,27136,25,6924936020
6332,303432943,210411,303643354,6,0,0,53760,6,7129054522
6333,303441163,131533,303572696,27,0,0,15360,27,6383417789
6334,303511910,89491,303601401,12,0,0,8192,12,10140320551
6335,303541155,107050,303648205,10,0,0,15872,10,5500982467
6336,303580626,4679,303585305,16,0,1,12288,16,6010356144
6337,303582834,7404,303590238,17,0,1,6144,17,5605517738
6338,303583749,68788,303652537,25,0,0,4096,25,1771311435
6339,303666013,2946,303668959,1,0,1,3072,1,3495171717
6340,303666628,238398,303905026,19,0,0,121856,19,3518463458
6341,303666683,350119,304016802,4,0,0,100352,4,7374105751
6342,303673386,183383,303856769,0,0,0,14848,0,9079278602
6343,303684182,337939,304022121,22,0,0,17408,22,1824632879
6344,303687238,164992,303852230,8,0,0,55296,8,7430280440
6345,303699396,4374,303703770,1,0,1,4608,1,10218286390
6346,303740916,282000,304022916,7,0,0,2560,7,9617929532
6347,303743457,191059,303934516,1,0,0,15872,1,4959712890
6348,303750428,235783,303986211,18,0,0,11776,18,7189425478
6349,303773777,208831,303982608,8,0,0,63488,8,4862794951
6350,303786963,257511,304044474,18,0,0,24576,18,8966969940
6351,303845975,18492,303864467,14,0,1,8192,14,10242566763
6352,303874102,162869,304036971,3,0,0,46080,3,2857710993
6353,303879690,29727,303909417,23,0,1,4608,23,8158611060
6354,304015629,128157,304143786,29,0,0,26112,29,3927608467
6355,304043363,13953,304057316,4,0,1,21504,4,1809925564
6356,304057157,47288,304104445,16,0,0,1536,16,2942596809
6357,304085487,78236,304163723,13,0,0,17408,13,3331498315
6358,304099649,85620,304185269,2,0,0,11776,2,8404888973
6359,304101273,62777,304164050,27,0,0,1024,27,8656866496
6360,304114237,6754,304120991,4,0,1,7168,4,6797585599
6361,304123970,136317,304260287,18,0,0,24576,18,3839243828
6362,304137748,66211,304203959,17,0,0,1024,17,2207532115
6363,304152855,57092,304209947,28,0,0,512,28,2034166074
6364,304169226,136234,304305460,3,0,0,12288,3,5733485546
6365,304222286,147464,304369750,17,0,0,55808,17,6423835881
6366,304228269,98492,304326761,13,0,0,9728,13,1704773976
6367,304246172,273044,304519216,10,0,0,106496,10,5077503650
6368,304250214,227131,304477345,6,0,0,11264,6,184111099
6369,304258252,3069,304261321,26,0,1,1024,26,552999290
6370,304285165,103761,304388926,16,0,0,17920,16,5480904143
6371,304300700,6754,304307454,3,0,1,7168,3,2216077532
6372,304328280,135892,304464172,1,0,0,6656,1,2079523834
6373,304329173,206312,304535485,2,0,0,12288,2,6363677389
6374,304337301,188482,304525783,13,0,0,21504,13,2921394308
6375,304338618,200158,304538776,10,0,0,10752,10,10178119480
6376,304339202,2946,304342148,11,0,1,3072,11,1870390970
6377,304355216,24767,304379983,28,0,1,16384,28,9655247559
6378,304371941,10948,304382889,16,0,1,4608,16,4492833734
6379,304379138,209019,304588157,1,0,0,16384,1,238936749
6380,304384626,89272,304473898,13,0,0,14336,13,6272808516
6381,304396730,5971,304402701,13,0,1,14848,13,1853232587
6382,304407826,123900,304531726,1,0,0,19456,1,2333092855
6383,304452883,90147,304543030,21,0,0,2048,21,1561600349
6384,304460729,204160,304664889,24,0,0,512,24,6651037885
6385,304462875,159117,304621992,23,0,0,21504,23,10382031320
6386,304468693,111213,304579906,29,0,0,17408,29,9418763253
6387,304549389,157200,304706589,8,0,0,16384,8,9610716565
6388,304623039,98366,304721405,20,0,0,2560,20,35868051
6389,304639671,89537,304729208,8,0,0,18432,8,6592076290
6390,304639757,67315,304707072,21,0,0,1536,21,2604286379
6391,304645617,152318,304797935,24,0,0,35840,24,354348812
6392,304659355,162910,304822265,6,0,0,8704,6,9954599733
6393,304666536,143114,304809650,16,0,0,38400,16,10008434522
6394,304676314,163520,304839834,11,0,0,9728,11,5518356597
6395,304680050,5326,304685376,20,0,1,5632,20,3004885024
6396,304710274,18949,304729223,20,0,1,26624,20,10013404838
6397,304712006,123927,304835933,19,0,0,8192,19,4487280708
6398,304731838,310504,305042342,2,0,0,50688,2,3772329962
6399,304738729,10757,304749486,23,0,1,17408,23,2041616537
6400,304755208,352741,305107949,24,0,0,54272,24,6220407351
6401,304762465,215170,304977635,19,0,0,83968,19,8366435542
6402,304772343,254540,305026883,13,0,0,87552,13,3477228568
6403,304781253,64520,304845773,18,0,0,7680,18,217997854
6404,304792455,156159,304948614,24,0,0,1536,24,10384168669
6405,304804245,9796,304814041,23,0,1,4608,23,4573424290
6406,304838815,15128,304853943,4,0,1,24064,4,7718615203
6407,304840820,243308,305084128,16,0,0,1024,16,1134638066
6408,304889167,7230,304896397,19,0,1,7680,19,629054059
6409,304914979,344242,305259221,16,0,0,107008,16,4357504522
6410,304924491,139235,305063726,24,0,0,26624,24,6231113823
6411,304935101,4937,304940038,25,0,1,12800,25,9712287084
6412,304945146,97523,305042669,22,0,0,1024,22,919577266
6413,304948028,278574,305226602,3,0,0,105472,3,3690913234
6414,305027789,164321,305192110,28,0,0,26624,28,4868347129
6415,305059262,259179,305318441,2,0,0,52224,2,4771261719
6416,305097635,14743,305112378,23,0,1,11776,23,1550850804
6417,305102365,196264,305298629,23,0,0,55296,23,3940097540
6418,305110524,188276,305298800,14,0,0,512,14,9763276875
6419,305143415,176297,305319712,29,0,0,4096,29,5712381510
6420,305162588,1042,305163630,11,0,1,1024,11,1052529716
6421,305162913,5838,305168751,4,0,1,6144,4,7404828064
6422,305171210,88814,305260024,12,0,0,2560,12,10111307242
6423,305219841,40708,305260549,1,0,1,512,1,5394720660
6424,305260291,114713,305375004,5,0,0,18432,5,8228734976
6425,305287624,61840,305349464,27,0,0,2560,27,7564615128
6426,305307055,98206,305405261,16,0,0,15360,16,3183804101
6427,305320170,263051,305583221,6,0,0,52736,6,10481776994
6428,305323467,67917,305391384,17,0,0,6656,17,2477128229
6429,305331238,130351,305461589,23,0,0,38912,23,5664335530
6430,305361352,264132,305625484,4,0,0,15872,4,3855661191
6431,305385869,217415,305603284,2,0,0,64000,2,3232251771
6432,305399761,93710,305493471,18,0,0,12288,18,8626407665
6433,305400569,78761,305479330,8,0,0,6144,8,4975890820
6434,305418771,100231,305519002,21,0,0,15360,21,6036805495
6435,305422011,130638,305552649,16,0,0,13824,16,8516515331
6436,305427102,119142,305546244,1,0,0,9216,1,4742335844
6437,305430904,1994,305432898,24,0,1,2048,24,4204414135
6438,305476419,251965,305728384,12,0,0,64000,12,1140746115
6439,305486416,122810,305609226,25,0,0,3072,25,7540943287
6440,305522134,83708,305605842,9,0,0,2048,9,6574345501
6441,305553221,4937,305558158,10,0,1,12800,10,7607867892
6442,305556679,98899,305655578,7,0,0,28160,7,2492323392
6443,305563257,566,305563823,22,0,1,512,22,9403960896
6444,305569939,165566,305735505,13,0,0,20992,13,10327790639
6445,305602418,84026,305686444,19,0,0,16384,19,4754062069
6446,305614663,62205,305676868,18,0,0,5120,18,4650166497
6447,305620608,146109,305766717,29,0,0,27648,29,4311290443
6448,305625403,4235,305629638,22,0,1,11264,22,484657487
6449,305676623,170048,305846671,1,0,0,36352,1,2558775901
6450,305703489,94693,305798182,4,0,0,4608,4,2609575058
6451,305734991,118745,305853736,13,0,0,9216,13,948372611
6452,305758612,91662,305850274,15,0,0,11776,15,5026719449
6453,305780375,5326,305785701,11,0,1,5632,11,6186134634
6454,305793063,57850,305850913,16,0,0,2048,16,10295300554
6455,305809544,146946,305956490,10,0,0,42496,10,5354043027
6456,305830846,1042,305831888,16,0,1,1024,16,8445636956
6457,305833746,62516,305896262,24,0,0,6144,24,8268227247
6458,305850386,8668,305859054,26,0,1,5632,26,5224097638
6459,305869505,102183,305971688,4,0,0,512,4,6158712224
6460,305889957,80975,305970932,23,0,0,3072,23,7577409691
6461,305909779,2470,305912249,16,0,1,2560,16,5426658944
6462,305925150,55748,305980898,13,0,0,4096,13,9982302080
6463,305943616,14860,305958476,17,0,1,2048,17,8000275799
6464,305960893,122326,306083219,16,0,0,92672,16,3134920453
6465,305996126,127207,306123333,25,0,0,9216,25,3435140414
6466,305999590,84432,306084022,21,0,0,2560,21,3133263014
6467,306001837,3898,306005735,23,0,1,4096,23,5042617208
6468,306059994,94225,306154219,10,0,0,14336,10,4895134353
6469,306092366,2946,306095312,25,0,1,3072,25,7237401011
6470,306129645,48980,306178625,3,0,0,2048,3,1427753411
6471,306138057,99476,306237533,14,0,0,26624,14,6659079314
6472,306151260,73795,306225055,15,0,0,13312,15,6742409741
6473,306176612,65946,306242558,16,0,1,111616,16,5931096448
6474,306184098,173366,306357464,18,0,0,20992,18,6544453670
6475,306203181,193081,306396262,27,0,0,13312,27,5219970758
6476,306214501,104779,306319280,27,0,0,1536,27,9376986642
6477,306218731,69284,306288015,2,0,0,8192,2,6793967307
6478,306244453,258905,306503358,7,0,0,39424,7,6928336634
6479,306275321,267721,306543042,6,0,0,36352,6,6774618818
6480,306294992,169690,306464682,2,0,0,13312,2,4531168078
6481,306321594,255480,306577074,19,0,0,4096,19,2770390308
6482,306342476,15003,306357479,17,0,1,17408,17,5342473293
6483,306348971,223008,306571979,22,0,0,10240,22,9295127327
6484,306386408,5326,306391734,5,0,1,5632,5,6368312606
6485,306386820,9457,306396277,1,0,1,1024,1,5872378002
6486,306387370,181466,306568836,2,0,0,31744,2,2844457755
6487,306417294,378576,306795870,22,0,0,69632,22,6928080394
6488,306422312,178933,306601245,16,0,0,7680,16,9938218598
6489,306455512,203648,306659160,5,0,0,10240,5,9954717494
6490,306469579,224430,306694009,15,0,0,13312,15,257884923
6491,306470417,128473,306598890,22,0,0,13312,22,4808906068
6492,306476274,381417,306857691,25,0,0,95744,25,4574500819
6493,306481745,339724,306821469,4,0,0,83968,4,7335707824
6494,306484870,194893,306679763,8,0,0,16896,8,397402753
6495,306491378,24538,306515916,17,0,1,20992,17,6799009645
6496,306514434,101303,306615737,17,0,0,29696,17,3583064182
6497,306561749,180656,306742405,0,0,0,15872,0,7583665149
6498,306593939,287251,306881190,7,0,0,28160,7,8224738910
6499,306614182,6397,306620579,17,0,1,5120,17,9949272110
6500,306634137,194367,306828504,6,0,0,23040,6,10345645515
6501,306639755,231831,306871586,14,0,0,23040,14,896826188
6502,306691661,8142,306699803,20,0,1,6144,20,449713304
6503,306759964,125242,306885206,16,0,0,12288,16,2466934177
6504,306819258,123060,306942318,16,0,0,23040,16,7637660103
6505,306832561,124505,306957066,12,0,0,12800,12,10179570554
6506,306838329,255040,307093369,1,0,0,49152,1,7189741431
6507,306840118,82160,306922278,10,0,0,7680,10,889692947
6508,306862955,97723,306960678,7,0,0,7680,7,7587691747
6509,306903040,136307,307039347,5,0,0,47104,5,732856842
6510,306908496,191908,307100404,2,0,0,23040,2,1709141517
6511,306931191,173292,307104483,11,0,0,13312,11,9696657339
6512,306940680,12129,306952809,1,0,1,16896,1,9232286116
6513,306981672,4374,306986046,4,0,1,4608,4,6793244637
6514,306987595,4162,306991757,20,0,1,11264,20,6150747038
6515,307003634,163750,307167384,20,0,0,4096,20,10672467691
6516,307005831,137403,307143234,14,0,0,36864,14,3342705764
6517,307021872,204372,307226244,3,0,0,76288,3,2333933711
6518,307024706,124330,307149036,13,0,0,11776,13,10189672215
6519,307029068,116365,307145433,15,0,0,7168,15,3335659460
6520,307041711,126780,307168491,5,0,0,3584,5,829919771
6521,307072021,213677,307285698,11,0,0,38400,11,3960959829
6522,307094596,105359,307199955,1,0,0,5120,1,8172373520
6523,307146215,102319,307248534,15,0,0,7168,15,8382413475
6524,307158552,250189,307408741,3,0,0,21504,3,9775839872
6525,307210447,100339,307310786,6,0,0,12800,6,4376059556
6526,307230960,117968,307348928,10,0,0,3072,10,5490362570
6527,307241924,6625,307248549,26,0,1,5120,26,7788383120
6528,307257791,5326,307263117,26,0,1,5632,26,9133226129
6529,307258585,229264,307487849,10,0,0,92160,10,5909019426
6530,307259700,60824,307320524,4,0,0,5632,4,8115967504
6531,307267062,95702,307362764,21,0,0,3584,21,6240456260
6532,307290685,280740,307571425,27,0,0,44032,27,4756267665
6533,307307631,201769,307509400,15,0,0,70656,15,4146229545
6534,307312711,147043,307459754,24,0,0,25600,24,3867692817
6535,307318262,3422,307321684,3,0,1,3584,3,2129558832
6536,307340997,188291,307529288,9,0,0,40960,9,3839182572
6537,307380693,1518,307382211,22,0,1,1536,22,5658441030
6538,307391043,6754,307397797,4,0,1,7168,4,1525199799
6539,307410527,121473,307532000,21,0,0,8704,21,4721250198
6540,307419087,378258,307797345,19,0,0,80384,19,4676434611
6541,307451383,220645,307672028,7,0,0,89600,7,8840454494
6542,307466626,62677,307529303,17,0,1,17408,17,1329362562
6543,307481223,48095,307529318,17,0,1,4608,17,1403372237
6544,307508758,260321,307769079,0,0,0,82432,0,7439906321
6545,307509449,19884,307529333,19,0,1,14848,19,10437304493
6546,307534934,137577,307672511,6,0,0,1536,6,3768702440
6547,307535865,155163,307691028,24,0,0,14848,24,6285168086
6548,307542672,12737,307555409,20,0,1,24576,20,2487424799
6549,307570884,136141,307707025,27,0,0,23040,27,9058146973
6550,307608729,225949,307834678,10,0,0,33280,10,9839530766
6551,307613371,159467,307772838,13,0,0,12288,13,7330341485
6552,307613943,192012,307805955,19,0,0,10752,19,3343797757
6553,307618502,184162,307802664,3,0,0,17408,3,9909198802
6554,307633610,4162,307637772,9,0,1,11264,9,7630037197
6555,307668361,221260,307889621,24,0,0,27136,24,2148741049
6556,307670705,12580,307683285,8,0,1,17408,8,4265103107
6557,307702725,136648,307839373,0,0,0,15360,0,2513289049
6558,307705358,4630,307709988,12,0,1,3072,12,10014834745
6559,307725449,249991,307975440,22,0,0,35840,22,4145621386
6560,307794686,110581,307905267,22,0,0,26112,22,2190278911
6561,307802464,124463,307926927,12,0,0,26624,12,6331876823
6562,307806785,2470,307809255,4,0,1,2560,4,2703327944
6563,307812017,220424,308032441,20,0,0,5632,20,9873289620
6564,307822787,141718,307964505,22,0,0,7680,22,6224141838
6565,307835403,8382,307843785,26,0,1,11776,26,626897260
6566,307845212,107431,307952643,1,0,0,13824,1,494184920
6567,307908933,18009,307926942,26,0,1,16896,26,1042612994
6568,307922361,142242,308064603,22,0,0,45056,22,9153069074
6569,307950004,161145,308111149,15,0,0,16384,15,2826265190
6570,308004517,158541,308163058,6,0,0,3584,6,4535638103
6571,308009747,211861,308221608,29,0,0,130048,29,193612998
6572,308026058,80084,308106142,29,0,0,18432,29,5272529455
6573,308029581,3645,308033226,23,0,1,10240,23,296915191
6574,308032248,81007,308113255,20,0,0,2560,20,2699602028
6575,308056255,193893,308250148,28,0,0,61440,28,1821643292
6576,308066239,115730,308181969,15,0,0,9728,15,7136192248
6577,308134657,120360,308255017,7,0,0,10752,7,10354707078
6578,308144113,197190,308341303,20,0,0,60928,20,4025688939
6579,308166738,182236,308348974,5,0,0,19456,5,8728496924
6580,308169584,107789,308277373,24,0,0,28672,24,9837068273
6581,308174580,3387,308177967,16,0,1,9728,16,771295102
6582,308216633,98956,308315589,5,0,0,3584,5,3941687261
6583,308219084,91633,308310717,21,0,0,12800,21,3596581612
6584,308227337,173261,308400598,21,0,0,16384,21,3825388983
6585,308238034,138039,308376073,20,0,0,33792,20,9135929534
6586,308242595,123167,308365762,5,0,0,28160,5,923646542
6587,308243851,11181,308255032,20,0,1,9728,20,8969417594
6588,308248519,230940,308479459,22,0,0,38912,22,3987125220
6589,308257384,96637,308354021,24,0,0,10752,24,8106192955
6590,308290239,566,308290805,17,0,1,512,17,134237373
6591,308322972,208282,308531254,21,0,0,60928,21,5720536019
6592,308328160,139428,308467588,2,0,0,13312,2,8904143798
6593,308330350,131013,308461363,6,0,0,34304,6,5128449563
6594,308341349,194444,308535793,6,0,0,14848,6,5896138484
6595,308345001,262986,308607987,9,0,0,67584,9,9460811938
6596,308420241,328866,308749107,4,0,0,27648,4,7280781746
6597,308432620,127296,308559916,19,0,0,1536,19,3733481039
6598,308435045,130103,308565148,14,0,0,9728,14,4901127222
6599,308440295,6278,308446573,20,0,1,6656,20,8558500498
6600,308449737,279998,308729735,5,0,0,23040,5,4757172367
6601,308475252,63459,308538711,11,0,0,1536,11,3652019177
6602,308507674,170872,308678546,13,0,0,9216,13,7176918254
6603,308525650,97923,308623573,19,0,0,13824,19,9845505034
6604,308565428,147941,308713369,29,0,0,18944,29,3100880389
6605,308569227,106496,308675723,14,0,0,49664,14,9501974325
6606,308584947,1518,308586465,13,0,1,1536,13,3497791420
6607,308595888,183827,308779715,21,0,0,35840,21,9859887162
6608,308598533,223195,308821728,24,0,0,7168,24,8625405014
6609,308603970,98483,308702453,3,0,0,10240,3,10417219923
6610,308605427,18161,308623588,4,0,1,25088,4,7512037031
6611,308670908,148621,308819529,17,0,0,35840,17,9801270941
6612,308674277,107177,308781454,21,0,0,5632,21,5144203592
6613,308687648,3645,308691293,17,0,1,10240,17,3792636757
6614,308702460,168203,308870663,21,0,0,27648,21,5657486715
6615,308704925,132730,308837655,13,0,0,52224,13,6810960089
6616,308732317,129907,308862224,6,0,0,14848,6,5073552922
6617,308777929,165187,308943116,3,0,0,19968,3,4455693813
6618,308779894,233346,309013240,0,0,0,23552,0,4014411931
6619,308795754,61931,308857685,14,0,0,1024,14,8336908946
6620,308813269,31174,308844443,26,0,1,7168,26,1331164067
6621,308826271,110746,308937017,8,0,0,18944,8,8288320215
6622,308831706,13403,308845109,17,0,1,1024,17,10717749841
6623,308841329,86168,308927497,14,0,0,9216,14,7690632809
6624,308869122,77321,308946443,8,0,0,6656,8,9168566734
6625,308873101,86672,308959773,22,0,0,14848,22,2936423836
6626,308874606,86065,308960671,6,0,0,1024,6,7821801524
6627,308874971,99080,308974051,10,0,0,4608,10,300440974
6628,308879895,126154,309006049,19,0,0,7680,19,4502413636
6629,308882783,159052,309041835,20,0,0,15872,20,3741637047
6630,308906476,184433,309090909,16,0,1,299008,16,5664505457
6631,308983829,166007,309149836,10,0,0,41472,10,2433775777
6632,309002580,163051,309165631,2,0,0,51712,2,8977696537
6633,309020213,273399,309293612,16,0,0,27136,16,6283618176
6634,309029837,393596,309423433,15,0,0,41472,15,1820073360
6635,309047070,185183,309232253,0,0,0,1024,0,7090042569
6636,309086496,317719,309404215,10,0,0,46592,10,2126621468
6637,309122022,43656,309165678,16,0,1,50176,16,849864546
6638,309130457,39087,309169544,26,0,1,10752,26,222472857
6639,309131650,153679,309285329,27,0,0,18944,27,9366040765
6640,309138030,309129,309447159,16,0,0,11264,16,8747038702
6641,309140558,295058,309435616,8,0,0,39936,8,3458476792
6642,309140683,88361,309229044,25,0,0,512,25,2252323947
6643,309150817,226660,309377477,25,0,0,1536,25,9878811377
6644,309160080,250702,309410782,9,0,0,21504,9,9670782067
6645,309185816,340033,309525849,9,0,0,46592,9,5690115180
6646,309192127,4850,309196977,20,0,1,5120,20,4792725408
6647,309247959,252645,309500604,0,0,0,9216,0,6148811673
6648,309259441,3904,309263345,11,0,1,10752,11,3837600261
6649,309296419,185268,309481687,17,0,0,11264,17,1599892311
6650,309310858,199718,309510576,9,0,0,6656,9,7402088599
6651,309380921,198784,309579705,27,0,0,19456,27,4045179095
6652,309435789,72558,309508347,4,0,0,8192,4,10646699738
6653,309507304,108605,309615909,22,0,0,42496,22,4404056103
6654,309521881,188942,309710823,27,0,0,17920,27,2663373653
6655,309534127,91334,309625461,2,0,0,1024,2,4744000245
6656,309538070,132278,309670348,25,0,0,29184,25,3936852899
6657,309546552,11533,309558085,26,0,1,18944,26,2910638471
6658,309548813,182314,309731127,10,0,0,23552,10,5719663795
6659,309554432,122551,309676983,0,0,0,7168,0,980649174
6660,309571681,75752,309647433,3,0,0,2560,3,3876179825
6661,309585747,67830,309653577,2,0,0,2560,2,8128778555
6662,309644762,196557,309841319,10,0,0,96768,10,6587127085
6663,309679085,216556,309895641,20,0,0,35840,20,2416888488
6664,309685128,123347,309808475,2,0,0,4096,2,4119460861
6665,309694317,102248,309796565,20,0,0,26624,20,8632322055
6666,309711757,94976,309806733,4,0,0,16896,4,2150202848
6667,309744343,283703,310028046,16,0,0,67072,16,6906347167
6668,309746388,353705,310100093,2,0,0,65536,2,1888819866
6669,309750275,185614,309935889,3,0,0,30208,3,10553890294
6670,309778590,1518,309780108,20,0,1,1536,20,3734522920
6671,309782621,13967,309796588,24,0,1,16896,24,7926990082
6672,309789940,19958,309809898,20,0,1,22528,20,6315877454
6673,309806753,4131,309810884,7,0,1,1536,7,4201544315
6674,309822506,344150,310166656,1,0,0,32768,1,9385957557
6675,309829375,24740,309854115,20,0,1,24576,20,9524220055
6676,309833941,448016,310281957,19,0,0,56320,19,5367721841
6677,309839542,104005,309943547,29,0,0,1536,29,9539950756
6678,309881990,13674,309895664,3,0,1,12288,3,8177448218
6679,309885670,11005,309896675,23,0,1,1024,23,2774439165
6680,309909568,340161,310249729,0,0,0,73728,0,9310787400
6681,309927004,181855,310108859,9,0,0,27648,9,3878644504
6682,309929393,202374,310131767,6,0,0,32256,6,4481603763
6683,309935507,559467,310494974,10,0,0,512,10,5766797757
6684,309935834,138334,310074168,0,0,0,35840,0,6563213062
6685,309961414,72942,310034356,14,0,0,13312,14,5795387791
6686,309970354,475524,310445878,23,0,0,76288,23,9868266321
6687,310005641,295527,310301168,29,0,0,62976,29,7649068916
6688,310026838,125899,310152737,16,0,0,9216,16,9112567847
6689,310042618,6754,310049372,4,0,1,7168,4,9432390054
6690,310058098,42010,310100108,16,0,1,42496,16,7571457220
6691,310075044,278572,310353616,27,0,0,24064,27,2290220401
6692,310092088,16794,310108882,5,0,1,1536,5,7106852137
6693,310101487,125763,310227250,6,0,0,17920,6,3223833432
6694,310117040,201284,310318324,13,0,0,8192,13,2678235491
6695,310128174,486658,310614832,4,0,0,64000,4,5262491026
6696,310144279,10499,310154778,4,0,1,16896,4,9201933150
6697,310159185,142030,310301215,11,0,1,218112,11,2406711464
6698,310218041,84008,310302049,23,0,1,13312,23,9247197089
6699,310220886,82149,310303035,18,0,1,1536,18,3206453648
6700,310232202,393717,310625919,24,0,0,6656,24,7141313114
6701,310233570,224371,310457941,20,0,0,24576,20,446305607
6702,310241182,62519,310303701,3,0,1,1024,3,2408135643
6703,310247611,175008,310422619,3,0,0,12288,3,5964917354
6704,310249552,56095,310305647,19,0,1,3072,19,464243688
6705,310268670,438855,310707525,20,0,0,41472,20,4821607734
6706,310277819,273624,310551443,19,0,0,43520,19,779612567
6707,310282983,211820,310494803,5,0,0,29696,5,2445004671
6708,310291732,181219,310472951,9,0,0,512,9,8057992964
6709,310293730,297455,310591185,29,0,0,9728,29,10447680595
6710,310321878,188636,310510514,16,0,0,1024,16,9349621128
6711,310337060,446696,310783756,7,0,0,41472,7,870510703
6712,310388544,21141,310409685,25,0,1,34304,25,7358293068
6713,310472572,79666,310552238,3,0,0,2560,3,5597858017
6714,310479306,4374,310483680,4,0,1,4608,4,2171453870
6715,310481316,319816,310801132,12,0,0,12800,12,4555502766
6716,310481599,234536,310716135,25,0,0,11264,25,9761153003
6717,310485377,227311,310712688,18,0,0,16896,18,6433138328
6718,310490792,188206,310678998,1,0,0,24576,1,4729435298
6719,310502309,169138,310671447,23,0,0,41472,23,4901438194
6720,310511754,5196,310516950,1,0,1,13312,1,5108832798
6721,310526496,236703,310763199,3,0,0,16384,3,8146123041
6722,310569363,195820,310765183,18,0,0,1536,18,8149140174
6723,310586624,98473,310685097,2,0,0,19968,2,8862071550
6724,310602078,18717,310620795,1,0,1,14848,1,10611214021
6725,310654626,93526,310748152,24,0,0,11264,24,6964052976
6726,310669887,180538,310850425,14,0,0,15360,14,5195817508
6727,310721021,4374,310725395,26,0,1,4608,26,9913147501
6728,310737735,97220,310834955,5,0,0,512,5,8095287207
6729,310742854,194884,310937738,27,0,0,63488,27,3456237378
6730,310755494,90236,310845730,4,0,0,21504,4,4286525647
6731,310817289,156551,310973840,1,0,0,24576,1,8694508970
6732,310857898,43904,310901802,23,0,0,512,23,508840752
6733,310927161,139378,311066539,24,0,0,35840,24,234781091
6734,310943527,175662,311119189,3,0,0,20992,3,5521829798
6735,310948147,77300,311025447,4,0,0,14336,4,5720038902
6736,310959500,204059,311163559,2,0,0,9216,2,8699744671
6737,311070524,182777,311253301,29,0,0,75776,29,3360061060
6738,311070694,4850,311075544,22,0,1,5120,22,8612163892
6739,311076572,20366,311096938,3,0,1,32768,3,8488217606
6740,311079866,113651,311193517,6,0,0,4608,6,2201842463
6741,311149287,224614,311373901,28,0,0,66048,28,9219706695
6742,311154880,131175,311286055,10,0,0,10752,10,4954577827
6743,311176348,77132,311253480,22,0,0,512,22,4823309671
6744,311241319,162762,311404081,16,0,0,49152,16,4532951719
6745,311268887,5802,311274689,17,0,1,6144,17,3879705190
6746,311273016,331043,311604059,20,0,0,90624,20,832463188
6747,311280854,238299,311519153,19,0,0,39936,19,877967725
6748,311305548,157871,311463419,10,0,0,19456,10,521560137
6749,311316573,123182,311439755,23,0,0,17408,23,665741912
6750,311329849,1518,311331367,20,0,1,1536,20,9433846273
6751,311353801,21702,311375503,19,0,1,1536,19,2424761783
6752,311355916,164976,311520892,4,0,0,5632,4,5156085829
6753,311363718,24335,311388053,22,0,1,23040,22,3475532750
6754,311369064,168862,311537926,23,0,0,12288,23,7230251743
6755,311369895,164264,311534159,20,0,0,22528,20,1826002953
6756,311382662,225959,311608621,8,0,0,9216,8,2633484958
6757,311406082,203038,311609120,14,0,0,1536,14,5905005985
6758,311422278,2870,311425148,28,0,1,8704,28,3893341255
6759,311444971,248211,311693182,2,0,0,12288,2,7463429566
6760,311466495,2946,311469441,12,0,1,3072,12,1214083275
6761,311472147,133651,311605798,8,0,0,5632,8,4626057262
6762,311474743,142192,311616935,12,0,0,25600,12,2723465443
6763,311481872,1994,311483866,24,0,1,2048,24,4104851946
6764,311481988,167916,311649904,7,0,0,1024,7,55030366
6765,311518664,258605,311777269,0,0,0,57344,0,10576984162
6766,311528272,158556,311686828,19,0,0,28160,19,144397784
6767,311531683,146542,311678225,24,0,0,60928,24,3643505217
6768,311532411,156148,311688559,25,0,0,5632,25,977583760
6769,311551358,280110,311831468,10,0,0,66560,10,10564403073
6770,311579996,254139,311834135,26,0,0,8704,26,2850687582
6771,311593290,145507,311738797,16,0,0,41984,16,6396564776
6772,311593683,207868,311801551,26,0,0,19968,26,4051782205
6773,311608197,12695,311620892,24,0,1,4096,24,2813231961
6774,311612592,10566,311623158,22,0,1,3584,22,9920858698
6775,311614851,171808,311786659,3,0,0,21504,3,2497334037
6776,311616338,7166,311623504,26,0,1,512,26,6557474224
6777,311626641,119945,311746586,27,0,0,20992,27,5678015697
6778,311637959,4850,311642809,22,0,1,5120,22,1570823134
6779,311651533,225444,311876977,11,0,0,14336,11,4066480948
6780,311658506,234468,311892974,4,0,0,40448,4,4462615983
6781,311673311,236385,311909696,8,0,0,11776,8,8179165220
6782,311722687,183406,311906093,22,0,0,43008,22,2721719629
6783,311723315,232478,311955793,27,0,0,51200,27,5057915630
6784,311727934,130143,311858077,11,0,0,12800,11,3093167902
6785,311728343,18258,311746601,4,0,1,2560,4,6746050101
6786,311739444,7172,311746616,11,0,1,10240,11,9972297613
6787,311746810,209006,311955816,11,0,1,320512,11,9147311615
6788,311751674,305806,312057480,18,0,0,34304,18,4689527149
6789,311808583,319668,312128251,13,0,0,9728,13,10441003010
6790,311817055,308209,312125264,4,0,0,66560,4,9420383397
6791,311846719,360023,312206742,18,0,0,1536,18,6681025912
6792,311847900,339074,312186974,12,0,0,6144,12,5936180541
6793,311898287,263964,312162251,22,0,0,19968,22,6624951790
6794,311918695,352820,312271515,19,0,0,25088,19,8521791188
6795,311924115,260972,312185087,13,0,0,35840,13,5879045902
6796,311929766,258159,312187925,7,0,0,3072,7,4073578740
6797,311930686,155660,312086346,19,0,0,4096,19,1248118344
6798,311942173,289394,312231567,1,0,0,3584,1,5857261380
6799,311965257,295620,312260877,14,0,0,27136,14,5256824349
6800,311977830,7230,311985060,23,0,1,7680,23,5513094322
6801,311978701,161075,312139776,29,0,0,9728,29,5520844382
6802,311980675,118655,312099330,8,0,0,9216,8,1003036585
6803,311989159,6488,311995647,3,0,1,15872,3,5380748439
6804,311991690,113271,312104961,11,0,0,10752,11,9904195974
6805,311995613,7706,312003319,1,0,1,8192,1,6413558606
6806,312020469,313493,312333962,28,0,0,7680,28,8955355036
6807,312033209,366625,312399834,9,0,0,5120,9,563679514
6808,312033549,230307,312263856,29,0,0,9728,29,4360756388
6809,312041192,16319,312057511,17,0,1,30208,17,4855075574
6810,312052559,200035,312252594,12,0,0,51200,12,9333768297
6811,312056381,295456,312351837,13,0,0,29184,13,1234156868
6812,312073693,257914,312331607,1,0,0,50688,1,685508639
6813,312102110,205025,312307135,23,0,0,12288,23,1639317921
6814,312113663,318244,312431907,23,0,0,64000,23,9239193657
6815,312140876,295570,312436446,28,0,0,14848,28,3019086500
6816,312146452,1518,312147970,13,0,1,1536,13,1884006528
6817,312212780,224461,312437241,14,0,0,2560,14,719321123
6818,312272727,250128,312522855,20,0,0,52736,20,10408270055
6819,312281081,343942,312625023,25,0,0,43008,25,4786343711
6820,312288753,171139,312459892,6,0,0,2560,6,5466019466
6821,312332366,341719,312674085,5,0,0,16384,5,4406743829
6822,312359558,4850,312364408,22,0,1,5120,22,9079026051
6823,312370655,223681,312594336,29,0,0,43520,29,4801591252
6824,312381281,66664,312447945,15,0,0,4608,15,7788264765
6825,312393024,131570,312524594,7,0,0,5632,7,4051500543
6826,312398746,249554,312648300,18,0,0,72192,18,941427828
6827,312401390,200925,312602315,4,0,0,26112,4,6846177085
6828,312437808,279496,312717304,28,0,0,9728,28,6719930383
6829,312438454,116559,312555013,27,0,0,15872,27,8788761437
6830,312514948,133835,312648783,22,0,0,1536,22,7616251853
6831,312544412,178264,312722676,1,0,0,13824,1,8357119680
6832,312560403,5454,312565857,4,0,1,13824,4,6922185995
6833,312562326,144646,312706972,8,0,0,1024,8,2728678455
6834,312562834,102734,312665568,19,0,0,8704,19,5964134223
6835,312567407,119101,312686508,25,0,0,31232,25,10657712798
6836,312569521,165792,312735313,15,0,0,21504,15,6761627723
6837,312587611,158489,312746100,16,0,0,3584,16,3913583175
6838,312601513,185769,312787282,20,0,0,21504,20,5358717202
6839,312608213,89924,312698137,5,0,0,20480,5,5304825443
6840,312640376,168827,312809203,8,0,0,15872,8,8602481009
6841,312693437,234923,312928360,27,0,0,95232,27,233587379
6842,312698053,79795,312777848,4,0,0,16384,4,6748398962
6843,312699078,125503,312824581,22,0,0,14336,22,6569394133
6844,312722756,257282,312980038,13,0,0,36864,13,7263070976
6845,312740775,221507,312962282,4,0,0,69120,4,6782341063
6846,312760004,181195,312941199,1,0,0,41984,1,574643648
6847,312761768,200700,312962468,7,0,0,512,7,1024124191
6848,312781839,182516,312964355,19,0,0,6144,19,2367726018
6849,312782460,11593,312794053,17,0,1,7168,17,4659708719
6850,312863350,566,312863916,5,0,1,512,5,3122369516
6851,312881800,160512,313042312,6,0,0,43520,6,6915609545
6852,312900036,240908,313140944,10,0,0,15872,10,7725801487
6853,312908688,305536,313214224,17,0,0,35840,17,5856602582
6854,312910668,214630,313125298,20,0,0,77824,20,10408385445
6855,312911022,51275,312962297,1,0,1,5120,1,1576060652
6856,312967903,91635,313059538,18,0,0,8192,18,8907413417
6857,312971033,165060,313136093,11,0,0,35328,11,2383056727
6858,313016270,149627,313165897,7,0,0,17408,7,5514020278
6859,313023422,145454,313168876,2,0,0,9728,2,3340237590
6860,313030731,110392,313141123,23,0,0,512,23,478598559
6861,313048947,111631,313160578,1,0,0,19968,1,5762071871
6862,313073345,116779,313190124,3,0,0,17408,3,8555836589
6863,313080480,139219,313219699,15,0,0,17920,15,7522530712
6864,313091395,137868,313229263,20,0,0,31232,20,4779681378
6865,313117165,277852,313395017,19,0,0,94208,19,1313957880
6866,313118286,239453,313357739,27,0,0,13312,27,9538473800
6867,313130205,111865,313242070,4,0,0,5120,4,5099024868
6868,313148478,293689,313442167,14,0,0,143872,14,7947163723
6869,313168442,283474,313451916,5,0,0,22016,5,5299050042
6870,313169802,191384,313361186,10,0,0,11264,10,6328438231
6871,313180161,131474,313311635,27,0,0,8192,27,4096252635
6872,313186682,8284,313194966,3,0,1,5120,3,2100186855
6873,313190226,7470,313197696,20,0,1,14848,20,6412864052
6874,313192295,280616,313472911,2,0,0,3072,2,10098613584
6875,313222503,390116,313612619,13,0,0,28672,13,5290920614
6876,313226508,218661,313445169,28,0,0,3072,28,2995534579
6877,313263674,180536,313444210,27,0,0,6656,27,3448502511
6878,313267421,193714,313461135,25,0,0,30208,25,5858087331
6879,313274839,123477,313398316,1,0,0,10752,1,67481124
6880,313287957,173825,313461782,18,0,0,2048,18,880335426
6881,313288766,178515,313467281,0,0,0,17920,0,3329278485
6882,313293659,250303,313543962,25,0,0,33792,25,4255484151
6883,313294089,375027,313669116,7,0,0,19968,7,5318406418
6884,313305633,294979,313600612,28,0,0,33792,28,1879574581
6885,313307208,197610,313504818,27,0,0,6144,27,6805610935
6886,313317674,228807,313546481,2,0,0,8192,2,1448441104
6887,313317995,2946,313320941,17,0,1,3072,17,5607703633
6888,313319901,152059,313471960,7,0,0,5120,7,2342933269
6889,313324363,394870,313719233,17,0,0,155648,17,9483159741
6890,313366717,289000,313655717,19,0,0,73216,19,354855562
6891,313396921,476714,313873635,24,0,0,56320,24,7737571609
6892,313407374,494887,313902261,20,0,0,28160,20,9225062993
6893,313410267,57029,313467296,25,0,1,1024,25,5597211706
6894,313411387,55932,313467319,22,0,1,4096,22,8176515559
6895,313431208,299171,313730379,23,0,0,35840,23,4028496504
6896,313447548,385774,313833322,10,0,0,20992,10,9292682295
6897,313463776,255628,313719404,20,0,0,512,20,360021733
6898,313471797,75791,313547588,2,0,0,3584,2,9988973928
6899,313475070,266891,313741961,8,0,0,31232,8,6603606710
6900,313493076,358238,313851314,5,0,0,6144,5,7183968203
6901,313501321,128337,313629658,20,0,0,5120,20,7172072284
6902,313511108,412326,313923434,20,0,0,8704,20,1395804373
6903,313518138,214292,313732430,28,0,0,6656,28,800878323
6904,313523032,6278,313529310,19,0,1,6656,19,8335401344
6905,313535024,349956,313884980,18,0,0,4608,18,9921890515
6906,313558224,261354,313819578,13,0,0,34304,13,2548393544
6907,313558771,479467,314038238,5,0,0,7168,5,8089106517
6908,313583488,3422,313586910,20,0,1,3584,20,1855448322
6909,313632219,370992,314003211,20,0,0,126464,20,8481297793
6910,313659000,566,313659566,17,0,1,512,17,1861798245
6911,313667452,74524,313741976,11,0,1,90112,11,9007862052
6912,313671723,341198,314012921,19,0,0,21504,19,8259430387
6913,313685196,105329,313790525,4,0,0,6144,4,3429921778
6914,313686628,55371,313741999,25,0,1,5632,25,1618708791
6915,313689740,340824,314030564,0,0,0,57856,0,7049947030
6916,313701677,378832,314080509,12,0,0,61440,12,1440024092
6917,313730984,275370,314006354,14,0,0,10240,14,9473068855
6918,313736233,16267,313752500,1,0,1,16896,1,2875529958
6919,313752122,429805,314181927,14,0,0,30208,14,4933693260
6920,313759534,276505,314036039,24,0,0,17920,24,5331300126
6921,313827185,225341,314052526,11,0,0,6656,11,8669701332
6922,313828992,214565,314043557,16,0,0,17408,16,7844691622
6923,313860135,187181,314047316,22,0,0,12288,22,8673668319
6924,313889930,247561,314137491,16,0,0,20480,16,7910303038
6925,313903725,198555,314102280,7,0,0,26624,7,5768801754
6926,313909536,34537,313944073,11,0,1,60416,11,1340778554
6927,313912722,32631,313945353,17,0,1,14336,17,292253966
6928,313924692,125783,314050475,21,0,0,10240,21,2384505633
6929,313934915,13024,313947939,20,0,1,4096,20,5817893239
6930,313940043,297187,314237230,10,0,0,12800,10,1816134723
6931,313959939,192936,314152875,24,0,0,25600,24,2317223254
6932,313966584,285690,314252274,17,0,0,21504,17,7906952399
6933,314025077,248249,314273326,24,0,0,45568,24,9888381259
6934,314030803,49721,314080524,22,0,1,34816,22,2597035004
6935,314041408,284276,314325684,22,0,0,52736,22,8741504147
6936,314057551,196766,314254317,11,0,0,6656,11,710178077
6937,314080588,59485,314140073,5,0,0,1024,5,6502763055
6938,314080744,379835,314460579,19,0,0,46080,19,4525265145
6939,314109753,336771,314446524,6,0,0,28672,6,2723679587
6940,314120583,284198,314404781,27,0,0,86528,27,51975431
6941,314138388,1994,314140382,25,0,1,2048,25,3154281735
6942,314169418,257815,314427233,4,0,0,52224,4,4046984166
6943,314199179,3645,314202824,13,0,1,10240,13,9615482558
6944,314202194,128608,314330802,15,0,0,5120,15,594644609
6945,314205944,283722,314489666,24,0,0,12288,24,8693392731
6946,314257550,1042,314258592,17,0,1,1024,17,6050506933
6947,314273124,247205,314520329,11,0,0,14848,11,5756722773
6948,314285725,200182,314485907,20,0,0,18944,20,5440244267
6949,314293641,252044,314545685,18,0,0,17408,18,6569060430
6950,314302988,22711,314325699,13,0,1,16384,13,6287494602
6951,314319707,7026,314326733,5,0,1,1024,5,5559562100
6952,314338731,4850,314343581,19,0,1,5120,19,760864351
6953,314392732,97729,314490461,24,0,0,2560,24,56360139
6954,314396300,99304,314495604,18,0,0,6656,18,9745379346
6955,314405281,566,314405847,7,0,1,512,7,4421589953
6956,314413818,14015,314427833,5,0,1,512,5,8265676410
6957,314413885,122465,314536350,15,0,0,14848,15,9572847794
6958,314416591,109533,314526124,28,0,0,18944,28,8882430332
6959,314441332,317222,314758554,10,0,0,52224,10,5572415703
6960,314460374,132217,314592591,2,0,0,22528,2,1486708714
6961,314490850,5196,314496046,11,0,1,13312,11,8128819860
6962,314498744,94642,314593386,6,0,0,2560,6,6854760274
6963,314501855,123133,314624988,20,0,0,8192,20,6106234083
6964,314519323,31172,314550495,16,0,1,44032,16,6759230183
6965,314528321,23250,314551571,12,0,1,13312,12,2836243322
6966,314528868,104586,314633454,11,0,0,4608,11,1146585986
6967,314539212,232744,314771956,13,0,0,18432,13,1757455948
6968,314541414,15854,314557268,22,0,1,18944,22,3279578532
6969,314558980,330183,314889163,15,0,0,3584,15,2845826371
6970,314567531,13083,314580614,7,0,1,22016,7,7165363171
6971,314583673,244747,314828420,12,0,0,71680,12,2474978769
6972,314598257,1042,314599299,26,0,1,1024,26,3035931578
6973,314629035,5712,314634747,11,0,1,14336,11,10569665853
6974,314632890,82602,314715492,0,0,0,512,0,7655507460
6975,314664137,222769,314886906,29,0,0,22528,29,6128014348
6976,314667693,178768,314846461,1,0,0,24064,1,8578058159
6977,314674897,2470,314677367,1,0,1,2560,1,8115957258
6978,314761261,91321,314852582,10,0,0,8704,10,6293712398
6979,314765955,186581,314952536,14,0,0,58368,14,5411260165
6980,314780929,99090,314880019,0,0,0,18944,0,7731582555
6981,314825978,8712,314834690,24,0,1,6656,24,520875090
6982,314858112,95219,314953331,23,0,0,2560,23,9423229058
6983,314874552,80986,314955538,8,0,0,7168,8,8935120173
6984,314884029,129910,315013939,25,0,0,32768,25,6171047563
6985,314890949,129401,315020350,23,0,0,20992,23,1052142336
6986,314925807,149555,315075362,15,0,0,24576,15,6368001499
6987,314945172,13747,314958919,17,0,1,3584,17,7006017605
6988,314970516,7230,314977746,16,0,1,7680,16,556761799
6989,314981852,98049,315079901,11,0,0,14848,11,7449621088
6990,314998689,108841,315107530,26,0,0,5632,26,2908351089
6991,315103134,20882,315124016,4,0,1,33792,4,5612882028
6992,315128575,566,315129141,5,0,1,512,5,9361003372
6993,315182304,52364,315234668,3,0,0,3072,3,1590870746
6994,315189701,67719,315257420,3,0,0,7168,3,9953836235
6995,315208515,104624,315313139,29,0,0,43520,29,204077380
6996,315218576,126243,315344819,0,0,0,4096,0,9288141394
6997,315281680,99632,315381312,6,0,0,27136,6,2057955255
6998,315299416,126416,315425832,14,0,0,22016,14,5513936305
6999,315334622,100256,315434878,0,0,0,29184,0,6073317680
7000,315337129,13858,315350987,20,0,1,23552,20,1950373602
7001,315377251,70323,315447574,27,0,0,3072,27,6070898822
7002,315405179,225547,315630726,10,0,0,14336,10,4005984506
7003,315416643,209700,315626343,19,0,0,84992,19,4481839177
7004,315470274,99234,315569508,6,0,0,5120,6,210465864
7005,315493131,96372,315589503,29,0,0,23552,29,7316390663
7006,315502438,97994,315600432,15,0,0,15872,15,8957376921
7007,315533091,128655,315661746,8,0,0,14336,8,4625949220
7008,315561723,76398,315638121,7,0,0,512,7,2084190216
7009,315568597,81017,315649614,6,0,0,14848,6,6506507410
7010,315654360,33762,315688122,11,0,1,58880,11,5308391878
7011,315665502,111611,315777113,15,0,0,37888,15,6472073272
7012,315686315,135894,315822209,3,0,0,24576,3,2143018776
7013,315709164,276845,315986009,5,0,0,121344,5,8180259686
7014,315720744,66671,315787415,4,0,0,1024,4,6739928431
7015,315728733,133164,315861897,13,0,0,3072,13,1706007502
7016,315743613,103262,315846875,11,0,0,3584,11,6184120877
7017,315753732,150833,315904565,4,0,0,15360,4,7059523860
7018,315759939,4374,315764313,5,0,1,4608,5,2729119247
7019,315859425,161888,316021313,9,0,0,3072,9,9984247329
7020,315865061,146631,316011692,2,0,0,2048,2,5643800056
7021,315900209,110844,316011053,16,0,0,49664,16,8973926191
7022,315950642,91107,316041749,21,0,0,4096,21,2588413879
7023,315972606,155017,316127623,17,0,0,28672,17,10170547489
7024,315982395,105472,316087867,23,0,0,34304,23,9851318539
7025,316001030,127883,316128913,3,0,0,1536,3,4059133006
7026,316004066,203547,316207613,19,0,0,16896,19,10117472874
7027,316005771,190294,316196065,8,0,0,105984,8,4276744799
7028,316046191,154881,316201072,20,0,0,16384,20,8340500346
7029,316049033,182479,316231512,14,0,0,1536,14,1800048776
7030,316084028,6777,316090805,3,0,1,3072,3,5174218966
7031,316140668,1994,316142662,17,0,1,2048,17,10343645245
7032,316151413,79616,316231029,4,0,0,16896,4,2622595155
7033,316152373,115388,316267761,12,0,0,21504,12,10667451704
7034,316193504,65000,316258504,24,0,0,4608,24,9738233376
7035,316216331,74696,316291027,28,0,0,15872,28,5105606316
7036,316236675,73458,316310133,16,0,0,2048,16,4723767184
7037,316237384,65001,316302385,18,0,0,6656,18,2094967266
7038,316242884,2470,316245354,17,0,1,2560,17,10666421366
7039,316262788,146350,316409138,5,0,0,7680,5,7386036235
7040,316265554,141213,316406767,27,0,0,116224,27,7381634249
7041,316286695,122926,316409621,27,0,0,1536,27,6540949154
7042,316291740,180174,316471914,26,0,0,14336,26,3845721956
7043,316295468,150710,316446178,9,0,0,6144,9,3147453133
7044,316298386,166470,316464856,27,0,0,33280,27,338556658
7045,316303177,200955,316504132,3,0,0,8704,3,3333980198
7046,316304436,163087,316467523,26,0,0,8704,26,2604689451
7047,316332984,78212,316411196,2,0,0,5120,2,5454315114
7048,316361174,244796,316605970,18,0,0,34304,18,6357651971
7049,316375612,97097,316472709,19,0,0,2560,19,9837451993
7050,316377052,109062,316486114,18,0,0,6144,18,163375354
7051,316448357,83315,316531672,5,0,0,18432,5,3581713199
7052,316457119,185607,316642726,24,0,0,44032,24,2247498975
7053,316476517,341738,316818255,25,0,0,9728,25,7920150321
7054,316490875,4420,316495295,10,0,1,11776,10,8277359530
7055,316501563,272040,316773603,11,0,0,67072,11,3160510252
7056,316528994,203257,316732251,10,0,0,27136,10,3676590593
7057,316534304,141078,316675382,5,0,0,1024,5,3974664668
7058,316536462,125506,316661968,13,0,0,10240,13,1117116250
7059,316540573,2870,316543443,18,0,1,8704,18,5303366382
7060,316545816,566,316546382,22,0,1,512,22,4991745265
7061,316551736,126696,316678432,16,0,1,209920,16,2997938079
7062,316566453,288272,316854725,18,0,0,10240,18,8667467049
7063,316578477,256235,316834712,14,0,0,18432,14,14777797
7064,316582207,268432,316850639,10,0,0,52224,10,10591643038
7065,316590067,329042,316919109,15,0,0,22016,15,10206170383
7066,316593980,84811,316678791,24,0,1,9728,24,3034859510
7067,316605280,246310,316851590,7,0,0,3072,7,9112639427
7068,316620239,268805,316889044,14,0,0,59392,14,827762275
7069,316623996,297000,316920996,9,0,0,6144,9,9217498427
7070,316631591,53306,316684897,24,0,1,20992,24,9427498928
7071,316643995,46189,316690184,17,0,1,16896,17,2683590791
7072,316654219,271316,316925535,6,0,0,14848,6,2006123438
7073,316659561,36012,316695573,4,0,1,17408,4,9305008983
7074,316672107,149751,316821858,28,0,0,11776,28,8284448338
7075,316750884,72237,316823121,13,0,0,4096,13,5108557657
7076,316754949,141043,316895992,8,0,0,21504,8,7574096363
7077,316764314,174013,316938327,5,0,0,18432,5,328496205
7078,316764516,293275,317057791,2,0,0,41984,2,6904821325
7079,316765573,269621,317035194,12,0,0,31744,12,3282967070
7080,316788155,367970,317156125,23,0,0,40960,23,9525857847
7081,316789475,2946,316792421,28,0,1,3072,28,2620311405
7082,316808972,228117,317037089,4,0,0,6144,4,3768110906
7083,316860634,100884,316961518,4,0,0,13824,4,9145505177
7084,316873344,362164,317235508,3,0,0,102400,3,211016618
7085,316880516,310871,317191387,4,0,0,19456,4,1224061512
7086,316885979,10028,316896007,22,0,1,13312,22,7290754862
7087,316973303,263936,317237239,8,0,0,5632,8,7176007035
7088,317028017,131711,317159728,25,0,0,11776,25,442822875
7089,317042055,121752,317163807,16,0,0,13312,16,7166283284
7090,317042391,134518,317176909,1,0,0,512,1,642003545
7091,317113513,191949,317305462,6,0,0,43520,6,8180485562
7092,317124990,197182,317322172,22,0,0,11776,22,6863328917
7093,317154389,10895,317165284,22,0,1,1536,22,4638682186
7094,317160816,5774,317166590,20,0,1,2048,20,7480233948
7095,317169156,180718,317349874,12,0,0,15872,12,5532332754
7096,317195885,54529,317250414,11,0,1,92672,11,1175156112
7097,317294348,90527,317384875,26,0,0,2048,26,5317601501
7098,317298502,271300,317569802,1,0,0,23040,1,3476799713
7099,317298556,318986,317617542,27,0,0,22016,27,8941907106
7100,317302387,235927,317538314,15,0,0,14848,15,9446539808
7101,317311703,5802,317317505,1,0,1,6144,1,1986601938
7102,317329362,76436,317405798,20,0,0,5632,20,1939498130
7103,317335435,150253,317485688,11,0,0,34816,11,6868886306
7104,317344974,94231,317439205,28,0,0,17920,28,2433662895
7105,317364061,566,317364627,22,0,1,512,22,2666724583
7106,317368397,2870,317371267,13,0,1,8704,13,7922104061
7107,317383454,2946,317386400,26,0,1,3072,26,9572214403
7108,317407016,1518,317408534,23,0,1,1536,23,9591260354
7109,317415470,2870,317418340,4,0,1,8704,4,4138582390
7110,317480906,105662,317586568,3,0,0,3584,3,7874541789
7111,317508959,88408,317597367,24,0,0,2048,24,10616372268
7112,317523811,87008,317610819,0,0,0,20992,0,7085043757
7113,317544454,145250,317689704,14,0,0,43520,14,3889581491
7114,317564513,81154,317645667,2,0,0,2048,2,3075686191
7115,317581345,112118,317693463,17,0,0,12288,17,9167598852
7116,317596143,49887,317646030,0,0,0,1024,0,10084401021
7117,317621006,200084,317821090,21,0,0,190464,21,10181743391
7118,317654223,252418,317906641,4,0,0,3584,4,4752667889
7119,317661489,237226,317898715,5,0,0,40448,5,9008331803
7120,317662442,305504,317967946,9,0,0,14848,9,3916260188
7121,317698219,188157,317886376,21,0,0,20480,21,10165073466
7122,317711340,201891,317913231,5,0,0,3584,5,3346994487
7123,317717331,225145,317942476,15,0,0,28160,15,4283324715
7124,317720621,198865,317919486,5,0,0,20480,5,450984383
7125,317722928,2870,317725798,20,0,1,8704,20,7502964205
7126,317724274,8109,317732383,7,0,1,7168,7,5617854110
7127,317726158,204308,317930466,22,0,0,35840,22,8680719464
7128,317733307,297003,318030310,15,0,0,113664,15,2833870404
7129,317759438,232598,317992036,4,0,0,2048,4,8095429981
7130,317764110,62298,317826408,0,0,1,5632,0,9839732203
7131,317848971,342522,318191493,9,0,0,26624,9,3268290137
7132,317857738,43904,317901642,14,0,0,512,14,1508904197
7133,317867943,167467,318035410,26,0,0,7168,26,2083128686
7134,317888459,227465,318115924,29,0,0,38400,29,9038566697
7135,317888605,183321,318071926,20,0,0,33280,20,6269224136
7136,317926947,115588,318042535,2,0,0,19968,2,9535726267
7137,317939746,110580,318050326,5,0,0,10752,5,2751732818
7138,317973881,185423,318159304,15,0,0,19456,15,10657811480
7139,317977576,120867,318098443,26,0,0,4608,26,8589153221
7140,317984922,188905,318173827,4,0,0,30208,4,6608888974
7141,317985375,1994,317987369,5,0,1,2048,5,192813143
7142,317999632,121170,318120802,6,0,0,5120,6,7938046524
7143,318006297,135382,318141679,27,0,0,20480,27,10561892091
7144,318024851,158507,318183358,28,0,0,31232,28,8450057388
7145,318043797,184798,318228595,19,0,0,48640,19,2732253060
7146,318086124,153037,318239161,16,0,0,1536,16,5856854491
7147,318095355,315224,318410579,22,0,0,19456,22,5007677241
7148,318099593,158063,318257656,7,0,0,47616,7,3384064853
7149,318106032,10926,318116958,24,0,1,1024,24,252126606
7150,318124090,187398,318311488,18,0,0,62976,18,5409457491
7151,318138206,65623,318203829,23,0,1,100864,23,1593422933
7152,318170139,199399,318369538,0,0,0,12800,0,727337933
7153,318202500,384991,318587491,18,0,0,47104,18,6669400098
7154,318206928,5802,318212730,19,0,1,6144,19,411468852
7155,318213600,236779,318450379,16,0,1,387584,16,17777171
7156,318299124,238724,318537848,20,0,0,11264,20,1878353067
7157,318302900,479175,318782075,9,0,0,105472,9,7514294175
7158,318305761,156267,318462028,16,0,1,39424,16,6648594131
7159,318325460,141074,318466534,22,0,1,7168,22,6291594771
7160,318330883,264891,318595774,20,0,0,27136,20,8166469053
7161,318339487,380916,318720403,27,0,0,42496,27,10626473551
7162,318407651,294146,318701797,8,0,0,30720,8,6761375877
7163,318411640,222267,318633907,4,0,0,5632,4,2650645394
7164,318422125,669784,319091909,25,0,0,55296,25,6307738545
7165,318430539,364872,318795411,22,0,0,22528,22,8219077808
7166,318443085,345447,318788532,22,0,0,6656,22,5285624382
7167,318474321,310117,318784438,3,0,0,7680,3,5709938935
7168,318495146,32041,318527187,19,0,1,52224,19,4450567093
7169,318505010,706942,319211952,4,0,0,54272,4,8465173649
7170,318512761,419754,318932515,10,0,0,8704,10,9294894338
7171,318542440,4420,318546860,7,0,1,11776,7,2943036575
7172,318550474,140289,318690763,6,0,0,10752,6,7948486968
7173,318566172,1042,318567214,19,0,1,1024,19,300439810
7174,318567580,337171,318904751,18,0,0,29184,18,9841262542
7175,318569542,237111,318806653,7,0,0,4608,7,4555238995
7176,318594307,2042,318596349,20,0,1,512,20,4917292853
7177,318594889,440350,319035239,0,0,0,68096,0,610158500
7178,318603006,307778,318910784,16,0,0,7168,16,1562301591
7179,318611807,384782,318996589,28,0,0,6144,28,3711080726
7180,318634291,152190,318786481,21,0,0,6656,21,3178032995
7181,318653235,463059,319116294,3,0,0,34816,3,7557036237
7182,318653825,2870,318656695,18,0,1,8704,18,1107971249
7183,318697856,148007,318845863,29,0,0,6144,29,6523347778
7184,318707396,541306,319248702,2,0,0,9728,2,4267051489
7185,318709752,304724,319014476,29,0,0,27648,29,10202310047
7186,318709876,485509,319195385,1,0,0,77312,1,8591864786
7187,318720545,171902,318892447,16,0,0,13312,16,4767120218
7188,318723173,3387,318726560,22,0,1,9728,22,7009514113
7189,318724947,315619,319040566,4,0,0,17408,4,6388341555
7190,318725385,370127,319095512,19,0,0,11776,19,10339468038
7191,318763012,620924,319383936,5,0,0,65024,5,3368159733
7192,318769991,382364,319152355,21,0,0,2048,21,1203033603
7193,318821724,12995,318834719,22,0,1,25088,22,164482109
7194,318828038,455330,319283368,8,0,0,59392,8,2894383488
7195,318833208,5971,318839179,25,0,1,14848,25,4256119643
7196,318837406,408317,319245723,24,0,0,5632,24,2063453968
7197,318839137,524956,319364093,19,0,0,60928,19,9132835934
7198,318839529,401952,319241481,0,0,0,43520,0,3151558003
7199,318860990,297507,319158497,26,0,0,6656,26,1540339152
7200,318865268,528043,319393311,26,0,0,30720,26,5777257399
7201,318866595,239076,319105671,9,0,0,32256,9,2394439782
7202,318894697,327410,319222107,24,0,0,33280,24,3816672839
7203,318937242,290964,319228206,28,0,0,19968,28,3486494537
7204,318973341,2470,318975811,22,0,1,2560,22,1486356402
7205,318982112,261880,319243992,27,0,0,8192,27,5840649346
7206,319011281,118164,319129445,28,0,0,2048,28,10189127715
7207,319047477,283578,319331055,17,0,0,28672,17,3246778992
7208,319050279,381909,319432188,23,0,0,59904,23,9858321524
7209,319056312,39223,319095535,11,0,1,59392,11,7353720953
7210,319070950,182603,319253553,27,0,0,15872,27,8735170205
7211,319087204,258294,319345498,16,0,0,35328,16,4899738836
7212,319126379,308444,319434823,8,0,0,1536,8,4273365955
7213,319142236,388742,319530978,7,0,0,25088,7,7889605505
7214,319149053,248500,319397553,24,0,0,13824,24,7035125810
7215,319169080,163525,319332605,0,0,0,2560,0,9510167339
7216,319176396,134910,319311306,3,0,0,25088,3,896687653
7217,319176626,88060,319264686,24,0,0,8192,24,9282672672
7218,319282176,214181,319496357,11,0,0,14848,11,10316587932
7219,319300234,11095,319311329,22,0,1,8192,22,8379374041
7220,319305703,186115,319491818,11,0,0,31744,11,4253094690
7221,319335778,57548,319393326,13,0,1,512,13,2703373939
7222,319343348,104434,319447782,5,0,0,4096,5,1678519718
7223,319347383,85756,319433139,1,0,0,3072,1,5559946512
7224,319374829,291569,319666398,4,0,0,1024,4,6879253723
7225,319395479,15949,319411428,2,0,1,23552,2,565260222
7226,319419260,199851,319619111,21,0,0,26112,21,5954860701
7227,319437786,1518,319439304,19,0,1,1536,19,691951050
7228,319438482,125339,319563821,10,0,0,2048,10,2511974348
7229,319449278,197421,319646699,27,0,0,15360,27,6443799324
7230,319450990,69625,319520615,29,0,0,2048,29,9119590965
7231,319460203,315483,319775686,19,0,0,14336,19,795424918
7232,319465417,200654,319666071,1,0,0,26624,1,6389320049
7233,319471635,61074,319532709,5,0,0,5632,5,1911653965
7234,319472417,138552,319610969,28,0,0,35328,28,5571064870
7235,319481523,58254,319539777,26,0,0,512,26,10068088708
7236,319507258,247800,319755058,2,0,0,37376,2,6702209643
7237,319516571,210840,319727411,16,0,0,38400,16,339258759
7238,319533197,55821,319589018,23,0,1,95232,23,5977138240
7239,319542826,387988,319930814,28,0,0,52224,28,5287245208
7240,319550183,103521,319653704,20,0,0,2048,20,8091950414
7241,319564536,85937,319650473,23,0,1,143872,23,8372580770
7242,319568079,260223,319828302,7,0,0,14336,7,4850957768
7243,319577099,77240,319654339,25,0,1,6144,25,8888204603
7244,319598148,56959,319655107,5,0,1,11776,5,6191719132
7245,319620677,248255,319868932,18,0,0,62976,18,1962439999
7246,319679509,290480,319969989,3,0,0,49152,3,7423918798
7247,319679712,235175,319914887,0,0,0,19968,0,8754894340
7248,319686373,2946,319689319,26,0,1,3072,26,7437729307
7249,319724526,461267,320185793,10,0,0,10752,10,7697843762
7250,319739857,15216,319755073,20,0,1,4608,20,395395922
7251,319755077,301108,320056185,14,0,0,20480,14,7188893814
7252,319794310,457722,320252032,9,0,0,7168,9,8239210941
7253,319818975,81932,319900907,5,0,0,19456,5,745267248
7254,319845268,95251,319940519,20,0,0,1024,20,3175950874
7255,319847400,191857,320039257,27,0,0,3584,27,4478523063
7256,319853347,274391,320127738,14,0,0,71168,14,2555756887
7257,319864306,7771,319872077,20,0,1,9216,20,2313589165
7258,319886311,566,319886877,20,0,1,512,20,4912065320
7259,319887907,218132,320106039,4,0,0,31744,4,2024277842
7260,319890404,147746,320038150,10,0,0,22528,10,2279382092
7261,319902069,438044,320340113,19,0,0,51200,19,547615534
7262,319934727,84049,320018776,7,0,0,4096,7,4102138349
7263,319936556,464889,320401445,18,0,0,60928,18,3095637226
7264,319947378,462974,320410352,22,0,0,29184,22,5275017285
7265,319952991,174770,320127761,16,0,1,280576,16,1004212680
7266,319973153,317245,320290398,7,0,0,17920,7,9396072985
7267,319980505,287315,320267820,2,0,0,25600,2,9904887059
7268,319990019,167190,320157209,13,0,0,7680,13,953603826
7269,320004751,222229,320226980,2,0,0,7680,2,4816496348
7270,320006460,229814,320236274,5,0,0,3584,5,7782054679
7271,320024460,145193,320169653,24,0,0,8192,24,7989213429
7272,320039552,88339,320127891,7,0,1,2560,7,2335830678
7273,320060737,258388,320319125,13,0,0,41472,13,1074434354
7274,320081436,335202,320416638,26,0,0,15872,26,3781409878
7275,320085691,286571,320372262,19,0,0,59392,19,5614266237
7276,320111166,18558,320129724,7,0,1,2048,7,9488333181
7277,320129005,355305,320484310,4,0,0,5632,4,9358406487
7278,320143521,133648,320277169,27,0,0,9216,27,874153360
7279,320183776,240209,320423985,11,0,0,24064,11,3575874978
7280,320200176,431373,320631549,25,0,0,25600,25,9270390563
7281,320215478,284499,320499977,8,0,0,29184,8,7594898216
7282,320229885,357158,320587043,6,0,0,81920,6,6450002397
7283,320242617,239954,320482571,14,0,0,55296,14,395218366
7284,320263388,199390,320462778,8,0,0,11776,8,603878921
7285,320306467,105304,320411771,14,0,0,4608,14,3370968459
7286,320335813,213535,320549348,25,0,0,2560,25,5251721310
7287,320378223,159909,320538132,15,0,0,512,15,954459623
7288,320382325,212377,320594702,21,0,0,25088,21,10280386744
7289,320389222,206759,320595981,21,0,0,4096,21,510916714
7290,320396913,264467,320661380,18,0,0,18944,18,6828063571
7291,320451496,5326,320456822,26,0,1,5632,26,4728687463
7292,320455506,7287,320462793,24,0,1,5120,24,6306182538
7293,320472974,210007,320682981,26,0,0,5632,26,4953682902
7294,320481257,161079,320642336,7,0,0,35328,7,6398913438
7295,320491965,273780,320765745,13,0,0,21504,13,30609234
7296,320513947,183955,320697902,19,0,0,36864,19,108082042
7297,320517421,241757,320759178,7,0,0,47104,7,10676992934
7298,320525206,1994,320527200,3,0,1,2048,3,9471454290
7299,320526784,88988,320615772,13,0,0,17408,13,6890454018
7300,320553835,251917,320805752,0,0,0,1536,0,4612848753
7301,320567085,204081,320771166,29,0,0,15872,29,8287692588
7302,320592298,88790,320681088,22,0,0,8704,22,5260362800
7303,320594226,331608,320925834,24,0,0,78848,24,6641201187
7304,320596598,296579,320893177,13,0,0,40960,13,6588571169
7305,320612960,98940,320711900,6,0,0,1024,6,10637197547
7306,320616031,389353,321005384,5,0,0,9216,5,3916570748
7307,320616648,60420,320677068,10,0,0,4608,10,9221847564
7308,320624821,20896,320645717,4,0,1,3584,4,4292219824
7309,320695916,27165,320723081,11,0,1,45568,11,3961637137
7310,320707362,234631,320941993,19,0,0,17408,19,9738133862
7311,320732160,165712,320897872,11,0,0,15360,11,4358538840
7312,320732171,100332,320832503,16,0,0,24576,16,9195565213
7313,320740305,213091,320953396,26,0,0,37376,26,1215299002
7314,320756842,58897,320815739,16,0,0,2048,16,8823880194
7315,320758968,242924,321001892,27,0,0,17920,27,3483065180
7316,320766174,135621,320901795,24,0,0,12800,24,7756645602
7317,320771004,163285,320934289,0,0,0,27648,0,5161736955
7318,320818008,117856,320935864,7,0,0,5120,7,8733442823
7319,320836914,584156,321421070,5,0,0,59392,5,10363493392
7320,320840799,95860,320936659,0,0,0,2560,0,2985295556
7321,320876077,77498,320953575,15,0,0,512,15,3360251144
7322,320894825,41849,320936674,27,0,1,1024,27,6962026056
7323,320899962,206182,321106144,13,0,0,31232,13,7346233922
7324,320932917,186346,321119263,8,0,0,43008,8,10377629151
7325,320954441,339053,321293494,22,0,0,32768,22,5314989381
7326,320958330,218438,321176768,0,0,0,19968,0,8391454238
7327,320980378,97316,321077694,6,0,0,24576,6,246566831
7328,320994119,187500,321181619,16,0,0,15872,16,7005394768
7329,321000507,77670,321078177,15,0,0,1536,15,9863147179
7330,321007000,114150,321121150,27,0,0,6144,27,2939063770
7331,321011973,177773,321189746,29,0,0,26624,29,4533197276
7332,321026733,195496,321222229,18,0,0,22528,18,9888376705
7333,321052629,414141,321466770,4,0,0,2048,4,4008645962
7334,321081527,69547,321151074,19,0,0,1024,19,6885756168
7335,321091104,240648,321331752,12,0,0,125440,12,3479491761
7336,321095927,102311,321198238,13,0,0,9728,13,4748825586
7337,321135103,240654,321375757,10,0,0,25088,10,1094307991
7338,321138086,3898,321141984,3,0,1,4096,3,6226220415
7339,321144976,119402,321264378,15,0,0,7680,15,1870181914
7340,321180995,440910,321621905,12,0,0,31232,12,2335063174
7341,321190132,275508,321465640,22,0,0,100352,22,4089955334
7342,321196904,191906,321388810,24,0,0,35840,24,3154652904
7343,321207330,148716,321356046,24,0,0,18944,24,8860453129
7344,321216947,7744,321224691,24,0,1,2560,24,6704068489
7345,321222890,273338,321496228,22,0,0,39424,22,3702000857
7346,321238583,186558,321425141,8,0,0,13312,8,8860016806
7347,321269787,6278,321276065,3,0,1,6656,3,3626477192
7348,321270186,6955,321277141,3,0,1,13312,3,7548081015
7349,321283431,10086,321293517,5,0,1,8192,5,3890609852
7350,321283978,118981,321402959,8,0,0,13312,8,1111611355
7351,321291626,417291,321708917,3,0,0,74752,3,1278348192
7352,321303184,329944,321633128,20,0,0,11264,20,1235037652
7353,321323490,232330,321555820,3,0,0,1024,3,3060284198
7354,321346437,10757,321357194,21,0,1,17408,21,9544441902
7355,321374173,102966,321477139,19,0,0,4608,19,5115098941
7356,321384311,228063,321612374,11,0,0,65024,11,5224084363
7357,321391336,74795,321466131,15,0,0,1536,15,6117962391
7358,321423335,93956,321517291,5,0,0,17408,5,4096752514
7359,321434663,120830,321555493,22,0,0,33792,22,1076560153
7360,321455931,199458,321655389,6,0,0,13312,6,3636868397
7361,321487121,187994,321675115,3,0,0,18944,3,7538074052
7362,321498621,87303,321585924,28,0,0,7680,28,7621706828
7363,321528093,123225,321651318,13,0,0,24576,13,8638934346
7364,321560483,79002,321639485,27,0,0,8192,27,2171438513
7365,321564231,183983,321748214,25,0,0,11776,25,5390919997
7366,321582264,166121,321748385,8,0,0,512,8,2980169042
7367,321592351,162187,321754538,21,0,0,17408,21,3681638943
7368,321606577,215623,321822200,29,0,0,26624,29,8701606949
7369,321610778,44634,321655412,16,0,1,57344,16,5004824577
7370,321615115,242801,321857916,12,0,0,42496,12,10340136805
7371,321622746,90782,321713528,20,0,0,10752,20,7583701969
7372,321626215,29212,321655427,26,0,1,512,26,5511615416
7373,321651502,276584,321928086,5,0,0,29696,5,8722496100
7374,321688389,171570,321859959,14,0,0,6656,14,2877202177
7375,321744151,87809,321831960,8,0,0,10240,8,2923828133
7376,321747862,256334,322004196,11,0,0,71680,11,5565881325
7377,321750115,133775,321883890,29,0,0,5632,29,1426718835
7378,321776447,231139,322007586,11,0,0,1024,11,2860852091
7379,321776531,117782,321894313,29,0,0,13824,29,4641458959
7380,321869483,108631,321978114,12,0,0,5120,12,4603238922
7381,321903067,57440,321960507,6,0,0,4608,6,9171824466
7382,321948391,103220,322051611,3,0,0,38912,3,6836608777
7383,321952457,2946,321955403,26,0,1,3072,26,8830098758
7384,321952736,4613,321957349,16,0,1,3072,16,10395288204
7385,321960873,208473,322169346,22,0,0,41472,22,8564024566
7386,321970114,89507,322059621,16,0,0,3584,16,8492231508
7387,321979209,25002,322004211,11,0,1,40960,11,1046624281
7388,322046365,110330,322156695,4,0,0,45056,4,5157555083
7389,322058506,111323,322169829,17,0,0,1536,17,8813591377
7390,322075645,122825,322198470,24,0,0,28160,24,9602984662
7391,322109450,101053,322210503,7,0,0,7680,7,765834050
7392,322121182,77623,322198805,21,0,0,1024,21,5098483079
7393,322171301,111573,322282874,18,0,0,56832,18,10371936389
7394,322181854,1042,322182896,24,0,1,1024,24,2237849327
7395,322191291,91614,322282905,11,0,1,130560,11,7873289215
7396,322191781,143695,322335476,28,0,0,31744,28,2671333900
7397,322209321,198284,322407605,10,0,0,3072,10,5968156458
7398,322218755,64165,322282920,16,0,1,12288,16,10137470431
7399,322219264,63671,322282935,0,0,1,4096,0,4094617659
7400,322226053,164990,322391043,23,0,0,14848,23,836242940
7401,322241383,49260,322290643,25,0,1,36352,25,6573330172
7402,322254616,81343,322335959,26,0,0,1536,26,4746650718
7403,322264089,334228,322598317,14,0,0,43520,14,604735901
7404,322269916,22033,322291949,1,0,1,2048,1,7656221844
7405,322274304,233361,322507665,11,0,0,1024,11,7086673531
7406,322286485,260938,322547423,24,0,0,22016,24,6109747774
7407,322301713,217791,322519504,16,0,0,37376,16,2234505941
7408,322309641,214870,322524511,25,0,0,16384,25,10372524470
7409,322345315,371232,322716547,29,0,0,27136,29,8541817274
7410,322384149,98910,322483059,4,0,0,2048,4,1565361122
7411,322386299,11016,322397315,22,0,1,17920,22,2870937279
7412,322401393,84183,322485576,22,0,0,4608,22,4084372794
7413,322407937,145897,322553834,17,0,0,20992,17,7037256994
7414,322439497,226100,322665597,6,0,0,58368,6,7454331838
7415,322459393,223410,322682803,2,0,0,14336,2,5002950265
7416,322489759,188661,322678420,12,0,0,41984,12,9294890713
7417,322491893,131988,322623881,27,0,0,39936,27,2696226151
7418,322499840,133899,322633739,11,0,0,5632,11,1956800349
7419,322505272,200845,322706117,10,0,0,5120,10,7326441347
7420,322573852,171200,322745052,15,0,0,41984,15,3724276976
7421,322621387,66694,322688081,11,0,0,6656,11,5848036510
7422,322631499,138608,322770107,19,0,0,17408,19,2120673669
7423,322635087,281873,322916960,5,0,0,35840,5,9176183176
7424,322650767,145462,322796229,2,0,0,26112,2,2264187124
7425,322653403,143777,322797180,2,0,0,3072,2,3315662120
7426,322690025,2946,322692971,24,0,1,3072,24,8380354851
7427,322701912,16096,322718008,16,0,1,31232,16,6484978267
7428,322711478,97167,322808645,0,0,0,6656,0,6531246526
7429,322717246,80105,322797351,7,0,0,512,7,7165103590
7430,322759483,26221,322785704,23,0,1,47616,23,7793141152
7431,322826347,71156,322897503,1,0,0,14336,1,2784295219
7432,322836279,91320,322927599,6,0,0,12288,6,2510494754
7433,322897611,63412,322961023,0,0,0,6656,0,2116402579
7434,322899848,59132,322958980,24,0,0,5120,24,8102093650
7435,322901898,73852,322975750,25,0,0,3584,25,10048928963
7436,322938505,4937,322943442,1,0,1,12800,1,4491189928
7437,322960755,88479,323049234,28,0,0,9216,28,3169893543
7438,322966173,102752,323068925,13,0,0,37376,13,4305480662
7439,322974040,147895,323121935,13,0,0,3584,13,8135936925
7440,322977454,4162,322981616,16,0,1,11264,16,3323168464
7441,323005373,115447,323120820,5,0,0,36352,5,6043458930
7442,323010290,208369,323218659,22,0,0,93184,22,7384566782
7443,323018842,50254,323069096,11,0,0,512,11,8137290046
7444,323038659,192807,323231466,24,0,0,41984,24,6886092097
7445,323049217,269683,323318900,14,0,0,35328,14,8305156041
7446,323071402,4162,323075564,5,0,1,11264,5,5811548328
7447,323079964,10757,323090721,19,0,1,17408,19,7514022470
7448,323088603,200291,323288894,5,0,0,100864,5,2870090433
7449,323092071,272246,323364317,1,0,0,44544,1,9819450858
7450,323115661,423650,323539311,25,0,0,15872,25,3750983438
7451,323163027,228835,323391862,10,0,0,24576,10,2106418644
7452,323165880,142241,323308121,15,0,0,16384,15,6900451334
7453,323205829,164743,323370572,24,0,0,20480,24,344138603
7454,323208121,317572,323525693,8,0,0,82944,8,3954906334
7455,323246466,287978,323534444,6,0,0,28672,6,3811497961
7456,323256556,141421,323397977,8,0,0,1536,8,6607522334
7457,323314800,230017,323544817,0,0,0,512,0,5066898681
7458,323343206,85016,323428222,7,0,0,512,7,2424446594
7459,323356805,112164,323468969,23,0,0,7680,23,2138031979
7460,323410419,179575,323589994,27,0,0,33280,27,2786195314
7461,323447018,97620,323544638,2,0,0,17408,2,3843028612
7462,323451888,188772,323640660,10,0,0,14336,10,4805917926
7463,323474387,1994,323476381,17,0,1,2048,17,7783569207
7464,323478269,76846,323555115,23,0,1,129536,23,2161314879
7465,323486133,70928,323557061,29,0,1,3072,29,4510570661
7466,323513172,134736,323647908,23,0,0,5632,23,366657879
7467,323529651,317423,323847074,29,0,0,16896,29,2159395978
7468,323531537,167911,323699448,11,0,0,23552,11,812378553
7469,323536838,206590,323743428,15,0,0,11264,15,4728146449
7470,323569668,137283,323706951,21,0,0,24576,21,9590931757
7471,323629871,141715,323771586,2,0,0,37376,2,10515193203
7472,323631258,156188,323787446,16,0,0,25088,16,9113958057
7473,323647014,6688,323653702,20,0,1,6144,20,1541239493
7474,323651638,165386,323817024,18,0,0,24064,18,5121867467
7475,323689979,161066,323851045,5,0,0,1024,5,35446827
7476,323710137,7706,323717843,23,0,1,8192,23,8020919099
7477,323721153,111642,323832795,26,0,0,51712,26,5704218387
7478,323739712,135127,323874839,21,0,0,16896,21,3433963867
7479,323740427,7155,323747582,1,0,1,11264,1,2314039762
7480,323745269,209499,323954768,15,0,0,17408,15,2593272326
7481,323757251,101496,323858747,21,0,0,24576,21,8525000943
7482,323763336,24355,323787691,22,0,1,31232,22,10261436425
7483,323768382,22215,323790597,22,0,1,4608,22,3531196628
7484,323794892,154557,323949449,22,0,0,33792,22,84356426
7485,323798008,238606,324036614,19,0,0,84992,19,9916410164
7486,323804735,1042,323805777,22,0,1,1024,22,7774355133
7487,323835486,67476,323902962,10,0,0,1024,10,10217625868
7488,323837608,163243,324000851,26,0,0,14848,26,7406756582
7489,323849916,200597,324050513,21,0,0,45568,21,2062241930
7490,323857440,194992,324052432,3,0,0,6144,3,6734678164
7491,323867624,221770,324089394,11,0,0,25600,11,10058639790
7492,323948905,17388,323966293,2,0,1,18944,2,6221824339
7493,323995927,146585,324142512,28,0,0,12288,28,5345047231
7494,324016377,159539,324175916,15,0,0,71168,15,3905925352
7495,324024299,157100,324181399,22,0,0,17920,22,476852709
7496,324037507,180826,324218333,29,0,0,11776,29,230500172
7497,324043786,144180,324187966,2,0,0,21504,2,9542648669
7498,324046965,7946,324054911,7,0,1,2560,7,5474756286
7499,324051192,138193,324189385,12,0,0,4608,12,5592819396
7500,324066488,134613,324201101,26,0,0,5632,26,4226769917
7501,324090568,153920,324244488,4,0,0,3072,4,7526835104
7502,324167072,170853,324337925,24,0,0,512,24,2557337656
7503,324190712,4374,324195086,17,0,1,4608,17,539328319
7504,324214155,100100,324314255,7,0,0,28672,7,5599904792
7505,324233870,59132,324293002,5,0,0,5120,5,5236122609
7506,324238574,427871,324666445,11,0,1,685056,11,7480930521
7507,324262374,281063,324543437,1,0,0,3584,1,2677606902
7508,324262669,371679,324634348,8,0,0,4096,8,5013792797
7509,324283310,583958,324867268,24,0,0,93184,24,689084458
7510,324299254,367830,324667084,23,0,0,2048,23,5079272527
7511,324349598,316824,324666422,16,0,0,37376,16,8481632526
7512,324351454,550723,324902177,8,0,0,75776,8,4930880800
7513,324352857,314242,324667099,19,0,1,6144,19,7477173838
7514,324372248,541503,324913751,9,0,0,32256,9,4820553552
7515,324378086,154443,324532529,22,0,0,3072,22,2839247092
7516,324384789,364285,324749074,8,0,0,26624,8,7844898595
7517,324386340,399878,324786218,22,0,0,19968,22,2535563051
7518,324428779,322327,324751106,23,0,0,512,23,6151732057
7519,324443258,223864,324667122,19,0,1,2560,19,7992765402
7520,324443272,186570,324629842,0,0,0,12800,0,5922986424
7521,324509392,526143,325035535,13,0,0,69632,13,5458983063
7522,324542817,295543,324838360,16,0,0,47616,16,2966269355
7523,324544492,462227,325006719,4,0,0,6656,4,4147423325
7524,324545823,122110,324667933,5,0,1,5632,5,10639220304
7525,324547609,320142,324867751,22,0,0,1536,22,4777193899
7526,324582333,90106,324672439,7,0,1,7168,7,7336377784
7527,324589773,314135,324903908,20,0,0,5632,20,4051597851
7528,324620571,52124,324672695,19,0,1,9216,19,2391444695
7529,324620942,175550,324796492,13,0,0,9728,13,4180577548
7530,324657321,355185,325012506,25,0,0,18944,25,4222245923
7531,324662871,299115,324961986,18,0,0,8704,18,8860721164
7532,324674140,243378,324917518,22,0,0,12288,22,5680294261
7533,324690275,287539,324977814,20,0,0,10240,20,77548022
7534,324699738,268592,324968330,29,0,0,11776,29,3954459860
7535,324729881,3422,324733303,24,0,1,3584,24,8955820320
7536,324746971,257697,325004668,27,0,0,56832,27,5725341529
7537,324749357,343472,325092829,0,0,0,29696,0,8287883419
7538,324757345,325859,325083204,2,0,0,3584,2,4484238279
7539,324866525,260147,325126672,4,0,0,10752,4,4184183439
7540,324868021,255360,325123381,25,0,0,34816,25,3012526143
7541,324897272,449088,325346360,7,0,0,108032,7,3952695759
7542,324909308,184472,325093780,20,0,0,3072,20,4999924221
7543,324924697,203090,325127787,2,0,0,3584,2,6900722750
7544,324944389,1518,324945907,4,0,1,1536,4,7964204972
7545,324945651,3898,324949549,23,0,1,4096,23,341509527
7546,324957192,356237,325313429,25,0,0,69632,25,7483801108
7547,324980148,32373,325012521,4,0,1,23552,4,5735411044
7548,324990907,44643,325035550,7,0,1,2560,7,7972301555
7549,325010564,174478,325185042,5,0,0,29184,5,2070136493
7550,325015010,389896,325404906,6,0,0,41472,6,9875237143
7551,325025342,245705,325271047,23,0,0,16384,23,8567041705
7552,325056433,175499,325231932,2,0,0,30720,2,5243739782
7553,325070042,295122,325365164,13,0,0,23040,13,4887893247
7554,325112557,243365,325355922,22,0,0,26624,22,1951375862
7555,325121199,361136,325482335,28,0,0,40960,28,6931849078
7556,325128014,230107,325358121,0,0,0,7168,0,6442935947
7557,325161016,186763,325347779,0,0,0,4608,0,1897689093
7558,325184098,242024,325426122,12,0,0,47104,12,10266421208
7559,325197395,6229,325203624,2,0,1,15360,2,7676021573
7560,325225761,244079,325469840,1,0,0,50688,1,5747642683
7561,325243887,3898,325247785,23,0,1,4096,23,4244623426
7562,325326925,155753,325482678,22,0,0,1024,22,9412107707
7563,325330824,114351,325445175,23,0,0,17920,23,4616604151
7564,325341352,215818,325557170,16,0,0,28672,16,4596011617
7565,325362164,147918,325510082,28,0,0,10240,28,2631461000
7566,325365950,5326,325371276,19,0,1,5632,19,5154294256
7567,325401953,135297,325537250,22,0,0,38912,22,1827981524
7568,325444982,147816,325592798,12,0,0,59904,12,4828058846
7569,325457779,156512,325614291,5,0,0,26112,5,4266614663
7570,325460050,23629,325483679,13,0,1,1024,13,7582232456
7571,325484262,7230,325491492,25,0,1,7680,25,6502096728
7572,325496243,165993,325662236,0,0,0,7168,0,8150314464
7573,325497415,142825,325640240,10,0,0,512,10,8945986107
7574,325512359,5971,325518330,26,0,1,14848,26,6205003308
7575,325544208,15062,325559270,20,0,1,29184,20,10319822536
7576,325573468,19345,325592813,23,0,1,2048,23,5111471222
7577,325590367,79436,325669803,8,0,0,11776,8,10660310449
7578,325611431,151032,325762463,15,0,0,16384,15,10368840922
7579,325621916,60824,325682740,1,0,0,5632,1,1625398823
7580,325627573,3422,325630995,13,0,1,3584,13,10541976639
7581,325653136,92512,325745648,15,0,0,4608,15,6871876758
7582,325656613,3128,325659741,19,0,1,9216,19,4634661242
7583,325671871,206817,325878688,29,0,0,33792,29,2796488848
7584,325685425,105000,325790425,2,0,0,12800,2,7938716348
7585,325695452,238492,325933944,8,0,0,7168,8,8130177590
7586,325729913,4679,325734592,5,0,1,12288,5,8332325586
7587,325741158,71402,325812560,1,0,0,10240,1,2418997552
7588,325763243,133919,325897162,8,0,0,2560,8,8257383299
7589,325795510,98540,325894050,18,0,0,23552,18,6367339066
7590,325834663,155452,325990115,23,0,0,17408,23,8676401969
7591,325836888,83676,325920564,29,0,0,3584,29,2432885309
7592,325853531,131265,325984796,3,0,0,81920,3,3079244124
7593,325857951,2946,325860897,16,0,1,3072,16,2748301223
7594,325871326,119748,325991074,27,0,0,3072,27,3933859297
7595,325875336,152520,326027856,9,0,0,5632,9,2240974398
7596,325914105,78505,325992610,13,0,0,1024,13,546617393
7597,325936230,103141,326039371,4,0,0,20480,4,6373110968
7598,325936291,174882,326111173,5,0,0,28160,5,3856026304
7599,325937904,108517,326046421,24,0,0,8704,24,3132906653
7600,325950589,93165,326043754,12,0,0,14336,12,743107344
7601,325971689,92329,326064018,29,0,0,12288,29,1012150103
7602,325991969,124055,326116024,21,0,0,15872,21,3622892276
7603,326009596,123919,326133515,12,0,0,12288,12,5115020649
7604,326020909,123541,326144450,27,0,0,35840,27,8984297340
7605,326023393,4478,326027871,25,0,1,3072,25,8358641428
7606,326037296,109821,326147117,16,0,0,8704,16,1398528243
7607,326054579,111119,326165698,21,0,0,12288,21,7994494415
7608,326070252,5802,326076054,7,0,1,6144,7,7744681934
7609,326080577,166739,326247316,2,0,0,21504,2,5988344891
7610,326095062,106603,326201665,19,0,0,3072,19,4377699813
7611,326096571,144178,326240749,6,0,0,64512,6,5884545813
7612,326123586,261348,326384934,10,0,0,10240,10,3832832264
7613,326127662,209518,326337180,26,0,0,20992,26,8730230280
7614,326134988,113903,326248891,20,0,0,5120,20,7713178248
7615,326139380,185488,326324868,13,0,0,81408,13,6152722852
7616,326154648,103440,326258088,17,0,0,23552,17,8412823553
7617,326240131,24589,326264720,16,0,1,30720,16,6703904088
7618,326275484,3128,326278612,19,0,1,9216,19,8031026976
7619,326282523,566,326283089,3,0,1,512,3,3749802404
7620,326295573,29310,326324883,20,0,1,13824,20,7281507683
7621,326331867,179376,326511243,1,0,0,56320,1,8921584434
7622,326397252,1518,326398770,13,0,1,1536,13,6244485883
7623,326397531,119811,326517342,8,0,0,19968,8,10154087983
7624,326420537,172683,326593220,19,0,0,12288,19,8668673344
7625,326450370,90104,326540474,14,0,0,26112,14,1108388583
7626,326454258,253868,326708126,14,0,0,15872,14,8883294261
7627,326455141,236809,326691950,27,0,0,16896,27,7338825451
7628,326468341,4162,326472503,19,0,1,11264,19,8427206738
7629,326470542,60680,326531222,6,0,0,5120,6,127788999
7630,326479340,67294,326546634,7,0,0,5120,7,4624194747
7631,326488078,133900,326621978,29,0,0,68096,29,3432307348
7632,326529285,11204,326540489,26,0,1,13312,26,1770524777
7633,326534490,54971,326589461,22,0,0,2048,22,5542612332
7634,326535118,215464,326750582,26,0,0,94720,26,6726110364
7635,326552930,256589,326809519,12,0,0,48128,12,10206993377
7636,326552940,3662,326556602,4,0,1,10240,4,4594927585
7637,326615753,162921,326778674,8,0,0,25600,8,7383445887
7638,326634073,5971,326640044,22,0,1,14848,22,9249098531
7639,326647754,225082,326872836,21,0,0,95744,21,917272591
7640,326666887,218288,326885175,15,0,0,40448,15,115125893
7641,326679808,3387,326683195,1,0,1,9728,1,2089913077
7642,326687567,256942,326944509,6,0,0,27136,6,10176507471
7643,326687899,270338,326958237,13,0,0,6656,13,8641329775
7644,326712114,220790,326932904,23,0,0,39424,23,7689568592
7645,326722377,33523,326755900,25,0,1,5632,25,6873133505
7646,326755278,247484,327002762,3,0,0,25600,3,4847185028
7647,326756767,271916,327028683,9,0,0,19968,9,8491528275
7648,326812626,107744,326920370,9,0,0,12288,9,2217502020
7649,326881181,158561,327039742,6,0,1,250880,6,7329189099
7650,326887450,475279,327362729,15,0,0,61440,15,7312891919
7651,326909955,125652,327035607,9,0,0,10240,9,10106712377
7652,326912675,127413,327040088,2,0,1,512,2,1550668190
7653,326936581,128024,327064605,2,0,0,27648,2,4691439274
7654,326939208,184677,327123885,16,0,0,22016,16,8995096320
7655,326943141,214275,327157416,10,0,0,40960,10,146214710
7656,326962627,43904,327006531,3,0,0,512,3,5166237981
7657,327000960,190901,327191861,3,0,0,13312,3,2826637775
7658,327011554,418605,327430159,22,0,0,29184,22,8691880249
7659,327055436,242229,327297665,27,0,0,20992,27,8045423611
7660,327070666,304729,327375395,18,0,0,36864,18,6482279906
7661,327073974,290174,327364148,3,0,0,4608,3,696985885
7662,327074398,188416,327262814,6,0,0,13824,6,8679497386
7663,327077939,315464,327393403,4,0,0,19456,4,7636633194
7664,327091487,244380,327335867,28,0,0,25600,28,1039483546
7665,327155651,351806,327507457,17,0,0,29696,17,3803593282
7666,327159195,5454,327164649,5,0,1,13824,5,6015394804
7667,327175438,280923,327456361,18,0,0,8192,18,489871992
7668,327194842,389630,327584472,29,0,0,66560,29,3216965412
7669,327201578,279816,327481394,28,0,0,5120,28,2447832633
7670,327203298,172752,327376050,16,0,0,2048,16,1817337048
7671,327209658,134336,327343994,2,0,0,26624,2,3096035787
7672,327214236,2470,327216706,24,0,1,2560,24,4423735085
7673,327229912,214961,327444873,0,0,0,17408,0,9928134623
7674,327243087,7230,327250317,24,0,1,7680,24,6823219928
7675,327250603,344812,327595415,4,0,0,35840,4,8614419626
7676,327251102,349960,327601062,20,0,0,18432,20,4013109108
7677,327265518,260350,327525868,25,0,0,8704,25,5397695379
7678,327291320,104724,327396044,23,0,0,4096,23,8608205740
7679,327322639,157180,327479819,21,0,0,53760,21,6115198449
7680,327328036,154777,327482813,22,0,0,4608,22,2547796786
7681,327369920,148447,327518367,9,0,0,25600,9,6632543960
7682,327371853,188593,327560446,4,0,0,5120,4,3332405905
7683,327385920,44254,327430174,5,0,1,65024,5,7013813787
7684,327386920,282835,327669755,16,0,0,14848,16,214372141
7685,327392006,365476,327757482,5,0,0,59904,5,4026390833
7686,327438221,6667,327444888,19,0,1,15360,19,7248104762
7687,327445957,325906,327771863,11,0,0,25088,11,2450398707
7688,327466824,232347,327699171,28,0,0,14848,28,10079083269
7689,327493738,176500,327670238,4,0,0,1536,4,3421846180
7690,327494063,200569,327694632,12,0,0,79360,12,5871336074
7691,327515492,135212,327650704,18,0,0,17920,18,1325771145
7692,327521041,4842,327525883,3,0,1,2560,3,3695971416
7693,327540305,177648,327717953,6,0,0,512,6,6268793144
7694,327567020,42149,327609169,26,0,1,26624,26,572291050
7695,327583160,116814,327699974,9,0,0,2560,9,5789179344
7696,327591599,21436,327613035,3,0,1,6144,3,7804982959
7697,327617884,199388,327817272,10,0,0,28160,10,9104869462
7698,327657362,197535,327854897,4,0,0,69632,4,4399258273
7699,327660123,165910,327826033,10,0,0,3072,10,5147023600
7700,327665747,93154,327758901,24,0,0,4608,24,8877766992
7701,327691892,284200,327976092,4,0,0,12800,4,3717145979
7702,327701474,222313,327923787,28,0,0,32768,28,2034479157
7703,327711320,110351,327821671,15,0,0,14336,15,4109029291
7704,327722800,190988,327913788,11,0,0,72704,11,5953903689
7705,327812045,10151,327822196,1,0,1,512,1,2703700868
7706,327812524,68058,327880582,16,0,0,512,16,1378154986
7707,327835363,126718,327962081,3,0,0,33792,3,9682887905
7708,327854430,5334,327859764,26,0,1,5120,26,8516216462
7709,327863739,76821,327940560,27,0,0,2048,27,1698404547
7710,327880320,114456,327994776,15,0,0,33792,15,6620829230
7711,327922586,107032,328029618,3,0,0,20992,3,680217871
7712,327930095,111238,328041333,3,0,0,38400,3,1995369338
7713,327951571,10525,327962096,1,0,1,7680,1,8523637006
7714,327973426,99156,328072582,19,0,0,1536,19,2149368190
7715,327973953,289529,328263482,28,0,0,67072,28,8598697101
7716,327988821,6989,327995810,5,0,1,1024,5,8341287655
7717,328012064,87178,328099242,16,0,0,15360,16,2455503124
7718,328022321,64322,328086643,24,0,0,3072,24,10462919996
7719,328042341,14117,328056458,4,0,1,24064,4,9373284171
7720,328061244,1518,328062762,16,0,1,1536,16,8705966324
7721,328064354,91226,328155580,6,0,0,5632,6,9768495474
7722,328074031,11533,328085564,26,0,1,18944,26,2263485828
7723,328075897,92574,328168471,6,0,0,12288,6,9302641411
7724,328128440,7230,328135670,21,0,1,7680,21,4733916236
7725,328141527,101504,328243031,20,0,0,33280,20,7787875471
7726,328152432,72541,328224973,11,0,1,117760,11,3682743982
7727,328171528,177133,328348661,0,0,0,54784,0,1867510054
7728,328240907,112309,328353216,14,0,0,14848,14,2141746181
7729,328270505,220468,328490973,20,0,0,55296,20,5736257040
7730,328305704,272521,328578225,15,0,0,41984,15,2006751804
7731,328308109,332246,328640355,13,0,0,17920,13,9271209528
7732,328320667,130795,328451462,8,0,0,41984,8,5063349681
7733,328341751,210646,328552397,21,0,0,36352,21,5063516546
7734,328344157,155255,328499412,25,0,0,27648,25,6136351961
7735,328349705,191601,328541306,23,0,0,39424,23,3096179117
7736,328427017,223855,328650872,7,0,0,27648,7,9291964127
7737,328429266,172334,328601600,27,0,0,2048,27,5448682014
7738,328468996,171998,328640994,25,0,0,2048,25,5572405250
7739,328497253,119725,328616978,26,0,0,13312,26,10098466687
7740,328523480,80880,328604360,0,0,0,1024,0,4153166132
7741,328533692,138948,328672640,13,0,0,18432,13,1243629417
7742,328536268,22117,328558385,16,0,1,14848,16,6311393927
7743,328590870,4850,328595720,19,0,1,5120,19,5648805415
7744,328592040,130454,328722494,25,0,0,29696,25,3064602930
7745,328605915,70823,328676738,8,0,0,512,8,2926492930
7746,328630302,186638,328816940,18,0,0,69120,18,5886806353
7747,328633113,106589,328739702,4,0,0,13824,4,6944583857
7748,328666023,68528,328734551,20,0,0,10752,20,6761709838
7749,328667254,10228,328677482,19,0,1,5120,19,5571082733
7750,328758373,87896,328846269,8,0,0,13824,8,4689448383
7751,328776115,107869,328883984,14,0,0,39936,14,6203752486
7752,328780452,105590,328886042,3,0,0,1536,3,3061090450
7753,328825546,60013,328885559,25,0,0,5120,25,2749851594
7754,328827771,128892,328956663,24,0,0,38400,24,8161859847
7755,328857299,114036,328971335,11,0,0,41472,11,7660138914
7756,328857864,6488,328864352,14,0,1,15872,14,4764193497
7757,328863545,144696,329008241,18,0,0,27136,18,3312258608
7758,328892757,125661,329018418,19,0,0,13312,19,9235303935
7759,328896216,103742,328999958,11,0,0,18944,11,5229237881
7760,328925069,119403,329044472,7,0,0,37888,7,7728979601
7761,328952098,104368,329056466,7,0,0,512,7,2532230888
7762,328957869,566,328958435,5,0,1,512,5,1399125666
7763,328968049,144677,329112726,25,0,0,27648,25,5182497136
7764,328978426,1994,328980420,16,0,1,2048,16,4143160828
7765,329022071,82216,329104287,7,0,0,11264,7,9350171326
7766,329040893,162058,329202951,8,0,0,40448,8,7896590989
7767,329063331,171431,329234762,24,0,0,44032,24,2101997402
7768,329063511,61760,329125271,20,0,0,8704,20,4838084147
7769,329096248,170705,329266953,3,0,0,22528,3,3230177468
7770,329099076,117103,329216179,29,0,0,35840,29,6934466827
7771,329119669,5617,329125286,20,0,1,5632,20,7574522906
7772,329143170,134251,329277421,4,0,0,18944,4,5585222639
7773,329161726,566,329162292,26,0,1,512,26,3484369727
7774,329184985,112050,329297035,5,0,0,1536,5,7781034008
7775,329185456,1042,329186498,5,0,1,1024,5,1979977634
7776,329190747,193439,329384186,28,0,0,50688,28,5122047071
7777,329221833,17617,329239450,16,0,1,12288,16,7793974695
7778,329225258,206246,329431504,10,0,0,2048,10,10643154478
7779,329236121,131608,329367729,15,0,0,10752,15,5720125519
7780,329237660,110929,329348589,13,0,0,23552,13,9654403363
7781,329262162,210294,329472456,19,0,0,13312,19,290101520
7782,329295704,147571,329443275,24,0,0,30720,24,7832274726
7783,329308633,367778,329676411,2,0,0,71680,2,3707543864
7784,329314748,153637,329468385,15,0,0,6144,15,5882405431
7785,329316436,127634,329444070,21,0,0,2560,21,7064151511
7786,329327834,248882,329576716,4,0,0,98304,4,2504206796
7787,329328959,84980,329413939,19,0,0,14336,19,10428202200
7788,329335372,200145,329535517,17,0,0,24064,17,6241722328
7789,329365586,18623,329384209,26,0,1,7168,26,10006266215
7790,329374278,14299,329388577,11,0,1,4608,11,5602026603
7791,329379906,11155,329391061,16,0,1,13824,16,7417201663
7792,329409013,4941,329413954,2,0,1,4096,2,2913100966
7793,329424929,112631,329537560,18,0,0,6656,18,6739901778
7794,329428861,15224,329444085,4,0,1,26112,4,2644490251
7795,329464822,243707,329708529,25,0,0,26624,25,9628148849
7796,329467379,5635,329473014,2,0,1,512,2,3322080275
7797,329496656,94212,329590868,19,0,0,10240,19,3535424386
7798,329524807,197732,329722539,14,0,0,14336,14,4990896475
7799,329525478,76052,329601530,27,0,0,10240,27,9285041857
7800,329534646,5852,329540498,20,0,1,3072,20,6456057429
7801,329541290,176866,329718156,8,0,0,29696,8,5514423334
7802,329555949,26471,329582420,24,0,1,14336,24,1992384576
7803,329578512,121890,329700402,16,0,0,52736,16,4293507788
7804,329759136,1042,329760178,13,0,1,1024,13,3129412175
7805,329773151,64208,329837359,24,0,0,6656,24,2436743781
7806,329787590,86204,329873794,24,0,0,13312,24,6186397855
7807,329811878,83468,329895346,17,0,0,19456,17,4201493479
7808,329862241,2470,329864711,21,0,1,2560,21,1194692831
7809,329901252,99164,330000416,5,0,0,25600,5,9348510187
7810,329917553,90471,330008024,24,0,0,10240,24,8450397460
7811,329922793,2470,329925263,2,0,1,2560,2,2324160916
7812,329958380,97760,330056140,3,0,0,20992,3,4515695418
7813,329964297,250829,330215126,18,0,0,22016,18,2320422340
7814,329971223,52514,330023737,11,0,0,1024,11,5206029712
7815,329986970,70597,330057567,15,0,0,4608,15,4644999961
7816,330012535,116187,330128722,4,0,0,31232,4,9693325108
7817,330020366,150272,330170638,28,0,0,27648,28,4085797667
7818,330021925,228321,330250246,28,0,0,54784,28,3163036125
7819,330023016,166513,330189529,21,0,0,61952,21,1379908501
7820,330038449,1994,330040443,13,0,1,2048,13,2339636322
7821,330051260,155538,330206798,2,0,0,14848,2,9769398012
7822,330054813,248351,330303164,5,0,0,14336,5,544221457
7823,330059671,168463,330228134,24,0,0,6144,24,3871857964
7824,330065176,132808,330197984,23,0,0,27648,23,8656745855
7825,330099397,159273,330258670,16,0,0,16896,16,7400057978
7826,330114279,167693,330281972,10,0,0,15360,10,9100797736
7827,330125910,185302,330311212,23,0,0,11776,23,10212277370
7828,330147905,207491,330355396,26,0,0,5120,26,4511541124
7829,330148115,4850,330152965,25,0,1,5120,25,7479531402
7830,330164863,185964,330350827,29,0,0,9216,29,1955723032
7831,330180018,167986,330348004,27,0,0,61952,27,5495608977
7832,330214016,139805,330353821,13,0,0,5120,13,3259875898
7833,330260254,180625,330440879,17,0,0,23040,17,2906602355
7834,330267977,3128,330271105,22,0,1,9216,22,2016840992
7835,330283066,69180,330352246,28,0,0,4608,28,2016216036
7836,330284210,149634,330433844,23,0,0,33280,23,1176613553
7837,330299231,78285,330377516,21,0,0,9728,21,10283801030
7838,330368690,109618,330478308,20,0,0,19968,20,8311031345
7839,330386380,73136,330459516,23,0,0,10752,23,10113729449
7840,330423166,90944,330514110,6,0,0,15360,6,7671832402
7841,330451900,66356,330518256,8,0,0,1024,8,3829304183
7842,330453672,6278,330459950,23,0,1,6656,23,3873707468
7843,330454862,78310,330533172,12,0,0,4608,12,8996250724
7844,330478124,63304,330541428,27,0,0,3072,27,783961681
7845,330510906,100176,330611082,29,0,0,18432,29,2092947579
7846,330539372,76561,330615933,13,0,0,15872,13,702145844
7847,330554380,149726,330704106,28,0,0,24064,28,9649380659
7848,330570278,47288,330617566,11,0,0,1536,11,333786376
7849,330620132,116636,330736768,15,0,0,82944,15,132055463
7850,330641838,194050,330835888,12,0,0,12800,12,7824361124
7851,330644287,130935,330775222,22,0,0,21504,22,850641869
7852,330652461,4420,330656881,26,0,1,11776,26,2255978692
7853,330673047,108921,330781968,11,0,0,22016,11,7860238994
7854,330687033,69105,330756138,21,0,0,1024,21,10635541783
7855,330722016,140110,330862126,14,0,0,32256,14,4191370220
7856,330723298,172290,330895588,24,0,0,19968,24,8793231890
7857,330732802,266261,330999063,7,0,0,36352,7,5459668396
7858,330743948,2470,330746418,7,0,1,2560,7,9565458596
7859,330763547,11690,330775237,9,0,1,6144,9,3855250558
7860,330769375,19807,330789182,21,0,1,7680,21,6541115567
7861,330775221,238053,331013274,20,0,0,46592,20,10599919323
7862,330776658,278421,331055079,25,0,0,58880,25,5744830390
7863,330779573,123335,330902908,10,0,0,8704,10,1225305194
7864,330802203,162871,330965074,21,0,0,25088,21,1511434012
7865,330845275,124209,330969484,24,0,0,8192,24,8588123783
7866,330846764,119573,330966337,18,0,0,4096,18,8015700051
7867,330881408,2946,330884354,25,0,1,3072,25,2024593243
7868,330946201,193895,331140096,0,0,0,34304,0,5199036433
7869,330954599,74439,331029038,12,0,0,10752,12,8384651116
7870,330964502,112556,331077058,20,0,0,12288,20,9122647792
7871,330977599,1042,330978641,20,0,1,1024,20,4585690648
7872,331024579,64520,331089099,2,0,0,7680,2,1626527326
7873,331030621,99008,331129629,0,0,0,25088,0,9671914385
7874,331065394,3645,331069039,20,0,1,10240,20,9217958620
7875,331071863,91696,331163559,13,0,0,14336,13,4817254068
7876,331081149,102990,331184139,9,0,0,4096,9,2633194094
7877,331133200,71876,331205076,0,0,0,9216,0,280697979
7878,331144184,96224,331240408,3,0,0,20992,3,926303894
7879,331147445,45596,331193041,26,0,0,1024,26,7386347023
7880,331167215,149534,331316749,20,0,0,4608,20,584381741
7881,331194882,120448,331315330,22,0,0,38912,22,7913643143
7882,331198170,45596,331243766,9,0,0,1024,9,5880429566
7883,331246988,134060,331381048,22,0,0,26624,22,6483528089
7884,331276400,129311,331405711,17,0,0,80896,17,7357659652
7885,331282391,125207,331407598,3,0,0,6144,3,5755313991
7886,331289416,1518,331290934,1,0,1,1536,1,2209477741
7887,331311721,177684,331489405,8,0,0,12288,8,2818211416
7888,331317386,168260,331485646,3,0,0,73216,3,4433064182
7889,331337940,7230,331345170,3,0,1,7680,3,4652204536
7890,331404005,187350,331591355,19,0,0,41472,19,7498389621
7891,331413692,179108,331592800,16,0,0,4096,16,8456521106
7892,331415024,103664,331518688,16,0,0,35328,16,10518828167
7893,331416031,46125,331462156,1,0,0,1024,1,8734553327
7894,331420054,158642,331578696,8,0,0,44032,8,495520748
7895,331421277,268916,331690193,27,0,0,41472,27,9620333356
7896,331509893,92617,331602510,15,0,0,5120,15,421956909
7897,331534364,14117,331548481,13,0,1,24064,13,9956851566
7898,331538538,138996,331677534,1,0,0,84992,1,5974806469
7899,331540676,158447,331699123,9,0,0,29184,9,921922730
7900,331552617,278921,331831538,20,0,0,59392,20,8504683107
7901,331554538,239449,331793987,25,0,0,37888,25,5610999445
7902,331555365,145809,331701174,20,0,0,6656,20,2225044258
7903,331557163,347251,331904414,19,0,0,49664,19,8141843515
7904,331576936,312331,331889267,20,0,0,48128,20,4191663268
7905,331579403,278423,331857826,10,0,0,28672,10,9155717484
7906,331591329,351319,331942648,5,0,0,28672,5,7750194337
7907,331592376,330055,331922431,7,0,0,25088,7,3250054108
7908,331615930,298818,331914748,27,0,0,23040,27,3849005385
7909,331632343,321669,331954012,22,0,0,13312,22,3212084145
7910,331639358,324756,331964114,8,0,0,2048,8,6155083113
7911,331641508,48708,331690216,26,0,1,31744,26,3845254004
7912,331651081,417127,332068208,21,0,0,50176,21,9220376080
7913,331654604,657858,332312462,22,0,0,67072,22,7759158565
7914,331657112,486942,332144054,25,0,0,35840,25,8429935132
7915,331676192,191928,331868120,29,0,0,10752,29,1991418728
7916,331692265,12323,331704588,24,0,1,3584,24,1096419779
7917,331713640,99787,331813427,3,0,0,8704,3,1482206231
7918,331760421,4162,331764583,17,0,1,11264,17,1947411487
7919,331767751,139954,331907705,26,0,0,10752,26,7218499293
7920,331773622,213974,331987596,8,0,0,30720,8,6654538285
7921,331785084,212890,331997974,7,0,0,27648,7,3597394549
7922,331802689,213183,332015872,19,0,0,22528,19,1321609949
7923,331831596,142463,331974059,22,0,0,1536,22,1936475640
7924,331853568,472660,332326228,9,0,0,3584,9,5879534703
7925,331857724,131291,331989015,5,0,0,4608,5,2360617359
7926,331861133,145049,332006182,1,0,0,9216,1,9011059379
7927,331864110,158606,332022716,3,0,0,11776,3,5265422689
7928,331894602,27852,331922454,7,0,1,3072,7,10461787960
7929,331910073,107062,332017135,8,0,0,4096,8,2280850989
7930,331910445,32218,331942663,26,0,1,26112,26,1986038350
7931,331954430,270006,332224436,16,0,0,6144,16,122098031
7932,331956642,224694,332181336,24,0,0,40960,24,2943104321
7933,331973521,136503,332110024,17,0,0,16384,17,596540449
7934,331997645,249463,332247108,22,0,0,32768,22,3527197008
7935,332004134,193636,332197770,24,0,0,9728,24,4626297876
7936,332015981,135108,332151089,1,0,0,23040,1,3664712834
7937,332040156,154619,332194775,27,0,0,44032,27,342540011
7938,332064800,8596,332073396,0,0,1,13312,0,4842005939
7939,332088533,130939,332219472,27,0,0,2560,27,7724014609
7940,332111621,56851,332168472,1,0,0,1536,1,9949835495
7941,332113058,140148,332253206,11,0,0,8704,11,609474093
7942,332170040,28592,332198632,4,0,1,4096,4,6778979233
7943,332186630,170374,332357004,15,0,0,33280,15,2750345436
7944,332209008,116113,332325121,19,0,0,41472,19,10684990608
7945,332265043,61824,332326867,7,0,0,2048,7,3426133891
7946,332272330,132698,332405028,25,0,0,54784,25,934881027
7947,332296206,200895,332497101,21,0,0,71680,21,5255739791
7948,332339161,1042,332340203,24,0,1,1024,24,1547131785
7949,332345743,129503,332475246,21,0,0,4608,21,4512324074
7950,332391746,205780,332597526,18,0,0,25600,18,8131165759
7951,332423348,1042,332424390,26,0,1,1024,26,3832488434
7952,332426582,101122,332527704,22,0,0,14336,22,4729219134
7953,332495779,163124,332658903,7,0,0,9728,7,8739585146
7954,332523033,16613,332539646,5,0,1,32256,5,3689300079
7955,332530900,9207,332540107,26,0,1,10240,26,4732581110
7956,332551366,101651,332653017,3,0,0,6656,3,455310343
7957,332571931,327448,332899379,15,0,0,7680,15,4581097714
7958,332577054,3898,332580952,5,0,1,4096,5,4757006218
7959,332579667,99048,332678715,3,0,0,9216,3,6274847162
7960,332596807,6682,332603489,3,0,1,14848,3,5192342124
7961,332620270,21916,332642186,26,0,1,35840,26,8532266405
7962,332633244,9813,332643057,3,0,1,12288,3,3569278221
7963,332652044,90265,332742309,20,0,0,18432,20,5688381237
7964,332659837,264772,332924609,18,0,0,8704,18,7491734778
7965,332667828,115174,332783002,28,0,0,21504,28,2662574284
7966,332669417,219798,332889215,26,0,0,34816,26,1960252897
7967,332680496,153474,332833970,20,0,0,7680,20,2197933385
7968,332691553,140062,332831615,1,0,0,49664,1,2258611210
7969,332699184,161486,332860670,10,0,0,4096,10,10544964908
7970,332704845,154562,332859407,17,0,0,32768,17,2491549874
7971,332705771,201442,332907213,28,0,0,23040,28,6610992444
7972,332708524,183202,332891726,20,0,0,8192,20,4750130096
7973,332718106,1994,332720100,16,0,1,2048,16,2057461033
7974,332723391,214928,332938319,22,0,0,24576,22,5000317689
7975,332738470,125499,332863969,20,0,0,10752,20,3768379541
7976,332756522,265971,333022493,0,0,0,35328,0,4533873080
7977,332791665,150569,332942234,21,0,0,12800,21,992450475
7978,332807940,6754,332814694,22,0,1,7168,22,7659558526
7979,332833362,148391,332981753,18,0,0,9728,18,6625236987
7980,332844451,182893,333027344,29,0,0,15872,29,179345059
7981,332854173,143618,332997791,3,0,0,15872,3,6863612858
7982,332874776,114374,332989150,18,0,0,2048,18,2039914794
7983,332880982,158443,333039425,8,0,0,10240,8,3533466011
7984,332967218,163405,333130623,7,0,0,69120,7,8540506400
7985,332984407,119907,333104314,21,0,0,24064,21,1609249607
7986,332992026,198154,333190180,11,0,0,34304,11,3695104290
7987,333021886,9887,333031773,20,0,1,11776,20,9302189176
7988,333025675,9170,333034845,2,0,1,10752,2,5766919539
7989,333065537,162425,333227962,25,0,0,9216,25,5745112383
7990,333081119,4679,333085798,20,0,1,12288,20,6350346655
7991,333088313,194399,333282712,7,0,0,16384,7,9502546993
7992,333111345,103050,333214395,5,0,0,20480,5,5369204973
7993,333135659,66836,333202495,0,0,0,10240,0,4260680752
7994,333215118,154161,333369279,17,0,0,14336,17,9924602879
7995,333296632,2870,333299502,2,0,1,8704,2,2428963211
7996,333299076,84777,333383853,25,0,0,11776,25,9880177044
7997,333301051,108978,333410029,2,0,0,28160,2,5714931110
7998,333309883,63277,333373160,27,0,0,2560,27,710233406
7999,333315757,22174,333337931,22,0,1,36352,22,5697271974
8000,333319535,18742,333338277,26,0,1,512,26,9597779006
8001,333320081,93754,333413835,3,0,0,2048,3,8805525529
8002,333322435,61589,333384024,13,0,0,512,13,8077982354
8003,333334088,106568,333440656,10,0,0,512,10,2486469304
8004,333334383,322163,333656546,4,0,0,60416,4,4252561652
8005,333349546,348994,333698540,21,0,0,107520,21,10069587834
8006,333384140,25962,333410102,5,0,1,47104,5,1004069880
8007,333394832,138271,333533103,23,0,0,3072,23,3958437483
8008,333398261,151211,333549472,6,0,0,23040,6,10588907861
8009,333409061,4858,333413919,24,0,1,4096,24,9448475641
8010,333411067,86544,333497611,19,0,0,1024,19,3388663982
8011,333411241,306726,333717967,13,0,0,14336,13,6598997073
8012,333418371,289076,333707447,4,0,0,29184,4,6711200346
8013,333419417,246348,333665765,29,0,0,30208,29,6934912874
8014,333435130,359878,333795008,19,0,0,5120,19,2513125613
8015,333451088,273766,333724854,4,0,0,22528,4,3333582977
8016,333452413,5326,333457739,11,0,1,5632,11,2532278456
8017,333457336,252466,333709802,18,0,0,7680,18,8432860211
8018,333498563,275477,333774040,12,0,0,41984,12,88294498
8019,333543318,197450,333740768,21,0,0,15872,21,9729133805
8020,333545974,5509,333551483,20,0,1,2048,20,5283661513
8021,333591588,120889,333712477,29,0,0,8704,29,9547826943
8022,333603348,201009,333804357,24,0,0,12800,24,6519937628
8023,333605814,107770,333713584,26,0,0,3584,26,8685591786
8024,333622528,132957,333755485,21,0,0,25088,21,223150501
8025,333669248,55629,333724877,22,0,1,7168,22,1962889344
8026,333713933,147231,333861164,4,0,0,60928,4,6142847947
8027,333739777,301914,334041691,28,0,0,31232,28,7061351911
8028,333744317,137880,333882197,6,0,0,20480,6,8376954485
8029,333749263,166992,333916255,29,0,0,25088,29,6825023524
8030,333767715,371782,334139497,13,0,0,48640,13,9488882359
8031,333774812,286892,334061704,20,0,0,58368,20,8190120018
8032,333776130,206281,333982411,17,0,0,80896,17,10629843645
8033,333781880,299392,334081272,7,0,0,11776,7,8761925695
8034,333787817,209932,333997749,15,0,0,17920,15,671884374
8035,333811434,291577,334103011,10,0,0,53248,10,5320465138
8036,333847045,196860,334043905,7,0,0,7168,7,3314408277
8037,333867731,200384,334068115,28,0,0,20992,28,2330437893
8038,333878954,189496,334068450,7,0,0,1024,7,5759596979
8039,333884019,261265,334145284,23,0,0,18944,23,10363562541
8040,333892531,11274,333903805,7,0,1,18432,7,9375665023
8041,333909484,440774,334350258,9,0,0,34304,9,6441873760
8042,333918571,159098,334077669,8,0,0,30208,8,1396283828
8043,333921896,1994,333923890,25,0,1,2048,25,4386394676
8044,333922423,362725,334285148,12,0,0,60416,12,10401606832
8045,333935624,2946,333938570,4,0,1,3072,4,3970041816
8046,333942540,245812,334188352,28,0,0,10752,28,9975086070
8047,333947625,260644,334208269,3,0,0,25088,3,689313101
8048,333960629,26624,333987253,2,0,1,5120,2,10180169830
8049,334010239,13341,334023580,24,0,1,22528,24,3482370183
8050,334015461,214114,334229575,23,0,0,8192,23,122588468
8051,334026425,15281,334041706,7,0,1,8192,7,2078670732
8052,334028262,156799,334185061,15,0,0,36864,15,9814521306
8053,334047363,292420,334339783,1,0,0,21504,1,6989165832
8054,334076229,286851,334363080,11,0,0,32768,11,1831946423
8055,334088600,205923,334294523,6,0,0,30720,6,8033347919
8056,334101496,213987,334315483,2,0,0,47616,2,10658347472
8057,334117459,3387,334120846,17,0,1,9728,17,2185518488
8058,334119780,320436,334440216,13,0,0,14848,13,4289715293
8059,334128559,39684,334168243,1,0,1,37888,1,3721998918
8060,334144556,208525,334353081,6,0,0,9216,6,154825892
8061,334150812,252000,334402812,27,0,0,8192,27,5076276920
8062,334182614,258873,334441487,8,0,0,4096,8,7702168438
8063,334198595,319633,334518228,18,0,0,72192,18,4859705970
8064,334203349,224825,334428174,10,0,0,4608,10,7469773720
8065,334207195,242628,334449823,7,0,0,5120,7,7917240559
8066,334211592,316471,334528063,2,0,0,2560,2,40928991
8067,334218995,4679,334223674,20,0,1,12288,20,1456824435
8068,334254965,180712,334435677,20,0,0,24576,20,2578464504
8069,334291788,197401,334489189,15,0,0,7168,15,3290565876
8070,334292752,391564,334684316,24,0,0,9728,24,401118933
8071,334295690,268432,334564122,28,0,0,25088,28,2881355173
8072,334306937,11960,334318897,25,0,1,3584,25,883268232
8073,334324265,195382,334519647,5,0,0,4608,5,5934837477
8074,334334264,199787,334534051,20,0,0,2048,20,689410024
8075,334437513,278688,334716201,18,0,0,83456,18,3026896258
8076,334469872,566,334470438,8,0,1,512,8,9679508275
8077,334488842,192495,334681337,5,0,0,77824,5,7448123525
8078,334493979,138729,334632708,3,0,0,2048,3,2212180912
8079,334494069,195878,334689947,18,0,0,18432,18,3954367072
8080,334511025,213068,334724093,16,0,0,9216,16,3262907130
8081,334511031,80920,334591951,25,0,0,1024,25,4812467336
8082,334535009,6754,334541763,13,0,1,7168,13,8155062286
8083,334553835,10302,334564137,3,0,1,4608,3,9328196903
8084,334571581,204160,334775741,4,0,0,17408,4,121516033
8085,334573957,166245,334740202,25,0,0,3072,25,7065031583
8086,334586611,104147,334690758,22,0,0,2560,22,8764478452
8087,334594040,333919,334927959,24,0,0,20480,24,8069393500
8088,334600273,138978,334739251,4,0,0,18432,4,7954679672
8089,334636334,1994,334638328,2,0,1,2048,2,9299568008
8090,334651989,190269,334842258,16,0,0,25600,16,8248384023
8091,334652472,134377,334786849,15,0,0,6656,15,10177015000
8092,334656053,172448,334828501,4,0,0,78336,4,8413998180
8093,334676436,41242,334717678,22,0,1,1536,22,4225827937
8094,334677339,121792,334799131,11,0,0,4096,11,555225194
8095,334695868,206824,334902692,27,0,0,11264,27,2215296953
8096,334730309,10499,334740808,23,0,1,16896,23,2417719304
8097,334771534,150170,334921704,27,0,0,58368,27,8058828733
8098,334798112,209544,335007656,29,0,0,47616,29,8934684423
8099,334829892,135386,334965278,2,0,0,18944,2,1449747124
8100,334851122,227050,335078172,15,0,0,11264,15,10527783361
8101,334857859,282787,335140646,1,0,0,27648,1,10426970551
8102,334865614,209103,335074717,28,0,0,32768,28,6051438709
8103,334882078,182640,335064718,10,0,0,117760,10,574756650
8104,334898131,189598,335087729,0,0,0,9728,0,5841615720
8105,334903004,24970,334927974,5,0,1,7168,5,8568663656
8106,334912454,26011,334938465,4,0,1,16896,4,3564255385
8107,334950027,150623,335100650,28,0,0,6656,28,4479282050
8108,334978214,102313,335080527,18,0,0,7680,18,4716741149
8109,335008744,107266,335116010,14,0,0,6656,14,5066711580
8110,335039578,147587,335187165,6,0,0,53248,6,679015939
8111,335080650,1994,335082644,23,0,1,2048,23,1646145374
8112,335082288,145639,335227927,21,0,0,15360,21,5966451195
8113,335087281,169657,335256938,26,0,0,59904,26,3318597265
8114,335104872,133799,335238671,2,0,0,23040,2,3651916679
8115,335133455,12033,335145488,2,0,1,5120,2,2204684749
8116,335141634,139448,335281082,18,0,0,22528,18,7582414775
8117,335149313,179679,335328992,15,0,0,12288,15,3215492185
8118,335151121,130600,335281721,24,0,0,2048,24,1441637122
8119,335163064,123196,335286260,23,0,0,14848,23,8334764918
8120,335164842,5454,335170296,24,0,1,13824,24,7074828036
8121,335184210,3989,335188199,5,0,1,1024,5,5809306469
8122,335200043,7706,335207749,25,0,1,8192,25,5532440445
8123,335287300,69284,335356584,1,0,0,8192,1,8843320009
8124,335300825,1518,335302343,17,0,1,1536,17,1784344567
8125,335306838,74102,335380940,20,0,0,4096,20,2743470914
8126,335334525,6278,335340803,17,0,1,6656,17,2868193148
8127,335338924,82688,335421612,3,0,0,16896,3,7243077107
8128,335359496,2946,335362442,7,0,1,3072,7,4105028922
8129,335362453,104621,335467074,18,0,0,8704,18,8100849094
8130,335406398,3898,335410296,23,0,1,4096,23,8639283188
8131,335423706,121319,335545025,10,0,0,4608,10,9663808091
8132,335424611,103588,335528199,9,0,0,5632,9,2258098124
8133,335436373,301436,335737809,13,0,0,4608,13,4775208118
8134,335441330,202089,335643419,17,0,0,16896,17,6691584749
8135,335450479,69308,335519787,26,0,0,13312,26,9794977197
8136,335459890,124363,335584253,3,0,0,17408,3,9330211774
8137,335468180,181650,335649830,29,0,0,20992,29,9863703996
8138,335523335,255717,335779052,24,0,0,20480,24,10075341545
8139,335526786,102347,335629133,26,0,0,31232,26,7208168782
8140,335534755,295444,335830199,28,0,0,42496,28,1633036536
8141,335542417,72668,335615085,12,0,0,9216,12,7436714216
8142,335546533,138472,335685005,18,0,0,23040,18,6223047473
8143,335546772,91484,335638256,2,0,0,25600,2,5825316131
8144,335557186,143017,335700203,11,0,0,46592,11,6894812001
8145,335565205,111454,335676659,18,0,0,4608,18,367618441
8146,335595105,141248,335736353,19,0,0,10240,19,7228126610
8147,335608292,164505,335772797,26,0,0,92160,26,4293940873
8148,335648370,233426,335881796,19,0,0,13824,19,8132241170
8149,335664246,223493,335887739,14,0,0,19456,14,7259465448
8150,335702899,132631,335835530,26,0,0,14336,26,10010725419
8151,335703235,107170,335810405,25,0,0,6656,25,3515536338
8152,335720681,70976,335791657,28,0,0,8704,28,5771557023
8153,335814017,103688,335917705,23,0,0,40448,23,913546682
8154,335827143,124184,335951327,20,0,0,14336,20,2214364153
8155,335882014,10584,335892598,23,0,1,5120,23,4097789498
8156,335887437,88263,335975700,4,0,0,24064,4,10475141026
8157,335889901,373871,336263772,17,0,0,8192,17,2869031243
8158,335894461,87234,335981695,22,0,0,6144,22,9289361231
8159,335915321,6767,335922088,2,0,1,4608,2,9086771496
8160,335917111,98215,336015326,17,0,0,20480,17,5966393565
8161,335932671,141866,336074537,26,0,1,229376,26,701502127
8162,335939264,170687,336109951,5,0,0,10752,5,6375550403
8163,335944209,219851,336164060,6,0,0,7168,6,7101659486
8164,335960934,140126,336101060,16,0,0,2048,16,9290863671
8165,335970807,277242,336248049,16,0,0,7168,16,10258568147
8166,335972010,288612,336260622,27,0,0,5632,27,8715293975
8167,335982103,168565,336150668,22,0,0,33792,22,7572362296
8168,336011125,67278,336078403,8,0,1,6144,8,9509394541
8169,336030971,227920,336258891,8,0,0,33792,8,7930040631
8170,336037469,44160,336081629,25,0,1,5120,25,6678740432
8171,336054724,171599,336226323,14,0,0,32768,14,9071684809
8172,336055808,457999,336513807,1,0,0,68096,1,10057361425
8173,336057362,377250,336434612,0,0,0,40448,0,1215912587
8174,336073648,256627,336330275,22,0,0,6656,22,2531165754
8175,336081012,209532,336290544,13,0,0,6144,13,1325030528
8176,336081097,180164,336261261,2,0,0,2048,2,7803936494
8177,336091126,3898,336095024,20,0,1,4096,20,9722732495
8178,336099156,253774,336352930,22,0,0,22528,22,9463531062
8179,336147397,210513,336357910,19,0,0,3584,19,9141691246
8180,336164598,218729,336383327,15,0,0,19456,15,3826242584
8181,336171414,5326,336176740,17,0,1,5632,17,3104033462
8182,336176103,368936,336545039,29,0,0,38400,29,5581628664
8183,336187191,94860,336282051,1,0,0,3584,1,7502040749
8184,336199271,275079,336474350,26,0,0,23552,26,1731895504
8185,336223114,3767,336226881,4,0,1,512,4,9491762724
8186,336258957,206624,336465581,14,0,0,61440,14,797057500
8187,336266176,1518,336267694,3,0,1,1536,3,3948989858
8188,336281209,1876,336283085,11,0,1,1024,11,7720671774
8189,336320309,212419,336532728,11,0,0,6656,11,418601560
8190,336326793,222661,336549454,16,0,0,14336,16,7711175979
8191,336333000,351927,336684927,11,0,0,22528,11,8887261921
8192,336337629,97310,336434939,15,0,0,1024,15,2592049428
8193,336354333,214645,336568978,3,0,0,11264,3,2176003930
8194,336359225,171460,336530685,20,0,0,48128,20,1532773988
8195,336366914,339919,336706833,1,0,0,2560,1,7580102132
8196,336378605,262606,336641211,15,0,0,100864,15,9128944334
8197,336380128,271862,336651990,27,0,0,35328,27,8129142207
8198,336389538,1042,336390580,4,0,1,1024,4,5889132791
8199,336413004,393752,336806756,1,0,0,31744,1,7823401869
8200,336417447,98559,336516006,0,0,0,7168,0,3496377747
8201,336428705,223300,336652005,26,0,1,322560,26,8693633333
8202,336480235,171785,336652020,3,0,1,2560,3,10097118909
8203,336481938,307722,336789660,10,0,0,8704,10,7104368432
8204,336483717,168318,336652035,3,0,1,3072,3,1839446752
8205,336498306,268938,336767244,18,0,0,10240,18,1405362633
8206,336505157,267427,336772584,27,0,0,2560,27,5208886745
8207,336507253,315211,336822464,15,0,0,7680,15,9418862475
8208,336510588,252239,336762827,9,0,0,47104,9,8724479630
8209,336605659,46391,336652050,25,0,1,1536,25,9789648104
8210,336660039,275053,336935092,1,0,0,46080,1,1403298524
8211,336702426,188960,336891386,1,0,0,56320,1,7567461255
8212,336702433,60417,336762850,24,0,1,96768,24,3204323842
8213,336725795,236221,336962016,11,0,0,6144,11,8874721489
8214,336747726,241057,336988783,6,0,0,4608,6,7760476517
8215,336749631,13779,336763410,5,0,1,512,5,4709880413
8216,336759586,74522,336834108,23,0,0,5632,23,7009522285
8217,336775090,135719,336910809,16,0,0,15872,16,323604784
8218,336779740,248066,337027806,19,0,0,35840,19,8468049703
8219,336784977,182602,336967579,15,0,0,2560,15,9181213597
8220,336824168,135961,336960129,1,0,0,4096,1,3540271245
8221,336833711,150991,336984702,5,0,0,3072,5,3502651677
8222,336856294,139657,336995951,13,0,0,1536,13,7000636388
8223,336883041,133830,337016871,7,0,0,11264,7,65104068
8224,336912454,171098,337083552,24,0,0,13824,24,3451672609
8225,336923893,245051,337168944,9,0,0,43008,9,7365955431
8226,336952843,192515,337145358,20,0,0,18944,20,5412378916
8227,336964007,191818,337155825,7,0,0,34304,7,9575246521
8228,336975727,102520,337078247,23,0,0,12288,23,7088790429
8229,337002724,115335,337118059,11,0,0,43520,11,7504714304
8230,337074051,173320,337247371,24,0,0,57344,24,4449079696
8231,337089531,5196,337094727,4,0,1,13312,4,9214261892
8232,337132716,144421,337277137,1,0,0,43008,1,5613119221
8233,337162552,12679,337175231,19,0,1,6656,19,6867707917
8234,337166883,113560,337280443,21,0,0,10752,21,8377320628
8235,337190672,10241,337200913,11,0,1,16384,11,4176102028
8236,337192213,186270,337378483,24,0,0,127488,24,8516653824
8237,337222237,162361,337384598,15,0,0,19968,15,6193999834
8238,337256198,20954,337277152,19,0,1,21504,19,6198167539
8239,337260584,274413,337534997,0,0,0,24064,0,2674656655
8240,337272165,155385,337427550,10,0,0,32768,10,6794913333
8241,337297402,87539,337384941,18,0,0,1024,18,1825269810
8242,337358823,375052,337733875,1,0,0,9216,1,9071067683
8243,337367234,18365,337385599,4,0,1,1024,4,7121173805
8244,337378914,9886,337388800,8,0,1,4096,8,486072308
8245,337386367,4059,337390426,20,0,1,2560,20,9403890892
8246,337399760,566,337400326,11,0,1,512,11,9874599042
8247,337408959,118683,337527642,6,0,0,47616,6,8817657102
8248,337412794,200245,337613039,6,0,0,39936,6,2478285323
8249,337433121,245241,337678362,14,0,0,40960,14,431925733
8250,337439779,113686,337553465,23,0,0,4608,23,5589860988
8251,337443532,238433,337681965,1,0,0,11776,1,4261802182
8252,337467098,167247,337634345,6,0,0,23040,6,10241713862
8253,337469584,101059,337570643,27,0,0,6656,27,6510836246
8254,337481445,100796,337582241,2,0,0,1024,2,4237991405
8255,337497562,281623,337779185,25,0,0,1024,25,4736742736
8256,337516702,165746,337682448,14,0,0,1536,14,2292750610
8257,337524097,129641,337653738,28,0,0,30720,28,7585580848
8258,337525652,205400,337731052,25,0,0,30208,25,9588380740
8259,337565184,226550,337791734,2,0,0,6656,2,7899363345
8260,337579935,135464,337715399,22,0,0,23552,22,8078567791
8261,337586995,566,337587561,3,0,1,512,3,4589639200
8262,337599997,121836,337721833,12,0,0,20992,12,2922853833
8263,337615149,3422,337618571,19,0,1,3584,19,5929221458
8264,337616465,121660,337738125,13,0,0,9216,13,7273175192
8265,337636532,165231,337801763,23,0,0,17408,23,7728119161
8266,337639741,178735,337818476,15,0,0,2560,15,2865369613
8267,337654678,80624,337735302,13,0,0,4608,13,6802620688
8268,337702052,59132,337761184,3,0,0,5120,3,9450203049
8269,337703635,63040,337766675,22,0,0,3072,22,6301002615
8270,337705643,9771,337715414,25,0,1,8704,25,6412453657
8271,337712107,75020,337787127,12,0,0,14336,12,3889434578
8272,337718266,84916,337803182,15,0,0,4608,15,4265255786
8273,337728042,165875,337893917,0,0,0,14848,0,4240383087
8274,337739917,149461,337889378,9,0,0,31744,9,6613772816
8275,337761628,158480,337920108,19,0,0,39936,19,186989441
8276,337767424,210391,337977815,6,0,0,73728,6,6196825452
8277,337787412,88503,337875915,9,0,0,1024,9,4992142057
8278,337809796,4420,337814216,18,0,1,11776,18,3378599843
8279,337824239,215623,338039862,21,0,0,6144,21,10428151112
8280,337846396,162875,338009271,25,0,0,19456,25,541922333
8281,337868579,147267,338015846,9,0,0,21504,9,6065066867
8282,337872388,130940,338003328,9,0,0,18432,9,9911047744
8283,337923018,6754,337929772,20,0,1,7168,20,4795732252
8284,337929580,1042,337930622,13,0,1,1024,13,9171558105
8285,337933138,6278,337939416,16,0,1,6656,16,7093629394
8286,337935227,240078,338175305,17,0,0,157696,17,7876321700
8287,337938693,4374,337943067,8,0,1,4608,8,3612013701
8288,337989561,128919,338118480,3,0,0,7680,3,4816042610
8289,337999511,196937,338196448,16,0,0,26624,16,4906385147
8290,338011532,166019,338177551,9,0,0,7168,9,1492442802
8291,338033930,176368,338210298,14,0,0,44032,14,1068637494
8292,338050306,300810,338351116,29,0,0,94208,29,6794266955
8293,338069512,4162,338073674,2,0,1,11264,2,6487202081
8294,338076695,296330,338373025,3,0,0,18432,3,5115425958
8295,338088188,275127,338363315,12,0,0,39936,12,4333933816
8296,338125496,49832,338175328,18,0,1,6656,18,9938381436
8297,338128864,67599,338196463,24,0,1,25600,24,298788382
8298,338136137,186260,338322397,9,0,0,51200,9,8810890567
8299,338156802,210592,338367394,29,0,0,13312,29,6583227311
8300,338163577,231334,338394911,4,0,0,38912,4,1694093403
8301,338182689,329873,338512562,22,0,0,28672,22,6039069077
8302,338187329,195695,338383024,12,0,0,32768,12,9843273961
8303,338191758,115024,338306782,20,0,0,29184,20,528390100
8304,338203319,10633,338213952,13,0,1,10240,13,2874978496
8305,338203992,15237,338219229,8,0,1,6144,8,4480635305
8306,338233427,188075,338421502,10,0,0,10240,10,7293752836
8307,338242892,215706,338458598,3,0,0,17920,3,1541280925
8308,338267318,370530,338637848,28,0,0,75776,28,791532141
8309,338282514,199550,338482064,22,0,0,3072,22,7760756194
8310,338317531,253291,338570822,7,0,0,47104,7,328043714
8311,338321106,262211,338583317,23,0,0,40960,23,4983999336
8312,338343070,134538,338477608,13,0,0,11776,13,759796233
8313,338369164,400746,338769910,25,0,0,8192,25,529280658
8314,338378268,346916,338725184,19,0,0,47616,19,3636626737
8315,338388114,379269,338767383,8,0,0,100352,8,2561663622
8316,338406994,177430,338584424,21,0,0,3584,21,9753603980
8317,338440578,107221,338547799,1,0,1,178688,1,711242413
8318,338499567,53929,338553496,13,0,1,27136,13,9674834734
8319,338504650,226945,338731595,6,0,0,20992,6,973486401
8320,338518461,476719,338995180,0,0,0,60928,0,8796482471
8321,338525583,128152,338653735,0,0,0,10752,0,2127935316
8322,338538027,593696,339131723,22,0,0,34304,22,3017777102
8323,338541342,14420,338555762,7,0,1,3584,7,6344427211
8324,338548258,286589,338834847,16,0,0,27136,16,246035378
8325,338584715,266483,338851198,2,0,0,39424,2,4971954737
8326,338599279,204391,338803670,13,0,0,6656,13,2617436418
8327,338599967,566,338600533,3,0,1,512,3,3074677486
8328,338619213,165471,338784684,18,0,0,15360,18,7075965051
8329,338663540,244610,338908150,6,0,0,65024,6,7307763941
8330,338672526,367243,339039769,10,0,0,28672,10,7013954933
8331,338697555,271355,338968910,10,0,0,17408,10,10547256583
8332,338701569,217975,338919544,1,0,0,30720,1,8593858395
8333,338704271,408951,339113222,16,0,0,85504,16,161067947
8334,338710403,249824,338960227,24,0,0,75264,24,9225038193
8335,338743796,287222,339031018,5,0,0,78848,5,4806981428
8336,338744731,296004,339040735,16,0,0,3072,16,3739269477
8337,338778726,450868,339229594,5,0,0,28160,5,9770606011
8338,338783809,290883,339074692,7,0,0,2048,7,1384291821
8339,338785255,353035,339138290,7,0,0,21504,7,4777813301
8340,338795005,1994,338796999,13,0,1,2048,13,7946312961
8341,338795539,376218,339171757,2,0,0,3072,2,9884772838
8342,338821075,349731,339170806,25,0,0,15872,25,3701325136
8343,338842419,13145,338855564,4,0,1,4608,4,9511656870
8344,338853931,312024,339165955,0,0,0,17408,0,4489335778
8345,338944476,214733,339159209,21,0,0,68608,21,9593024013
8346,338949642,135757,339085399,14,0,0,25088,14,7992440441
8347,338980843,225039,339205882,16,0,0,14336,16,4747908940
8348,338993171,291641,339284812,6,0,0,35328,6,7946097457
8349,339004399,35385,339039784,3,0,1,6656,3,4042118747
8350,339058951,296647,339355598,6,0,0,25600,6,48383426
8351,339060670,99966,339160636,17,0,0,4608,17,3061265321
8352,339065508,117496,339183004,19,0,0,17920,19,1198908435
8353,339102717,195979,339298696,23,0,0,16896,23,7851537621
8354,339135072,212711,339347783,1,0,0,48128,1,739368951
8355,339175351,1994,339177345,2,0,1,2048,2,9746720585
8356,339216344,276850,339493194,1,0,1,449024,1,161595688
8357,339222901,470320,339693221,6,0,0,23040,6,10312758204
8358,339235567,258293,339493860,8,0,1,1024,8,1345638220
8359,339338644,155677,339494321,25,0,1,10240,25,1752788568
8360,339339558,322112,339661670,12,0,0,17408,12,9082255119
8361,339360047,139420,339499467,13,0,1,8192,13,8986165017
8362,339362888,141405,339504293,25,0,1,7680,25,7408777045
8363,339403863,373842,339777705,20,0,0,44544,20,5511892076
8364,339406437,211040,339617477,28,0,0,33792,28,8169939123
8365,339423627,246170,339669797,18,0,0,26624,18,9619079416
8366,339424153,261927,339686080,18,0,0,24576,18,3799092037
8367,339428233,335877,339764110,15,0,0,17408,15,9995547501
8368,339464899,41340,339506239,20,0,1,3072,20,2530002339
8369,339473601,322839,339796440,8,0,0,61440,8,4924808562
8370,339533345,100914,339634259,9,0,0,2048,9,10344586483
8371,339572751,231816,339804567,21,0,0,26624,21,2908061718
8372,339592342,225536,339817878,17,0,0,15360,17,8208608143
8373,339614757,263652,339878409,12,0,0,49152,12,8021387004
8374,339647621,70991,339718612,26,0,1,114688,26,10476415926
8375,339676952,47152,339724104,23,0,1,26112,23,6591629552
8376,339698735,400180,340098915,17,0,0,31232,17,8504021687
8377,339702198,181183,339883381,13,0,0,11264,13,224130669
8378,339711776,321684,340033460,12,0,0,57344,12,2813089584
8379,339721910,129706,339851616,10,0,0,11264,10,6261965927
8380,339728339,266006,339994345,19,0,0,10240,19,5482924614
8381,339759524,128864,339888388,21,0,0,16384,21,2733233601
8382,339801540,464703,340266243,21,0,0,2560,21,5346685511
8383,339804944,208978,340013922,0,0,0,58880,0,7898980377
8384,339811807,155262,339967069,24,0,1,255488,24,2657196195
8385,339815745,364207,340179952,2,0,0,49152,2,6052894935
8386,339848956,186327,340035283,22,0,1,220160,22,7257011116
8387,339850973,165000,340015973,26,0,0,6656,26,6418337776
8388,339852947,204432,340057379,23,0,0,6144,23,1011143614
8389,339873558,268882,340142440,29,0,0,22528,29,1287598420
8390,339945751,317899,340263650,16,0,0,24064,16,5741268724
8391,339961282,75947,340037229,8,0,1,3072,8,617181667
8392,339999385,38510,340037895,29,0,1,1024,29,6134328222
8393,340015982,235343,340251325,16,0,0,4096,16,6477195925
8394,340069791,167215,340237006,15,0,0,23552,15,3764752167
8395,340070541,305792,340376333,14,0,0,69120,14,979314344
8396,340104420,288331,340392751,17,0,0,34304,17,5946290101
8397,340105715,395906,340501621,8,0,0,17408,8,8734419399
8398,340119638,95117,340214755,1,0,1,155136,1,5766762509
8399,340122582,329539,340452121,16,0,0,5120,16,406784004
8400,340141135,241149,340382284,0,0,0,19456,0,7590171226
8401,340171871,48478,340220349,17,0,1,18432,17,2824203147
8402,340212353,256076,340468429,4,0,0,14336,4,7385082550
8403,340234538,346529,340581067,21,0,0,50176,21,9199346062
8404,340262557,206823,340469380,13,0,0,3072,13,9444626512
8405,340343024,4162,340347186,23,0,1,11264,23,7071902042
8406,340355713,294759,340650472,4,0,0,32256,4,9475054817
8407,340383660,574196,340957856,8,0,0,8192,8,393666086
8408,340401857,238756,340640613,11,0,0,42496,11,1242940540
8409,340431279,387095,340818374,1,0,0,48128,1,7792506894
8410,340438738,341979,340780717,26,0,0,21504,26,1640236722
8411,340480542,240542,340721084,5,0,0,33792,5,5640801260
8412,340487821,361453,340849274,8,0,0,53760,8,9606303204
8413,340497257,129389,340626646,14,0,0,512,14,1135965338
8414,340497746,107060,340604806,1,0,0,5632,1,9327001456
8415,340525539,596129,341121668,12,0,0,77312,12,1636044295
8416,340532775,422570,340955345,14,0,0,52224,14,1916174760
8417,340533752,322260,340856012,20,0,0,17408,20,10224269148
8418,340541570,331172,340872742,11,0,0,42496,11,2280455549
8419,340556590,412544,340969134,16,0,0,8192,16,7824855973
8420,340557073,566,340557639,13,0,1,512,13,3801265130
8421,340579550,75859,340655409,1,0,1,121344,1,10563443591
8422,340598254,391468,340989722,12,0,0,18432,12,2047212048
8423,340602551,257220,340859771,16,0,0,12288,16,1147467758
8424,340606092,360523,340966615,6,0,0,28672,6,7743975136
8425,340620022,434710,341054732,14,0,0,18944,14,4389360405
8426,340623567,32303,340655870,5,0,1,10240,5,5002853983
8427,340633384,23792,340657176,23,0,1,2048,23,9883759665
8428,340633598,385339,341018937,2,0,0,8192,2,1478880228
8429,340641192,298218,340939410,11,0,0,55296,11,5643367294
8430,340649926,374330,341024256,1,0,0,17408,1,10422606176
8431,340657217,193476,340850693,0,0,0,4608,0,2263589265
8432,340665434,565567,341231001,13,0,0,51200,13,6180252644
8433,340683557,439530,341123087,1,0,0,4608,1,8736630100
8434,340688953,515966,341204919,15,0,0,82944,15,9325279332
8435,340692705,315267,341007972,10,0,0,27136,10,7390895245
8436,340707763,307868,341015631,15,0,0,25088,15,6503267099
8437,340722881,293545,341016426,7,0,0,2560,7,4014327046
8438,340749684,497127,341246811,18,0,0,14336,18,8042681906
8439,340768919,372700,341141619,4,0,0,54784,4,2458649717
8440,340802824,15573,340818397,4,0,1,2048,4,7692131357
8441,340804229,438191,341242420,28,0,0,37376,28,5035061694
8442,340804922,538653,341343575,21,0,0,28160,21,2504963264
8443,340808422,13906,340822328,3,0,1,10752,3,463546722
8444,340824000,262725,341086725,17,0,0,16896,17,320706634
8445,340828447,328291,341156738,24,0,0,14848,24,8447893286
8446,340851811,26692,340878503,26,0,1,6144,26,915011472
8447,340931617,346224,341277841,16,0,0,45568,16,7181060691
8448,340943887,309062,341252949,0,0,0,19968,0,5373185940
8449,340953048,188586,341141634,24,0,1,275968,24,1100192657
8450,340970202,362913,341333115,5,0,0,13824,5,9025734016
8451,340997089,312170,341309259,0,0,0,6144,0,4341727463
8452,341011722,295626,341307348,11,0,0,80896,11,10728984889
8453,341033770,230172,341263942,19,0,0,6656,19,3746094210
8454,341036873,178513,341215386,21,0,0,34304,21,566900170
8455,341052661,88988,341141649,4,0,1,8704,4,7125574850
8456,341075674,381282,341456956,24,0,0,28672,24,8514342221
8457,341092597,260041,341352638,25,0,0,29696,25,7184931066
8458,341164053,200388,341364441,9,0,0,4608,9,2931444112
8459,341174300,72542,341246842,2,0,1,92672,2,10239406237
8460,341179075,353378,341532453,0,0,0,31744,0,3170920102
8461,341202535,50437,341252972,4,0,1,9216,4,8312832549
8462,341205579,213823,341419402,14,0,0,4096,14,4367878500
8463,341223207,246644,341469851,22,0,0,7168,22,765813798
8464,341225905,99286,341325191,5,0,1,117248,5,6901344011
8465,341262891,427784,341690675,11,0,0,62464,11,7739574912
8466,341266600,217680,341484280,27,0,0,9728,27,10598670817
8467,341276149,205152,341481301,26,0,0,28672,26,2750701485
8468,341320227,6244,341326471,11,0,1,14336,11,321686810
8469,341355461,228398,341583859,1,0,0,4096,1,6028653397
8470,341376725,174224,341550949,15,0,0,3072,15,9454650451
8471,341394205,222534,341616739,14,0,0,5120,14,7487756507
8472,341413494,33075,341446569,24,0,1,54272,24,9340502430
8473,341441560,257709,341699269,27,0,0,7680,27,7188800725
8474,341502905,10241,341513146,19,0,1,16384,19,7039556023
8475,341518753,220472,341739225,1,0,0,15360,1,9931589157
8476,341521548,10928,341532476,11,0,1,9216,11,9201335322
8477,341523505,9506,341533011,11,0,1,512,11,3673957208
8478,341544194,189477,341733671,7,0,0,27136,7,8635956538
8479,341548204,279504,341827708,25,0,0,81920,25,5678867806
8480,341550148,252577,341802725,2,0,0,71168,2,2831243691
8481,341565561,4850,341570411,7,0,1,5120,7,1201166226
8482,341581575,354956,341936531,2,0,0,71168,2,4719356619
8483,341604850,396812,342001662,22,0,0,50176,22,2716941815
8484,341610745,13512,341624257,24,0,1,26112,24,1975328193
8485,341640943,2470,341643413,8,0,1,2560,8,112190903
8486,341642773,193249,341836022,15,0,0,10240,15,1597705679
8487,341666476,109619,341776095,29,0,0,9216,29,10091332464
8488,341671878,242954,341914832,9,0,0,36352,9,8298501103
8489,341701848,236726,341938574,21,0,0,6656,21,7025387753
8490,341730216,102671,341832887,17,0,0,16896,17,8138313080
8491,341735765,167976,341903741,3,0,0,40448,3,9625556817
8492,341737641,274020,342011661,27,0,0,32768,27,4231523777
8493,341738311,6758,341745069,13,0,1,6144,13,605526982
8494,341757757,1042,341758799,3,0,1,1024,3,3555577394
8495,341758229,297397,342055626,23,0,0,13312,23,1888793906
8496,341770986,285920,342056906,8,0,0,3072,8,1043353028
8497,341781596,187705,341969301,13,0,0,14848,13,9633612613
8498,341806283,30264,341836547,20,0,1,512,20,10231888576
8499,341807563,205837,342013400,5,0,0,5632,5,9014578957
8500,341848320,196233,342044553,21,0,0,6656,21,7214182098
8501,341864283,97610,341961893,6,0,0,12288,6,6151160719
8502,341871525,145203,342016728,25,0,0,2048,25,6957217462
8503,341872216,73045,341945261,25,0,0,3072,25,1721516807
8504,341878795,99518,341978313,4,0,0,4096,4,7114317908
8505,341936239,3369,341939608,26,0,1,1024,26,10426644666
8506,341953041,2870,341955911,3,0,1,8704,3,8231071491
8507,341960716,102885,342063601,2,0,0,1024,2,8247565851
8508,341967973,57349,342025322,25,0,0,4096,25,5713320292
8509,341968001,115053,342083054,6,0,0,32256,6,875716678
8510,341970909,201078,342171987,26,0,0,38400,26,4701688003
8511,341972987,122206,342095193,29,0,0,14336,29,6167294457
8512,341994881,156303,342151184,22,0,0,43008,22,1882655075
8513,342023375,227732,342251107,2,0,0,22528,2,892143358
8514,342037224,280145,342317369,25,0,0,7680,25,9564859400
8515,342041076,397883,342438959,22,0,0,13312,22,3244806893
8516,342053171,100276,342153447,3,0,0,7168,3,2770679728
8517,342068500,142641,342211141,2,0,1,230912,2,5378805199
8518,342070097,525418,342595515,3,0,0,26624,3,1594787546
8519,342082233,330225,342412458,10,0,0,6656,10,1835019382
8520,342093618,355816,342449434,29,0,0,34304,29,6453689443
8521,342099516,241750,342341266,13,0,0,22016,13,8601533295
8522,342112625,340930,342453555,18,0,0,1536,18,4080399640
8523,342115089,97025,342212114,26,0,1,12800,26,7696821997
8524,342118108,95286,342213394,11,0,1,14336,11,765524819
8525,342128231,282184,342410415,24,0,0,24064,24,9166491524
8526,342178022,256866,342434888,7,0,0,68608,7,319102627
8527,342206723,122359,342329082,29,0,0,4608,29,10670680101
8528,342221482,230947,342452429,9,0,0,9728,9,5117665718
8529,342227104,1042,342228146,13,0,1,1024,13,5883834482
8530,342248068,251981,342500049,8,0,0,16896,8,6344791567
8531,342248886,229689,342478575,16,0,0,7168,16,6886820083
8532,342293501,2946,342296447,3,0,1,3072,3,553091415
8533,342304436,2470,342306906,19,0,1,2560,19,5771911948
8534,342339068,153587,342492655,20,0,0,17920,20,4290638181
8535,342380879,378411,342759290,18,0,0,56320,18,8408112597
8536,342416929,36863,342453792,4,0,1,4608,4,8873765452
8537,342436592,22550,342459142,25,0,1,7168,25,9607381038
8538,342451722,272858,342724580,16,0,0,44544,16,3902668063
8539,342466370,190111,342656481,5,0,0,40448,5,10481025967
8540,342491539,191258,342682797,29,0,0,12288,29,7875567374
8541,342491588,270057,342761645,12,0,0,7680,12,2451325696
8542,342504115,222844,342726959,24,0,0,7680,24,9072499907
8543,342519643,172880,342692523,13,0,0,21504,13,2020071619
8544,342526917,132387,342659304,26,0,0,9216,26,6436420682
8545,342530623,180338,342710961,7,0,0,8192,7,7087258513
8546,342561651,270721,342832372,16,0,0,11264,16,2163240240
8547,342562544,145906,342708450,22,0,0,52224,22,7871273584
8548,342563968,224314,342788282,18,0,0,15360,18,7908313208
8549,342593582,83816,342677398,4,0,1,132608,4,9850560173
8550,342635909,125971,342761880,1,0,1,208384,1,995622801
8551,342641273,120953,342762226,19,0,1,512,19,9278200909
8552,342682958,172208,342855166,27,0,0,2560,27,9868479350
8553,342693290,154164,342847454,13,0,0,40960,13,3076291014
8554,342698726,64486,342763212,25,0,1,1536,25,1661125259
8555,342703675,150213,342853888,9,0,0,20992,9,8359915060
8556,342718774,372301,343091075,16,0,0,8192,16,8088680545
8557,342752361,15078,342767439,18,0,1,6144,18,10363463329
8558,342765451,5534,342770985,14,0,1,5632,14,852372169
8559,342784915,7299,342792214,3,0,1,4096,3,696225188
8560,342785328,10752,342796080,23,0,1,6144,23,5907214305
8561,342787382,10081,342797463,4,0,1,14848,4,8709891776
8562,342802291,52080,342854371,22,0,0,1536,22,9444881625
8563,342804564,295111,343099675,15,0,0,20992,15,149898451
8564,342807532,136414,342943946,20,0,0,15360,20,8362318635
8565,342822035,25434,342847469,23,0,1,22016,23,3517529783
8566,342841742,246822,343088564,20,0,0,16384,20,8514979517
8567,342893759,12825,342906584,25,0,1,21504,25,7776392130
8568,342919007,1518,342920525,8,0,1,1536,8,10537676678
8569,342938914,5802,342944716,2,0,1,6144,2,1610921022
8570,342940776,4286,342945062,19,0,1,512,19,6478099182
8571,342974282,209508,343183790,9,0,0,22528,9,9893737646
8572,342987193,86799,343073992,29,0,0,16896,29,7268259433
8573,343044264,4679,343048943,4,0,1,12288,4,2938064454
8574,343088737,10953,343099690,11,0,1,4608,11,6840551088
8575,343091333,250158,343341491,22,0,1,408064,22,848270005
8576,343110765,242272,343353037,4,0,1,38912,4,5435063141
8577,343122856,217594,343340450,15,0,0,23040,15,6675215917
8578,343123498,282586,343406084,29,0,0,60928,29,8081556814
8579,343135414,215617,343351031,26,0,0,12800,26,10727664636
8580,343141718,405453,343547171,20,0,0,37888,20,5301058160
8581,343142795,612732,343755527,14,0,0,104448,14,6102021676
8582,343163242,524395,343687637,26,0,0,79360,26,9059214388
8583,343177158,517210,343694368,11,0,0,22016,11,9579562646
8584,343212854,244410,343457264,10,0,0,67584,10,963827253
8585,343280663,520434,343801097,6,0,0,65024,6,10549650809
8586,343318488,445181,343763669,22,0,0,14336,22,10602497064
8587,343319282,445182,343764464,14,0,0,2560,14,7307774026
8588,343327763,31995,343359758,5,0,1,24064,5,4730048225
8589,343336201,24223,343360424,20,0,1,11264,20,9735209920
8590,343345130,541746,343886876,20,0,0,35328,20,9279876760
8591,343374359,495021,343869380,18,0,0,13824,18,5596258878
8592,343375052,338883,343713935,15,0,0,13312,15,4644901773
8593,343387276,372010,343759286,9,0,0,12288,9,9963827798
8594,343388675,637152,344025827,5,0,0,23040,5,2010866853
8595,343426667,273972,343700639,5,0,0,20480,5,6435892030
8596,343476216,437442,343913658,22,0,0,36352,22,4408747607
8597,343492737,13253,343505990,26,0,1,25600,26,938980505
8598,343558159,245539,343803698,2,0,0,1024,2,8104662619
8599,343571261,209985,343781246,18,0,0,20480,18,4401343840
8600,343591828,415899,344007727,16,0,0,23552,16,5091352782
8601,343596311,293388,343889699,5,0,0,9216,5,8767577538
8602,343627530,391262,344018792,19,0,0,15360,19,3558908761
8603,343669193,388751,344057944,10,0,0,18944,10,4824609106
8604,343679404,347218,344026622,2,0,0,2560,2,9114730589
8605,343683730,249802,343933532,11,0,0,27136,11,1441804959
8606,343703655,620192,344323847,20,0,0,73216,20,8223060563
8607,343775347,218537,343993884,1,0,0,6144,1,5317389961
8608,343777936,396802,344174738,19,0,0,16896,19,8514076255
8609,343779823,313711,344093534,5,0,0,35328,5,6053735414
8610,343795543,142684,343938227,17,0,0,15360,17,8961263392
8611,343807666,327119,344134785,25,0,0,26624,25,3937201738
8612,343819143,233006,344052149,9,0,0,12800,9,2108549324
8613,343830954,370368,344201322,20,0,0,33280,20,9646770298
8614,343839693,5326,343845019,20,0,1,5632,20,6318719708
8615,343864010,257938,344121948,28,0,0,72704,28,5699075433
8616,343875890,247165,344123055,3,0,0,3584,3,227278283
8617,343893828,702065,344595893,25,0,0,58368,25,3351200582
8618,343913323,134911,344048234,1,0,0,37888,1,2192364299
8619,343967472,403179,344370651,10,0,0,38400,10,4043650146
8620,343992967,133691,344126658,15,0,0,11776,15,2216298633
8621,344038616,287141,344325757,20,0,0,512,20,2786252931
8622,344051246,281234,344332480,5,0,0,22016,5,3666519216
8623,344060168,1518,344061686,13,0,1,1536,13,636595567
8624,344069997,160067,344230064,21,0,0,15872,21,10570974547
8625,344079147,81440,344160587,25,0,0,12800,25,9603061253
8626,344082096,219428,344301524,1,0,0,89088,1,9620578575
8627,344134676,238642,344373318,14,0,0,8704,14,4322846300
8628,344138408,301237,344439645,16,0,0,36864,16,9297358208
8629,344149265,566,344149831,11,0,1,512,11,9755780284
8630,344166564,172335,344338899,27,0,0,14848,27,8164911284
8631,344180106,145472,344325578,4,0,0,5632,4,321054293
8632,344187552,187809,344375361,17,0,0,6656,17,2894493477
8633,344193477,415395,344608872,25,0,0,42496,25,8026315489
8634,344211162,270918,344482080,15,0,0,38912,15,7491835648
8635,344218171,566,344218737,25,0,1,512,25,3214026752
8636,344227767,398451,344626218,9,0,0,43520,9,655328945
8637,344246570,331524,344578094,0,0,0,81408,0,4974955814
8638,344253277,91745,344345022,26,0,0,3584,26,2737717806
8639,344267509,2470,344269979,2,0,1,2560,2,7728942678
8640,344289935,386794,344676729,5,0,0,5632,5,9946025607
8641,344306189,324436,344630625,12,0,0,14336,12,5009136015
8642,344321599,324124,344645723,26,0,0,47616,26,6408030038
8643,344365423,247520,344612943,26,0,0,13312,26,4406659647
8644,344377411,175849,344553260,9,0,0,37376,9,7827447833
8645,344416582,67325,344483907,9,0,0,5120,9,173497319
8646,344444896,2870,344447766,24,0,1,8704,24,9289485869
8647,344506971,230465,344737436,1,0,0,7680,1,9787596359
8648,344520329,4162,344524491,22,0,1,11264,22,6175270171
8649,344525785,120288,344646073,5,0,0,1024,5,5771560601
8650,344525791,234752,344760543,23,0,0,52736,23,3944351550
8651,344533431,19844,344553275,1,0,1,28160,1,6728195674
8652,344572875,93102,344665977,12,0,0,5632,12,4878816547
8653,344577593,53087,344630680,20,0,1,512,20,10515503765
8654,344603478,262664,344866142,1,0,0,37888,1,9851375195
8655,344609883,35863,344645746,2,0,1,4608,2,319642427
8656,344614480,157154,344771634,1,0,0,36352,1,189594305
8657,344615985,256568,344872553,24,0,0,20992,24,4758689152
8658,344621219,162147,344783366,6,0,0,8192,6,6890690798
8659,344625244,289792,344915036,17,0,0,47104,17,775100447
8660,344634869,15562,344650431,25,0,1,4608,25,4111699061
8661,344645711,145491,344791202,15,0,0,8704,15,4100326642
8662,344673072,286400,344959472,25,0,0,50688,25,4449881800
8663,344683197,217464,344900661,12,0,0,52736,12,8913664140
8664,344726370,254547,344980917,18,0,0,21504,18,7025968229
8665,344730194,236503,344966697,5,0,0,7680,5,3552209188
8666,344735494,301211,345036705,3,0,0,93696,3,2079174537
8667,344765873,228933,344994806,28,0,0,44544,28,9514262416
8668,344820968,177917,344998885,2,0,0,13312,2,5972151904
8669,344828874,208337,345037211,22,0,0,1536,22,3185487728
8670,344844184,1042,344845226,25,0,1,1024,25,378338524
8671,344889696,70891,344960587,4,0,0,3584,4,422091027
8672,344913609,203348,345116957,9,0,0,38400,9,1270446275
8673,344950809,183090,345133899,25,0,0,3584,25,2035568099
8674,344984343,120899,345105242,14,0,0,62464,14,2683600901
8675,344993795,42925,345036720,5,0,1,42496,5,10309233324
8676,344994583,59137,345053720,27,0,0,512,27,5672494035
8677,345029289,274616,345303905,25,0,0,53248,25,699602141
8678,345042562,343715,345386277,24,0,0,35328,24,3893418142
8679,345051289,124117,345175406,5,0,0,18432,5,6781741972
8680,345052405,257755,345310160,25,0,0,20480,25,8445855207
8681,345067644,95117,345162761,1,0,1,155136,1,9606145484
8682,345127569,160081,345287650,2,0,0,55296,2,1268061722
8683,345128815,185892,345314707,28,0,0,14848,28,6901552787
8684,345130050,127131,345257181,21,0,0,2048,21,282823609
8685,345169678,5751,345175429,13,0,1,2560,13,410892037
8686,345170316,151539,345321855,29,0,0,6656,29,9201514359
8687,345237424,136725,345374149,22,0,0,19456,22,10058286332
8688,345272958,169651,345442609,23,0,0,3072,23,10662254731
8689,345276215,225494,345501709,23,0,0,60928,23,6998560013
8690,345294802,152727,345447529,25,0,0,4096,25,6668025353
8691,345309284,10369,345319653,20,0,1,12800,20,9784645885
8692,345314034,356839,345670873,28,0,0,24064,28,6539654420
8693,345321088,419435,345740523,15,0,0,4096,15,2120740667
8694,345323649,368656,345692305,26,0,0,18944,26,7702948092
8695,345335171,59213,345394384,21,0,0,512,21,8254427387
8696,345337945,190573,345528518,1,0,0,35840,1,6991624819
8697,345372058,14234,345386292,8,0,1,3584,8,9931156017
8698,345381680,158339,345540019,5,0,0,34304,5,3265982667
8699,345399768,143542,345543310,10,0,0,10752,10,1996552255
8700,345401658,69284,345470942,2,0,0,8192,2,5949359232
8701,345404183,412042,345816225,25,0,0,24576,25,3131530009
8702,345404399,257020,345661419,11,0,0,5120,11,10563082735
8703,345422267,292703,345714970,5,0,0,58880,5,8181222663
8704,345432621,227184,345659805,4,0,0,49152,4,5329305484
8705,345445355,273554,345718909,22,0,0,12800,22,2270552101
8706,345451642,234876,345686518,14,0,0,51200,14,4944818721
8707,345483586,249209,345732795,18,0,0,15360,18,3129217696
8708,345493364,124841,345618205,5,0,0,27648,5,8857242763
8709,345543298,151986,345695284,2,0,0,9728,2,7130648175
8710,345616632,80383,345697015,9,0,0,5632,9,3562568884
8711,345641474,18362,345659836,24,0,1,19456,24,3000001980
8712,345642270,158317,345800587,2,0,0,35328,2,8837855959
8713,345647418,23470,345670888,2,0,1,3584,2,974456495
8714,345653440,17463,345670903,13,0,1,2560,13,6489899118
8715,345698884,320088,346018972,8,0,0,29184,8,1121312969
8716,345707974,178026,345886000,19,0,0,53760,19,8958950281
8717,345708246,257836,345966082,2,0,0,19968,2,4448703957
8718,345712909,208389,345921298,7,0,0,7168,7,5886445724
8719,345736518,262727,345999245,23,0,0,3584,23,10303967669
8720,345745700,154226,345899926,17,0,0,2560,17,1512041382
8721,345765462,566,345766028,13,0,1,512,13,4391188744
8722,345782467,18135,345800602,22,0,1,26624,22,1885719443
8723,345806905,129201,345936106,22,0,0,20480,22,1700929991
8724,345824922,200303,346025225,24,0,0,8192,24,3625085858
8725,345835338,123686,345959024,28,0,0,26624,28,3528299320
8726,345855519,5802,345861321,7,0,1,6144,7,8352124987
8727,345860920,146964,346007884,8,0,0,23040,8,8047752984
8728,345875285,84698,345959983,22,0,0,3072,22,8271008841
8729,345901120,74568,345975688,12,0,0,3072,12,6110024389
8730,345924786,4374,345929160,19,0,1,4608,19,2275349453
8731,345955733,196762,346152495,13,0,0,68096,13,5106048107
8732,345959502,8583,345968085,12,0,1,2048,12,2285112836
8733,345964069,146466,346110535,6,0,0,34816,6,1866490084
8734,345986956,142795,346129751,16,0,0,17408,16,1745056147
8735,345998148,99328,346097476,3,0,0,17408,3,2153396007
8736,346009747,222950,346232697,2,0,0,12800,2,7437493484
8737,346014872,224472,346239344,4,0,0,10752,4,9631727936
8738,346032759,196023,346228782,10,0,0,88064,10,8312945422
8739,346042828,128271,346171099,27,0,0,29696,27,4673458161
8740,346068806,5802,346074608,23,0,1,6144,23,7803132794
8741,346118779,4374,346123153,7,0,1,4608,7,5249082392
8742,346153508,98589,346252097,24,0,0,15360,24,7442069504
8743,346166704,122751,346289455,7,0,0,32768,7,2878482595
8744,346170463,199392,346369855,11,0,0,12800,11,5689077776
8745,346190090,140687,346330777,15,0,0,6656,15,9012458024
8746,346212354,233047,346445401,0,0,0,32768,0,4101859354
8747,346236905,53197,346290102,5,0,0,2048,5,9254867186
8748,346244974,116932,346361906,4,0,0,30720,4,10677440128
8749,346285012,114764,346399776,18,0,0,2048,18,7047007312
8750,346316667,72047,346388714,8,0,0,512,8,62132374
8751,346340071,201216,346541287,17,0,0,33792,17,6909239596
8752,346343665,7706,346351371,26,0,1,8192,26,1816120130
8753,346366948,60807,346427755,0,0,0,6144,0,1642447261
8754,346393549,118818,346512367,23,0,0,24576,23,1959502108
8755,346395176,4615,346399791,13,0,1,4608,13,7584257066
8756,346412544,5802,346418346,19,0,1,6144,19,6580054773
8757,346442992,47997,346490989,2,0,0,1024,2,3212511185
8758,346461152,137908,346599060,2,0,0,19968,2,5014067724
8759,346483210,45596,346528806,20,0,0,1024,20,6544044241
8760,346488814,175207,346664021,24,0,0,30720,24,2814079789
8761,346499476,68060,346567536,6,0,0,9216,6,7236516270
8762,346528978,120812,346649790,17,0,0,51200,17,5196313958
8763,346533671,135433,346669104,11,0,0,7680,11,2225110127
8764,346547856,3898,346551754,9,0,1,4096,9,7506544465
8765,346559683,246746,346806429,12,0,0,59392,12,5099436543
8766,346563666,101150,346664816,0,0,0,2560,0,6807600588
8767,346581573,69324,346650897,5,0,0,3584,5,9922904085
8768,346589452,290639,346880091,21,0,0,37888,21,9414614052
8769,346609108,203264,346812372,1,0,0,19456,1,6538007931
8770,346631478,54864,346686342,6,0,0,2560,6,7032029597
8771,346643341,177173,346820514,18,0,0,19968,18,5124473909
8772,346671708,149765,346821473,12,0,0,3072,12,1538750298
8773,346684688,129727,346814415,19,0,0,6656,19,1378967408
8774,346753802,247711,347001513,1,0,0,47104,1,5084298811
8775,346754146,7706,346761852,14,0,1,8192,14,4985698280
8776,346763020,192017,346955037,4,0,0,60928,4,8988108349
8777,346773965,133099,346907064,12,0,0,17920,12,8272583880
8778,346803421,382862,347186283,27,0,0,22528,27,9267166899
8779,346820187,8032,346828219,25,0,1,7168,25,7141047147
8780,346827033,63191,346890224,5,0,1,102912,5,9724453266
8781,346827435,63250,346890685,13,0,1,10240,13,4469004619
8782,346846982,119572,346966554,7,0,0,20480,7,1702800585
8783,346852026,204219,347056245,26,0,0,90624,26,2505837124
8784,346856849,231838,347088687,4,0,0,24576,4,10327282502
8785,346858308,71880,346930188,8,0,0,3072,8,7717394057
8786,346860508,383393,347243901,7,0,0,25600,7,461275470
8787,346872727,269708,347142435,24,0,0,8704,24,209795417
8788,346877443,256538,347133981,29,0,0,78848,29,1846784135
8789,346911605,288839,347200444,7,0,0,21504,7,2640221845
8790,346916488,450213,347366701,19,0,0,22016,19,5193789252
8791,346941685,198083,347139768,15,0,0,18944,15,5047388493
8792,346945361,10259,346955620,13,0,1,512,13,5318622241
8793,346979611,2870,346982481,19,0,1,8704,19,8437564734
8794,346988805,187017,347175822,11,0,0,19456,11,1940992742
8795,347019668,238756,347258424,8,0,0,47616,8,2496844489
8796,347035782,125496,347161278,16,0,0,3584,16,4300876881
8797,347057746,243666,347301412,28,0,0,17920,28,8924853632
8798,347074317,22691,347097008,5,0,1,37376,5,3628335715
8799,347074742,185109,347259851,25,0,0,4608,25,838147294
8800,347075292,196389,347271681,17,0,0,14336,17,19522231
8801,347105501,4162,347109663,11,0,1,11264,11,3208267845
8802,347136205,274443,347410648,29,0,0,41472,29,6784667830
8803,347193684,161031,347354715,7,0,0,58880,7,9080050825
8804,347197988,16565,347214553,26,0,1,24064,26,862010422
8805,347207118,299769,347506887,29,0,0,1536,29,7710500300
8806,347245159,223754,347468913,25,0,0,34304,25,4809351324
8807,347266075,172195,347438270,12,0,0,26624,12,798005343
8808,347272313,116639,347388952,16,0,0,512,16,9073728781
8809,347274028,5196,347279224,25,0,1,13312,25,3208194392
8810,347279110,145799,347424909,6,0,0,3584,6,5520310251
8811,347284452,186348,347470800,22,0,0,6144,22,8882835933
8812,347290118,11309,347301427,13,0,1,15872,13,1430422452
8813,347345713,332295,347678008,12,0,0,75776,12,10653627178
8814,347396214,108429,347504643,8,0,0,14336,8,3838317745
8815,347412710,58573,347471283,17,0,0,1536,17,6531841597
8816,347440532,202348,347642880,13,0,0,5120,13,3839838158
8817,347474418,166887,347641305,25,0,0,63488,25,7075046504
8818,347487720,77014,347564734,7,0,0,2560,7,4941923008
8819,347503315,97590,347600905,1,0,0,17920,1,10274517475
8820,347510466,190689,347701155,14,0,0,11776,14,7389303690
8821,347520476,157703,347678179,23,0,0,512,23,4992833984
8822,347533769,149261,347683030,0,0,0,15872,0,9751410542
8823,347537771,3422,347541193,11,0,1,3584,11,2357694546
8824,347562980,127412,347690392,14,0,0,1024,14,9191255544
8825,347573092,116973,347690065,16,0,0,23040,16,2118421824
8826,347577198,137429,347714627,23,0,0,3584,23,8449841656
8827,347583425,156448,347739873,29,0,0,6656,29,6858888842
8828,347587236,171257,347758493,1,0,0,15360,1,1388182448
8829,347587831,2470,347590301,1,0,1,2560,1,982208825
8830,347643774,57864,347701638,4,0,0,1536,4,3319870046
8831,347723617,86204,347809821,18,0,0,13312,18,5234869598
8832,347767122,184128,347951250,27,0,0,23040,27,9603134428
8833,347769841,128381,347898222,8,0,0,50176,8,6882233030
8834,347780818,69284,347850102,0,0,0,8192,0,8644169411
8835,347787543,87608,347875151,14,0,0,17920,14,5277664836
8836,347808231,135984,347944215,2,0,0,39424,2,6572865918
8837,347818092,5326,347823418,7,0,1,5632,7,8023881692
8838,347869672,172913,348042585,20,0,0,9216,20,4416503733
8839,347873251,92399,347965650,19,0,0,2048,19,5559894230
8840,347879316,18921,347898237,25,0,1,6656,25,4042615897
8841,347886451,153311,348039762,7,0,0,83968,7,6295220849
8842,347925572,152556,348078128,14,0,0,6144,14,6762220908
8843,347930099,1518,347931617,26,0,1,1536,26,3795616023
8844,347944487,128230,348072717,28,0,0,4096,28,7200310081
8845,347963251,85802,348049053,18,0,0,2048,18,469004579
8846,347978859,113123,348091982,3,0,0,5120,3,7942821181
8847,347986774,3904,347990678,3,0,1,10752,3,10132953599
8848,348009601,199836,348209437,10,0,0,68096,10,4936828303
8849,348027444,118947,348146391,10,0,0,17920,10,1094452031
8850,348034532,154142,348188674,5,0,0,8192,5,167930644
8851,348040141,206967,348247108,5,0,0,47616,5,2850901519
8852,348044777,6754,348051531,19,0,1,7168,19,1129796987
8853,348056565,161155,348217720,10,0,0,27136,10,6187577516
8854,348094566,123489,348218055,2,0,0,1024,2,9581980992
8855,348101642,177086,348278728,29,0,0,10240,29,87698755
8856,348148928,4937,348153865,13,0,1,12800,13,8656611243
8857,348161493,2470,348163963,11,0,1,2560,11,6058682962
8858,348168816,4850,348173666,5,0,1,5120,5,10549655129
8859,348209662,112363,348322025,2,0,0,28672,2,1567204544
8860,348222906,90368,348313274,25,0,0,16896,25,3849415011
8861,348230794,16337,348247131,8,0,1,17408,8,5808285698
8862,348233250,217758,348451008,8,0,1,330240,8,256654642
8863,348251783,380069,348631852,26,0,0,23040,26,934277596
8864,348262112,478319,348740431,26,0,0,18432,26,4536388199
8865,348263814,191380,348455194,5,0,1,6656,5,9642225912
8866,348265262,317564,348582826,1,0,0,42496,1,7320899394
8867,348272627,165713,348438340,14,0,0,5632,14,1855660749
8868,348273611,287478,348561089,25,0,0,16896,25,1177988828
8869,348273636,538393,348812029,15,0,0,62976,15,5066268148
8870,348273655,296208,348569863,24,0,0,11264,24,3198179751
8871,348273984,292424,348566408,28,0,0,17408,28,1598014768
8872,348283038,369805,348652843,2,0,0,25600,2,2956347208
8873,348336706,155699,348492405,4,0,1,120832,4,7658257722
8874,348365835,515860,348881695,28,0,0,8192,28,2148931641
8875,348367075,230438,348597513,24,0,0,48128,24,1101959379
8876,348401189,209668,348610857,9,0,0,6656,9,9283039092
8877,348424270,324099,348748369,1,0,0,15360,1,8204744497
8878,348447219,400431,348847650,17,0,0,81408,17,4880776075
8879,348475742,401513,348877255,13,0,0,44032,13,7485149496
8880,348481881,252919,348734800,5,0,0,12800,5,9596623271
8881,348493781,426248,348920029,10,0,0,52224,10,3015612892
8882,348496951,233934,348730885,22,0,0,53760,22,10527744797
8883,348537473,7706,348545179,25,0,1,8192,25,2689369142
8884,348558429,369733,348928162,23,0,0,16896,23,8180515096
8885,348563117,45137,348608254,11,0,1,17408,11,7055522102
8886,348582734,271746,348854480,1,0,0,2048,1,9288379858
8887,348636435,2946,348639381,4,0,1,3072,4,9128190228
8888,348655372,350934,349006306,16,0,0,107008,16,6136916226
8889,348688139,10241,348698380,2,0,1,16384,2,6124280803
8890,348702080,73686,348775766,27,0,0,9216,27,4567456936
8891,348730497,131549,348862046,25,0,0,17920,25,7473445026
8892,348783914,167220,348951134,24,0,0,17920,24,4883851669
8893,348788348,257347,349045695,22,0,0,9728,22,8936480423
8894,348800623,242085,349042708,13,0,0,33792,13,8626404851
8895,348833634,179723,349013357,4,0,0,23040,4,17557199
8896,348836375,178097,349014472,0,0,0,3584,0,8145242830
8897,348845665,251539,349097204,9,0,0,2560,9,5289087982
8898,348864681,17029,348881710,5,0,1,2048,5,3339421314
8899,348874904,283657,349158561,24,0,0,144896,24,3403671726
8900,348904962,23215,348928177,2,0,1,9728,2,1487653191
8901,348908005,139265,349047270,2,0,0,5120,2,7202290232
8902,348947300,228387,349175687,20,0,0,39424,20,8445828847
8903,348970188,251904,349222092,5,0,0,27136,5,2567977900
8904,348977776,209142,349186918,26,0,0,5632,26,5984027992
8905,348977950,235859,349213809,9,0,0,21504,9,1775599352
8906,348989683,26291,349015974,1,0,1,1536,1,4724443446
8907,348999121,280257,349279378,13,0,0,23552,13,9663664830
8908,349020866,489292,349510158,3,0,0,11776,3,3404473929
8909,349036644,199682,349236326,13,0,0,29696,13,4452908624
8910,349041262,9387,349050649,4,0,1,9728,4,2504281664
8911,349051343,1042,349052385,4,0,1,1024,4,5592125076
8912,349064673,5712,349070385,4,0,1,14336,4,5228776132
8913,349073900,163689,349237589,24,0,0,4096,24,4432870434
8914,349107459,3422,349110881,16,0,1,3584,16,7777262790
8915,349107979,83441,349191420,18,0,0,12288,18,9790900868
8916,349115659,166152,349281811,22,0,1,199680,22,10486060881
8917,349121875,164122,349285997,26,0,1,6656,26,7364326775
8918,349127514,394630,349522144,25,0,0,23040,25,7535682576
8919,349133448,175947,349309395,28,0,0,33792,28,4872756583
8920,349154154,144930,349299084,12,0,0,10240,12,5115806770
8921,349178579,156186,349334765,7,0,0,22528,7,4485440055
8922,349183785,204040,349387825,27,0,0,49664,27,210765971
8923,349186020,101283,349287303,1,0,1,2048,1,1111771250
8924,349188250,231121,349419371,16,0,0,41984,16,10029745223
8925,349197076,92813,349289889,20,0,1,4096,20,9439400568
8926,349206200,115832,349322032,26,0,0,6144,26,8911428324
8927,349221858,173158,349395016,1,0,0,23552,1,8028667935
8928,349253443,253112,349506555,27,0,0,64000,27,1962561404
8929,349278826,11422,349290248,11,0,1,9728,11,9872353312
8930,349298608,401760,349700368,24,0,0,14336,24,8550543798
8931,349308858,373970,349682828,5,0,0,145408,5,1548233153
8932,349315153,469860,349785013,29,0,0,48128,29,6571258978
8933,349324592,377671,349702263,0,0,0,6144,0,4661975479
8934,349327846,253259,349581105,1,0,0,9216,1,819836899
8935,349331336,473987,349805323,29,0,0,65536,29,10413725867
8936,349347621,338030,349685651,26,0,0,9216,26,408019262
8937,349357585,263331,349620916,21,0,0,17408,21,1858609441
8938,349361161,599070,349960231,15,0,0,49664,15,3908735132
8939,349395603,299267,349694870,26,0,0,30208,26,444597222
8940,349416721,424694,349841415,17,0,0,3584,17,5958625218
8941,349421626,274359,349695985,6,0,0,3584,6,4742391679
8942,349438356,525010,349963366,15,0,0,10240,15,4943230363
8943,349440271,4374,349444645,1,0,1,4608,1,5513068381
8944,349446126,498958,349945084,13,0,0,95232,13,1461520845
8945,349461484,133733,349595217,2,0,0,5120,2,1648656102
8946,349505723,506624,350012347,0,0,0,51712,0,7596629086
8947,349522761,302895,349825656,10,0,0,8704,10,4694775696
8948,349525067,191009,349716076,13,0,0,7168,13,7598664025
8949,349532471,290518,349822989,29,0,0,52736,29,1203407
8950,349562228,3898,349566126,11,0,1,4096,11,10628625415
8951,349578388,258629,349837017,21,0,0,30208,21,2472221160
8952,349589461,164108,349753569,8,0,0,14336,8,10628564377
8953,349590676,216222,349806898,0,0,0,5120,0,6274971121
8954,349593865,6540,349600405,7,0,1,13312,7,7574777952
8955,349599786,10499,349610285,26,0,1,16896,26,8537521355
8956,349625155,269918,349895073,17,0,0,7680,17,7899518122
8957,349634742,333358,349968100,14,0,0,15360,14,4017981130
8958,349659496,125844,349785340,22,0,0,1024,22,9076212805
8959,349686666,153642,349840308,23,0,0,10752,23,4935432581
8960,349689180,19563,349708743,22,0,1,15872,22,5779456430
8961,349712008,324252,350036260,13,0,0,2560,13,2227838420
8962,349727172,286594,350013766,6,0,0,4608,6,2404285599
8963,349755465,331548,350087013,8,0,0,45568,8,6507290216
8964,349764165,271300,350035465,4,0,0,71168,4,978141134
8965,349792491,179064,349971555,7,0,0,11264,7,5728440901
8966,349810752,279248,350090000,7,0,0,9728,7,3220052424
8967,349870008,332406,350202414,3,0,0,30208,3,6559537393
8968,349871246,233995,350105241,4,0,0,8704,4,2242102781
8969,349872887,245005,350117892,16,0,0,41472,16,9533937927
8970,349881962,311225,350193187,9,0,0,73728,9,2610595195
8971,349906970,195067,350102037,23,0,0,13312,23,7266713069
8972,349914392,48989,349963381,5,0,1,12288,5,10165411280
8973,349921995,196224,350118219,23,0,0,1024,23,1112477475
8974,349924133,58397,349982530,11,0,1,17920,11,8511484164
8975,349932042,238666,350170708,21,0,0,44544,21,3118109194
8976,349941584,125979,350067563,7,0,0,8704,7,457338425
8977,349991050,160100,350151150,15,0,0,15872,15,5198460544
8978,350042948,178940,350221888,13,0,0,2048,13,8544713009
8979,350059129,155351,350214480,26,0,0,7168,26,7613255584
8980,350064939,147318,350212257,17,0,0,32256,17,8429005156
8981,350073839,146615,350220454,28,0,0,14848,28,385097519
8982,350085035,136214,350221249,9,0,0,2560,9,4165295821
8983,350086485,129430,350215915,28,0,0,4608,28,1402251764
8984,350087435,5077,350092512,13,0,1,2560,13,3876156772
8985,350128548,11016,350139564,7,0,1,17920,7,6577781822
8986,350129510,13600,350143110,7,0,1,5632,7,8855165777
8987,350133651,111164,350244815,6,0,0,8192,6,4255493640
8988,350133734,293721,350427455,16,0,0,60928,16,3557551607
8989,350146636,88573,350235209,2,0,0,1024,2,10520855352
8990,350160011,142340,350302351,22,0,0,39424,22,10603414207
8991,350182442,250659,350433101,20,0,0,17920,20,1473921651
8992,350187264,201732,350388996,21,0,0,54784,21,9561616090
8993,350190121,32768,350222889,20,0,1,1024,20,10324437511
8994,350199284,67279,350266563,8,0,1,76288,8,7274812447
8995,350204556,98746,350303302,28,0,0,3072,28,1337522303
8996,350264313,225092,350489405,10,0,0,31232,10,3613033703
8997,350298252,141572,350439824,6,0,0,22016,6,10022854023
8998,350343606,135452,350479058,24,0,0,19968,24,4447418527
8999,350370454,57172,350427626,0,0,0,512,0,2683120333
9000,350388144,1410,350389554,2,0,1,512,2,4504778249
9001,350391675,7706,350399381,4,0,1,8192,4,4733405952
9002,350431623,261158,350692781,19,0,0,3584,19,285733157
9003,350442830,135663,350578493,28,0,0,49152,28,4693926073
9004,350447501,234391,350681892,28,0,0,68608,28,10402639067
9005,350475778,314107,350789885,6,0,0,36864,6,8719041246
9006,350478189,452724,350930913,10,0,0,1024,10,8291155965
9007,350495764,124150,350619914,21,0,0,8704,21,9909913147
9008,350497722,280908,350778630,13,0,0,87552,13,7522013968
9009,350501322,392782,350894104,26,0,0,38400,26,10368703678
9010,350537317,345072,350882389,21,0,0,29184,21,206699256
9011,350577090,60132,350637222,23,0,0,1536,23,4968982661
9012,350606473,324113,350930586,14,0,0,49664,14,214749427
9013,350624828,233811,350858639,4,0,0,88064,4,3344633170
9014,350656838,405448,351062286,29,0,0,15872,29,7914249234
9015,350688118,126223,350814341,24,0,0,2048,24,498111543
9016,350740813,132669,350873482,24,0,0,48640,24,2329086291
9017,350761304,189022,350950326,21,0,0,51712,21,6998897511
9018,350766888,215610,350982498,6,0,0,48640,6,2016319446
9019,350767968,187322,350955290,25,0,0,7680,25,4673395233
9020,350801530,3128,350804658,11,0,1,9216,11,8764653098
9021,350808760,10241,350819001,20,0,1,16384,20,1108153556
9022,350811118,179039,350990157,4,0,0,25088,4,3333515871
9023,350839583,58378,350897961,1,0,1,4096,1,9291236135
9024,350888645,202109,351090754,6,0,0,38912,6,5135448678
9025,350914016,164859,351078875,2,0,0,33792,2,9411764745
9026,350922427,145802,351068229,23,0,0,19456,23,627094208
9027,350949488,232402,351181890,29,0,0,32768,29,10634366506
9028,350954130,169926,351124056,23,0,0,46080,23,4127415993
9029,350969107,155744,351124851,28,0,0,2560,28,4230140421
9030,350972222,155920,351128142,25,0,0,10752,25,1327493676
9031,350974603,225186,351199789,18,0,0,6656,18,10152920158
9032,350975549,93007,351068556,4,0,0,1024,4,4263384252
9033,350991329,178634,351169963,15,0,0,40960,15,4938686814
9034,350998603,6488,351005091,3,0,1,15872,3,6655698733
9035,351010406,221782,351232188,26,0,0,40448,26,4487397339
9036,351020871,162126,351182997,16,0,0,3584,16,8225363483
9037,351061651,152066,351213717,14,0,0,2048,14,3903543273
9038,351067986,145092,351213078,5,0,0,24576,5,1349272253
9039,351101211,236520,351337731,6,0,1,387072,6,3763146884
9040,351169552,267470,351437022,22,0,0,7680,22,2423079903
9041,351170413,264254,351434667,6,0,0,10752,6,3653072649
9042,351171379,167940,351339319,11,0,1,15872,11,6470279936
9043,351180995,274126,351455121,11,0,0,23552,11,6810503564
9044,351191966,187670,351379636,0,0,0,4608,0,5888188199
9045,351199561,218408,351417969,18,0,0,27648,18,5308851156
9046,351209208,141965,351351173,14,0,1,40448,14,546546333
9047,351217642,296702,351514344,5,0,0,34304,5,8688194976
9048,351254939,230128,351485067,26,0,0,14848,26,6557287882
9049,351266681,285247,351551928,11,0,0,9216,11,2332754049
9050,351303311,50128,351353439,13,0,1,3584,13,2895436561
9051,351307325,325979,351633304,2,0,0,24064,2,3089608637
9052,351319238,286297,351605535,15,0,0,22016,15,7791508554
9053,351337602,334692,351672294,22,0,0,84480,22,9515498532
9054,351373049,355912,351728961,17,0,0,12288,17,8061208745
9055,351386509,286424,351672933,7,0,0,2048,7,4454374539
9056,351397701,10757,351408458,3,0,1,17408,3,8816229642
9057,351399623,246916,351646539,24,0,0,20480,24,1485535827
9058,351408175,172068,351580243,13,0,0,16384,13,6681731580
9059,351422786,131029,351553815,15,0,0,6144,15,2768011040
9060,351427044,373250,351800294,2,0,0,47616,2,5553912141
9061,351436823,3137,351439960,2,0,1,3072,2,2427486348
9062,351440329,252674,351693003,4,0,0,16384,4,3871686062
9063,351442373,236659,351679032,22,0,0,19968,22,625457224
9064,351474881,343852,351818733,19,0,0,60416,19,10014967110
9065,351487970,5454,351493424,7,0,1,13824,7,7663502883
9066,351497736,201519,351699255,15,0,0,6656,15,10493357781
9067,351505285,12966,351518251,26,0,1,4096,26,9042258118
9068,351513260,96176,351609436,6,0,0,11264,6,2994144741
9069,351521163,244887,351766050,8,0,0,18432,8,2156611059
9070,351539577,295014,351834591,11,0,0,15360,11,9246189684
9071,351587749,277144,351864893,1,0,0,97792,1,2748048057
9072,351636853,104725,351741578,8,0,1,170496,8,4123025733
9073,351653430,92014,351745444,24,0,1,6144,24,3321495508
9074,351665634,400455,352066089,11,0,0,93696,11,3485020032
9075,351668519,238491,351907010,22,0,0,57856,22,4799148177
9076,351696054,123014,351819068,3,0,0,1024,3,2758911288
9077,351717288,354432,352071720,14,0,0,18432,14,4206828772
9078,351769350,196256,351965606,6,0,0,6656,6,4303810231
9079,351789280,203633,351992913,14,0,0,14848,14,2365156013
9080,351790415,295204,352085619,22,0,0,25600,22,2871912826
9081,351797916,22629,351820545,25,0,1,1536,25,2787211826
9082,351840663,285030,352125693,19,0,0,14848,19,6490972592
9083,351893632,15381,351909013,22,0,1,2048,22,5945347579
9084,351906092,191562,352097654,7,0,0,39424,7,7203119134
9085,351914925,204781,352119706,3,0,0,4096,3,8890262633
9086,351990722,7509,351998231,3,0,1,5632,3,3024104280
9087,352049927,23779,352073706,5,0,1,2048,5,3480512923
9088,352078639,122912,352201551,10,0,0,35840,10,4013096829
9089,352108670,104619,352213289,20,0,0,35328,20,10341375224
9090,352116809,85693,352202502,5,0,0,3072,5,6493307320
9091,352133555,93401,352226956,3,0,0,1536,3,7421269603
9092,352133750,20366,352154116,22,0,1,32768,22,9171168649
9093,352185235,143549,352328784,17,0,0,31744,17,10119858237
9094,352189620,106212,352295832,20,0,0,14336,20,7436600751
9095,352198866,26173,352225039,11,0,1,19456,11,6700959483
9096,352244289,93503,352337792,0,0,0,12800,0,1042197121
9097,352244772,165903,352410675,15,0,0,8192,15,1856054996
9098,352253288,103678,352356966,11,0,0,7168,11,7313032051
9099,352272438,224750,352497188,4,0,0,54784,4,6696959308
9100,352281444,48980,352330424,19,0,0,2048,19,2252559352
9101,352316933,101901,352418834,5,0,0,25600,5,4364555637
9102,352343437,99206,352442643,7,0,0,12288,7,190165948
9103,352369518,98540,352468058,28,0,0,23552,28,2291386871
9104,352452339,59132,352511471,12,0,0,5120,12,1296405480
9105,352522815,102944,352625759,24,0,0,37376,24,9670395480
9106,352543027,86803,352629830,8,0,0,13312,8,7956393622
9107,352549685,94584,352644269,10,0,0,22016,10,2952044002
9108,352571915,120912,352692827,11,0,0,18944,11,4387659755
9109,352577254,269542,352846796,3,0,0,68096,3,5990145993
9110,352582315,95104,352677419,16,0,0,8704,16,4076561234
9111,352586592,182541,352769133,12,0,0,105472,12,1055641240
9112,352589072,2470,352591542,13,0,1,2560,13,3126244948
9113,352593049,143614,352736663,10,0,0,31744,10,4264034157
9114,352644640,229003,352873643,3,0,0,75776,3,8693643247
9115,352647705,240010,352887715,19,0,0,41472,19,2863927957
9116,352696615,193306,352889921,13,0,0,2048,13,6602831849
9117,352720266,105767,352826033,17,0,0,4096,17,2694199712
9118,352797869,155384,352953253,4,0,0,23552,4,3628210099
9119,352810151,102470,352912621,23,0,0,6144,23,4349160539
9120,352834369,13478,352847847,13,0,1,1024,13,8308639725
9121,352835117,183983,353019100,6,0,0,77824,6,8923923894
9122,352849205,129858,352979063,8,0,0,6144,8,4445385446
9123,352861799,25939,352887738,24,0,1,12288,24,6531638835
9124,352877621,203417,353081038,23,0,0,12800,23,10530182976
9125,352891048,152605,353043653,1,0,0,15360,1,8252185049
9126,352929222,92241,353021463,6,0,0,7680,6,9974982721
9127,353003310,168460,353171770,23,0,0,35328,23,2111714107
9128,353044226,2470,353046696,19,0,1,2560,19,1860085366
9129,353055582,100880,353156462,11,0,0,31232,11,591838152
9130,353057435,3387,353060822,3,0,1,9728,3,3094904907
9131,353086951,117733,353204684,28,0,0,22016,28,8237690088
9132,353089674,307724,353397398,23,0,0,16896,23,517526343
9133,353109491,1042,353110533,26,0,1,1024,26,33553205
9134,353130562,1994,353132556,25,0,1,2048,25,9029791999
9135,353131566,139328,353270894,7,0,0,34304,7,2737781622
9136,353134617,155435,353290052,12,0,0,28672,12,2381394993
9137,353174503,62905,353237408,18,0,0,1024,18,7732225190
9138,353184338,57488,353241826,9,0,0,4608,9,3205534325
9139,353185215,156593,353341808,22,0,0,27136,22,2814477868
9140,353191324,2870,353194194,5,0,1,8704,5,152438116
9141,353221724,246822,353468546,3,0,0,89088,3,9312106508
9142,353222336,57440,353279776,6,0,0,4608,6,8277488362
9143,353228361,362699,353591060,12,0,0,36352,12,8769986597
9144,353260130,233592,353493722,3,0,0,20480,3,5746947136
9145,353282631,142430,353425061,5,0,0,1536,5,3579807355
9146,353344481,133931,353478412,3,0,0,23552,3,4950942149
9147,353347537,50473,353398010,18,0,0,1536,18,10490010834
9148,353370401,50672,353421073,20,0,0,2560,20,5319144074
9149,353382567,88646,353471213,11,0,0,8704,11,8720304778
9150,353400349,140729,353541078,23,0,0,27136,23,8657843021
9151,353432219,100568,353532787,12,0,0,30208,12,9159864313
9152,353454871,101470,353556341,19,0,0,14848,19,3687343558
9153,353458116,264581,353722697,18,0,0,17408,18,1205011981
9154,353481140,34367,353515507,8,0,1,56832,8,7392356409
9155,353500945,20463,353521408,11,0,1,19968,11,7371011342
9156,353524083,20883,353544966,25,0,1,10752,25,4141350690
9157,353532202,85732,353617934,1,0,0,7680,1,9263761329
9158,353533558,22798,353556356,26,0,1,17920,26,4391001604
9159,353548012,238732,353786744,23,0,0,30720,23,4719969853
9160,353575995,201374,353777369,7,0,0,33280,7,7048576569
9161,353586196,174364,353760560,19,0,0,3584,19,8549311028
9162,353595357,100400,353695757,21,0,0,4608,21,3332534305
9163,353600070,5802,353605872,25,0,1,6144,25,2324342224
9164,353609720,1042,353610762,22,0,1,1024,22,10062889221
9165,353646559,77713,353724272,5,0,0,5120,5,5227413766
9166,353661520,187216,353848736,5,0,0,23552,5,2200156760
9167,353695069,7910,353702979,26,0,1,7680,26,8286442930
9168,353698870,92881,353791751,4,0,0,16384,4,475363020
9169,353710442,4374,353714816,13,0,1,4608,13,96623748
9170,353716164,82907,353799071,27,0,0,2560,27,9637778839
9171,353721485,220345,353941830,8,0,0,15360,8,2191638196
9172,353728298,4850,353733148,7,0,1,5120,7,5674890973
9173,353732098,66988,353799086,8,0,1,113664,8,4692484792
9174,353736872,218320,353955192,24,0,0,7680,24,2980708610
9175,353781866,20437,353802303,7,0,1,5120,7,3961487532
9176,353793874,216084,354009958,23,0,0,71168,23,3361852787
9177,353864071,150986,354015057,10,0,0,1024,10,3851054705
9178,353880866,1042,353881908,22,0,1,1024,22,6980060134
9179,353883263,1042,353884305,24,0,1,1024,24,9552064130
9180,353899715,111194,354010909,15,0,0,3072,15,69125234
9181,353914292,172892,354087184,7,0,0,1024,7,4364785365
9182,353918975,69284,353988259,1,0,0,8192,1,2032546943
9183,353933709,109811,354043520,12,0,0,28672,12,7712303350
9184,353975993,137472,354113465,24,0,0,2048,24,439631423
9185,353983831,179886,354163717,1,0,0,30208,1,9788022756
9186,354009131,103695,354112826,3,0,0,11264,3,3807217544
9187,354013997,166739,354180736,20,0,0,55808,20,2188097000
9188,354026692,215581,354242273,16,0,0,37888,16,4503781046
9189,354037865,506590,354544455,4,0,0,48128,4,287895750
9190,354043754,165119,354208873,13,0,0,14848,13,7595428123
9191,354095179,102624,354197803,17,0,0,19968,17,4777275954
9192,354113542,97500,354211042,9,0,0,3584,9,2774201436
9193,354118413,149512,354267925,16,0,0,14848,16,1214669894
9194,354124413,1994,354126407,4,0,1,2048,4,43991646
9195,354125268,233233,354358501,29,0,0,4608,29,8626346007
9196,354136913,192434,354329347,12,0,0,65536,12,3460630481
9197,354160217,21094,354181311,7,0,1,512,7,2382999753
9198,354163559,145805,354309364,14,0,0,19968,14,10458640255
9199,354208844,235394,354444238,12,0,0,6144,12,170927718
9200,354213424,294622,354508046,11,0,0,155648,11,7768796367
9201,354217388,202637,354420025,8,0,0,7680,8,576740939
9202,354223982,289071,354513053,12,0,0,16384,12,499595717
9203,354237492,342596,354580088,4,0,0,17920,4,6063276672
9204,354241862,13769,354255631,19,0,1,22528,19,8537968761
9205,354264451,134796,354399247,1,0,0,6144,1,9306757124
9206,354266439,263321,354529760,27,0,0,54784,27,8476992852
9207,354309523,253018,354562541,23,0,0,10752,23,5238348533
9208,354368693,6754,354375447,7,0,1,7168,7,7965565846
9209,354410214,174569,354584783,16,0,0,15360,16,5505653710
9210,354415260,11016,354426276,18,0,1,17920,18,4195790962
9211,354416533,249669,354666202,7,0,0,67072,7,4686344277
9212,354421252,214897,354636149,24,0,0,22016,24,9530417616
9213,354434036,195390,354629426,7,0,0,17408,7,9624337043
9214,354444147,150209,354594356,1,0,0,14336,1,8557015402
9215,354496761,219719,354716480,3,0,0,4096,3,5347295951
9216,354500410,57370,354557780,24,0,1,22528,24,6141598272
9217,354526628,188589,354715217,19,0,0,60928,19,2346349194
9218,354630878,105051,354735929,14,0,0,27648,14,2621228843
9219,354641958,110255,354752213,9,0,0,8704,9,3554371541
9220,354646784,79775,354726559,21,0,0,4096,21,10614421175
9221,354659176,9913,354669089,5,0,1,8704,5,8206204670
9222,354695000,122529,354817529,10,0,0,20992,10,1333436690
9223,354764113,2470,354766583,1,0,1,2560,1,10012951502
9224,354770191,91264,354861455,18,0,0,12800,18,650778648
9225,354797159,203035,355000194,9,0,0,18432,9,8959124746
9226,354811539,113702,354925241,10,0,0,14336,10,3808113184
9227,354816363,169129,354985492,18,0,0,23040,18,5071639692
9228,354819178,175385,354994563,18,0,0,29696,18,7927418302
9229,354834594,242788,355077382,24,0,0,8704,24,8442772589
9230,354834906,2470,354837376,2,0,1,2560,2,9463773339
9231,354875846,177866,355053712,1,0,0,12800,1,2792918407
9232,354912249,6229,354918478,11,0,1,15360,11,8159147763
9233,354927154,162990,355090144,11,0,0,8704,11,1946505811
9234,354929276,169931,355099207,1,0,0,29696,1,4316129451
9235,354938357,75215,355013572,24,0,0,2048,24,7277335186
9236,354947513,194566,355142079,4,0,0,12800,4,3228061214
9237,354954314,183842,355138156,7,0,0,103424,7,6532734874
9238,354984203,99474,355083677,26,0,0,512,26,2206522671
9239,355038345,171760,355210105,28,0,0,80896,28,5756753533
9240,355051062,134380,355185442,6,0,0,25600,6,4839298861
9241,355114955,29553,355144508,20,0,1,2560,20,6205925713
9242,355195321,114408,355309729,8,0,0,27136,8,5084263066
9243,355196993,175624,355372617,4,0,0,57344,4,8453837309
9244,355218179,188804,355406983,3,0,0,57856,3,8053120341
9245,355220858,160526,355381384,12,0,0,28672,12,3237670770
9246,355268085,301665,355569750,29,0,0,56320,29,8418884189
9247,355299844,243808,355543652,0,0,0,48128,0,5972553068
9248,355302128,166884,355469012,6,0,0,32256,6,6142167803
9249,355311175,2946,355314121,19,0,1,3072,19,10164447173
9250,355319388,233171,355552559,11,0,0,29184,11,3611704087
9251,355325040,357452,355682492,10,0,0,20992,10,4226420907
9252,355344108,128195,355472303,28,0,0,10752,28,1547056337
9253,355346468,127886,355474354,14,0,0,6656,14,7053069879
9254,355352989,148752,355501741,19,0,0,14848,19,10626369699
9255,355366954,289630,355656584,23,0,0,31744,23,1287360918
9256,355367456,113958,355481414,22,0,0,16384,22,6435170515
9257,355402012,208095,355610107,2,0,0,9216,2,3321810426
9258,355423574,5326,355428900,13,0,1,5632,13,1126540500
9259,355434736,138781,355573517,22,0,0,12288,22,7246433249
9260,355462135,25261,355487396,5,0,1,22016,5,279852934
9261,355478706,10316,355489022,7,0,1,2560,7,7297470421
9262,355543549,197672,355741221,25,0,0,11264,25,8637171600
9263,355546400,27140,355573540,1,0,1,512,1,5527674025
9264,355558216,197416,355755632,19,0,0,11776,19,2223914429
9265,355585818,231134,355816952,26,0,0,51712,26,5793921114
9266,355611647,118362,355730009,21,0,0,18432,21,3925628110
9267,355613037,4850,355617887,14,0,1,5120,14,2851444827
9268,355614951,243551,355858502,8,0,0,33280,8,4805258311
9269,355633640,203011,355836651,16,0,0,46080,16,6982326860
9270,355637206,87164,355724370,7,0,0,21504,7,4202622213
9271,355642515,14092,355656607,13,0,1,7168,13,4610855559
9272,355647059,100621,355747680,5,0,0,6144,5,5089202985
9273,355658716,119246,355777962,13,0,0,3584,13,4904127777
9274,355667208,97105,355764313,2,0,0,7168,2,5230477584
9275,355667325,198524,355865849,29,0,0,24064,29,9098204068
9276,355679594,6035,355685629,5,0,1,9216,5,4376241975
9277,355680333,225488,355905821,27,0,0,9728,27,4087251551
9278,355686410,220050,355906460,27,0,0,2048,27,9075194735
9279,355688642,151799,355840441,7,0,0,12288,7,4724244332
9280,355718231,207914,355926145,9,0,0,16384,9,3888110518
9281,355742775,2946,355745721,7,0,1,3072,7,1477813607
9282,355747906,7741,355755647,8,0,1,5120,8,307382404
9283,355754410,13020,355767430,11,0,1,19456,11,7089098349
9284,355785013,1518,355786531,1,0,1,1536,1,8988495135
9285,355786318,116508,355902826,14,0,0,72192,14,6302017739
9286,355793931,5326,355799257,7,0,1,5632,7,4699930411
9287,355814707,131520,355946227,24,0,0,512,24,2915324356
9288,355815364,21318,355836682,24,0,1,22528,24,9801869820
9289,355819866,372733,356192599,1,0,0,59904,1,4656203993
9290,355822320,175141,355997461,20,0,0,11264,20,7075230667
9291,355844301,389362,356233663,17,0,0,13312,17,7937550587
9292,355864052,114119,355978171,16,0,0,8704,16,9404298233
9293,355867919,211646,356079565,10,0,0,37888,10,6632747969
9294,355869626,2946,355872572,28,0,1,3072,28,5051697782
9295,355873007,3387,355876394,7,0,1,9728,7,177380444
9296,355879889,248831,356128720,28,0,0,20992,28,3219754759
9297,355894564,212871,356107435,21,0,0,31232,21,5035380479
9298,355895489,75753,355971242,29,0,0,1024,29,684709001
9299,355907227,179061,356086288,22,0,0,22016,22,3395618937
9300,355921938,273344,356195282,11,0,0,8704,11,8240538683
9301,355946586,169874,356116460,25,0,0,7680,25,366894174
9302,355953033,276551,356229584,10,0,0,74240,10,5554080032
9303,355989094,108802,356097896,11,0,0,12288,11,160088415
9304,356003601,6278,356009879,24,0,1,6656,24,31608331
9305,356010202,3422,356013624,15,0,1,3584,15,6786304900
9306,356058806,469387,356528193,4,0,0,31744,4,7231121252
9307,356061622,239092,356300714,14,0,0,69632,14,2821522495
9308,356074811,281183,356355994,1,0,0,21504,1,2253255236
9309,356095888,15410,356111298,25,0,1,10752,25,3969824668
9310,356097958,483499,356581457,25,0,0,8704,25,6179182009
9311,356104846,327417,356432263,24,0,0,22528,24,5986309737
9312,356108534,12734,356121268,8,0,1,16896,8,2479104674
9313,356125888,237453,356363341,10,0,0,24064,10,2608828221
9314,356125938,460253,356586191,10,0,0,1536,10,1785004667
9315,356126338,426073,356552411,19,0,0,52736,19,3225683523
9316,356138681,447019,356585700,6,0,0,13824,6,7714536273
9317,356144245,187738,356331983,28,0,0,32256,28,42890148
9318,356169487,446568,356616055,11,0,0,16384,11,1713831069
9319,356171110,265380,356436490,26,0,0,13824,26,8142588563
9320,356171217,302276,356473493,15,0,0,1536,15,1652508998
9321,356181145,18516,356199661,25,0,1,11776,25,6496418746
9322,356181555,302714,356484269,6,0,0,6656,6,7372575655
9323,356203833,184775,356388608,24,0,0,4096,24,3280932981
9324,356210229,239442,356449671,20,0,0,27648,20,4431978191
9325,356235719,451613,356687332,24,0,0,15872,24,5166927473
9326,356238969,339821,356578790,7,0,0,86528,7,299496203
9327,356244419,7706,356252125,22,0,1,8192,22,406618577
9328,356258654,230154,356488808,14,0,0,14848,14,3713899744
9329,356281944,82728,356364672,8,0,1,104448,8,5449344570
9330,356309869,189604,356499473,3,0,0,6144,3,10618155697
9331,356371777,134102,356505879,26,0,0,10240,26,2972652824
9332,356381412,238246,356619658,3,0,0,11776,3,8291233437
9333,356389228,10499,356399727,2,0,1,16896,2,7770202208
9334,356416448,102058,356518506,19,0,0,14848,19,8076321256
9335,356449105,161943,356611048,29,0,0,21504,29,2866309917
9336,356465934,240380,356706314,28,0,0,20992,28,7509979543
9337,356493088,6400,356499488,11,0,1,6144,11,4099495347
9338,356507376,5454,356512830,1,0,1,13824,1,5832585814
9339,356512411,170047,356682458,18,0,0,39424,18,5541601103
9340,356522030,148401,356670431,21,0,0,49664,21,10056874485
9341,356551155,188891,356740046,3,0,0,40960,3,2839960258
9342,356568332,250989,356819321,15,0,0,54784,15,9292172852
9343,356573491,179554,356753045,4,0,0,37376,4,2984200192
9344,356579269,258007,356837276,1,0,0,58880,1,5968655822
9345,356604229,78252,356682481,29,0,1,100864,29,2718928014
9346,356630510,319795,356950305,26,0,0,16896,26,5064239510
9347,356651532,140411,356791943,0,0,0,10752,0,612444623
9348,356664204,238927,356903131,13,0,0,19456,13,686517504
9349,356674713,183721,356858434,16,0,0,18432,16,5348381242
9350,356681427,167119,356848546,27,0,0,6144,27,6326069796
9351,356682889,272837,356955726,16,0,0,1024,16,5923979999
9352,356688377,208811,356897188,28,0,0,26112,28,4041730918
9353,356720987,187939,356908926,27,0,0,18944,27,4444518967
9354,356736653,124465,356861118,20,0,0,3584,20,4869614791
9355,356753233,214808,356968041,8,0,1,348160,8,5654756659
9356,356784248,501773,357286021,7,0,0,88576,7,6556097929
9357,356786572,517501,357304073,25,0,0,42496,25,3471104170
9358,356802521,291308,357093829,21,0,0,18432,21,1909453025
9359,356803804,340330,357144134,2,0,0,1024,2,2330758033
9360,356822706,147281,356969987,26,0,1,3072,26,6933388805
9361,356822982,513694,357336676,25,0,0,3072,25,2512564930
9362,356842336,203893,357046229,13,0,0,52736,13,8918547723
9363,356871499,267185,357138684,11,0,0,31232,11,7202375923
9364,356902346,69267,356971613,25,0,1,2560,25,7951719490
9365,356915168,409683,357324851,12,0,0,58880,12,8092724244
9366,356926465,304378,357230843,4,0,0,25088,4,5646391267
9367,356952465,253067,357205532,4,0,0,19968,4,9051494986
9368,356960591,181088,357141679,9,0,0,9728,9,4812031847
9369,356965926,340970,357306896,18,0,0,9216,18,2185738324
9370,356967185,21658,356988843,29,0,1,35328,29,4765274278
9371,356968372,358464,357326836,7,0,0,1024,7,6339020760
9372,356992879,424448,357417327,5,0,0,8192,5,9601617927
9373,356996161,390671,357386832,2,0,0,49152,2,9485757465
9374,357025518,387567,357413085,0,0,0,5120,0,10593268060
9375,357047736,5454,357053190,5,0,1,13824,5,6696216669
9376,357054752,566,357055318,11,0,1,512,11,2357138799
9377,357057122,341269,357398391,10,0,0,37888,10,4980458910
9378,357098351,1042,357099393,4,0,1,1024,4,2150991499
9379,357123857,17845,357141702,1,0,1,29184,1,2154390002
9380,357125606,285904,357411510,2,0,0,43008,2,15540435
9381,357134845,8311,357143156,11,0,1,1536,11,9253673452
9382,357172758,152280,357325038,16,0,0,512,16,4890730027
9383,357173440,177595,357351035,16,0,0,14848,16,10036721576
9384,357175713,178925,357354638,18,0,0,11776,18,2466414411
9385,357259222,417821,357677043,8,0,0,154624,8,9229665124
9386,357265227,179257,357444484,24,0,0,16896,24,4740245698
9387,357269521,280116,357549637,20,0,0,37888,20,1126531596
9388,357280040,191725,357471765,8,0,0,7680,8,8054416789
9389,357286874,329138,357616012,12,0,0,30720,12,1745706491
9390,357307687,385402,357693089,13,0,0,10752,13,8734896910
9391,357316919,191428,357508347,19,0,0,5632,19,3865014164
9392,357322553,92263,357414816,18,0,0,5632,18,10151539111
9393,357325745,273982,357599727,11,0,0,3072,11,5887020927
9394,357340145,459084,357799229,26,0,0,41472,26,7368836541
9395,357359837,5802,357365639,25,0,1,6144,25,9453282809
9396,357367309,170769,357538078,27,0,0,57856,27,2961089607
9397,357467690,4090,357471780,25,0,1,9728,25,5237769789
9398,357472632,340350,357812982,7,0,0,2560,7,2590356489
9399,357501956,179642,357681598,22,0,0,14848,22,2102058113
9400,357503544,114199,357617743,5,0,0,5632,5,6251057646
9401,357510653,249991,357760644,25,0,0,18432,25,9022860517
9402,357520187,198545,357718732,20,0,0,35328,20,5866230551
9403,357537659,18475,357556134,2,0,1,15872,2,2443504880
9404,357541211,241912,357783123,7,0,0,73728,7,9019799331
9405,357553803,168079,357721882,11,0,0,5120,11,7772603674
9406,357554192,166115,357720307,16,0,0,5120,16,4811189058
9407,357592953,213170,357806123,17,0,0,7680,17,9987385681
9408,357603057,200711,357803768,11,0,0,14848,11,564049940
9409,357623659,225717,357849376,11,0,0,30720,11,2748021357
9410,357658017,181984,357840001,7,0,0,18432,7,2115657043
9411,357662132,124446,357786578,13,0,0,11264,13,3898179225
9412,357665266,20239,357685505,3,0,1,4096,3,9271061002
9413,357668642,21049,357689691,21,0,1,6656,21,8533654923
9414,357740870,121040,357861910,28,0,0,17920,28,2064910299
9415,357744423,206725,357951148,7,0,0,42496,7,1182546145
9416,357766728,88429,357855157,7,0,0,2560,7,5364922644
9417,357821009,70979,357891988,3,0,0,4608,3,10246765809
9418,357837519,67597,357905116,1,0,0,4096,1,7747235956
9419,357856666,185672,358042338,19,0,0,37888,19,1097970007
9420,357867256,155822,358023078,15,0,0,512,15,4208165585
9421,357869968,99476,357969444,19,0,0,26624,19,1123709823
9422,357901597,121295,358022892,12,0,0,15872,12,4901073670
9423,357917020,150776,358067796,13,0,0,27136,13,5025292516
9424,357917028,99258,358016286,11,0,0,17920,11,3665342112
9425,357931172,116953,358048125,10,0,0,18944,10,199770033
9426,357972712,170379,358143091,14,0,0,42496,14,951319622
9427,357978280,4374,357982654,8,0,1,4608,8,7138392345
9428,358008086,14821,358022907,11,0,1,17408,11,1061453416
9429,358062662,106343,358169005,7,0,0,25600,7,9714385302
9430,358065996,139319,358205315,20,0,0,34816,20,9523791681
9431,358093283,99656,358192939,26,0,0,12288,26,5992970424
9432,358101407,4850,358106257,8,0,1,5120,8,9256382615
9433,358118448,119488,358237936,17,0,0,24576,17,8955827996
9434,358121153,150348,358271501,18,0,0,24064,18,3936664153
9435,358145529,100864,358246393,3,0,0,5120,3,10520640701
9436,358146651,83782,358230433,24,0,0,8192,24,4923674826
9437,358153081,248544,358401625,3,0,0,115712,3,7724677171
9438,358179862,152685,358332547,18,0,0,59904,18,862101416
9439,358186828,275247,358462075,28,0,0,60928,28,8164012699
9440,358196868,13782,358210650,22,0,1,5632,22,8599687865
9441,358199692,136154,358335846,2,0,0,10752,2,6594344790
9442,358235466,278086,358513552,0,0,0,49664,0,5250329072
9443,358237926,260479,358498405,20,0,0,37888,20,3579237029
9444,358272552,4679,358277231,11,0,1,12288,11,9244944401
9445,358275279,4711,358279990,4,0,1,10240,4,4343846778
9446,358277391,185331,358462722,12,0,0,2048,12,8037098771
9447,358320764,87204,358407968,23,0,0,8192,23,5565384332
9448,358346882,180425,358527307,16,0,0,11264,16,4031005904
9449,358361925,226787,358588712,9,0,0,49664,9,5067535285
9450,358391004,209438,358600442,25,0,0,24576,25,1546271998
9451,358424601,168338,358592939,12,0,0,13824,12,1742256175
9452,358430126,119701,358549827,6,0,0,10240,6,9123207729
9453,358453473,99801,358553274,15,0,0,11264,15,4041243005
9454,358467776,1518,358469294,13,0,1,1536,13,9635198946
9455,358472794,1518,358474312,19,0,1,1536,19,1656245791
9456,358498394,130812,358629206,14,0,0,39936,14,5623533168
9457,358511994,3110,358515104,4,0,1,1536,4,4473067974
9458,358513124,117345,358630469,14,0,0,4096,14,8424427185
9459,358544800,95644,358640444,18,0,0,5120,18,28746359
9460,358560649,130663,358691312,15,0,0,41984,15,3490789698
9461,358621445,177981,358799426,2,0,0,31744,2,10048683120
9462,358630779,213188,358843967,8,0,0,3072,8,4876292243
9463,358647550,119464,358767014,13,0,0,62464,13,9245893949
9464,358684297,9919,358694216,24,0,1,8704,24,9281674865
9465,358688828,88566,358777394,20,0,0,3584,20,1904358918
9466,358689906,86381,358776287,25,0,0,11264,25,10707188917
9467,358717044,125972,358843016,5,0,0,48640,5,6021870618
9468,358744545,82997,358827542,25,0,0,11264,25,8768783864
9469,358744738,79198,358823936,14,0,0,10240,14,404075930
9470,358783263,2470,358785733,27,0,1,2560,27,7888961948
9471,358788269,59379,358847648,6,0,0,512,6,365175309
9472,358808934,78884,358887818,28,0,0,10240,28,10390613139
9473,358811574,64154,358875728,1,0,0,1536,1,3848694845
9474,358825997,57285,358883282,14,0,0,4096,14,2385277024
9475,358843295,47952,358891247,14,0,0,1536,14,5637430135
9476,358903990,11791,358915781,3,0,1,19456,3,2527342671
9477,358908345,79494,358987839,25,0,0,9216,25,2937200609
9478,358908969,106338,359015307,19,0,0,29696,19,7000954902
9479,358915314,125733,359041047,28,0,0,22528,28,1983428572
9480,358928344,1994,358930338,1,0,1,2048,1,7111735269
9481,358932113,220103,359152216,2,0,0,13312,2,2004381666
9482,358960053,65070,359025123,1,0,0,5120,1,6832642482
9483,358963611,141798,359105409,13,0,0,15872,13,9856349662
9484,359012654,75313,359087967,25,0,0,9216,25,3931926051
9485,359031128,117017,359148145,9,0,0,41472,9,5084859717
9486,359037070,47873,359084943,12,0,0,512,12,795009640
9487,359110005,90368,359200373,23,0,0,16896,23,7470548801
9488,359145392,99056,359244448,23,0,0,23040,23,7735230465
9489,359153166,99632,359252798,25,0,0,27136,25,1354631261
9490,359175748,1994,359177742,11,0,1,2048,11,5775482557
9491,359190822,222808,359413630,29,0,0,80896,29,457415324
9492,359199701,54720,359254421,15,0,0,3584,15,7550080293
9493,359210530,128346,359338876,8,0,0,33280,8,6785826318
9494,359244827,12337,359257164,7,0,1,4608,7,4253463498
9495,359271223,153574,359424797,10,0,0,4608,10,10657313059
9496,359288694,134684,359423378,12,0,0,17408,12,9581452966
9497,359296412,168825,359465237,15,0,0,17408,15,2522190513
9498,359311164,103916,359415080,20,0,0,1536,20,9270825747
9499,359317783,96814,359414597,7,0,0,3072,7,2628747659
9500,359318949,139139,359458088,15,0,0,22016,15,8193244042
9501,359328500,89559,359418059,10,0,0,9728,10,6706893505
9502,359354761,152145,359506906,7,0,0,41984,7,9486649864
9503,359395324,86518,359481842,4,0,0,3072,4,9924508077
9504,359396760,82606,359479366,1,0,0,6656,1,909338862
9505,359424677,88367,359513044,17,0,0,512,17,1620876355
9506,359500614,56956,359557570,19,0,0,2560,19,4866014110
9507,359502019,102820,359604839,19,0,0,21504,19,5201218236
9508,359511695,2946,359514641,13,0,1,3072,13,8704126882
9509,359534334,72712,359607046,8,0,0,7168,8,10509916420
9510,359545346,97899,359643245,18,0,0,15360,18,5987363757
9511,359563947,141398,359705345,28,0,0,57856,28,3945971119
9512,359598653,141514,359740167,3,0,0,1024,3,8004300006
9513,359643245,117366,359760611,26,0,0,23040,26,2922859000
9514,359651907,4679,359656586,26,0,1,12288,26,3334792302
9515,359698708,8665,359707373,4,0,1,2048,4,7756594932
9516,359700724,7635,359708359,25,0,1,1536,25,3938387966
9517,359703724,112371,359816095,10,0,0,59904,10,9205345590
9518,359726954,160079,359887033,7,0,0,62976,7,473850873
9519,359747788,47288,359795076,0,0,0,1536,0,2029608690
9520,359810565,95092,359905657,14,0,0,11264,14,174194022
9521,359860834,70407,359931241,28,0,0,9216,28,1076311348
9522,359874166,18830,359892996,16,0,1,14848,16,3100007229
9523,359903882,82242,359986124,1,0,0,512,1,10069654589
9524,359907433,150718,360058151,24,0,0,14336,24,9358959424
9525,359913916,54225,359968141,9,0,0,2048,9,8050637704
9526,359924492,3898,359928390,22,0,1,4096,22,9798692728
9527,359937429,130097,360067526,9,0,0,30720,9,9133830526
9528,359953192,100568,360053760,29,0,0,30208,29,5790348016
9529,359964645,143129,360107774,13,0,0,25600,13,6402302581
9530,360044581,34695,360079276,8,0,1,19456,8,5131952733
9531,360085483,58689,360144172,10,0,0,1024,10,3109640207
9532,360098576,65900,360164476,27,0,0,7168,27,3252835906
9533,360114022,73650,360187672,20,0,0,7680,20,9896495690
9534,360126436,69152,360195588,0,0,0,12800,0,992750065
9535,360133150,90398,360223548,27,0,0,13824,27,7319885561
9536,360134984,5454,360140438,11,0,1,13824,11,10173372177
9537,360141255,88400,360229655,6,0,0,19968,6,427743655
9538,360166327,1518,360167845,26,0,1,1536,26,7014302629
9539,360219473,117547,360337020,5,0,0,34816,5,77595956
9540,360232928,137198,360370126,11,0,0,1024,11,4675227650
9541,360255068,138436,360393504,18,0,0,58880,18,5290493438
9542,360268229,5326,360273555,7,0,1,5632,7,5132897012
9543,360269351,85541,360354892,10,0,0,2560,10,3038752805
9544,360283364,188212,360471576,24,0,0,20480,24,645052737
9545,360331190,105322,360436512,8,0,0,31744,8,6900461246
9546,360360140,175419,360535559,13,0,0,15360,13,5123134376
9547,360378506,27056,360405562,19,0,1,19968,19,8312659901
9548,360381958,110990,360492948,16,0,0,25088,16,8225232719
9549,360394700,136164,360530864,26,0,0,39424,26,4763453067
9550,360406411,130255,360536666,8,0,0,3584,8,6233260711
9551,360440807,224325,360665132,10,0,0,29184,10,4109799557
9552,360448929,157763,360606692,20,0,0,13824,20,7397435337
9553,360455428,135118,360590546,12,0,0,17408,12,7048168849
9554,360497468,55222,360552690,28,0,0,1024,28,8196425237
9555,360537224,129483,360666707,2,0,0,5120,2,10149247976
9556,360551540,122217,360673757,25,0,0,21504,25,3853782384
9557,360554729,84513,360639242,3,0,0,3584,3,4419852995
9558,360569613,97577,360667190,2,0,0,1536,2,10117329270
9559,360579985,151772,360731757,25,0,0,27648,25,9646114354
9560,360580684,9885,360590569,5,0,1,15872,5,5615488576
9561,360584942,9494,360594436,0,0,1,4096,0,3978212803
9562,360610215,199248,360809463,6,0,0,49664,6,1224661805
9563,360618099,82813,360700912,1,0,0,6656,1,7095327746
9564,360634708,4549,360639257,24,0,1,4608,24,69239226
9565,360648667,104972,360753639,4,0,0,2560,4,5784942816
9566,360677670,566,360678236,4,0,1,512,4,9386739723
9567,360726939,97098,360824037,29,0,0,5632,29,6538116662
9568,360728718,216371,360945089,3,0,0,51200,3,10041552075
9569,360731333,119224,360850557,2,0,0,54784,2,5234316243
9570,360744262,241867,360986129,9,0,0,24576,9,2691384015
9571,360762347,245112,361007459,29,0,0,12800,29,5277315323
9572,360772096,186120,360958216,9,0,0,43008,9,7318861285
9573,360822722,27858,360850580,25,0,1,18432,25,2101211766
9574,360835159,126590,360961749,0,0,0,4096,0,155522100
9575,360904396,250955,361155351,13,0,0,65536,13,5657704288
9576,360920455,95131,361015586,10,0,0,26624,10,4654263655
9577,360929417,203478,361132895,2,0,0,39424,2,3671038098
9578,360934077,100412,361034489,8,0,0,4608,8,9018365201
9579,360960024,150057,361110081,9,0,0,49152,9,10086011687
9580,360976451,144409,361120860,19,0,0,35328,19,4122997248
9581,360977849,8295,360986144,5,0,1,14336,5,7758947068
9582,361029074,105864,361134938,26,0,0,6656,26,9463292608
9583,361037387,122503,361159890,14,0,0,14848,14,9490122902
9584,361074462,87331,361161793,3,0,0,6144,3,9963037338
9585,361082156,147958,361230114,25,0,0,63488,25,1774364070
9586,361085783,114376,361200159,10,0,0,8704,10,8578690871
9587,361110271,160565,361270836,1,0,0,31232,1,7144617146
9588,361132340,100753,361233093,9,0,0,9728,9,3075718102
9589,361145986,256046,361402032,10,0,0,86528,10,3123824810
9590,361148772,258275,361407047,29,0,0,16384,29,9232721761
9591,361180998,1042,361182040,11,0,1,1024,11,6778613344
9592,361182710,7706,361190416,14,0,1,8192,14,4555918295
9593,361218652,17872,361236524,4,0,1,3584,4,9792070255
9594,361226111,102790,361328901,13,0,0,20480,13,9300455843
9595,361298962,2470,361301432,8,0,1,2560,8,7418319773
9596,361302153,1042,361303195,24,0,1,1024,24,3055782966
9597,361324928,7387,361332315,15,0,1,3584,15,456683723
9598,361351526,2470,361353996,16,0,1,2560,16,155933280
9599,361351645,68305,361419950,2,0,0,4096,2,6854592104
9600,361351924,3698,361355622,15,0,1,2560,15,5462099916
9601,361353267,64208,361417475,19,0,0,6656,19,10035627485
9602,361365315,100880,361466195,1,0,0,31232,1,6269013415
9603,361368354,138935,361507289,12,0,0,8704,12,10012661704
9604,361381975,224526,361606501,23,0,0,33792,23,9766278733
9605,361394198,340463,361734661,20,0,0,2560,20,931536438
9606,361408822,112009,361520831,8,0,0,6656,8,2256038465
9607,361410758,566,361411324,4,0,1,512,4,468989547
9608,361430156,133929,361564085,12,0,0,33792,12,7337070254
9609,361431792,247062,361678854,20,0,0,6144,20,4504885845
9610,361452711,118721,361571432,17,0,0,24064,17,1014877411
9611,361467799,170783,361638582,10,0,0,19456,10,1317869535
9612,361485621,4420,361490041,26,0,1,11776,26,5793976356
9613,361506043,177245,361683288,18,0,0,13824,18,4216873455
9614,361511339,154213,361665552,9,0,0,31232,9,1385869054
9615,361521899,6278,361528177,19,0,1,6656,19,2151771162
9616,361529638,243836,361773474,5,0,0,76800,5,1906169555
9617,361552402,162127,361714529,12,0,0,1536,12,4512007434
9618,361602285,239955,361842240,18,0,0,59392,18,10622613
9619,361627304,153696,361781000,5,0,0,19456,5,6327713130
9620,361639171,3422,361642593,23,0,1,3584,23,1586003355
9621,361639633,4583,361644216,11,0,1,10752,11,6353532046
9622,361648644,169241,361817885,9,0,0,15872,9,4120649985
9623,361654777,241035,361895812,13,0,0,7168,13,4573472659
9624,361675430,99619,361775049,9,0,0,5120,9,6418943701
9625,361699689,191725,361891414,27,0,0,75776,27,10185086788
9626,361708724,400718,362109442,28,0,0,67584,28,9500333333
9627,361713226,228909,361942135,18,0,0,32768,18,8097413
9628,361714514,358579,362073093,25,0,0,14848,25,10567190434
9629,361717612,176001,361893613,28,0,0,7168,28,7197167221
9630,361758785,25561,361784346,19,0,1,9728,19,2203426807
9631,361786256,123424,361909680,29,0,1,200192,29,6252761004
9632,361786649,325460,362112109,26,0,0,8704,26,2243721380
9633,361793088,267769,362060857,1,0,0,48640,1,2339005554
9634,361798981,182543,361981524,4,0,0,1536,4,2770575661
9635,361808444,254308,362062752,27,0,0,6144,27,8092793122
9636,361816880,377765,362194645,26,0,0,67072,26,4564246425
9637,361816926,413661,362230587,14,0,0,51712,14,10602463124
9638,361823207,86819,361910026,7,0,1,512,7,7461996081
9639,361829232,81140,361910372,7,0,1,512,7,5238496970
9640,361839345,249490,362088835,20,0,0,13312,20,2785402545
9641,361848341,182546,362030887,12,0,0,26624,12,10139080064
9642,361865716,258565,362124281,25,0,0,6144,25,4737496852
9643,361867411,246593,362114004,4,0,0,6144,4,2246664128
9644,361911318,371635,362282953,12,0,0,16896,12,9705301190
9645,361937832,208129,362145961,15,0,0,25088,15,8531355493
9646,361958996,200331,362159327,24,0,0,4096,24,8734933261
9647,361963026,7230,361970256,7,0,1,7680,7,8640879336
9648,362019383,389105,362408488,24,0,0,14336,24,1499881166
9649,362032466,301361,362333827,4,0,0,16384,4,7187470238
9650,362037133,5802,362042935,1,0,1,6144,1,9194333017
9651,362055862,283125,362338987,7,0,0,3072,7,6464976064
9652,362063896,199108,362263004,12,0,0,15360,12,2721740766
9653,362082025,160500,362242525,16,0,0,10240,16,10047067669
9654,362098085,104228,362202313,18,0,0,16384,18,6477623905
9655,362113522,119420,362232942,14,0,0,7680,14,8431091648
9656,362116694,200459,362317153,8,0,0,38400,8,887849422
9657,362156245,275844,362432089,19,0,0,37888,19,1412660354
9658,362173384,118683,362292067,3,0,0,20480,3,5666726661
9659,362198820,205285,362404105,21,0,0,59392,21,10192819700
9660,362236647,110141,362346788,15,0,0,15872,15,437449461
9661,362260825,3213,362264038,2,0,1,1024,2,3310275145
9662,362292630,207637,362500267,28,0,0,86528,28,4700330587
9663,362304280,113583,362417863,7,0,0,30720,7,3953178163
9664,362327026,93504,362420530,2,0,0,8704,2,5036298873
9665,362335979,242037,362578016,7,0,0,10240,7,2726280785
9666,362348420,155770,362504190,12,0,0,12800,12,936439735
9667,362359258,260385,362619643,4,0,0,12288,4,1180695759
9668,362409166,194349,362603515,4,0,0,45056,4,5508907923
9669,362471724,82760,362554484,29,0,0,3584,29,9922928718
9670,362482805,193665,362676470,2,0,0,25088,2,6257918873
9671,362522472,1518,362523990,2,0,1,1536,2,4920303236
9672,362526916,61233,362588149,17,0,0,3584,17,2873863931
9673,362558780,55748,362614528,0,0,0,4096,0,10131767342
9674,362584746,18800,362603546,5,0,1,21504,5,6180322005
9675,362588410,128922,362717332,1,0,0,31744,1,1394714952
9676,362591715,137916,362729631,6,0,0,16896,6,5069725414
9677,362624890,12308,362637198,2,0,1,20480,2,5364718529
9678,362630629,61374,362692003,25,0,0,5632,25,5897240233
9679,362664579,89666,362754245,17,0,0,4608,17,8754778693
9680,362666659,129872,362796531,25,0,0,13824,25,8565657542
9681,362669294,83532,362752826,27,0,0,11264,27,2613801469
9682,362674911,5967,362680878,26,0,1,4608,26,92514264
9683,362676438,189843,362866281,25,0,0,9728,25,2712317151
9684,362744719,102878,362847597,11,0,0,27648,11,2725332721
9685,362760875,91737,362852612,0,0,0,16384,0,7273625188
9686,362795258,8019,362803277,13,0,1,7168,13,8537051632
9687,362808918,1518,362810436,29,0,1,1536,29,7529951648
9688,362812156,7230,362819386,7,0,1,7680,7,7787556902
9689,362812553,120362,362932915,8,0,0,25600,8,598445097
9690,362825842,137720,362963562,20,0,0,38400,20,804147902
9691,362832143,166469,362998612,10,0,0,16896,10,1402901235
9692,362840982,130218,362971200,11,0,0,9728,11,9807359421
9693,362844434,119767,362964201,20,0,0,2048,20,3279067288
9694,362845105,270498,363115603,9,0,0,40960,9,9292918396
9695,362870438,174815,363045253,18,0,0,30208,18,6516066845
9696,362874641,118808,362993449,9,0,0,21504,9,993592340
9697,362897006,174112,363071118,12,0,0,31232,12,6011009216
9698,362909393,109910,363019303,2,0,0,24576,2,2128891531
9699,362951404,142056,363093460,10,0,0,19968,10,4966723945
9700,362962725,124636,363087361,12,0,0,19968,12,6602430971
9701,362992533,81720,363074253,2,0,0,10240,2,8068895029
9702,363016207,107561,363123768,21,0,0,16384,21,6608144872
9703,363023137,2946,363026083,4,0,1,3072,4,736092365
9704,363024906,3443,363028349,19,0,1,3584,19,1077905712
9705,363033875,227641,363261516,12,0,0,10752,12,3650396375
9706,363039292,225047,363264339,7,0,0,9216,7,6388189645
9707,363046610,106324,363152934,17,0,0,5120,17,7772050650
9708,363073707,134019,363207726,24,0,0,28672,24,4384045279
9709,363098057,17561,363115618,22,0,1,6656,22,5410348007
9710,363141693,77456,363219149,27,0,0,14848,27,10419577895
9711,363161862,155868,363317730,1,0,0,47616,1,5984568590
9712,363163469,3387,363166856,13,0,1,9728,13,7375909972
9713,363172281,171129,363343410,11,0,0,41472,11,2391749806
9714,363174516,230818,363405334,12,0,0,77824,12,983234903
9715,363182091,145994,363328085,6,0,0,7168,6,3559980335
9716,363220476,188929,363409405,6,0,0,13312,6,2438000948
9717,363254487,190801,363445288,25,0,0,41472,25,8125230495
9718,363254570,316019,363570589,7,0,0,17408,7,4388735932
9719,363305894,112638,363418532,23,0,0,25600,23,10375663728
9720,363349953,157597,363507550,18,0,0,22528,18,10386236230
9721,363353074,1042,363354116,27,0,1,1024,27,8211023406
9722,363358789,5802,363364591,29,0,1,6144,29,9976668523
9723,363373602,105082,363478684,8,0,0,17408,8,4730475045
9724,363398549,166721,363565270,28,0,0,80896,28,223258726
9725,363408595,83989,363492584,8,0,0,14336,8,7509011864
9726,363443902,479002,363922904,17,0,0,62976,17,8293844874
9727,363445409,368830,363814239,24,0,0,2560,24,9539249099
9728,363445738,247721,363693459,23,0,0,121344,23,2593301671
9729,363471827,160480,363632307,23,0,0,4096,23,9004157697
9730,363499041,1042,363500083,24,0,1,1024,24,4396843744
9731,363587210,108034,363695244,3,0,0,1024,3,3010117760
9732,363592323,285338,363877661,26,0,0,43520,26,4717742586
9733,363600303,146574,363746877,29,0,0,73728,29,1044626116
9734,363609565,85336,363694901,11,0,0,4608,11,9497771113
9735,363629674,566,363630240,11,0,1,512,11,2912155439
9736,363651445,42037,363693482,11,0,1,27648,11,2246426958
9737,363654530,179540,363834070,23,0,0,7680,23,5292357552
9738,363672405,34614,363707019,7,0,1,19456,7,2575820092
9739,363673345,122270,363795615,8,0,0,10752,8,1681060159
9740,363693857,130518,363824375,14,0,0,20992,14,9206876745
9741,363710840,102596,363813436,25,0,0,36864,25,9214773677
9742,363739539,99295,363838834,28,0,0,8192,28,9621640417
9743,363739753,8659,363748412,25,0,1,1536,25,10225103457
9744,363762158,73955,363836113,23,0,0,6656,23,3828301435
9745,363763901,249074,364012975,23,0,0,35840,23,8254118529
9746,363768701,233339,364002040,12,0,0,36352,12,9876612041
9747,363773598,566,363774164,4,0,1,512,4,3796391451
9748,363795567,108134,363903701,10,0,0,28160,10,5224848154
9749,363801385,142731,363944116,13,0,0,14848,13,10247249637
9750,363804935,141533,363946468,18,0,0,6144,18,3852633090
9751,363827542,206703,364034245,27,0,0,65024,27,7508598066
9752,363840178,195642,364035820,24,0,0,5120,24,2273471681
9753,363861109,246339,364107448,7,0,0,23552,7,7450976038
9754,363866369,148033,364014402,4,0,0,4608,4,5707033220
9755,363872416,182858,364055274,5,0,0,11776,5,3884848516
9756,363956613,566,363957179,26,0,1,512,26,4032284455
9757,363958396,191699,364150095,3,0,0,19968,3,3252135203
9758,363971020,127922,364098942,11,0,0,6656,11,4491114793
9759,363991760,219022,364210782,24,0,0,94208,24,2255793027
9760,364000192,143804,364143996,11,0,0,23552,11,3850235501
9761,364012973,105967,364118940,6,0,0,4096,6,4685825534
9762,364029613,192588,364222201,9,0,0,37376,9,10175276392
9763,364036975,118959,364155934,11,0,0,5120,11,2311481160
9764,364037164,217685,364254849,2,0,0,2560,2,8921471125
9765,364041204,4374,364045578,16,0,1,4608,16,10491653841
9766,364069969,91661,364161630,5,0,0,9728,5,10683846885
9767,364072549,181505,364254054,10,0,0,19968,10,1332653584
9768,364079210,3645,364082855,17,0,1,10240,17,9038595099
9769,364095677,152263,364247940,26,0,0,65024,26,868934572
9770,364123002,3387,364126389,29,0,1,9728,29,3392665640
9771,364168062,199568,364367630,18,0,0,36864,18,2362029994
9772,364172140,4162,364176302,5,0,1,11264,5,9707384643
9773,364191456,75521,364266977,26,0,0,2048,26,1425028578
9774,364206886,41069,364247955,26,0,1,18432,26,6754103473
9775,364210102,170803,364380905,1,0,0,43520,1,6767730664
9776,364212116,256177,364468293,18,0,0,29184,18,5103746905
9777,364274261,566,364274827,24,0,1,512,24,8763745067
9778,364298575,157454,364456029,14,0,0,66560,14,4093661968
9779,364334215,3387,364337602,3,0,1,9728,3,7312710265
9780,364475225,55748,364530973,5,0,0,4096,5,10225554129
9781,364485769,2946,364488715,17,0,1,3072,17,6961094048
9782,364514039,3904,364517943,5,0,1,10752,5,7552702495
9783,364517401,1994,364519395,3,0,1,2048,3,10434894294
9784,364524326,59132,364583458,13,0,0,5120,13,5421693055
9785,364535053,3387,364538440,19,0,1,9728,19,9107105439
9786,364575618,79436,364655054,13,0,0,11264,13,1950033506
9787,364584718,108552,364693270,27,0,0,18432,27,136796831
9788,364602819,59132,364661951,29,0,0,5120,29,1094811664
9789,364612233,125888,364738121,26,0,0,27136,26,8728175600
9790,364613981,93977,364707958,0,0,0,6144,0,1389264300
9791,364619930,143158,364763088,29,0,1,231936,29,7508369367
9792,364622922,192031,364814953,12,0,0,5120,12,8896310807
9793,364636531,218069,364854600,10,0,0,18944,10,6918304499
9794,364640833,153030,364793863,29,0,0,2560,29,2755510367
9795,364660561,267805,364928366,21,0,0,38400,21,7713404594
9796,364692829,75546,364768375,17,0,1,16896,17,1932142008
9797,364724164,46477,364770641,8,0,1,3584,8,3046884234
9798,364744564,132434,364876998,4,0,0,5632,4,286514716
9799,364762539,9587,364772126,13,0,1,15360,13,7278993632
9800,364799626,5326,364804952,4,0,1,5632,4,3938219787
9801,364813946,120122,364934068,6,0,0,2048,6,1961697173
9802,364840935,55748,364896683,1,0,0,4096,1,6750950000
9803,364843364,5196,364848560,2,0,1,13312,2,7879199199
9804,364869871,233114,365102985,8,0,0,45568,8,3044195948
9805,364968624,77209,365045833,18,0,0,10752,18,7194589804
9806,365015106,164985,365180091,3,0,0,70656,3,3125355659
9807,365045073,139751,365184824,11,0,0,1024,11,5643730232
9808,365083906,19094,365103000,18,0,1,6144,18,6936135800
9809,365086436,107221,365193657,14,0,0,8192,14,666128313
9810,365088637,312448,365401085,26,0,0,39424,26,3891768885
9811,365091930,92559,365184489,5,0,0,13312,5,2074421302
9812,365109797,70621,365180418,1,0,0,1024,1,7242382874
9813,365120067,114806,365234873,25,0,0,50688,25,497758389
9814,365130306,141509,365271815,0,0,0,36864,0,3655991245
9815,365132911,144658,365277569,1,0,0,2048,1,7761271913
9816,365144717,154290,365299007,21,0,0,28160,21,5075316856
9817,365171613,200888,365372501,15,0,0,36352,15,8979963466
9818,365197717,124864,365322581,18,0,0,3584,18,615012227
9819,365215383,109490,365324873,19,0,0,1024,19,6380522376
9820,365239181,217369,365456550,18,0,0,16384,18,3673879174
9821,365286080,140969,365427049,18,0,0,49664,18,8735150756
9822,365291827,170206,365462033,1,0,0,17920,1,7018619734
9823,365291957,14314,365306271,19,0,1,7680,19,1520758595
9824,365293516,114876,365408392,23,0,0,15872,23,525787090
9825,365304432,3145,365307577,19,0,1,2048,19,1200910480
9826,365321817,3226,365325043,19,0,1,2560,19,1544336648
9827,365377586,145017,365522603,18,0,0,69120,18,9350356512
9828,365399833,333374,365733207,3,0,0,56832,3,1678572099
9829,365407196,55952,365463148,25,0,0,3584,25,508584681
9830,365416184,546495,365962679,6,0,0,108032,6,2554665709
9831,365437244,1042,365438286,4,0,1,1024,4,8159535484
9832,365451988,203660,365655648,10,0,0,1024,10,4287667581
9833,365460220,172504,365632724,19,0,0,35328,19,2886652353
9834,365470973,131766,365602739,11,0,0,12288,11,6604577636
9835,365477003,105577,365582580,29,0,0,25600,29,8118576753
9836,365484516,164775,365649291,13,0,0,54272,13,3004135559
9837,365489655,500694,365990349,10,0,0,5120,10,8341331578
9838,365528846,23895,365552741,24,0,1,43008,24,2526399895
9839,365556326,129004,365685330,15,0,0,1536,15,8885178190
9840,365560869,506840,366067709,5,0,0,23040,5,9987162009
9841,365562755,2470,365565225,7,0,1,2560,7,9362226864
9842,365583923,345825,365929748,0,0,0,185344,0,3476911414
9843,365606014,6229,365612243,3,0,1,15360,3,7329415476
9844,365606496,70927,365677423,14,0,0,9728,14,1556660498
9845,365618909,123201,365742110,0,0,0,17920,0,1387877335
9846,365620326,440340,366060666,27,0,0,36864,27,5817263785
9847,365624972,25320,365650292,16,0,1,1024,16,9601484569
9848,365628964,404543,366033507,3,0,0,29696,3,5111248533
9849,365644373,321940,365966313,29,0,0,5632,29,8738318447
9850,365646082,341507,365987589,12,0,0,23040,12,4970856304
9851,365650443,12825,365663268,16,0,1,21504,16,8874535435
9852,365657568,5956,365663524,16,0,1,9216,16,6801106825
9853,365661581,5169,365666750,5,0,1,5120,5,3646705655
9854,365680412,192849,365873261,28,0,0,29696,28,7823244836
9855,365686521,294033,365980554,5,0,0,10752,5,387069711
9856,365743940,220626,365964566,13,0,0,6144,13,6146023594
9857,365747871,346447,366094318,18,0,0,24064,18,3685613645
9858,365767486,281933,366049419,21,0,0,16384,21,5087887249
9859,365772526,204737,365977263,13,0,0,22016,13,4387315007
9860,365788980,181560,365970540,18,0,0,13824,18,7526733496
9861,365790985,323103,366114088,21,0,0,7168,21,7425422682
9862,365792781,341811,366134592,2,0,0,40960,2,9049705490
9863,365801681,388394,366190075,29,0,0,25600,29,6971340661
9864,365843502,277584,366121086,17,0,0,17920,17,5393621918
9865,365858646,150219,366008865,19,0,0,16384,19,8576134132
9866,365921518,382242,366303760,14,0,0,3584,14,6238081421
9867,365936549,244292,366180841,12,0,0,19456,12,6937092506
9868,365977335,197563,366174898,27,0,0,29184,27,294635082
9869,365987978,3904,365991882,25,0,1,10752,25,8421635403
9870,366008088,233928,366242016,10,0,0,20480,10,5476497548
9871,366018644,163616,366182260,23,0,0,4608,23,9854518642
9872,366047443,112223,366159666,10,0,0,25088,10,7163870710
9873,366125586,158593,366284179,7,0,0,34304,7,835575273
9874,366135905,229324,366365229,18,0,0,5632,18,5359503988
9875,366141273,3128,366144401,22,0,1,9216,22,5617247523
9876,366154448,119264,366273712,29,0,0,15872,29,4253025097
9877,366155553,165753,366321306,11,0,0,52736,11,1200182140
9878,366229985,95400,366325385,9,0,0,13312,9,7184982363
9879,366237901,87975,366325876,29,0,0,1536,29,9819469589
9880,366254443,127745,366382188,27,0,0,24576,27,4143672721
9881,366268469,15725,366284194,16,0,1,12800,16,7188825216
9882,366278611,155501,366434112,14,0,0,29696,14,568443549
9883,366279472,154967,366434439,13,0,0,1024,13,4735190717
9884,366307509,234867,366542376,18,0,0,8192,18,9250917753
9885,366317128,222737,366539865,10,0,0,76288,10,2682007374
9886,366321828,311537,366633365,26,0,0,13312,26,3250004512
9887,366329245,35999,366365244,29,0,1,59904,29,4005424682
9888,366337811,239181,366576992,23,0,0,8704,23,7710805815
9889,366360073,7957,366368030,11,0,1,7168,11,9181360430
9890,366388308,128298,366516606,29,0,0,11776,29,374650416
9891,366393778,167948,366561726,23,0,0,1536,23,3817056131
9892,366444539,129786,366574325,15,0,0,10240,15,2472009546
9893,366446817,2470,366449287,26,0,1,2560,26,5916814830
9894,366448620,109718,366558338,4,0,0,8704,4,1415631874
9895,366458263,112927,366571190,19,0,0,30720,19,9270004427
9896,366461728,48176,366509904,26,0,0,1024,26,7859982969
9897,366466085,151081,366617166,7,0,0,32256,7,3124759646
9898,366474097,2946,366477043,5,0,1,3072,5,877681269
9899,366476163,207247,366683410,2,0,0,44544,2,7614035234
9900,366589627,67460,366657087,8,0,0,12288,8,10313431437
9901,366607344,124665,366732009,12,0,0,30208,12,6031824249
9902,366614515,95966,366710481,1,0,0,9728,1,8175459111
9903,366618995,88507,366707502,10,0,0,8704,10,7906884832
9904,366638411,118084,366756495,21,0,0,3584,21,5086720194
9905,366659139,123432,366782571,17,0,0,28672,17,7374383413
9906,366666043,124343,366790386,0,0,0,25600,0,9963640275
9907,366671136,14277,366685413,25,0,1,2048,25,3209034874
9908,366676570,11429,366687999,1,0,1,4096,1,946973031
9909,366701767,103796,366805563,15,0,0,18432,15,77742415
9910,366724375,122378,366846753,26,0,0,16384,26,8817066336
9911,366751777,210464,366962241,7,0,0,95744,7,1629863697
9912,366806603,164077,366970680,0,0,0,27648,0,2671755409
9913,366806840,185090,366991930,1,0,0,5120,1,5979410282
9914,366810330,161457,366971787,20,0,0,3584,20,8902696119
9915,366864824,5712,366870536,5,0,1,14336,5,4029528468
9916,366888911,140455,367029366,23,0,0,15872,23,10570191665
9917,366927847,48980,366976827,21,0,0,2048,21,8591502098
9918,366945477,29447,366974924,26,0,1,9216,26,10244593190
9919,366962751,113785,367076536,27,0,0,27136,27,7160121234
9920,366975368,74360,367049728,23,0,0,9728,23,1569542793
9921,366988995,67689,367056684,9,0,0,3584,9,739078740
9922,366994054,2946,366997000,12,0,1,3072,12,5178559846
9923,367038196,62828,367101024,5,0,0,7168,5,2787220541
9924,367057424,88856,367146280,13,0,0,22016,13,9645943979
9925,367115377,148032,367263409,7,0,0,130048,7,1487407733
9926,367117218,153406,367270624,1,0,0,23552,1,3973686602
9927,367132421,175690,367308111,10,0,0,24064,10,8589770339
9928,367175975,103558,367279533,10,0,0,14848,10,8877934507
9929,367178710,133175,367311885,9,0,0,9216,9,3438067720
9930,367194292,114770,367309062,10,0,0,3072,10,1956552350
9931,367208655,62148,367270803,7,0,0,512,7,3567289638
9932,367225452,54096,367279548,7,0,1,6144,7,1603041263
9933,367232286,305150,367537436,6,0,0,51200,6,3929162415
9934,367237035,152100,367389135,16,0,0,25600,16,3065659258
9935,367247194,169589,367416783,4,0,0,25600,4,2354402764
9936,367261966,17597,367279563,8,0,1,2560,8,1023799717
9937,367266370,15391,367281761,29,0,1,5632,29,8594083545
9938,367266560,15867,367282427,19,0,1,1024,19,2578083180
9939,367280604,257666,367538270,23,0,0,2560,23,6440308062
9940,367281210,54056,367335266,5,0,0,3584,5,968478752
9941,367288988,103691,367392679,19,0,1,168448,19,5926948976
9942,367300570,332008,367632578,19,0,0,29184,19,570163852
9943,367313983,243469,367557452,10,0,0,5632,10,1902842349
9944,367350566,236405,367586971,23,0,0,16384,23,9458591566
9945,367359500,274973,367634473,9,0,0,6144,9,423621486
9946,367372989,20036,367393025,11,0,1,512,11,6743562528
9947,367376906,299904,367676810,6,0,0,9216,6,2614764471
9948,367386481,126078,367512559,15,0,0,31232,15,8775741720
9949,367393089,230582,367623671,16,0,0,42496,16,3988270084
9950,367446459,189745,367636204,11,0,0,5632,11,1102485528
9951,367455508,5802,367461310,3,0,1,6144,3,7055795358
9952,367486140,2870,367489010,1,0,1,8704,1,4792648424
9953,367493066,99210,367592276,2,0,0,5120,2,8020234707
9954,367515780,21671,367537451,1,0,1,6656,1,2656091511
9955,367519188,306308,367825496,10,0,0,99840,10,7264273018
9956,367522135,233617,367755752,7,0,0,32256,7,10015155077
9957,367522169,164640,367686809,27,0,0,32768,27,3186229421
9958,367533197,134478,367667675,11,0,0,25600,11,6673555260
9959,367538068,165805,367703873,23,0,0,7168,23,1187211587
9960,367594206,173993,367768199,6,0,0,19968,6,5911116664
9961,367620306,220493,367840799,6,0,0,50176,6,7703733745
9962,367633955,4235,367638190,24,0,1,2048,24,5751645762
9963,367648616,192370,367840986,15,0,0,512,15,5208656650
9964,367655570,217668,367873238,1,0,0,53760,1,1043546533
9965,367681972,197980,367879952,6,0,0,4096,6,8988610965
9966,367687377,160488,367847865,6,0,0,22528,6,2078624106
9967,367723598,125546,367849144,4,0,0,4096,4,2851296867
9968,367737378,4374,367741752,8,0,1,4608,8,5446712753
9969,367765645,180951,367946596,0,0,0,24064,0,5890022254
9970,367780069,129441,367909510,21,0,0,49664,21,6839347995
9971,367797663,177035,367974698,25,0,0,24576,25,5603145855
9972,367797854,186541,367984395,16,0,0,24576,16,9014791981
9973,367839428,230916,368070344,16,0,0,39936,16,7586337163
9974,367844433,7140,367851573,25,0,1,2560,25,1540891963
9975,367852262,106597,367958859,10,0,0,16384,10,1335811048
9976,367858524,16241,367874765,16,0,1,1536,16,10207007674
9977,367867048,177461,368044509,8,0,0,66048,8,4199833526
9978,367879378,7054,367886432,11,0,1,15872,11,8030747384
9979,367881899,215067,368096966,24,0,0,10240,24,7198009713
9980,367887444,166923,368054367,2,0,0,5120,2,7481037817
9981,367898711,154081,368052792,20,0,0,27136,20,8174116963
9982,367908138,222136,368130274,5,0,0,28672,5,10228690446
9983,367921579,332835,368254414,18,0,0,23040,18,7754772833
9984,367943971,149076,368093047,20,0,0,43520,20,4795164650
9985,367956241,275211,368231452,19,0,0,11776,19,6750189856
9986,367958200,217523,368175723,19,0,0,19456,19,9624318150
9987,367967474,153079,368120553,20,0,0,20992,20,6307268543
9988,367968931,245108,368214039,17,0,0,23040,17,9964118415
9989,367978776,27544,368006320,5,0,1,35840,5,4260688478
9990,367983256,149373,368132629,13,0,0,7680,13,7312991981
9991,368020417,226962,368247379,5,0,0,52224,5,8519659027
9992,368057332,212244,368269576,24,0,0,18944,24,1873600861
9993,368090393,207375,368297768,18,0,0,11264,18,1876824421
9994,368104565,167990,368272555,11,0,0,9728,11,10731610447
9995,368131849,170954,368302803,14,0,0,4608,14,484524683
9996,368134371,129418,368263789,23,0,0,30720,23,5368307367
9997,368136113,6488,368142601,19,0,1,15872,19,3010917247
9998,368142677,144057,368286734,6,0,0,9216,6,9577959635
9999,368143781,155406,368299187,24,0,0,4608,24,742455934
