RequestID,ArrivalTime,DelayTime,FinishTime,InitiatorID,TargetID,IOType,Size,VolumeID,Offset
0,59090,43904,102994,0,0,0,512,0,3297124352
1,92041,13083,105124,0,0,1,22016,0,5386952704
2,292826,48980,341806,0,1,0,2048,0,9880838144
3,692119,2946,695065,0,1,1,3072,0,2400256
4,766958,43904,810862,0,2,0,512,0,6058328064
5,853081,1518,854599,0,2,1,1536,0,1841438720
6,1418993,566,1419559,0,3,1,512,0,221499392
7,1431419,3898,1435317,0,4,1,4096,0,1715326976
8,1438183,2946,1441129,0,5,1,3072,0,8867934208
9,2322386,108368,2430754,0,3,0,55808,0,374456320
10,2728336,43904,2772240,0,4,0,512,0,4919820288
11,2893189,96980,2990169,0,5,0,18432,0,1287208960
12,3326240,48980,3375220,0,6,0,2048,0,6156918784
13,3582305,93932,3676237,0,7,0,23552,0,7792705536
14,4177521,47288,4224809,0,8,0,1536,0,1179885568
15,4381525,101972,4483497,0,9,0,34816,0,3737280512
16,5799153,43904,5843057,0,0,0,512,0,2781896704
17,6140163,43904,6184067,0,5,0,512,0,4134514688
18,7168261,77744,7246005,0,9,0,10752,0,6290456576
19,8492611,110396,8603007,0,1,0,62464,0,7767506944
20,9529630,95000,9624630,0,7,0,22016,0,4549144576
21,10147810,59132,10206942,0,4,0,5120,0,5413691392
22,11411621,91928,11503549,0,6,0,22016,0,9561075712
23,12114314,91436,12205750,0,2,0,15360,0,6139355136
24,12305579,48980,12354559,0,5,0,2048,0,5997932544
25,14065595,105404,14170999,0,8,0,46080,0,10334162944
26,16494519,47288,16541807,0,5,0,1536,0,768163840
27,16540673,116168,16656841,0,4,0,81408,0,494088192
28,17070417,65900,17136317,0,4,0,7168,0,10694963200
29,17444576,109616,17554192,0,2,0,59904,0,6674464768
30,18098278,94688,18192966,0,9,0,20992,0,4955713536
31,18184468,89300,18273768,0,7,0,18432,0,10544332800
32,18717727,79436,18797163,0,7,0,11264,0,10548981760
33,18832802,47288,18880090,0,0,0,1536,0,5861830656
34,18955542,92396,19047938,0,2,0,23552,0,8810807296
35,19458385,48980,19507365,0,3,0,2048,0,9368920064
36,19462547,109304,19571851,0,1,0,58880,0,2828361728
37,20474609,76052,20550661,0,1,0,10240,0,4753719296
38,20831955,102752,20934707,0,0,0,37376,0,7680053248
39,20952369,43904,20996273,0,4,0,512,0,9636548608
40,21463158,60824,21523982,0,2,0,5632,0,9652273152
41,21859474,94712,21954186,0,6,0,26112,0,6643011584
42,21882015,48980,21930995,0,4,0,2048,0,8020107264
43,22247892,113984,22361876,0,4,0,74240,0,333778944
44,22454924,55748,22510672,0,9,0,4096,0,9871769600
45,22653074,43904,22696978,0,7,0,512,0,8085487616
46,23640770,95468,23736238,0,0,0,23552,0,5545287680
47,23642512,1042,23643554,0,6,1,1024,0,9346822144
48,23712070,4850,23716920,0,7,1,5120,0,3288788992
49,24405787,43904,24449691,0,3,0,512,0,7833280512
50,24614162,5802,24619964,0,8,1,6144,0,4469825536
51,24730470,566,24731036,0,9,1,512,0,7242424320
52,25063643,5326,25068969,0,5,1,5632,0,1576042496
53,25237815,34795,25272610,0,4,1,60928,0,4493615104
54,25421128,45596,25466724,0,9,0,1024,0,10380562432
55,25455319,2470,25457789,0,7,1,2560,0,2440241152
56,25541575,89744,25631319,0,6,0,14848,0,8184475648
57,26018263,50672,26068935,0,4,0,2560,0,6399516672
58,26064160,1042,26065202,0,0,1,1024,0,6091419648
59,26257411,52364,26309775,0,7,0,3072,0,5118816256
60,26403062,125372,26528434,0,2,0,111616,0,2315816960
61,26529527,3422,26532949,0,9,1,3584,0,6908567552
62,26546601,84512,26631113,0,6,0,12800,0,2185097216
63,27403979,566,27404545,0,2,1,512,0,5455564800
64,28490567,102752,28593319,0,2,0,37376,0,8850915328
65,28615972,77744,28693716,0,7,0,10752,0,2782699520
66,28683715,2470,28686185,0,4,1,2560,0,7321481216
67,28849593,1042,28850635,0,7,1,1024,0,1250353152
68,29179690,2946,29182636,0,5,1,3072,0,8068825088
69,29188202,566,29188768,0,7,1,512,0,7262670848
70,29387690,43904,29431594,0,8,0,512,0,6751797248
71,29436607,1518,29438125,0,7,1,1536,0,2623422464
72,29458827,3387,29462214,0,3,1,9728,0,6872469504
73,29707298,106184,29813482,0,6,0,48640,0,8226725888
74,29731626,102284,29833910,0,7,0,35840,0,3374292992
75,30321377,7230,30328607,0,9,1,7680,0,10022653952
76,30770223,566,30770789,0,3,1,512,0,2701316096
77,30791026,7230,30798256,0,1,1,7680,0,6598418432
78,30823633,3422,30827055,0,1,1,3584,0,820842496
79,30827247,32299,30859546,0,1,1,52736,0,385179648
80,31086118,7230,31093348,0,1,1,7680,0,7191277568
81,31141346,1994,31143340,0,5,1,2048,0,10480680960
82,31150349,43904,31194253,0,7,0,512,0,9539670016
83,31484423,6229,31490652,0,0,1,15360,0,4491452416
84,31514211,566,31514777,0,7,1,512,0,9428205568
85,31586142,4374,31590516,0,5,1,4608,0,3812335616
86,31733713,101660,31835373,0,1,0,33792,0,5890351104
87,31878649,2946,31881595,0,7,1,3072,0,8038322176
88,31890038,3422,31893460,0,5,1,3584,0,3164839936
89,32296251,1994,32298245,0,5,1,2048,0,2120921088
90,32296894,7230,32304124,0,8,1,7680,0,2992500736
91,32304689,5326,32310015,0,8,1,5632,0,6961065984
92,32834897,123656,32958553,0,4,0,105984,0,2075234304
93,33116239,107900,33224139,0,6,0,54272,0,6596222976
94,34417873,45596,34463469,0,3,0,1024,0,10682490880
95,35208423,43904,35252327,0,0,0,512,0,26800128
96,35303750,103220,35406970,0,6,0,38912,0,4375830528
97,37414083,104624,37518707,0,6,0,43520,0,84660224
98,39140935,87896,39228831,0,9,0,13824,0,7230889984
99,39681477,55748,39737225,0,5,0,4096,0,10081689600
100,40401456,96404,40497860,0,8,0,26624,0,5512712192
101,40572004,81128,40653132,0,1,0,11776,0,1164800000
102,40663791,86204,40749995,0,1,0,13312,0,9374195712
103,42621044,82820,42703864,0,1,0,12288,0,7564963840
104,42834795,57440,42892235,0,5,0,4608,0,2502672384
105,43098414,52364,43150778,0,4,0,3072,0,9996611584
106,43926559,43904,43970463,0,0,0,512,0,10065346560
107,44115940,93800,44209740,0,8,0,28160,0,9249210368
108,44272788,94244,44367032,0,5,0,24576,0,7710552064
109,45589579,95444,45685023,0,7,0,18432,0,3629993984
110,45893361,98540,45991901,0,4,0,23552,0,1912938496
111,46204958,1994,46206952,0,8,1,2048,0,6957748224
112,46291003,1518,46292521,0,1,1,1536,0,8154644480
113,46349122,25187,46374309,0,1,1,45568,0,10229411840
114,46399278,566,46399844,0,7,1,512,0,5268172800
115,46458369,45596,46503965,0,8,0,1024,0,4691742720
116,46531301,111572,46642873,0,5,0,65024,0,5663707136
117,46531697,137168,46668865,0,5,0,25600,0,10046767104
118,46549232,1042,46550274,0,2,1,1024,0,5356015616
119,47127733,2946,47130679,0,3,1,3072,0,2216439808
120,47144399,45596,47189995,0,5,0,1024,0,7748153344
121,47651605,65900,47717505,0,3,0,7168,0,2240204800
122,47711501,16096,47727597,0,0,1,31232,0,10697756672
123,47924539,7230,47931769,0,1,1,7680,0,2398822400
124,48820085,101192,48921277,0,4,0,32256,0,495525888
125,50394664,43904,50438568,0,2,0,512,0,2674061312
126,50449535,43904,50493439,0,0,0,512,0,8028119040
127,50686058,43904,50729962,0,8,0,512,0,7562350592
128,53524251,47288,53571539,0,0,0,1536,0,6065586176
129,53528546,43904,53572450,0,3,0,512,0,440397824
130,53544790,109772,53654562,0,3,0,60416,0,3595862016
131,53853361,67592,53920953,0,3,0,7680,0,371273728
132,53957902,95600,54053502,0,5,0,18944,0,2510290944
133,54422119,43904,54466023,0,5,0,512,0,5202616320
134,54899538,86204,54985742,0,9,0,13312,0,2923593728
135,55191256,197300,55388556,0,8,0,186368,0,1262043136
136,55936762,99788,56036550,0,3,0,27648,0,637120512
137,55947567,62516,56010083,0,8,0,6144,0,8646385664
138,56269428,59132,56328560,0,8,0,5120,0,486440960
139,56288606,70976,56359582,0,6,0,8704,0,5753991168
140,57091001,119756,57210757,0,6,0,93184,0,7034253312
141,57595339,79436,57674775,0,7,0,11264,0,5122752512
142,57648698,120692,57769390,0,5,0,96256,0,6647042048
143,58336088,69284,58405372,0,9,0,8192,0,6530674688
144,58868649,105716,58974365,0,5,0,47104,0,3245273088
145,59416661,103532,59520193,0,1,0,39936,0,4069564416
146,60054347,113360,60167707,0,4,0,72192,0,10651922432
147,60387010,43904,60430914,0,8,0,512,0,515219456
148,60886044,50672,60936716,0,3,0,2560,0,4131811328
149,61774161,43904,61818065,0,7,0,512,0,4651794432
150,62455831,43904,62499735,0,8,0,512,0,4205539328
151,64055359,106496,64161855,0,2,0,49664,0,6840434688
152,64379638,65900,64445538,0,5,0,7168,0,5207498752
153,64640543,96980,64737523,0,1,0,18432,0,1034055680
154,64849331,98072,64947403,0,6,0,22016,0,35627008
155,65412766,90524,65503290,0,9,0,17408,0,9055408128
156,65604571,43904,65648475,0,4,0,512,0,7300771840
157,67280623,95444,67376067,0,1,0,18432,0,2231517184
158,67347204,566,67347770,0,7,1,512,0,3144134656
159,67514383,102128,67616511,0,6,0,35328,0,10243137536
160,67576953,43904,67620857,0,5,0,512,0,3715010560
161,68519535,21658,68541193,0,2,1,35328,0,1452912640
162,68925819,115388,69041207,0,3,0,78848,0,6425001984
163,69205240,32987,69238227,0,5,1,57344,0,10402566144
164,69559186,2946,69562132,0,1,1,3072,0,4998291456
165,69649081,43904,69692985,0,4,0,512,0,10114158592
166,70142386,94532,70236918,0,5,0,20480,0,5547159552
167,70592413,2870,70595283,0,9,1,8704,0,5363433472
168,70945282,1994,70947276,0,4,1,2048,0,6016282624
169,70958395,11533,70969928,0,3,1,18944,0,2276577280
170,71196674,90836,71287510,0,6,0,18432,0,8378212352
171,71509927,566,71510493,0,1,1,512,0,6842269696
172,71631957,54056,71686013,0,8,0,3584,0,2517893120
173,72159416,89744,72249160,0,9,0,14848,0,9438294016
174,72186220,2946,72189166,0,0,1,3072,0,6091939840
175,72353499,2946,72356445,0,3,1,3072,0,7413665792
176,72493002,43904,72536906,0,7,0,512,0,325394432
177,72524454,93956,72618410,0,5,0,28672,0,8264187904
178,72963911,1042,72964953,0,3,1,1024,0,5031559168
179,73272820,6278,73279098,0,4,1,6656,0,4822740992
180,73329342,44662,73374004,0,5,1,76800,0,5610995712
181,73716488,6754,73723242,0,5,1,7168,0,9202884608
182,74125865,48980,74174845,0,5,0,2048,0,4234137600
183,74310863,81128,74391991,0,8,0,11776,0,4463980544
184,74434648,2470,74437118,0,4,1,2560,0,3460296704
185,74436126,45596,74481722,0,7,0,1024,0,4802736128
186,75225910,109772,75335682,0,4,0,60416,0,6819598336
187,75536165,48980,75585145,0,7,0,2048,0,4654997504
188,76241381,10241,76251622,0,1,1,16384,0,8499777536
189,76551041,4374,76555415,0,0,1,4608,0,5821575168
190,76641230,5326,76646556,0,5,1,5632,0,9157210112
191,76661297,81128,76742425,0,9,0,11776,0,345247744
192,76743158,45596,76788754,0,8,0,1024,0,9286901760
193,76781863,1518,76783381,0,2,1,1536,0,9974456320
194,77040622,4850,77045472,0,3,1,5120,0,8681799680
195,77398468,50672,77449140,0,8,0,2560,0,5362323456
196,77499869,23120,77522989,0,5,1,41472,0,9965027328
197,77606021,566,77606587,0,9,1,512,0,2893410304
198,77950543,2870,77953413,0,2,1,8704,0,3318886400
199,78237511,5326,78242837,0,9,1,5632,0,1697288192
200,78284017,566,78284583,0,0,1,512,0,8769888256
201,78565250,5326,78570576,0,0,1,5632,0,4203335680
202,78999177,566,78999743,0,3,1,512,0,937140224
203,79041806,1994,79043800,0,2,1,2048,0,6602498048
204,79226448,1994,79228442,0,4,1,2048,0,585539584
205,79945907,45596,79991503,0,7,0,1024,0,9570578432
206,80377379,118664,80496043,0,2,0,89600,0,2749116416
207,81079855,50672,81130527,0,0,0,2560,0,9253486592
208,81869707,45596,81915303,0,6,0,1024,0,4457943040
209,82016118,59132,82075250,0,3,0,5120,0,9601572864
210,82928747,50672,82979419,0,3,0,2560,0,5136101376
211,83263585,180728,83444313,0,4,0,157184,0,10426880000
212,84184406,48980,84233386,0,8,0,2048,0,923889664
213,84695531,48980,84744511,0,1,0,2048,0,2341638144
214,84763402,95000,84858402,0,2,0,22016,0,5373042688
215,84894542,43904,84938446,0,2,0,512,0,9460654080
216,85037586,45596,85083182,0,2,0,1024,0,3812732928
217,87437275,97184,87534459,0,4,0,29184,0,4171649024
218,87587610,43904,87631514,0,0,0,512,0,4434944000
219,87687249,89588,87776837,0,9,0,14336,0,6471180288
220,88151701,54056,88205757,0,2,0,3584,0,1596846080
221,88399435,48980,88448415,0,6,0,2048,0,356974592
222,90087159,97604,90184763,0,0,0,20480,0,870080512
223,90455921,45596,90501517,0,9,0,1024,0,4165758976
224,90575005,74360,90649365,0,1,0,9728,0,8385536000
225,91306496,119600,91426096,0,5,0,92672,0,3731329024
226,92076775,43904,92120679,0,1,0,512,0,142729216
227,92357811,47288,92405099,0,6,0,1536,0,2593148928
228,93008019,50672,93058691,0,3,0,2560,0,1184419840
229,93416544,43904,93460448,0,9,0,512,0,2086465536
230,93623550,91172,93714722,0,2,0,24576,0,10206560256
231,94110110,43904,94154014,0,8,0,512,0,613801984
232,95018673,129896,95148569,0,6,0,126464,0,205914112
233,95600919,87896,95688815,0,2,0,13824,0,837902336
234,95628791,96092,95724883,0,9,0,25600,0,5690740736
235,96249357,103688,96353045,0,9,0,40448,0,622358528
236,96455166,81128,96536294,0,5,0,11776,0,3056291840
237,96625263,45596,96670859,0,8,0,1024,0,10480971776
238,96690640,90860,96781500,0,1,0,23552,0,10342334464
239,96975287,47288,97022575,0,3,0,1536,0,7791091712
240,96996264,112580,97108844,0,1,0,69632,0,4669214720
241,97062693,43904,97106597,0,5,0,512,0,9858211840
242,97136369,52364,97188733,0,1,0,3072,0,1926062080
243,97854111,92840,97946951,0,5,0,19968,0,7082852352
244,98467032,3898,98470930,0,9,1,4096,0,9268703232
245,98914765,43904,98958669,0,8,0,512,0,7594651648
246,98950215,3128,98953343,0,2,1,9216,0,3853479936
247,99349956,1042,99350998,0,5,1,1024,0,9799315456
248,99512622,2470,99515092,0,0,1,2560,0,374239232
249,99522040,6488,99528528,0,4,1,15872,0,1152864256
250,99724054,1042,99725096,0,4,1,1024,0,5899022336
251,99728350,126308,99854658,0,1,0,114688,0,5092765696
252,100073507,3128,100076635,0,3,1,9216,0,4387778560
253,100288410,102752,100391162,0,2,0,37376,0,10593898496
254,100365541,7230,100372771,0,0,1,7680,0,3735924736
255,100368412,86204,100454616,0,3,0,13312,0,4752437248
256,100666599,5454,100672053,0,4,1,13824,0,7488024576
257,101295112,116480,101411592,0,3,0,82432,0,6889349120
258,101519175,62516,101581691,0,6,0,6144,0,2203938816
259,107413777,105560,107519337,0,9,0,46592,0,2464505856
260,107484452,45596,107530048,0,6,0,1024,0,9112592384
261,109312946,3387,109316333,0,5,1,9728,0,4307791872
262,109321113,107744,109428857,0,7,0,53760,0,4140441600
263,109499718,12825,109512543,0,2,1,21504,0,6046162944
264,109543838,566,109544404,0,0,1,512,0,8480800768
265,109550497,4937,109555434,0,0,1,12800,0,2141347840
266,109874322,91616,109965938,0,0,0,20992,0,9417388032
267,109890365,5712,109896077,0,0,1,14336,0,1429037056
268,109944427,94820,110039247,0,6,0,16384,0,2266439680
269,110021777,2470,110024247,0,3,1,2560,0,7248568320
270,110188199,1994,110190193,0,4,1,2048,0,350834688
271,110298249,2470,110300719,0,2,1,2560,0,9572474880
272,110510142,45596,110555738,0,2,0,1024,0,8136704000
273,110517004,1994,110518998,0,3,1,2048,0,2213670912
274,111225646,1994,111227640,0,2,1,2048,0,377810944
275,111249671,1042,111250713,0,4,1,1024,0,7555448832
276,111370262,91928,111462190,0,6,0,22016,0,8782774272
277,112259584,67592,112327176,0,5,0,7680,0,8423727104
278,112269134,113048,112382182,0,1,0,71168,0,5305106432
279,112314098,139316,112453414,0,1,0,15360,0,5141573632
280,112421003,51425,112472428,0,1,0,1024,0,2200936448
281,112526012,47288,112573300,0,1,0,1536,0,709586944
282,113137914,1518,113139432,0,4,1,1536,0,8864579584
283,113214637,566,113215203,0,0,1,512,0,8559161344
284,113615068,4374,113619442,0,3,1,4608,0,4558532608
285,113794284,1518,113795802,0,0,1,1536,0,440090624
286,113807773,2470,113810243,0,1,1,2560,0,2210738176
287,113929970,96356,114026326,0,8,0,16384,0,399613952
288,114644056,34367,114678423,0,1,1,56832,0,5750427648
289,114673360,3422,114676782,0,0,1,3584,0,10287980544
290,114703167,3904,114707071,0,0,1,10752,0,759795712
291,114737060,3422,114740482,0,0,1,3584,0,1573429248
292,114832727,2946,114835673,0,0,1,3072,0,1540071424
293,115023591,118352,115141943,0,4,0,88576,0,2862608384
294,115051871,129272,115181143,0,1,0,124416,0,2127986688
295,115079929,5196,115085125,0,3,1,13312,0,8410583040
296,115394493,3422,115397915,0,0,1,3584,0,10687496192
297,115404317,566,115404883,0,2,1,512,0,6751739904
298,116062258,107744,116170002,0,1,0,53760,0,1289109504
299,116558215,74360,116632575,0,0,0,9728,0,480624640
300,116632953,1518,116634471,0,2,1,1536,0,26517504
301,117172406,2946,117175352,0,3,1,3072,0,31670272
302,117334699,566,117335265,0,0,1,512,0,3960201216
303,117371182,11274,117382456,0,0,1,18432,0,1191108608
304,117448964,76052,117525016,0,3,0,10240,0,6191251456
305,117528771,82820,117611591,0,2,0,12288,0,2754887680
306,117877063,107432,117984495,0,2,0,52736,0,7528869888
307,117907407,112580,118019987,0,6,0,69632,0,2480390144
308,117912574,566,117913140,0,0,1,512,0,1223086080
309,118012879,78076,118090955,0,6,0,8704,0,1534164992
310,118660552,43904,118704456,0,5,0,512,0,50700288
311,118928657,30491,118959148,0,1,1,49152,0,882249728
312,119030829,6278,119037107,0,3,1,6656,0,5708361728
313,119207433,111644,119319077,0,2,0,66560,0,6445264896
314,119416705,7230,119423935,0,3,1,7680,0,6199283712
315,119603335,3904,119607239,0,0,1,10752,0,2832863232
316,119727533,108992,119836525,0,0,0,57856,0,9128497152
317,119814873,1994,119816867,0,0,1,2048,0,8595591168
318,120043875,106340,120150215,0,6,0,49152,0,9231552512
319,120096289,143674,120239963,0,6,0,44032,0,9691140096
320,120149919,148526,120298445,0,6,0,28160,0,686870528
321,120202152,99032,120301184,0,3,0,30208,0,2203049984
322,120414927,102596,120517523,0,6,0,36864,0,788303872
323,120734718,43904,120778622,0,3,0,512,0,8473960448
324,120874288,122720,120997008,0,1,0,102912,0,10400055296
325,121805611,104000,121909611,0,0,0,41472,0,6586941440
326,122577203,92396,122669599,0,2,0,23552,0,8699027456
327,123149624,43904,123193528,0,4,0,512,0,7541223424
328,123309797,43904,123353701,0,5,0,512,0,9691680768
329,124058670,109616,124168286,0,1,0,59904,0,3108995072
330,131801816,3422,131805238,0,3,1,3584,0,8552706048
331,131971539,2946,131974485,0,2,1,3072,0,6712053760
332,132207821,21141,132228962,0,4,1,34304,0,6564339712
333,132307584,1994,132309578,0,0,1,2048,0,6207086592
334,132426267,2946,132429213,0,2,1,3072,0,9303674880
335,132979746,7230,132986976,0,0,1,7680,0,846036992
336,134146149,24412,134170561,0,1,1,44032,0,4319461376
337,134254665,5326,134259991,0,4,1,5632,0,7855321088
338,134788338,7706,134796044,0,2,1,8192,0,2770345984
339,134835310,10241,134845551,0,4,1,16384,0,1132486656
340,134919177,4374,134923551,0,4,1,4608,0,9360793600
341,135320093,4374,135324467,0,4,1,4608,0,5510619136
342,136903537,1518,136905055,0,0,1,1536,0,8435163136
343,147125748,566,147126314,0,2,1,512,0,5175332864
344,147352151,25446,147377597,0,4,1,46080,0,4504199168
345,147658624,1042,147659666,0,4,1,1024,0,6611988480
346,147728963,2470,147731433,0,1,1,2560,0,3359207424
347,147816108,12566,147828674,0,4,1,20992,0,9886580736
348,148510141,566,148510707,0,1,1,512,0,10090541056
349,148635332,3128,148638460,0,4,1,9216,0,6860148736
350,148844039,62933,148906972,0,4,1,102400,0,9816543232
351,148975973,3128,148979101,0,4,1,9216,0,7699955712
352,149600227,1994,149602221,0,4,1,2048,0,3233398784
353,149638455,2470,149640925,0,1,1,2560,0,8970096640
354,149842610,3387,149845997,0,1,1,9728,0,4551036928
355,150051358,566,150051924,0,0,1,512,0,2047680512
356,156573630,566,156574196,0,1,1,512,0,6826405888
357,158011511,4374,158015885,0,0,1,4608,0,116862976
358,165610383,3128,165613511,0,4,1,9216,0,9825095680
359,165633283,4162,165637445,0,0,1,11264,0,10441908224
360,165869267,42683,165911950,0,0,1,69632,0,7108534272
361,166095040,56854,166151894,0,0,1,97280,0,4994248704
362,166096650,56217,166152867,0,0,1,12800,0,10721243136
363,166405536,4850,166410386,0,0,1,5120,0,7034748928
364,166432048,1518,166433566,0,0,1,1536,0,2877755392
365,166825066,2470,166827536,0,0,1,2560,0,9561366528
366,167535122,566,167535688,0,0,1,512,0,3642707968
367,167680277,1042,167681319,0,0,1,1024,0,4722036736
368,168103804,1518,168105322,0,0,1,1536,0,4552806400
369,168249510,3128,168252638,0,5,1,9216,0,8818999296
370,168961619,7706,168969325,0,0,1,8192,0,4277399552
371,169473991,566,169474557,0,5,1,512,0,608206848
372,169563737,3422,169567159,0,5,1,3584,0,5813174272
373,169902178,5454,169907632,0,5,1,13824,0,1495973888
374,171808127,3422,171811549,0,0,1,3584,0,7295373312
375,172691860,1518,172693378,0,5,1,1536,0,7499694080
376,173462182,1518,173463700,0,5,1,1536,0,5130047488
377,174023011,4850,174027861,0,1,1,5120,0,4859363328
378,174071503,4374,174075877,0,0,1,4608,0,4578373632
379,174291574,2870,174294444,0,5,1,8704,0,9336905728
380,174602771,2470,174605241,0,0,1,2560,0,3177885696
381,174611585,4374,174615959,0,8,1,4608,0,4809687040
382,174678519,1994,174680513,0,8,1,2048,0,5691412480
383,174774055,1042,174775097,0,8,1,1024,0,7869792256
384,176639671,4850,176644521,0,5,1,5120,0,9727369216
385,176828534,566,176829100,0,8,1,512,0,5091377152
386,176919887,4162,176924049,0,0,1,11264,0,1855602688
387,180715313,2946,180718259,0,1,1,3072,0,1886932992
388,181950380,4374,181954754,0,0,1,4608,0,2900631552
389,182436557,3422,182439979,0,8,1,3584,0,5940994048
390,182447237,3128,182450365,0,8,1,9216,0,5257015296
391,184506837,4374,184511211,0,8,1,4608,0,6371979264
392,185621192,3904,185625096,0,4,1,10752,0,3103055872
393,185625634,1518,185627152,0,0,1,1536,0,5029052416
394,186618921,20882,186639803,0,0,1,33792,0,6369853440
395,186911231,566,186911797,0,2,1,512,0,974340096
396,187272871,56854,187329725,0,5,1,97280,0,4630118400
397,187525322,566,187525888,0,4,1,512,0,10529808384
398,188164978,1994,188166972,0,2,1,2048,0,6860955648
399,188312702,2470,188315172,0,5,1,2560,0,8828645376
400,189274319,6754,189281073,0,4,1,7168,0,1024798720
401,189312741,4937,189317678,0,5,1,12800,0,5623230464
402,189444301,1994,189446295,0,5,1,2048,0,3327037440
403,189604250,566,189604816,0,0,1,512,0,4532711424
404,189614168,566,189614734,0,5,1,512,0,2022981632
405,190261939,2470,190264409,0,5,1,2560,0,10509606912
406,190323703,4850,190328553,0,3,1,5120,0,2395840512
407,190615634,7706,190623340,0,3,1,8192,0,8804552704
408,190698083,566,190698649,0,0,1,512,0,1054056448
409,190766083,3898,190769981,0,2,1,4096,0,8503296
410,190769650,1518,190771168,0,0,1,1536,0,723906560
411,190846976,566,190847542,0,0,1,512,0,9746710528
412,190948132,3422,190951554,0,2,1,3584,0,9126055936
413,191083359,5971,191089330,0,0,1,14848,0,10440404992
414,191291212,33075,191324287,0,8,1,54272,0,9195958272
415,194269836,566,194270402,0,2,1,512,0,9284247552
416,194319030,81632,194400662,0,3,1,132096,0,6431543296
417,194616850,566,194617416,0,0,1,512,0,6042386432
418,194975434,1042,194976476,0,3,1,1024,0,6143639552
419,197852941,2470,197855411,0,8,1,2560,0,8082231296
420,197865318,45954,197911272,0,5,1,79360,0,7933849600
421,197869524,185668,198055192,0,5,1,272384,0,9610145792
422,197928996,23466,197952462,0,0,1,38912,0,2583097344
423,198190519,566,198191085,0,5,1,512,0,1678901248
424,199181181,2470,199183651,0,4,1,2560,0,508338176
425,206029320,4850,206034170,0,0,1,5120,0,5673668608
426,206605007,566,206605573,0,3,1,512,0,1117679616
427,207362179,5196,207367375,0,5,1,13312,0,4529512448
428,207799480,2470,207801950,0,3,1,2560,0,5303799808
429,207860182,15579,207875761,0,1,1,30208,0,7980687360
430,208100605,2870,208103475,0,1,1,8704,0,4792606720
431,208389668,43975,208433643,0,4,1,72192,0,6280851456
432,208431001,36604,208467605,0,5,1,64512,0,5526945792
433,208618706,1042,208619748,0,5,1,1024,0,8987742208
434,209028225,4850,209033075,0,1,1,5120,0,1811927040
435,209232712,12566,209245278,0,3,1,20992,0,1482559488
436,209390487,1042,209391529,0,5,1,1024,0,3218092032
437,209511914,4374,209516288,0,4,1,4608,0,2763132928
438,211844316,4420,211848736,0,3,1,11776,0,4137488384
439,212028717,4937,212033654,0,5,1,12800,0,2970214400
440,213205658,2470,213208128,0,4,1,2560,0,4380889088
441,213212142,6278,213218420,0,1,1,6656,0,7682510848
442,234441977,5196,234447173,0,1,1,13312,0,7553064960
443,246761752,44233,246805985,0,5,1,72704,0,1880408064
444,247573977,7230,247581207,0,7,1,7680,0,3859963904
445,247661365,2470,247663835,0,4,1,2560,0,7603126272
446,249151740,6278,249158018,0,2,1,6656,0,6861492224
447,249164910,2946,249167856,0,4,1,3072,0,4403613696
448,249574977,1042,249576019,0,8,1,1024,0,10650255360
449,250495062,1042,250496104,0,4,1,1024,0,4230860800
450,251332989,6754,251339743,0,8,1,7168,0,9414389760
451,251493258,2470,251495728,0,7,1,2560,0,669753344
452,251774564,2946,251777510,0,7,1,3072,0,7394598912
453,252376209,566,252376775,0,4,1,512,0,9471733760
454,252801631,1994,252803625,0,7,1,2048,0,9535541248
455,252921989,4937,252926926,0,3,1,12800,0,1581735936
456,253184194,566,253184760,0,3,1,512,0,433631232
457,253369687,3387,253373074,0,8,1,9728,0,4787044352
458,253377482,1042,253378524,0,9,1,1024,0,8760758272
459,258502007,1042,258503049,0,9,1,1024,0,10517561344
460,260056470,20882,260077352,0,3,1,33792,0,4193062912
461,260246826,2470,260249296,0,7,1,2560,0,8181399552
462,263475023,2946,263477969,0,6,1,3072,0,667897856
463,263870267,23895,263894162,0,2,1,43008,0,5933727744
464,264015171,1042,264016213,0,8,1,1024,0,2460221440
465,264063871,566,264064437,0,4,1,512,0,10080419840
466,264147890,5326,264153216,0,7,1,5632,0,943525888
467,264615682,1994,264617676,0,4,1,2048,0,3986948096
468,266773341,65946,266839287,0,8,1,111616,0,3154804736
469,266806450,2946,266809396,0,7,1,3072,0,4450893824
470,266931932,4850,266936782,0,7,1,5120,0,9028423680
471,266969134,5454,266974588,0,7,1,13824,0,3158925312
472,267305834,6754,267312588,0,2,1,7168,0,4247142400
473,267829361,1994,267831355,0,7,1,2048,0,39403520
474,268348767,1042,268349809,0,4,1,1024,0,1066848256
475,268576103,5454,268581557,0,2,1,13824,0,4365238272
476,268639087,11016,268650103,0,7,1,17920,0,6522429440
477,268672759,566,268673325,0,2,1,512,0,906264576
478,270036588,1042,270037630,0,2,1,1024,0,4663570432
479,270138029,3128,270141157,0,7,1,9216,0,1691807744
480,270266995,1994,270268989,0,7,1,2048,0,5513756672
481,270507385,2946,270510331,0,4,1,3072,0,7592775680
482,270525420,4850,270530270,0,7,1,5120,0,10350235648
483,271088206,566,271088772,0,7,1,512,0,4947050496
484,271451908,4374,271456282,0,4,1,4608,0,5858955264
485,272126021,566,272126587,0,3,1,512,0,6865608704
486,272127218,1994,272129212,0,4,1,2048,0,3692023808
487,272404257,566,272404823,0,4,1,512,0,6519656448
488,272604656,3128,272607784,0,7,1,9216,0,754917376
489,272723266,566,272723832,0,7,1,512,0,10177155072
490,272869188,6278,272875466,0,4,1,6656,0,2706821120
491,272972814,4850,272977664,0,7,1,5120,0,7538180096
492,273052259,1994,273054253,0,3,1,2048,0,6514200576
493,273140309,97613,273237922,0,4,1,163328,0,5904175104
494,273449991,155608,273605599,0,3,1,252928,0,5339729920
495,273533998,7230,273541228,0,7,1,7680,0,2344431616
496,275904957,10499,275915456,0,4,1,16896,0,1572675584
497,276104722,566,276105288,0,8,1,512,0,10365370368
498,278832963,76052,278909015,0,6,0,10240,0,5145870336
499,292620526,45596,292666122,0,7,0,1024,0,8229543936
500,293134950,108680,293243630,0,5,0,56832,0,3006328832
501,293216801,106808,293323609,0,3,0,50688,0,4757004288
502,293566261,106340,293672601,0,8,0,49152,0,4745043968
503,294724534,107276,294831810,0,3,0,52224,0,6501269504
504,296365784,43904,296409688,0,4,0,512,0,912257024
505,296414298,54056,296468354,0,8,0,3584,0,10130636800
506,296752234,60824,296813058,0,8,0,5632,0,5353422848
507,296852169,108836,296961005,0,5,0,57344,0,1203273728
508,296908745,94976,297003721,0,2,0,16896,0,3045912576
509,297294445,43904,297338349,0,2,0,512,0,6121631744
510,297409328,97916,297507244,0,5,0,21504,0,875024384
511,298145516,50672,298196188,0,1,0,2560,0,8099315712
512,298617626,116324,298733950,0,0,0,81920,0,5678063616
513,299616166,65900,299682066,0,5,0,7168,0,8504348672
514,302716876,1042,302717918,0,7,1,1024,0,4971929600
515,303043346,566,303043912,0,2,1,512,0,411930624
516,304157280,4162,304161442,0,8,1,11264,0,8246874112
517,304560694,566,304561260,0,3,1,512,0,8258174976
518,305108229,12308,305120537,0,2,1,20480,0,6863233024
519,305426002,3422,305429424,0,0,1,3584,0,1668861952
520,305978896,4850,305983746,0,3,1,5120,0,3009785856
521,307298854,5454,307304308,0,0,1,13824,0,4973449216
522,307460597,5196,307465793,0,6,1,13312,0,3787399168
523,307617896,566,307618462,0,2,1,512,0,2003800064
524,307957189,2946,307960135,0,6,1,3072,0,3263700992
525,308609945,3422,308613367,0,2,1,3584,0,1067937792
526,308701534,566,308702100,0,3,1,512,0,414593024
527,312463854,566,312464420,0,3,1,512,0,5597548544
528,312731714,14804,312746518,0,8,1,28672,0,6133223424
529,312835955,566,312836521,0,6,1,512,0,5368979456
530,313307922,1994,313309916,0,6,1,2048,0,4435890176
531,313344010,3645,313347655,0,8,1,10240,0,501862400
532,313363269,566,313363835,0,8,1,512,0,535932928
533,314016418,2870,314019288,0,8,1,8704,0,2555961344
534,314305688,4679,314310367,0,2,1,12288,0,2151882752
535,314404402,566,314404968,0,6,1,512,0,5708550144
536,315041675,2870,315044545,0,2,1,8704,0,9643765760
537,315261637,4374,315266011,0,6,1,4608,0,6430797824
538,315376261,13341,315389602,0,0,1,22528,0,2590437376
539,315401599,7706,315409305,0,0,1,8192,0,8773496832
540,315645961,11791,315657752,0,0,1,19456,0,1519157248
541,316694732,33075,316727807,0,6,1,54272,0,2250477568
542,316923426,4162,316927588,0,8,1,11264,0,541224960
543,327466211,566,327466777,0,4,1,512,0,5080391680
544,327709755,566,327710321,0,0,1,512,0,9051222016
545,327863421,3128,327866549,0,8,1,9216,0,10007691264
546,328176796,13083,328189879,0,2,1,22016,0,1377439744
547,328648964,5802,328654766,0,8,1,6144,0,8894795776
548,328680039,566,328680605,0,9,1,512,0,582836224
549,328820724,3898,328824622,0,9,1,4096,0,7604686848
550,328934929,566,328935495,0,0,1,512,0,9737162752
551,336136069,6278,336142347,0,0,1,6656,0,10387927040
552,336190915,7230,336198145,0,9,1,7680,0,2235977728
553,336525998,3898,336529896,0,9,1,4096,0,4853796864
554,336544932,1518,336546450,0,2,1,1536,0,6560182272
555,336930021,1042,336931063,0,2,1,1024,0,10142240768
556,337372159,4374,337376533,0,8,1,4608,0,10054225920
557,338241931,5196,338247127,0,9,1,13312,0,4034072576
558,338926179,566,338926745,0,6,1,512,0,6871355392
559,339133100,1994,339135094,0,2,1,2048,0,3457024
560,339506071,4374,339510445,0,2,1,4608,0,1782718464
561,339524804,566,339525370,0,8,1,512,0,1478598656
562,339995947,7230,340003177,0,8,1,7680,0,8736477184
563,340035240,1994,340037234,0,2,1,2048,0,510996480
564,340288113,2470,340290583,0,2,1,2560,0,185446400
565,340434901,1518,340436419,0,6,1,1536,0,6815686656
566,340541483,1518,340543001,0,8,1,1536,0,3591626752
567,341666243,4420,341670663,0,9,1,11776,0,768409600
568,342126036,2946,342128982,0,6,1,3072,0,6824783872
569,342234395,3904,342238299,0,8,1,10752,0,5546803200
570,342312298,2470,342314768,0,2,1,2560,0,9743904768
571,343209900,15062,343224962,0,8,1,29184,0,6286962688
572,343249200,5802,343255002,0,2,1,6144,0,5747789824
573,343309515,24670,343334185,0,2,1,44544,0,5380628480
574,343462667,566,343463233,0,2,1,512,0,4714049536
575,343977929,1042,343978971,0,2,1,1024,0,10644901888
576,344193120,566,344193686,0,6,1,512,0,304279552
577,344528656,1042,344529698,0,6,1,1024,0,6917226496
578,344585762,1994,344587756,0,3,1,2048,0,10080886784
579,344597028,566,344597594,0,2,1,512,0,8309006336
580,344990826,2470,344993296,0,3,1,2560,0,7829819392
581,345012088,566,345012654,0,2,1,512,0,9067720704
582,346042043,2946,346044989,0,2,1,3072,0,295026688
583,346429415,4374,346433789,0,6,1,4608,0,10631802880
584,346683260,25962,346709222,0,8,1,47104,0,3963506688
585,346699767,3898,346703665,0,9,1,4096,0,7402131456
586,347586689,1042,347587731,0,9,1,1024,0,4604198912
587,349054547,6754,349061301,0,8,1,7168,0,7835881472
588,349109695,3422,349113117,0,3,1,3584,0,8837308416
589,349176421,2946,349179367,0,3,1,3072,0,3692371968
590,350384086,1518,350385604,0,6,1,1536,0,1884868608
591,350455721,1518,350457239,0,3,1,1536,0,10461884416
592,350604716,6278,350610994,0,3,1,6656,0,8927891456
593,351033378,3645,351037023,0,3,1,10240,0,7031046144
594,351245138,566,351245704,0,2,1,512,0,3408072704
595,351890922,5802,351896724,0,9,1,6144,0,948469760
596,352269553,4679,352274232,0,3,1,12288,0,2861740032
597,352770089,4679,352774768,0,2,1,12288,0,8458412032
598,353864152,11533,353875685,0,3,1,18944,0,2192633856
599,354133634,2870,354136504,0,6,1,8704,0,1495937024
600,354362120,3898,354366018,0,9,1,4096,0,57049088
601,354571689,2870,354574559,0,2,1,8704,0,5385818112
602,354626430,566,354626996,0,8,1,512,0,1097367552
603,357447555,12566,357460121,0,8,1,20992,0,1414168576
604,357605179,1042,357606221,0,9,1,1024,0,7747661824
605,358386392,3904,358390296,0,6,1,10752,0,3724992512
606,358694766,3387,358698153,0,2,1,9728,0,1257902080
607,358737413,2946,358740359,0,9,1,3072,0,5199228928
608,358872555,3422,358875977,0,9,1,3584,0,6179758080
609,359166558,13341,359179899,0,9,1,22528,0,6581551104
610,359348285,4374,359352659,0,2,1,4608,0,9851559936
611,359516175,3645,359519820,0,5,1,10240,0,9168285696
612,359657847,4162,359662009,0,2,1,11264,0,3982106624
613,360023350,2470,360025820,0,5,1,2560,0,7243943936
614,360850650,566,360851216,0,9,1,512,0,6573756416
615,360956101,2470,360958571,0,2,1,2560,0,5803401216
616,361502681,1518,361504199,0,3,1,1536,0,8779608064
617,361614181,1518,361615699,0,2,1,1536,0,265756672
618,361826802,5326,361832128,0,6,1,5632,0,3635892224
619,362038465,1518,362039983,0,2,1,1536,0,9369137152
620,362470570,566,362471136,0,5,1,512,0,6262226944
621,363492680,1518,363494198,0,6,1,1536,0,9117110272
622,363611647,1994,363613641,0,2,1,2048,0,3357413376
623,363810605,566,363811171,0,2,1,512,0,5565464576
624,368753843,43904,368797747,0,8,0,512,0,5583450112
625,368829342,43904,368873246,0,2,0,512,0,7884488704
626,368994098,43904,369038002,0,2,0,512,0,4079591424
627,369564032,105872,369669904,0,0,0,47616,0,704385024
628,370160556,43904,370204460,0,2,0,512,0,1912774656
629,370357635,45596,370403231,0,3,0,1024,0,8052727808
630,370376851,97448,370474299,0,1,0,19968,0,1654554624
631,370652089,102284,370754373,0,1,0,35840,0,9510379520
632,370842358,124748,370967106,0,3,0,109568,0,7757393920
633,370961097,105789,371066886,0,3,0,27648,0,1721176064
634,370998582,43904,371042486,0,1,0,512,0,9127690240
635,373682531,55748,373738279,0,1,0,4096,0,7211716608
636,373813013,90392,373903405,0,0,0,22016,0,10257850368
637,373903585,47288,373950873,0,5,0,1536,0,5607899136
638,374629910,102284,374732194,0,3,0,35840,0,2411483136
639,375785110,47288,375832398,0,2,0,1536,0,6350721024
640,376189787,183464,376373251,0,5,0,151040,0,4158218240
641,376397140,87896,376485036,0,0,0,13824,0,5017444352
642,377329389,43904,377373293,0,4,0,512,0,3818557440
643,378021617,111956,378133573,0,0,0,67584,0,2172190720
644,378597184,72668,378669852,0,5,0,9216,0,6072647680
645,378702942,108992,378811934,0,3,0,57856,0,1218195456
646,378859221,4420,378863641,0,3,1,11776,0,9503961088
647,378932953,566,378933519,0,2,1,512,0,6728777728
648,379410069,10757,379420826,0,5,1,17408,0,2615615488
649,379441498,43904,379485402,0,3,0,512,0,8527007744
650,379781588,2870,379784458,0,9,1,8704,0,4046393344
651,379834647,566,379835213,0,2,1,512,0,10279354368
652,380211866,1518,380213384,0,2,1,1536,0,456880128
653,380329814,101816,380431630,0,0,0,34304,0,5851267072
654,380858683,5802,380864485,0,9,1,6144,0,3056848896
655,380978935,107900,381086835,0,5,0,54272,0,1652162560
656,381167479,43904,381211383,0,4,0,512,0,673710080
657,381197536,566,381198102,0,5,1,512,0,5981192192
658,381297980,33075,381331055,0,2,1,54272,0,9461329920
659,381443909,108648,381552557,0,2,0,15872,0,142102528
660,381527792,566,381528358,0,2,1,512,0,5207347200
661,381574428,21658,381596086,0,6,1,35328,0,2279886848
662,381591359,4983,381596342,0,6,1,9216,0,9589235712
663,381709333,112892,381822225,0,4,0,70656,0,7264002048
664,387362523,1994,387364517,0,6,1,2048,0,4802469888
665,387696084,2946,387699030,0,5,1,3072,0,6005112832
666,388016810,566,388017376,0,2,1,512,0,10468839424
667,397619158,566,397619724,0,9,1,512,0,4426477568
668,409559863,1518,409561381,0,5,1,1536,0,8525955072
669,409755077,2470,409757547,0,2,1,2560,0,4585721856
670,410909887,1042,410910929,0,8,1,1024,0,6314450944
671,411106576,4374,411110950,0,2,1,4608,0,5146865664
672,411450752,566,411451318,0,2,1,512,0,7068971008
673,411467939,566,411468505,0,0,1,512,0,6928760832
674,411547710,1518,411549228,0,0,1,1536,0,9227464704
675,411563213,13600,411576813,0,0,1,23040,0,8115736576
676,411840556,3898,411844454,0,0,1,4096,0,9523773440
677,411992052,566,411992618,0,2,1,512,0,3220815872
678,412076379,10241,412086620,0,0,1,16384,0,5840064512
679,412213402,4162,412217564,0,2,1,11264,0,876081152
680,415228368,12566,415240934,0,0,1,20992,0,3195768832
681,415292617,2470,415295087,0,2,1,2560,0,7219679232
682,415525188,2470,415527658,0,2,1,2560,0,5696561152
683,415736949,31007,415767956,0,2,1,50176,0,6896201728
684,415830862,7706,415838568,0,8,1,8192,0,5813698560
685,416086271,5802,416092073,0,8,1,6144,0,3652182016
686,416703612,4162,416707774,0,2,1,11264,0,9671745536
687,416979042,4374,416983416,0,8,1,4608,0,8305520640
688,418641381,3422,418644803,0,8,1,3584,0,9023897600
689,418955938,3898,418959836,0,2,1,4096,0,4812115968
690,419001125,3422,419004547,0,2,1,3584,0,1660698624
691,419129195,3387,419132582,0,2,1,9728,0,5198794752
692,423479951,2946,423482897,0,2,1,3072,0,2158698496
693,423613109,6754,423619863,0,4,1,7168,0,2835910656
694,423620323,3387,423623710,0,4,1,9728,0,5775265792
695,423671322,566,423671888,0,4,1,512,0,10646405120
696,424285665,4374,424290039,0,4,1,4608,0,3055919104
697,424790392,4937,424795329,0,8,1,12800,0,5497356288
698,425409036,566,425409602,0,0,1,512,0,6797168640
699,425492714,4162,425496876,0,4,1,11264,0,9126715392
700,425534114,4374,425538488,0,8,1,4608,0,4242927616
701,425860422,566,425860988,0,4,1,512,0,1328730112
702,426023242,63620,426086862,0,8,1,107008,0,7846158336
703,426132305,2870,426135175,0,8,1,8704,0,10272702464
704,426329333,566,426329899,0,8,1,512,0,3524816896
705,426676806,6278,426683084,0,4,1,6656,0,2097496064
706,426679066,7230,426686296,0,0,1,7680,0,3537973248
707,426682858,5384,426688242,0,0,1,3072,0,7286624256
708,427056600,3898,427060498,0,0,1,4096,0,6983692288
709,427225941,3387,427229328,0,8,1,9728,0,2128908288
710,427525329,6754,427532083,0,8,1,7168,0,10319458304
711,427665834,2870,427668704,0,4,1,8704,0,2872176640
712,427916654,566,427917220,0,0,1,512,0,4201205760
713,428149357,5454,428154811,0,4,1,13824,0,9845088256
714,428149376,6278,428155654,0,8,1,6656,0,10604064768
715,428462163,6488,428468651,0,8,1,15872,0,7254294528
716,429957594,6754,429964348,0,4,1,7168,0,7095697408
717,430135823,6229,430142052,0,0,1,15360,0,161734656
718,430344899,41391,430386290,0,6,1,67072,0,10410942464
719,430423043,3422,430426465,0,0,1,3584,0,2782449664
720,431372700,1518,431374218,0,8,1,1536,0,7356342272
721,431592754,566,431593320,0,0,1,512,0,4697399296
722,432608222,5802,432614024,0,6,1,6144,0,9617461248
723,432699933,1042,432700975,0,0,1,1024,0,5779357696
724,432903279,2946,432906225,0,0,1,3072,0,10087329792
725,433038387,4420,433042807,0,0,1,11776,0,5648510976
726,433074142,5326,433079468,0,0,1,5632,0,5354754048
727,433551569,1994,433553563,0,0,1,2048,0,6316429312
728,434095932,4374,434100306,0,8,1,4608,0,7750344704
729,434167224,566,434167790,0,6,1,512,0,4430163968
730,434612409,1042,434613451,0,6,1,1024,0,9956954112
731,436066392,4850,436071242,0,0,1,5120,0,6683754496
732,436134467,3645,436138112,0,4,1,10240,0,10576457728
733,436156894,3898,436160792,0,1,1,4096,0,81936384
734,436191180,4850,436196030,0,1,1,5120,0,5324300288
735,436756814,566,436757380,0,4,1,512,0,527785984
736,437033533,566,437034099,0,1,1,512,0,1713713152
737,437443020,566,437443586,0,8,1,512,0,620220416
738,437595614,1042,437596656,0,2,1,1024,0,2712252416
739,438089252,103862,438193114,0,6,1,172032,0,9006690304
740,438274953,566,438275519,0,1,1,512,0,2030166016
741,448584653,3128,448587781,0,2,1,9216,0,4858998784
742,448874123,7230,448881353,0,1,1,7680,0,7175888896
743,448897906,22174,448920080,0,4,1,36352,0,7842840576
744,449537523,566,449538089,0,8,1,512,0,7053905920
745,455599034,566,455599600,0,4,1,512,0,7863136256
746,464111362,1518,464112880,0,1,1,1536,0,4799795200
747,464187781,41391,464229172,0,6,1,67072,0,3337543680
748,464469546,566,464470112,0,6,1,512,0,6233632768
749,464739502,4374,464743876,0,6,1,4608,0,4822679552
750,464856114,3645,464859759,0,8,1,10240,0,4554293248
751,465101073,1994,465103067,0,0,1,2048,0,6644355072
752,465817975,3387,465821362,0,8,1,9728,0,8025128960
753,473279406,1042,473280448,0,6,1,1024,0,5210394624
754,473364570,2470,473367040,0,0,1,2560,0,8933613568
755,473804896,20366,473825262,0,0,1,32768,0,1414815744
756,474531677,1042,474532719,0,8,1,1024,0,3616395264
757,474636788,5326,474642114,0,0,1,5632,0,8823590912
758,475249112,5802,475254914,0,0,1,6144,0,7883010048
759,476259981,5802,476265783,0,9,1,6144,0,8345071616
760,476988237,6754,476994991,0,8,1,7168,0,2047098880
761,477476836,3422,477480258,0,0,1,3584,0,9647587328
762,477683728,16354,477700082,0,0,1,31744,0,2870587392
763,477913995,12049,477926044,0,0,1,19968,0,1164529664
764,478044612,2470,478047082,0,8,1,2560,0,4756467712
765,478207558,3128,478210686,0,8,1,9216,0,2472873984
766,478763153,3128,478766281,0,0,1,9216,0,10374782976
767,479212913,1994,479214907,0,9,1,2048,0,5428285440
768,491321673,21399,491343072,0,8,1,34816,0,10602868736
769,491482465,63191,491545656,0,9,1,102912,0,10165182464
770,491847710,4374,491852084,0,0,1,4608,0,8658407424
771,493360361,2946,493363307,0,9,1,3072,0,10306502656
772,493808640,3645,493812285,0,0,1,10240,0,8341774336
773,494328037,10241,494338278,0,0,1,16384,0,8279715840
774,505755447,30749,505786196,0,5,1,49664,0,10367746048
775,505756402,1994,505758396,0,0,1,2048,0,4522381312
776,505907152,4679,505911831,0,0,1,12288,0,5365981184
777,506250072,3904,506253976,0,0,1,10752,0,4674859008
778,529613090,34367,529647457,0,9,1,56832,0,9116774400
779,529756701,2470,529759171,0,0,1,2560,0,183398400
780,530075023,12049,530087072,0,0,1,19968,0,3312218112
781,530114316,4420,530118736,0,0,1,11776,0,149991424
782,530328336,6754,530335090,0,0,1,7168,0,9776472064
783,530892278,6278,530898556,0,4,1,6656,0,8161366016
784,530959496,7230,530966726,0,0,1,7680,0,7831236608
785,533425916,11274,533437190,0,0,1,18432,0,7262564352
786,533516777,1518,533518295,0,3,1,1536,0,7901364224
787,533987046,2470,533989516,0,3,1,2560,0,5861531648
788,534648520,13083,534661603,0,4,1,22016,0,4632870912
789,534669051,5326,534674377,0,3,1,5632,0,297111552
790,534845170,1518,534846688,0,3,1,1536,0,9586188288
791,535815282,2470,535817752,0,3,1,2560,0,4848504832
792,536050004,2870,536052874,0,4,1,8704,0,5488209920
793,536201492,2470,536203962,0,4,1,2560,0,6788489216
794,536271102,1518,536272620,0,4,1,1536,0,9246179328
795,536342737,11274,536354011,0,4,1,18432,0,9114259456
796,536494095,2470,536496565,0,4,1,2560,0,4013817856
797,536943555,5802,536949357,0,4,1,6144,0,1775419392
798,537149076,5802,537154878,0,3,1,6144,0,9861181440
799,537237007,7230,537244237,0,6,1,7680,0,8099680256
800,537489619,3422,537493041,0,3,1,3584,0,5383389184
801,537700307,6488,537706795,0,6,1,15872,0,7747551232
802,537883266,83612,537966878,0,4,1,139264,0,7886245888
803,538439163,4420,538443583,0,6,1,11776,0,1275977728
804,538913927,5326,538919253,0,3,1,5632,0,8735195136
805,539260875,1042,539261917,0,4,1,1024,0,4123324416
806,539980635,4162,539984797,0,1,1,11264,0,6715486208
807,540016912,566,540017478,0,0,1,512,0,2782511104
808,540025122,1518,540026640,0,0,1,1536,0,5386190848
809,540177718,5326,540183044,0,0,1,5632,0,6385283072
810,540392487,53325,540445812,0,4,1,87040,0,5029244928
811,540848674,1518,540850192,0,0,1,1536,0,1041416192
812,540876555,6754,540883309,0,3,1,7168,0,2906210304
813,541533874,1994,541535868,0,3,1,2048,0,8987365376
814,541649519,13512,541663031,0,6,1,26112,0,4696580096
815,541714639,11274,541725913,0,4,1,18432,0,7083102208
816,542094756,1518,542096274,0,4,1,1536,0,6816333824
817,542940520,61124,543001644,0,6,1,98816,0,9264041984
818,543412909,6278,543419187,0,1,1,6656,0,8656207872
819,544427808,5712,544433520,0,0,1,14336,0,9497989120
820,544817660,566,544818226,0,4,1,512,0,3887652864
821,544917535,4850,544922385,0,7,1,5120,0,7017975808
822,545669320,167454,545836774,0,3,1,275968,0,496136192
823,545711359,4850,545716209,0,7,1,5120,0,10197725184
824,546769015,2470,546771485,0,7,1,2560,0,4955779072
825,547417825,7230,547425055,0,1,1,7680,0,4469653504
826,547712818,2470,547715288,0,4,1,2560,0,10552827904
827,548344292,1042,548345334,0,6,1,1024,0,3238039552
828,548552377,2470,548554847,0,2,1,2560,0,3307900928
829,548846640,3898,548850538,0,4,1,4096,0,9176956928
830,548923864,1042,548924906,0,2,1,1024,0,9673678848
831,550163240,566,550163806,0,2,1,512,0,6211305472
832,550443932,2470,550446402,0,0,1,2560,0,3725901824
833,550617715,1994,550619709,0,3,1,2048,0,129536000
834,550805382,4850,550810232,0,1,1,5120,0,7149621248
835,550866320,3645,550869965,0,4,1,10240,0,7533338624
836,552513715,4937,552518652,0,4,1,12800,0,6215335936
837,554122265,3645,554125910,0,3,1,10240,0,1558061056
838,554191109,2470,554193579,0,1,1,2560,0,6907822080
839,559894244,566,559894810,0,6,1,512,0,9647300608
840,561081001,3128,561084129,0,0,1,9216,0,10405195776
841,561304387,5196,561309583,0,1,1,13312,0,1522225152
842,561363535,1518,561365053,0,7,1,1536,0,4331888640
843,561721548,10757,561732305,0,7,1,17408,0,9741131776
844,561872365,1042,561873407,0,1,1,1024,0,4715462656
845,562207378,6754,562214132,0,1,1,7168,0,5275680768
846,562913465,2946,562916411,0,7,1,3072,0,5084934144
847,571207747,1042,571208789,0,1,1,1024,0,5929521152
848,571449192,55304,571504496,0,2,1,94208,0,1150636032
849,572127429,4420,572131849,0,2,1,11776,0,5180035072
850,572546826,566,572547392,0,0,1,512,0,8472752128
851,572616404,7706,572624110,0,7,1,8192,0,408379392
852,572666695,566,572667261,0,7,1,512,0,1667411968
853,572698547,6278,572704825,0,7,1,6656,0,9309061120
854,572857622,5326,572862948,0,7,1,5632,0,3471044608
855,573064616,1042,573065658,0,3,1,1024,0,3056193536
856,573432295,1042,573433337,0,4,1,1024,0,9280630784
857,573594526,5802,573600328,0,7,1,6144,0,8099037184
858,573860549,3422,573863971,0,0,1,3584,0,429334528
859,578444276,1518,578445794,0,3,1,1536,0,5872484352
860,578603213,1994,578605207,0,7,1,2048,0,7153856512
861,578607502,5326,578612828,0,2,1,5632,0,5318467584
862,579591181,2470,579593651,0,2,1,2560,0,5224644608
863,580410248,6278,580416526,0,0,1,6656,0,1497915392
864,580839335,1518,580840853,0,7,1,1536,0,1321705472
865,581263128,1042,581264170,0,4,1,1024,0,2089578496
866,581335964,2470,581338434,0,7,1,2560,0,9877143552
867,581472746,2946,581475692,0,4,1,3072,0,4366917632
868,581766418,566,581766984,0,7,1,512,0,902053888
869,581867319,1518,581868837,0,4,1,1536,0,1271853056
870,582047725,566,582048291,0,4,1,512,0,8492908544
871,582917334,4679,582922013,0,0,1,12288,0,6976786432
872,585972289,7230,585979519,0,7,1,7680,0,3401752576
873,586870290,566,586870856,0,4,1,512,0,4061057024
874,586880015,1518,586881533,0,2,1,1536,0,2228375552
875,586886281,1042,586887323,0,2,1,1024,0,5265829888
876,587294227,566,587294793,0,2,1,512,0,262705152
877,588499803,1994,588501797,0,2,1,2048,0,4325376
878,589952970,566,589953536,0,0,1,512,0,4750000128
879,590175428,83700,590259128,0,4,1,136192,0,1507745792
880,590609055,566,590609621,0,4,1,512,0,6235045888
881,590737943,2470,590740413,0,4,1,2560,0,6039232512
882,590802650,6754,590809404,0,2,1,7168,0,6318260224
883,591151845,5971,591157816,0,4,1,14848,0,8163450880
884,591490602,6278,591496880,0,2,1,6656,0,7881175040
885,592518105,1518,592519623,0,8,1,1536,0,5473615872
886,592697417,1518,592698935,0,4,1,1536,0,7183482880
887,593643212,566,593643778,0,2,1,512,0,9109458944
888,594057585,1518,594059103,0,4,1,1536,0,6534430720
889,594264302,4420,594268722,0,0,1,11776,0,7546826752
890,595170010,13512,595183522,0,0,1,26112,0,7794896896
891,595238554,54529,595293083,0,5,1,92672,0,3519045632
892,595412132,1042,595413174,0,5,1,1024,0,10466197504
893,607290428,20624,607311052,0,4,1,33280,0,10253746176
894,607534056,3898,607537954,0,5,1,4096,0,5747867648
895,608115286,566,608115852,0,8,1,512,0,3574931456
896,608974332,3898,608978230,0,6,1,4096,0,3782385664
897,609127106,4937,609132043,0,7,1,12800,0,493355008
898,609371077,2470,609373547,0,5,1,2560,0,2070073344
899,609384935,96579,609481514,0,2,1,161280,0,8667254784
900,609628452,12566,609641018,0,2,1,20992,0,7638216704
901,609667135,5802,609672937,0,7,1,6144,0,2109911040
902,626884477,15321,626899798,0,7,1,29696,0,1129508864
903,627109833,4374,627114207,0,5,1,4608,0,4157505536
904,629957247,1042,629958289,0,2,1,1024,0,9315426304
905,630074683,566,630075249,0,0,1,512,0,6967009280
906,630318914,10241,630329155,0,8,1,16384,0,8900308992
907,630599333,1994,630601327,0,0,1,2048,0,2654285824
908,634100822,7230,634108052,0,5,1,7680,0,4570234880
909,634459379,3387,634462766,0,3,1,9728,0,3094745088
910,634696569,566,634697135,0,8,1,512,0,4482072576
911,634759558,7706,634767264,0,0,1,8192,0,3599470592
912,634955668,16354,634972022,0,6,1,31744,0,7939063808
913,635053892,566,635054458,0,0,1,512,0,1421705216
914,635073132,2470,635075602,0,8,1,2560,0,143183872
915,635285066,3898,635288964,0,0,1,4096,0,2265239552
916,635948113,566,635948679,0,3,1,512,0,8697823232
917,636771644,2946,636774590,0,8,1,3072,0,9067806720
918,637039189,7706,637046895,0,6,1,8192,0,6452674560
919,637180853,566,637181419,0,0,1,512,0,9513017344
920,646255914,1518,646257432,0,6,1,1536,0,7993892864
921,646417837,5326,646423163,0,0,1,5632,0,4110381056
922,647099426,2470,647101896,0,0,1,2560,0,2684014592
923,647149017,4162,647153179,0,3,1,11264,0,8381267968
924,647441549,2470,647444019,0,3,1,2560,0,1718734848
925,647774175,3898,647778073,0,8,1,4096,0,3338358784
926,647892814,566,647893380,0,3,1,512,0,1170685952
927,648181235,3898,648185133,0,3,1,4096,0,8043212800
928,648202065,10499,648212564,0,8,1,16896,0,9568739328
929,648225440,566,648226006,0,8,1,512,0,4330926080
930,648267181,1042,648268223,0,0,1,1024,0,3108900864
931,648451631,566,648452197,0,8,1,512,0,41476096
932,648664348,4374,648668722,0,0,1,4608,0,8866766848
933,648875949,1994,648877943,0,8,1,2048,0,2877206528
934,649327205,12566,649339771,0,3,1,20992,0,727273472
935,649781706,3898,649785604,0,0,1,4096,0,6654840832
936,650733028,1994,650735022,0,8,1,2048,0,3570974720
937,650756035,3898,650759933,0,3,1,4096,0,10670972928
938,651210858,2470,651213328,0,3,1,2560,0,3157831680
939,651233730,3128,651236858,0,0,1,9216,0,392523776
940,651592671,3128,651595799,0,0,1,9216,0,4661735424
941,651594975,6754,651601729,0,2,1,7168,0,10162335744
942,651763086,44920,651808006,0,2,1,77312,0,4838514688
943,651797029,566,651797595,0,0,1,512,0,3229396992
944,651855815,25446,651881261,0,0,1,46080,0,9728622592
945,651980634,3422,651984056,0,3,1,3584,0,7902814208
946,652141096,566,652141662,0,1,1,512,0,8082292736
947,652208387,3898,652212285,0,0,1,4096,0,6292381696
948,652985473,4850,652990323,0,2,1,5120,0,5830438912
949,653538130,7230,653545360,0,0,1,7680,0,1857073152
950,654006927,1518,654008445,0,3,1,1536,0,10193616896
951,654517846,2946,654520792,0,1,1,3072,0,6926491648
952,654650216,1994,654652210,0,8,1,2048,0,1302740992
953,654709700,131999,654841699,0,8,1,213504,0,5030125568
954,656313035,2946,656315981,0,8,1,3072,0,8921759744
955,656571865,11274,656583139,0,3,1,18432,0,4926763008
956,656605045,1042,656606087,0,0,1,1024,0,7598653440
957,657415320,5326,657420646,0,0,1,5632,0,6280048640
958,657467396,1994,657469390,0,1,1,2048,0,2520883200
959,658313873,1518,658315391,0,5,1,1536,0,1262460928
960,658378152,3898,658382050,0,1,1,4096,0,1808076800
961,658378244,55563,658433807,0,1,1,89088,0,10267545600
962,659134014,4850,659138864,0,1,1,5120,0,7634907136
963,659589678,36604,659626282,0,2,1,64512,0,6055157760
964,659913260,1518,659914778,0,3,1,1536,0,3166523392
965,661035855,3898,661039753,0,3,1,4096,0,5626753024
966,661346582,1042,661347624,0,2,1,1024,0,3659886592
967,666602084,4420,666606504,0,0,1,11776,0,9392365568
968,680979458,1518,680980976,0,5,1,1536,0,8762138624
969,685379863,3387,685383250,0,1,1,9728,0,6851530752
970,685815389,566,685815955,0,2,1,512,0,8747728896
971,686049676,566,686050242,0,8,1,512,0,6706376704
972,686183298,566,686183864,0,2,1,512,0,2419494912
973,686432157,1518,686433675,0,2,1,1536,0,10442682368
974,686883542,3128,686886670,0,8,1,9216,0,3851911168
975,687059237,7706,687066943,0,3,1,8192,0,10517078016
976,687574455,1518,687575973,0,2,1,1536,0,1066958848
977,688249613,566,688250179,0,3,1,512,0,9182769152
978,688454874,22433,688477307,0,8,1,36864,0,6540865536
979,688515591,1042,688516633,0,8,1,1024,0,3673600000
980,688590639,6278,688596917,0,2,1,6656,0,267284480
981,688635871,2946,688638817,0,8,1,3072,0,10732920832
982,689662217,1994,689664211,0,2,1,2048,0,5289037824
983,689827640,3387,689831027,0,8,1,9728,0,5970034688
984,690339307,3422,690342729,0,3,1,3584,0,5167468544
985,690662643,5326,690667969,0,8,1,5632,0,2739560448
986,690707828,1994,690709822,0,8,1,2048,0,8757829632
987,690815376,566,690815942,0,8,1,512,0,4361363456
988,690883376,566,690883942,0,8,1,512,0,8340807680
989,691139484,5326,691144810,0,3,1,5632,0,2714775552
990,691195025,1042,691196067,0,8,1,1024,0,2077798400
991,691545313,566,691545879,0,8,1,512,0,4088020992
992,691590098,2470,691592568,0,3,1,2560,0,8655228928
993,691820653,566,691821219,0,3,1,512,0,885927936
994,691826239,2470,691828709,0,2,1,2560,0,5677137920
995,692379270,2946,692382216,0,2,1,3072,0,571334656
996,692849722,5196,692854918,0,8,1,13312,0,3951841280
997,693150596,1042,693151638,0,3,1,1024,0,9421705216
998,693458475,3904,693462379,0,3,1,10752,0,1427947520
999,699058845,1994,699060839,0,2,1,2048,0,10233507840
1000,699834817,1042,699835859,0,8,1,1024,0,1662996480
1001,700476284,4850,700481134,0,3,1,5120,0,5764665344
1002,700568645,4162,700572807,0,8,1,11264,0,7145029632
1003,701678776,43904,701722680,0,2,0,512,0,913788928
1004,702020102,106496,702126598,0,3,0,49664,0,4321484800
1005,702612139,43904,702656043,0,4,0,512,0,4521365504
1006,703437337,43904,703481241,0,5,0,512,0,2490048512
1007,705144139,43904,705188043,0,0,0,512,0,171667456
1008,705390162,97028,705487190,0,3,0,28672,0,4223279104
1009,705431408,69284,705500692,0,9,0,8192,0,5501947904
1010,706436345,99188,706535533,0,9,0,30720,0,3976298496
1011,706624664,43904,706668568,0,3,0,512,0,6427901952
1012,707890849,74360,707965209,0,4,0,9728,0,9449844736
1013,708016348,57440,708073788,0,3,0,4608,0,2230247424
1014,708217979,4937,708222916,0,3,1,12800,0,9528721408
1015,708391429,5802,708397231,0,8,1,6144,0,4405338112
1016,708393160,7617,708400777,0,8,1,5632,0,6591168512
1017,708450334,5326,708455660,0,8,1,5632,0,6942961664
1018,708564230,127244,708691474,0,3,0,117760,0,512499712
1019,708616979,4850,708621829,0,8,1,5120,0,3301335040
1020,708770948,566,708771514,0,8,1,512,0,4007084032
1021,708911147,1994,708913141,0,1,1,2048,0,10052431872
1022,709061821,43904,709105725,0,5,0,512,0,1170534400
1023,709169528,103376,709272904,0,1,0,39424,0,2058362880
1024,709338343,91640,709429983,0,1,0,26112,0,10675720192
1025,709433199,152766,709585965,0,8,1,247296,0,2049933312
1026,709499922,11533,709511455,0,1,1,18944,0,9873248256
1027,709528158,66979,709595137,0,1,1,113664,0,3664945152
1028,709645021,4850,709649871,0,1,1,5120,0,107094016
1029,710212780,43904,710256684,0,1,0,512,0,8689647616
1030,710381732,566,710382298,0,1,1,512,0,1732153344
1031,710434791,97136,710531927,0,5,0,18944,0,1730580480
1032,710491415,99476,710590891,0,3,0,26624,0,882905088
1033,710588857,57774,710646631,0,3,0,4096,0,4519866368
1034,710711959,1518,710713477,0,8,1,1536,0,7293087744
1035,710728520,566,710729086,0,0,1,512,0,6829981696
1036,710895373,1518,710896891,0,0,1,1536,0,3412729856
1037,710987675,1042,710988717,0,8,1,1024,0,623882240
1038,711179649,43904,711223553,0,9,0,512,0,10452668416
1039,711224553,566,711225119,0,0,1,512,0,9745375232
1040,711262579,106340,711368919,0,3,0,49152,0,9066811392
1041,711537267,188408,711725675,0,5,0,157184,0,333242368
1042,712087198,43904,712131102,0,3,0,512,0,9078042624
1043,712107042,6278,712113320,0,8,1,6656,0,732004352
1044,712322915,64208,712387123,0,4,0,6656,0,5961531392
1045,712504898,4374,712509272,0,1,1,4608,0,4045021184
1046,712657642,5454,712663096,0,6,1,13824,0,268750848
1047,712836319,15579,712851898,0,0,1,30208,0,5305139200
1048,712993352,5802,712999154,0,6,1,6144,0,7581786112
1049,713064471,6278,713070749,0,0,1,6656,0,8492535808
1050,713189099,3898,713192997,0,6,1,4096,0,350134272
1051,713609020,3898,713612918,0,0,1,4096,0,4775620608
1052,713757957,43904,713801861,0,5,0,512,0,8586715136
1053,714094543,109616,714204159,0,0,0,59904,0,3846758400
1054,714397424,43904,714441328,0,9,0,512,0,990482432
1055,714500846,50672,714551518,0,4,0,2560,0,9848119296
1056,714997548,43904,715041452,0,1,0,512,0,6735441920
1057,715249031,566,715249597,0,1,1,512,0,6200320000
1058,715924855,566,715925421,0,6,1,512,0,3203772416
1059,715943570,2946,715946516,0,0,1,3072,0,10434068480
1060,716480851,4374,716485225,0,8,1,4608,0,5212622848
1061,716737623,119444,716857067,0,3,0,92160,0,7764389888
1062,716974576,5326,716979902,0,0,1,5632,0,2672971776
1063,719498666,50672,719549338,0,4,0,2560,0,8589361152
1064,720256229,43904,720300133,0,0,0,512,0,3533234176
1065,720371904,96248,720468152,0,9,0,26112,0,4205068288
1066,721256867,109616,721366483,0,9,0,59904,0,7887507456
1067,721567461,92372,721659833,0,1,0,18432,0,6885089280
1068,721589612,89991,721679603,0,1,0,1536,0,7599869952
1069,727745074,1042,727746116,0,6,1,1024,0,29065216
1070,728311986,1042,728313028,0,4,1,1024,0,584949760
1071,728464011,3898,728467909,0,0,1,4096,0,1119657984
1072,728828364,1518,728829882,0,8,1,1536,0,1016180736
1073,728882330,82408,728964738,0,0,1,133632,0,1478389760
1074,729258491,12995,729271486,0,0,1,25088,0,1238290432
1075,729296993,5712,729302705,0,8,1,14336,0,9686134784
1076,729392205,566,729392771,0,8,1,512,0,10054602752
1077,729519951,4850,729524801,0,4,1,5120,0,306044928
1078,730130967,1042,730132009,0,8,1,1024,0,3093364736
1079,730887343,566,730887909,0,9,1,512,0,10044092416
1080,731213514,566,731214080,0,0,1,512,0,1514225664
1081,731601885,6754,731608639,0,4,1,7168,0,10307133440
1082,731974538,11016,731985554,0,1,1,17920,0,4492939264
1083,732104602,44662,732149264,0,0,1,76800,0,5678432256
1084,732239927,566,732240493,0,4,1,512,0,7265058816
1085,732437219,40616,732477835,0,0,1,65536,0,2820988928
1086,732535022,7230,732542252,0,1,1,7680,0,7845015552
1087,732804153,566,732804719,0,4,1,512,0,1626378240
1088,733147086,1042,733148128,0,8,1,1024,0,469815296
1089,733296313,5326,733301639,0,1,1,5632,0,9648521216
1090,733370339,23983,733394322,0,0,1,39936,0,6872420352
1091,733449388,2946,733452334,0,9,1,3072,0,5933887488
1092,733460552,1994,733462546,0,0,1,2048,0,9489584128
1093,733657204,6278,733663482,0,0,1,6656,0,10443956224
1094,734840284,566,734840850,0,1,1,512,0,10329141248
1095,735004598,2870,735007468,0,4,1,8704,0,1923985408
1096,735367804,1518,735369322,0,9,1,1536,0,7217913856
1097,744392541,31524,744424065,0,8,1,51200,0,8985698304
1098,744446874,6754,744453628,0,0,1,7168,0,6163619840
1099,744749445,566,744750011,0,4,1,512,0,327569408
1100,747047131,94556,747141687,0,1,0,25600,0,7799648256
1101,747270713,43904,747314617,0,0,0,512,0,6735540224
1102,747771540,43904,747815444,0,0,0,512,0,5126156288
1103,747948076,2470,747950546,0,0,1,2560,0,9592147968
1104,748066491,10499,748076990,0,9,1,16896,0,7811358720
1105,748088543,5196,748093739,0,2,1,13312,0,1516040192
1106,748143116,3422,748146538,0,2,1,3584,0,304517120
1107,750702652,4374,750707026,0,4,1,4608,0,1194668032
1108,750772485,94844,750867329,0,5,0,21504,0,4948713472
1109,751362341,43904,751406245,0,9,0,512,0,9754886144
1110,751737696,67592,751805288,0,0,0,7680,0,10596646912
1111,752377352,87896,752465248,0,3,0,13824,0,294080512
1112,752645028,108524,752753552,0,9,0,56320,0,10228518912
1113,752762450,101660,752864110,0,0,0,33792,0,8451284992
1114,752977876,101192,753079068,0,9,0,32256,0,3113619456
1115,753561904,113672,753675576,0,0,0,73216,0,6768799744
1116,753657203,88520,753745723,0,9,0,15872,0,10442027008
1117,753785650,108368,753894018,0,9,0,55808,0,3698147328
1118,753813468,54056,753867524,0,3,0,3584,0,1721524224
1119,754619077,43904,754662981,0,3,0,512,0,6096154624
1120,755559230,3422,755562652,0,9,1,3584,0,6746177536
1121,755652805,1042,755653847,0,2,1,1024,0,3043110912
1122,755819238,43904,755863142,0,9,0,512,0,6033903616
1123,755930141,7706,755937847,0,2,1,8192,0,8038035456
1124,756042125,566,756042691,0,2,1,512,0,4054712320
1125,756128311,64208,756192519,0,0,0,6656,0,6178615296
1126,756179017,55748,756234765,0,4,0,4096,0,37572608
1127,756428747,43904,756472651,0,4,0,512,0,201580544
1128,756538675,21141,756559816,0,2,1,34304,0,2036146176
1129,756580779,84512,756665291,0,0,0,12800,0,1151791104
1130,757051462,3645,757055107,0,1,1,10240,0,10557771776
1131,757622695,48980,757671675,0,4,0,2048,0,89608192
1132,758007799,93908,758101707,0,0,0,18432,0,5133508608
1133,759202974,91436,759294410,0,3,0,15360,0,6244204544
1134,759307791,43904,759351695,0,0,0,512,0,10110132224
1135,759552768,57440,759610208,0,0,0,4608,0,2337202176
1136,759685387,106808,759792195,0,9,0,50688,0,7294226432
1137,759881652,119444,760001096,0,9,0,92160,0,1609043968
1138,761353343,43904,761397247,0,0,0,512,0,8140374016
1139,761436903,102128,761539031,0,9,0,35328,0,2485956608
1140,761645735,92840,761738575,0,9,0,19968,0,7197765632
1141,761888312,47288,761935600,0,4,0,1536,0,10451484672
1142,762988482,84512,763072994,0,5,0,12800,0,7103025152
1143,763024056,86204,763110260,0,9,0,13312,0,7639744512
1144,763252912,43904,763296816,0,9,0,512,0,9201999872
1145,763376578,4374,763380952,0,2,1,4608,0,9032392704
1146,763490425,99632,763590057,0,4,0,27136,0,1483358208
1147,763662686,3422,763666108,0,1,1,3584,0,4055764992
1148,763918180,104468,764022648,0,3,0,43008,0,4592287744
1149,763968749,113299,764082048,0,1,1,183808,0,10470682624
1150,764380565,103220,764483785,0,9,0,38912,0,4109889536
1151,764428765,3898,764432663,0,1,1,4096,0,10016657408
1152,765352044,90836,765442880,0,4,0,18432,0,9964716032
1153,766001848,65900,766067748,0,3,0,7168,0,8655822848
1154,766308285,107432,766415717,0,9,0,52736,0,8181264384
1155,766777166,65900,766843066,0,5,0,7168,0,8547373056
1156,767748098,60824,767808922,0,0,0,5632,0,1395757056
1157,767967035,62516,768029551,0,9,0,6144,0,10297745408
1158,769482254,43904,769526158,0,3,0,512,0,155000832
1159,769931406,91172,770022578,0,4,0,24576,0,10646138880
1160,770007921,43904,770051825,0,9,0,512,0,1774182400
1161,770192693,104936,770297629,0,9,0,44544,0,7621124096
1162,770761809,91904,770853713,0,5,0,16896,0,7915335680
1163,771310337,106340,771416677,0,9,0,49152,0,9295233024
1164,771704492,5196,771709688,0,1,1,13312,0,8098340864
1165,771858914,2470,771861384,0,4,1,2560,0,7082635264
1166,772573673,1518,772575191,0,4,1,1536,0,9500651520
1167,772651131,71891,772723022,0,4,0,512,0,8559833088
1168,772670531,2946,772673477,0,3,1,3072,0,4527841280
1169,773051266,566,773051832,0,0,1,512,0,1586585600
1170,773897926,112580,774010506,0,5,0,69632,0,3902058496
1171,773930126,3904,773934030,0,3,1,10752,0,3290746880
1172,773944788,566,773945354,0,0,1,512,0,7698231296
1173,774157889,108680,774266569,0,0,0,56832,0,8563183616
1174,774280440,54056,774334496,0,9,0,3584,0,10227466240
1175,774345187,96512,774441699,0,9,0,16896,0,1546473472
1176,774359380,107627,774467007,0,9,0,9216,0,6851883008
1177,774397313,4162,774401475,0,0,1,11264,0,9111638016
1178,774610111,3387,774613498,0,4,1,9728,0,9805721600
1179,774712531,86204,774798735,0,0,0,13312,0,4802699264
1180,774920012,110552,775030564,0,9,0,62976,0,6507741184
1181,775883337,111644,775994981,0,9,0,66560,0,10242838528
1182,775907323,3422,775910745,0,4,1,3584,0,6837067776
1183,775911816,3645,775915461,0,0,1,10240,0,5603909632
1184,776036296,5326,776041622,0,0,1,5632,0,5367595008
1185,776697084,96512,776793596,0,0,0,16896,0,1955426304
1186,776949012,6278,776955290,0,3,1,6656,0,1993211904
1187,776973408,1042,776974450,0,0,1,1024,0,6870933504
1188,777256094,566,777256660,0,0,1,512,0,9085263872
1189,777376963,1042,777378005,0,7,1,1024,0,8654282752
1190,777593452,566,777594018,0,7,1,512,0,1581842432
1191,777925230,97160,778022390,0,3,0,24064,0,2447593472
1192,777983787,5712,777989499,0,0,1,14336,0,10504658944
1193,778458364,11533,778469897,0,7,1,18944,0,2685698048
1194,778508873,102596,778611469,0,4,0,36864,0,2401075200
1195,778793195,12566,778805761,0,0,1,20992,0,5907804160
1196,779422010,566,779422576,0,7,1,512,0,6754516992
1197,779645985,43904,779689889,0,5,0,512,0,2898280448
1198,779680835,111488,779792323,0,0,0,66048,0,8430276608
1199,780232200,43904,780276104,0,9,0,512,0,4487516160
1200,780326003,2470,780328473,0,3,1,2560,0,9000153088
1201,780564698,5802,780570500,0,9,1,6144,0,8074637312
1202,780691475,65900,780757375,0,0,0,7168,0,8468168704
1203,780794580,45596,780840176,0,4,0,1024,0,7278731264
1204,780893227,10499,780903726,0,0,1,16896,0,8282865664
1205,780931840,95288,781027128,0,4,0,17920,0,3208478720
1206,781289264,2470,781291734,0,4,1,2560,0,2529673216
1207,781296540,566,781297106,0,9,1,512,0,2689548288
1208,781329694,124147,781453841,0,4,0,4096,0,2040008704
1209,781340906,57440,781398346,0,7,0,4608,0,5922234368
1210,781614986,103064,781718050,0,7,0,38400,0,2806255616
1211,781884677,4374,781889051,0,9,1,4608,0,2301816832
1212,781908367,2946,781911313,0,0,1,3072,0,7348854784
1213,782496640,43904,782540544,0,3,0,512,0,4017852416
1214,782843699,81128,782924827,0,0,0,11776,0,345477120
1215,782926952,6278,782933230,0,0,1,6656,0,6944882688
1216,782937547,4420,782941967,0,4,1,11776,0,5575581696
1217,783137768,2870,783140638,0,4,1,8704,0,6869217280
1218,783776659,2470,783779129,0,7,1,2560,0,7006670848
1219,783779171,1518,783780689,0,4,1,1536,0,4640845824
1220,783919184,2470,783921654,0,4,1,2560,0,1387581440
1221,784048393,81128,784129521,0,9,0,11776,0,5074833408
1222,784442315,47288,784489603,0,7,0,1536,0,10480873472
1223,784528687,43904,784572591,0,4,0,512,0,7835271168
1224,784614464,4850,784619314,0,3,1,5120,0,141127680
1225,785022155,105248,785127403,0,0,0,45568,0,4449402880
1226,785560960,2946,785563906,0,4,1,3072,0,6010974208
1227,785692167,3422,785695589,0,9,1,3584,0,7469989888
1228,785827660,566,785828226,0,5,1,512,0,3722436608
1229,786011735,1518,786013253,0,9,1,1536,0,3861766144
1230,786173168,566,786173734,0,5,1,512,0,1358045184
1231,786344739,118820,786463559,0,5,0,90112,0,1271537664
1232,786513310,43904,786557214,0,4,0,512,0,4180205568
1233,786599795,2470,786602265,0,7,1,2560,0,2941190144
1234,786665732,5326,786671058,0,9,1,5632,0,4682539008
1235,787016459,3904,787020363,0,5,1,10752,0,3238178816
1236,787185987,1042,787187029,0,9,1,1024,0,5821280256
1237,787686340,1518,787687858,0,9,1,1536,0,6184239104
1238,787771882,1518,787773400,0,0,1,1536,0,8165019648
1239,787803870,43904,787847774,0,4,0,512,0,1875324928
1240,788010103,112112,788122215,0,7,0,68096,0,4255617024
1241,788477587,43904,788521491,0,0,0,512,0,9576726528
1242,788534836,43904,788578740,0,7,0,512,0,4013633536
1243,788848734,3898,788852632,0,3,1,4096,0,10192642048
1244,789045401,12049,789057450,0,0,1,19968,0,1005654016
1245,789505862,69284,789575146,0,3,0,8192,0,5253029888
1246,789607549,69284,789676833,0,7,0,8192,0,4810682368
1247,789749293,3422,789752715,0,5,1,3584,0,10009591808
1248,789947545,50672,789998217,0,7,0,2560,0,2332352512
1249,790317938,65900,790383838,0,9,0,7168,0,4489048064
1250,790363370,48980,790412350,0,0,0,2048,0,586506240
1251,791884623,43904,791928527,0,7,0,512,0,5998813184
1252,792788551,43904,792832455,0,0,0,512,0,5503275008
1253,793689304,82820,793772124,0,9,0,12288,0,2703228928
1254,793880068,48980,793929048,0,5,0,2048,0,9917403136
1255,795552578,99500,795652078,0,3,0,31744,0,3312455680
1256,796218847,43904,796262751,0,4,0,512,0,8143585280
1257,796782144,111644,796893788,0,5,0,66560,0,10241826816
1258,797419550,45596,797465146,0,0,0,1024,0,4776591360
1259,797631385,43904,797675289,0,5,0,512,0,8695119872
1260,797716134,95780,797811914,0,9,0,24576,0,4668014592
1261,798044291,91436,798135727,0,4,0,15360,0,7762722816
1262,798229941,3422,798233363,0,7,1,3584,0,7298879488
1263,798245504,1518,798247022,0,0,1,1536,0,245932032
1264,798297057,81128,798378185,0,9,0,11776,0,7367712768
1265,798312229,1994,798314223,0,0,1,2048,0,2416410624
1266,798512860,12308,798525168,0,4,1,20480,0,572116992
1267,798978078,43904,799021982,0,5,0,512,0,3989626880
1268,799164003,43904,799207907,0,7,0,512,0,8524288000
1269,799205790,4374,799210164,0,0,1,4608,0,1464852480
1270,799309059,1518,799310577,0,9,1,1536,0,9112002560
1271,799384567,2946,799387513,0,4,1,3072,0,532393984
1272,799924978,5196,799930174,0,9,1,13312,0,8370319360
1273,800886595,5712,800892307,0,4,1,14336,0,8643522560
1274,801172125,102596,801274721,0,9,0,36864,0,6520197120
1275,801519008,43904,801562912,0,4,0,512,0,3771445248
1276,801733045,566,801733611,0,5,1,512,0,9781141504
1277,802013242,7230,802020472,0,2,1,7680,0,4148555776
1278,802031739,109460,802141199,0,0,0,59392,0,1946677248
1279,802167761,74360,802242121,0,7,0,9728,0,1143939072
1280,804983803,43904,805027707,0,7,0,512,0,7110012928
1281,806151374,111956,806263330,0,4,0,67584,0,3834445824
1282,806345212,43904,806389116,0,5,0,512,0,8757891072
1283,806626068,43904,806669972,0,0,0,512,0,9637076992
1284,807034959,45596,807080555,0,3,0,1024,0,1595781120
1285,807886850,43904,807930754,0,5,0,512,0,3689242624
1286,807999180,90212,808089392,0,0,0,16384,0,8709758976
1287,808135137,43904,808179041,0,0,0,512,0,1273016320
1288,808949288,92996,809042284,0,3,0,20480,0,7346065408
1289,809017609,12049,809029658,0,0,1,19968,0,4730286080
1290,809368706,566,809369272,0,9,1,512,0,2854125568
1291,809526185,89588,809615773,0,0,0,14336,0,6036209664
1292,810198669,11274,810209943,0,3,1,18432,0,7560335360
1293,811064687,566,811065253,0,2,1,512,0,5464571904
1294,811177512,3128,811180640,0,9,1,9216,0,1838981120
1295,811214264,1042,811215306,0,9,1,1024,0,4376236032
1296,811273615,2946,811276561,0,4,1,3072,0,6074900480
1297,811316708,566,811317274,0,9,1,512,0,6948270080
1298,811345928,47288,811393216,0,4,0,1536,0,8091406336
1299,811456583,3904,811460487,0,4,1,10752,0,5411655680
1300,811852088,1042,811853130,0,5,1,1024,0,9765797888
1301,811934375,566,811934941,0,9,1,512,0,932257792
1302,811950758,99351,812050109,0,5,0,29696,0,8358035456
1303,812100331,35054,812135385,0,9,1,61440,0,3803906048
1304,812171647,5326,812176973,0,4,1,5632,0,1831800832
1305,812266680,566,812267246,0,4,1,512,0,3272863744
1306,812505792,45596,812551388,0,0,0,1024,0,8561147904
1307,813171543,1994,813173537,0,9,1,2048,0,4576870400
1308,813307086,93020,813400106,0,3,0,25600,0,8290107392
1309,813532575,43904,813576479,0,9,0,512,0,7088377856
1310,813965895,100100,814065995,0,5,0,28672,0,1602510848
1311,814032528,86204,814118732,0,0,0,13312,0,5800321024
1312,814674877,3422,814678299,0,4,1,3584,0,3050962944
1313,815104227,5802,815110029,0,3,1,6144,0,6852755456
1314,815129261,45596,815174857,0,9,0,1024,0,7895252992
1315,815145534,96692,815242226,0,0,0,22528,0,3167821824
1316,815485438,48980,815534418,0,0,0,2048,0,3910451200
1317,815746074,45596,815791670,0,5,0,1024,0,3960037376
1318,815884109,3422,815887531,0,5,1,3584,0,4800438272
1319,816307587,102908,816410495,0,0,0,37888,0,1158979584
1320,816315922,3128,816319050,0,2,1,9216,0,3680821248
1321,816359944,2470,816362414,0,8,1,2560,0,10616668160
1322,816638213,3422,816641635,0,8,1,3584,0,10465853440
1323,816715827,54056,816769883,0,3,0,3584,0,9396142080
1324,816954865,3422,816958287,0,3,1,3584,0,2382376960
1325,817141849,123656,817265505,0,5,0,105984,0,8881967104
1326,817361627,566,817362193,0,6,1,512,0,5486227456
1327,818095719,104156,818199875,0,3,0,41984,0,4223700992
1328,818330088,4937,818335025,0,2,1,12800,0,2330312704
1329,818470230,107276,818577506,0,7,0,52224,0,7435259904
1330,818558042,3387,818561429,0,8,1,9728,0,1632788480
1331,819458691,43904,819502595,0,0,0,512,0,1294196736
1332,819917482,93128,820010610,0,5,0,15872,0,4138729472
1333,820028794,566,820029360,0,3,1,512,0,7779770368
1334,820352051,3898,820355949,0,9,1,4096,0,5193543680
1335,820797670,5802,820803472,0,5,1,6144,0,6193061888
1336,820810698,566,820811264,0,6,1,512,0,2208043008
1337,821104452,43904,821148356,0,9,0,512,0,7633821696
1338,822852676,82820,822935496,0,4,0,12288,0,1735188480
1339,823041868,111332,823153200,0,7,0,65536,0,1983238144
1340,823178496,43904,823222400,0,7,0,512,0,8340537344
1341,823541766,4850,823546616,0,6,1,5120,0,6289092608
1342,823987800,3898,823991698,0,8,1,4096,0,10709819392
1343,824337238,45596,824382834,0,5,0,1024,0,10523955200
1344,824559094,90080,824649174,0,7,0,20992,0,10278842368
1345,825989925,55748,826045673,0,3,0,4096,0,3689873408
1346,826412567,45596,826458163,0,7,0,1024,0,2742738944
1347,826667347,114452,826781799,0,0,0,75776,0,7162679296
1348,826685125,122990,826808115,0,0,0,20992,0,3827372032
1349,826855560,90992,826946552,0,0,0,18944,0,8350703616
1350,827317215,43904,827361119,0,7,0,512,0,3015573504
1351,827576085,566,827576651,0,9,1,512,0,551747584
1352,828076024,4162,828080186,0,1,1,11264,0,79237120
1353,828259085,117104,828376189,0,9,0,84480,0,4396687360
1354,828267024,3898,828270922,0,5,1,4096,0,6557253632
1355,829016215,45596,829061811,0,0,0,1024,0,351080448
1356,829225450,4420,829229870,0,8,1,11776,0,8803627008
1357,829337068,6754,829343822,0,4,1,7168,0,4835278848
1358,829912609,1042,829913651,0,5,1,1024,0,5509419008
1359,830310465,4162,830314627,0,4,1,11264,0,2457583616
1360,830555869,88208,830644077,0,5,0,14848,0,10500456448
1361,830635120,1042,830636162,0,2,1,1024,0,10309066752
1362,830753336,5802,830759138,0,1,1,6144,0,836452352
1363,830820300,57440,830877740,0,7,0,4608,0,9887760384
1364,830933708,7230,830940938,0,1,1,7680,0,6965485568
1365,831000070,43904,831043974,0,4,0,512,0,4293402624
1366,831665014,104000,831769014,0,7,0,41472,0,7888695296
1367,831840477,114764,831955241,0,4,0,76800,0,770887680
1368,831998856,3645,832002501,0,2,1,10240,0,3233980416
1369,832034156,55748,832089904,0,0,0,4096,0,5213061120
1370,832087136,2946,832090082,0,4,1,3072,0,10247434240
1371,832094904,566,832095470,0,5,1,512,0,7285960704
1372,832436249,3422,832439671,0,1,1,3584,0,6227451904
1373,832816754,43904,832860658,0,4,0,512,0,1580118016
1374,833889797,94532,833984329,0,3,0,20480,0,4893003776
1375,834059609,105560,834165169,0,9,0,46592,0,9741369344
1376,834523301,108680,834631981,0,0,0,56832,0,10031054848
1377,834586473,43904,834630377,0,9,0,512,0,7841947648
1378,835392931,99632,835492563,0,9,0,27136,0,1599811584
1379,835435248,43904,835479152,0,7,0,512,0,7036182528
1380,835473367,43904,835517271,0,7,0,512,0,2891362304
1381,835527069,106496,835633565,0,7,0,49664,0,3124301824
1382,835571024,91257,835662281,0,7,0,512,0,5261115392
1383,835911563,90524,836002087,0,0,0,17408,0,9735528448
1384,842665301,13600,842678901,0,5,1,23040,0,8623513600
1385,843054008,1994,843056002,0,4,1,2048,0,5950619648
1386,843417357,1042,843418399,0,3,1,1024,0,2167840768
1387,843725294,23378,843748672,0,8,1,41984,0,10533142528
1388,847922983,7230,847930213,0,1,1,7680,0,2538811392
1389,859900698,1042,859901740,0,4,1,1024,0,6787072
1390,860030497,4679,860035176,0,3,1,12288,0,54460416
1391,860044132,566,860044698,0,8,1,512,0,2754449408
1392,860225653,2946,860228599,0,8,1,3072,0,182833152
1393,860851733,566,860852299,0,3,1,512,0,8652955648
1394,861088281,1518,861089799,0,8,1,1536,0,6537957376
1395,861143127,2946,861146073,0,2,1,3072,0,6101282816
1396,861626269,1994,861628263,0,2,1,2048,0,5237551104
1397,862022536,3387,862025923,0,8,1,9728,0,9851158528
1398,862088006,124370,862212376,0,3,1,205312,0,4320595968
1399,862110485,103837,862214322,0,3,1,3072,0,9747173376
1400,876497117,5454,876502571,0,3,1,13824,0,7215349760
1401,876571546,3128,876574674,0,8,1,9216,0,6233563136
1402,876695886,566,876696452,0,8,1,512,0,8434208768
1403,876707592,1518,876709110,0,2,1,1536,0,7260180480
1404,876755148,566,876755714,0,2,1,512,0,4636020736
1405,877489643,4850,877494493,0,2,1,5120,0,3175383040
1406,877661066,3422,877664488,0,6,1,3584,0,38502400
1407,877731807,3904,877735711,0,8,1,10752,0,10451476480
1408,878103701,11016,878114717,0,8,1,17920,0,3501809664
1409,878706277,566,878706843,0,6,1,512,0,5411930112
1410,878736798,3904,878740702,0,8,1,10752,0,3448868864
1411,878817671,1042,878818713,0,8,1,1024,0,9214066688
1412,879165046,566,879165612,0,8,1,512,0,8419545088
1413,879511229,7706,879518935,0,2,1,8192,0,6356566016
1414,879756348,6278,879762626,0,6,1,6656,0,3961638912
1415,880249594,2946,880252540,0,8,1,3072,0,2796449792
1416,880463026,1042,880464068,0,6,1,1024,0,3902091264
1417,880557441,4420,880561861,0,2,1,11776,0,6639046656
1418,888688357,4937,888693294,0,9,1,12800,0,8760958976
1419,888994421,1042,888995463,0,2,1,1024,0,7768244224
1420,889772465,566,889773031,0,6,1,512,0,6250758144
1421,891923611,566,891924177,0,8,1,512,0,6560878592
1422,892172992,7230,892180222,0,2,1,7680,0,5335195648
1423,892231396,566,892231962,0,2,1,512,0,9242234880
1424,900061859,30491,900092350,0,2,1,49152,0,351457280
1425,900696019,7706,900703725,0,6,1,8192,0,2408353792
1426,901536484,1994,901538478,0,0,1,2048,0,6154117120
1427,901573241,1042,901574283,0,6,1,1024,0,6747922432
1428,901650736,3645,901654381,0,6,1,10240,0,8902459392
1429,901673567,6278,901679845,0,6,1,6656,0,7341355008
1430,905468924,77744,905546668,0,7,0,10752,0,4183920640
1431,905477315,102440,905579755,0,4,0,36352,0,2387533824
1432,905571504,191863,905763367,0,4,0,151552,0,5458702336
1433,905648753,154172,905802925,0,4,0,63488,0,5350637568
1434,906430386,65900,906496286,0,0,0,7168,0,5578055680
1435,906704920,76052,906780972,0,4,0,10240,0,637206528
1436,908030392,43904,908074296,0,5,0,512,0,3586629632
1437,908227199,3898,908231097,0,6,1,4096,0,7678128128
1438,908269811,43904,908313715,0,9,0,512,0,8682283008
1439,908637237,566,908637803,0,1,1,512,0,10153496576
1440,908793623,6278,908799901,0,7,1,6656,0,8649142272
1441,908916392,47288,908963680,0,3,0,1536,0,10414596096
1442,909835243,1518,909836761,0,7,1,1536,0,3161706496
1443,909846254,566,909846820,0,0,1,512,0,4767817728
1444,909962517,43904,910006421,0,4,0,512,0,4736286720
1445,910408676,104468,910513144,0,9,0,43008,0,10431791104
1446,910721854,104780,910826634,0,0,0,44032,0,1191145472
1447,910960523,43904,911004427,0,3,0,512,0,6184108032
1448,910997156,52364,911049520,0,9,0,3072,0,2324840448
1449,911311530,111644,911423174,0,9,0,66560,0,1040408576
1450,911421469,93800,911515269,0,3,0,28160,0,9598136320
1451,911748579,95024,911843603,0,0,0,27136,0,6149681152
1452,912165501,48980,912214481,0,3,0,2048,0,4152254464
1453,912278123,99944,912378067,0,9,0,28160,0,1876627456
1454,912366422,43904,912410326,0,9,0,512,0,7270842368
1455,912499982,101972,912601954,0,4,0,34816,0,6181126144
1456,912584223,104624,912688847,0,9,0,43520,0,10592923648
1457,913568119,95756,913663875,0,5,0,19456,0,3203665920
1458,913611575,93776,913705351,0,0,0,23040,0,7069966336
1459,913699637,50672,913750309,0,9,0,2560,0,5486202880
1460,914816856,94868,914911724,0,0,0,26624,0,7633100800
1461,914918778,82820,915001598,0,4,0,12288,0,10027270144
1462,914962415,43904,915006319,0,9,0,512,0,10451222528
1463,914994887,123812,915118699,0,3,0,106496,0,5376413696
1464,915079453,43904,915123357,0,9,0,512,0,517935104
1465,915190823,45596,915236419,0,4,0,1024,0,10606628864
1466,915719485,97604,915817089,0,3,0,20480,0,1334231040
1467,915772384,4850,915777234,0,0,1,5120,0,8266338304
1468,915802292,1042,915803334,0,1,1,1024,0,4413341696
1469,916310944,24412,916335356,0,1,1,44032,0,1451732992
1470,916788545,1042,916789587,0,8,1,1024,0,6093344768
1471,916821355,86204,916907559,0,9,0,13312,0,7573651456
1472,916845704,45596,916891300,0,4,0,1024,0,6431068160
1473,917166442,43904,917210346,0,4,0,512,0,7599763456
1474,917520711,116480,917637191,0,4,0,82432,0,8214360064
1475,918887725,113516,919001241,0,3,0,72704,0,7654817792
1476,921031811,57440,921089251,0,5,0,4608,0,7270924288
1477,921881206,43904,921925110,0,4,0,512,0,6658187264
1478,922045689,109148,922154837,0,0,0,58368,0,10663587840
1479,922319498,72668,922392166,0,0,0,9216,0,183160832
1480,922343335,43904,922387239,0,9,0,512,0,4784508928
1481,922754198,50672,922804870,0,9,0,2560,0,9745633280
1482,923916172,54056,923970228,0,0,0,3584,0,10116161536
1483,924030940,101036,924131976,0,9,0,31744,0,7578497024
1484,924122870,87896,924210766,0,4,0,13824,0,7203909632
1485,924520678,93800,924614478,0,9,0,28160,0,9183408128
1486,925549281,117572,925666853,0,4,0,86016,0,3092496384
1487,925625712,193712,925819424,0,3,0,174592,0,2158477312
1488,925869030,41908,925910938,0,1,1,68096,0,7898169344
1489,925924201,566,925924767,0,8,1,512,0,6880899072
1490,926041871,103532,926145403,0,3,0,39936,0,2218536960
1491,926289680,2946,926292626,0,8,1,3072,0,5698183168
1492,926361968,5712,926367680,0,7,1,14336,0,3765809152
1493,926453784,62516,926516300,0,9,0,6144,0,3789910016
1494,926560257,566,926560823,0,7,1,512,0,10403987456
1495,926976903,4162,926981065,0,8,1,11264,0,3348819968
1496,927199714,119600,927319314,0,3,0,92672,0,7209562112
1497,927407941,3898,927411839,0,7,1,4096,0,217649152
1498,927693129,23208,927716337,0,8,1,38400,0,4946231296
1499,927782168,43904,927826072,0,9,0,512,0,6012891136
1500,927885981,123812,928009793,0,0,0,106496,0,4933971968
1501,928100832,104000,928204832,0,0,0,41472,0,7536594944
1502,928122267,89456,928211723,0,4,0,18944,0,10418675712
1503,928574178,3422,928577600,0,7,1,3584,0,9257271296
1504,928687974,5454,928693428,0,8,1,13824,0,3860738048
1505,928689202,92240,928781442,0,4,0,23040,0,8120963072
1506,929055024,6278,929061302,0,8,1,6656,0,9066246144
1507,929241789,61899,929303688,0,8,1,100352,0,4166983680
1508,929255804,566,929256370,0,7,1,512,0,8256245760
1509,930108646,101660,930210306,0,0,0,33792,0,10557493248
1510,930365758,116012,930481770,0,5,0,80896,0,7048523776
1511,930631012,104000,930735012,0,9,0,41472,0,3947937792
1512,931129480,94244,931223724,0,3,0,24576,0,6682529792
1513,931332226,106184,931438410,0,5,0,48640,0,3254132736
1514,931957605,95780,932053385,0,4,0,24576,0,5953302528
1515,932242175,24412,932266587,0,7,1,44032,0,2686791680
1516,932262494,2946,932265440,0,8,1,3072,0,4203819008
1517,932390522,4420,932394942,0,8,1,11776,0,8694185984
1518,932923809,13600,932937409,0,8,1,23040,0,4860588032
1519,932958253,3128,932961381,0,8,1,9216,0,3673436160
1520,932961105,2951,932964056,0,8,1,3072,0,6524895232
1521,933352983,566,933353549,0,8,1,512,0,3495518208
1522,933490097,43904,933534001,0,9,0,512,0,10511134720
1523,933500947,6278,933507225,0,8,1,6656,0,8020586496
1524,933505533,3318,933508851,0,8,1,2560,0,9476984832
1525,933547598,5802,933553400,0,8,1,6144,0,7147405312
1526,933932657,112580,934045237,0,5,0,69632,0,3238608896
1527,935068576,82820,935151396,0,3,0,12288,0,3693420544
1528,935163985,20624,935184609,0,8,1,33280,0,6847086592
1529,935630903,111020,935741923,0,5,0,64512,0,5057179648
1530,935984778,92240,936077018,0,4,0,23040,0,8954204160
1531,937372510,47288,937419798,0,0,0,1536,0,4427788288
1532,937651711,43904,937695615,0,4,0,512,0,4933431296
1533,937843028,112524,937955552,0,5,1,182272,0,5042716672
1534,937938557,23208,937961765,0,8,1,38400,0,3415560192
1535,938187926,2946,938190872,0,7,1,3072,0,5542641664
1536,938318575,184688,938503263,0,5,0,150016,0,3476516864
1537,938593419,43904,938637323,0,4,0,512,0,4348940288
1538,938654551,125684,938780235,0,3,0,112640,0,9954283520
1539,939032319,43904,939076223,0,3,0,512,0,7448477696
1540,939040430,43904,939084334,0,4,0,512,0,196521984
1541,939108071,63450,939171521,0,8,1,103424,0,10132353024
1542,939436440,4374,939440814,0,7,1,4608,0,5055365120
1543,939745371,2870,939748241,0,0,1,8704,0,3336556544
1544,940286277,3422,940289699,0,9,1,3584,0,787038208
1545,940487524,5712,940493236,0,6,1,14336,0,1505202176
1546,940756939,43904,940800843,0,4,0,512,0,1267949568
1547,940897740,103376,941001116,0,9,0,39424,0,2100232192
1548,941560382,47288,941607670,0,9,0,1536,0,6474702848
1549,942564125,54270,942618395,0,7,1,92160,0,7471804416
1550,942623644,47288,942670932,0,5,0,1536,0,4214865920
1551,942948157,97628,943045785,0,3,0,25600,0,2993135616
1552,943198634,3422,943202056,0,6,1,3584,0,2155118592
1553,943327215,92240,943419455,0,3,0,23040,0,8569356288
1554,943796062,105092,943901154,0,0,0,45056,0,8427184128
1555,944349034,47288,944396322,0,9,0,1536,0,1096847360
1556,944640241,52364,944692605,0,3,0,3072,0,9409744896
1557,944932063,3898,944935961,0,0,1,4096,0,831959040
1558,944935177,7706,944942883,0,2,1,8192,0,4386213888
1559,945090778,4420,945095198,0,2,1,11776,0,9010282496
1560,945374126,43904,945418030,0,5,0,512,0,2329772032
1561,946175824,99944,946275768,0,0,0,28160,0,1107578880
1562,946603268,95756,946699024,0,3,0,19456,0,2971590656
1563,946637340,102752,946740092,0,9,0,37376,0,6364762112
1564,946715226,43904,946759130,0,9,0,512,0,9493278720
1565,947661609,101348,947762957,0,9,0,32768,0,1605513216
1566,947719701,107432,947827133,0,4,0,52736,0,2895953920
1567,949417048,107744,949524792,0,3,0,53760,0,9219555328
1568,949779882,55748,949835630,0,4,0,4096,0,3754020864
1569,951209789,45596,951255385,0,5,0,1024,0,6631018496
1570,951597868,101816,951699684,0,0,0,34304,0,5675147264
1571,952116628,90524,952207152,0,4,0,17408,0,8865239040
1572,952343103,62516,952405619,0,1,0,6144,0,7884251136
1573,952576724,1518,952578242,0,2,1,1536,0,2992926720
1574,952718272,1042,952719314,0,9,1,1024,0,7196676096
1575,952909807,1518,952911325,0,8,1,1536,0,3503927296
1576,953737426,43904,953781330,0,9,0,512,0,7904976896
1577,954288066,98876,954386942,0,0,0,29696,0,2044526592
1578,954309141,43904,954353045,0,1,0,512,0,5617426432
1579,955054091,43904,955097995,0,1,0,512,0,699060224
1580,955427142,59132,955486274,0,4,0,5120,0,13725696
1581,955515742,106496,955622238,0,0,0,49664,0,6343122944
1582,955850916,50672,955901588,0,4,0,2560,0,7476641792
1583,956163533,96380,956259913,0,0,0,21504,0,2912800768
1584,957182181,43904,957226085,0,1,0,512,0,6511788032
1585,957189706,115076,957304782,0,4,0,77824,0,3687919616
1586,958213010,89588,958302598,0,4,0,14336,0,5008535552
1587,958493466,43904,958537370,0,5,0,512,0,8036433920
1588,959024866,43904,959068770,0,0,0,512,0,1827352576
1589,960090349,43904,960134253,0,3,0,512,0,8072822784
1590,960396559,64208,960460767,0,5,0,6656,0,3862110208
1591,961288971,43904,961332875,0,9,0,512,0,5861036032
1592,962327858,96716,962424574,0,0,0,27648,0,5073661952
1593,962329068,119132,962448200,0,5,0,91136,0,7965917184
1594,962819197,60824,962880021,0,5,0,5632,0,7147675648
1595,962924933,45596,962970529,0,1,0,1024,0,9328435200
1596,963196134,93596,963289730,0,1,0,17408,0,5635321856
1597,963365843,114296,963480139,0,4,0,75264,0,2438672384
1598,965701822,97340,965799162,0,5,0,29696,0,9375932416
1599,965723660,72668,965796328,0,3,0,9216,0,7765483520
1600,966437444,59132,966496576,0,3,0,5120,0,9237757952
1601,966481003,93488,966574491,0,4,0,27136,0,8141131776
1602,967075475,43904,967119379,0,4,0,512,0,8502697984
1603,967222880,43904,967266784,0,1,0,512,0,5553627136
1604,967406281,50672,967456953,0,9,0,2560,0,10251821056
1605,967418955,95029,967513984,0,9,1,158208,0,8948895744
1606,967425939,3645,967429584,0,8,1,10240,0,4640927744
1607,967658059,41391,967699450,0,8,1,67072,0,3052769280
1608,967718757,6754,967725511,0,6,1,7168,0,7848452096
1609,967906172,45596,967951768,0,1,0,1024,0,7140990976
1610,967913834,3898,967917732,0,6,1,4096,0,5795749888
1611,967924183,100100,968024283,0,9,0,28672,0,357330944
1612,968633980,67592,968701572,0,9,0,7680,0,6104670208
1613,968733682,5971,968739653,0,8,1,14848,0,5203038208
1614,968991935,2470,968994405,0,6,1,2560,0,8799510528
1615,969166179,35571,969201750,0,6,1,62464,0,7381131264
1616,969366267,2946,969369213,0,4,1,3072,0,8318279680
1617,969774549,43904,969818453,0,0,0,512,0,10464923648
1618,969824373,62516,969886889,0,4,0,6144,0,1554591744
1619,969947951,92972,970040923,0,3,0,15360,0,5935128576
1620,970090960,86204,970177164,0,4,0,13312,0,8960253952
1621,970125279,50672,970175951,0,1,0,2560,0,6358007808
1622,970603884,2946,970606830,0,6,1,3072,0,4131930112
1623,971006016,43904,971049920,0,1,0,512,0,9677361152
1624,971178603,3422,971182025,0,4,1,3584,0,3741249536
1625,971326032,1042,971327074,0,8,1,1024,0,7867736064
1626,971470561,110084,971580645,0,3,0,61440,0,9569234944
1627,971627219,566,971627785,0,8,1,512,0,293552128
1628,971631226,6754,971637980,0,0,1,7168,0,1505726464
1629,971640329,48980,971689309,0,4,0,2048,0,9485996032
1630,971768057,566,971768623,0,0,1,512,0,7464177664
1631,971790413,566,971790979,0,5,1,512,0,2571563008
1632,972844742,3898,972848640,0,5,1,4096,0,3777531904
1633,974185646,60824,974246470,0,4,0,5632,0,10046337024
1634,974489582,54056,974543638,0,9,0,3584,0,9612386304
1635,975228443,74360,975302803,0,3,0,9728,0,8702816256
1636,975445387,43904,975489291,0,9,0,512,0,5045571584
1637,975614660,72668,975687328,0,0,0,9216,0,7912443904
1638,975906345,2870,975909215,0,0,1,8704,0,345714688
1639,976070090,4850,976074940,0,7,1,5120,0,6624702464
1640,976197844,94688,976292532,0,9,0,20992,0,5019971584
1641,976400120,1994,976402114,0,8,1,2048,0,4244803584
1642,976446382,5326,976451708,0,4,1,5632,0,1142046720
1643,976448794,1994,976450788,0,7,1,2048,0,7045906432
1644,976788719,1042,976789761,0,7,1,1024,0,3020460032
1645,977017272,566,977017838,0,4,1,512,0,4984897536
1646,977025075,566,977025641,0,8,1,512,0,6632075264
1647,977486380,1042,977487422,0,8,1,1024,0,9486106624
1648,977519681,7230,977526911,0,4,1,7680,0,8530063360
1649,977547250,24929,977572179,0,4,1,45056,0,3062484992
1650,977725040,93284,977818324,0,1,0,16384,0,5501091840
1651,978315358,43904,978359262,0,0,0,512,0,8295477248
1652,978503032,4374,978507406,0,4,1,4608,0,7774384128
1653,978768967,2946,978771913,0,7,1,3072,0,9706692608
1654,978927469,1042,978928511,0,6,1,1024,0,4195049472
1655,978931682,3422,978935104,0,7,1,3584,0,6483881984
1656,978971258,3904,978975162,0,7,1,10752,0,7857901568
1657,978990226,5326,978995552,0,6,1,5632,0,2790469632
1658,979085324,2470,979087794,0,6,1,2560,0,6092001280
1659,979154650,1518,979156168,0,7,1,1536,0,3620331520
1660,979279411,1042,979280453,0,8,1,1024,0,4485767168
1661,979555713,4374,979560087,0,7,1,4608,0,7323144192
1662,979571189,105248,979676437,0,3,0,45568,0,334905344
1663,979641932,103532,979745464,0,9,0,39936,0,1632219136
1664,979679264,1518,979680782,0,6,1,1536,0,5200629760
1665,980231381,43904,980275285,0,5,0,512,0,7159742464
1666,980901827,60824,980962651,0,9,0,5632,0,4820033536
1667,981056828,105716,981162544,0,0,0,47104,0,2281672704
1668,981221452,4420,981225872,0,8,1,11776,0,5341044736
1669,981348721,6754,981355475,0,5,1,7168,0,8389939200
1670,981354058,54056,981408114,0,0,0,3584,0,630468608
1671,981495046,3387,981498433,0,6,1,9728,0,7813029888
1672,983180133,50672,983230805,0,0,0,2560,0,1678852096
1673,983188134,97316,983285450,0,5,0,24576,0,2326622208
1674,983906348,97316,984003664,0,5,0,24576,0,3584520192
1675,984878276,47288,984925564,0,9,0,1536,0,858128384
1676,985478560,113516,985592076,0,1,0,72704,0,4593340416
1677,987005583,60824,987066407,0,3,0,5632,0,2345603072
1678,987084292,119912,987204204,0,5,0,93696,0,4024160256
1679,987179203,94976,987274179,0,4,0,16896,0,3548188672
1680,987234772,82820,987317592,0,5,0,12288,0,1644515328
1681,989437922,107276,989545198,0,4,0,52224,0,10032848896
1682,989600580,96980,989697560,0,5,0,18432,0,396853248
1683,989810370,121160,989931530,0,1,0,97792,0,471126016
1684,989829048,110708,989939756,0,5,0,63488,0,8474144768
1685,991822498,43904,991866402,0,5,0,512,0,948551680
1686,992127865,109460,992237325,0,9,0,59392,0,7767396352
1687,992329169,43904,992373073,0,1,0,512,0,9030602752
1688,992681405,43904,992725309,0,9,0,512,0,6472511488
1689,993958621,43904,994002525,0,1,0,512,0,1592127488
1690,994587453,43904,994631357,0,9,0,512,0,3923091456
1691,994825020,43904,994868924,0,0,0,512,0,7135277056
1692,995482422,43904,995526326,0,3,0,512,0,5049950208
1693,995830730,191996,996022726,0,0,0,168960,0,7088594944
1694,996824249,43904,996868153,0,9,0,512,0,2875998208
1695,997020960,114764,997135724,0,0,0,76800,0,2823155712
1696,997107258,14117,997121375,0,5,1,24064,0,9108574208
1697,997235664,99032,997334696,0,0,0,30208,0,3488534528
1698,997342631,6754,997349385,0,7,1,7168,0,9887567872
1699,997421763,3904,997425667,0,6,1,10752,0,6396551168
1700,997804283,25962,997830245,0,6,1,47104,0,7278043136
1701,997811726,79436,997891162,0,3,0,11264,0,10631413760
1702,998067738,5326,998073064,0,7,1,5632,0,1786728448
1703,998374221,1994,998376215,0,4,1,2048,0,10161868800
1704,998426263,7706,998433969,0,1,1,8192,0,6431735808
1705,998464382,121784,998586166,0,1,0,99840,0,9026084864
1706,998720941,2870,998723811,0,1,1,8704,0,3504943104
1707,999683147,4420,999687567,0,6,1,11776,0,5067735040
1708,999862146,3422,999865568,0,7,1,3584,0,7117348864
1709,1000067892,122252,1000190144,0,0,0,101376,0,9068343296
1710,1001027034,2470,1001029504,0,4,1,2560,0,243986432
1711,1001040756,566,1001041322,0,7,1,512,0,5744349184
1712,1001364845,96380,1001461225,0,4,0,21504,0,2354757632
1713,1001636892,2946,1001639838,0,7,1,3072,0,1886212096
1714,1001794097,43904,1001838001,0,5,0,512,0,9571213312
1715,1002088649,47288,1002135937,0,3,0,1536,0,2554077184
1716,1002331852,96848,1002428700,0,1,0,23040,0,3363344384
1717,1002489579,1994,1002491573,0,1,1,2048,0,3946082304
1718,1002518112,566,1002518678,0,7,1,512,0,4165914624
1719,1003163652,21916,1003185568,0,7,1,35840,0,6234062848
1720,1003474667,45596,1003520263,0,9,0,1024,0,2706464768
1721,1003491860,4679,1003496539,0,8,1,12288,0,10441654272
1722,1004998792,128804,1005127596,0,5,0,122880,0,9732042752
1723,1005462883,107120,1005570003,0,3,0,51712,0,7287283712
1724,1005504633,47288,1005551921,0,1,0,1536,0,7560699904
1725,1005602214,1042,1005603256,0,6,1,1024,0,9698967552
1726,1006233112,4162,1006237274,0,3,1,11264,0,1957634048
1727,1006297875,43904,1006341779,0,1,0,512,0,7694606336
1728,1006650000,91148,1006741148,0,3,0,19456,0,9268269056
1729,1006737560,3898,1006741458,0,1,1,4096,0,9652252672
1730,1006905780,43904,1006949684,0,3,0,512,0,7168966656
1731,1006932910,15321,1006948231,0,8,1,29696,0,9217765376
1732,1007228551,3422,1007231973,0,4,1,3584,0,9898508288
1733,1007327120,2470,1007329590,0,8,1,2560,0,4458926080
1734,1007922573,11791,1007934364,0,0,1,19456,0,4148228096
1735,1008073969,1518,1008075487,0,7,1,1536,0,7031578624
1736,1008093643,82820,1008176463,0,4,0,12288,0,2954485760
1737,1008608820,43904,1008652724,0,1,0,512,0,5735329792
1738,1008664012,93776,1008757788,0,0,0,23040,0,6410063872
1739,1009090355,566,1009090921,0,8,1,512,0,7182327808
1740,1009870877,6754,1009877631,0,4,1,7168,0,5503045632
1741,1010330070,5326,1010335396,0,1,1,5632,0,5182455808
1742,1010551352,3422,1010554774,0,7,1,3584,0,5462585344
1743,1010560500,94976,1010655476,0,0,0,16896,0,3249029120
1744,1010587060,3898,1010590958,0,3,1,4096,0,7044820992
1745,1010716110,129896,1010846006,0,9,0,126464,0,5184933888
1746,1010817710,99008,1010916718,0,3,0,25088,0,212815872
1747,1010915273,128180,1011043453,0,9,0,120832,0,5081907200
1748,1011308848,43904,1011352752,0,3,0,512,0,8471203840
1749,1011514890,101660,1011616550,0,9,0,33792,0,7728001024
1750,1011890405,43904,1011934309,0,1,0,512,0,5065224192
1751,1012059289,43904,1012103193,0,9,0,512,0,3077263360
1752,1012658699,111800,1012770499,0,5,0,67072,0,1053425664
1753,1012710463,43904,1012754367,0,3,0,512,0,651423744
1754,1013052753,52364,1013105117,0,3,0,3072,0,54226944
1755,1013127669,96560,1013224229,0,9,0,27136,0,5224009728
1756,1018734931,15837,1018750768,0,3,1,30720,0,8295755776
1757,1018762870,2946,1018765816,0,7,1,3072,0,9930567680
1758,1018993943,4162,1018998105,0,7,1,11264,0,9942056960
1759,1019461093,2946,1019464039,0,0,1,3072,0,1044418560
1760,1019507211,3898,1019511109,0,1,1,4096,0,5889695744
1761,1019723597,3422,1019727019,0,1,1,3584,0,1422241792
1762,1019913340,32299,1019945639,0,7,1,52736,0,700755968
1763,1020139716,3898,1020143614,0,7,1,4096,0,10282930176
1764,1020412798,1518,1020414316,0,4,1,1536,0,9963585536
1765,1020819169,3898,1020823067,0,1,1,4096,0,2495660032
1766,1021360465,14117,1021374582,0,0,1,24064,0,10360279040
1767,1021567568,1994,1021569562,0,8,1,2048,0,5882474496
1768,1021859827,2870,1021862697,0,7,1,8704,0,8683184128
1769,1022601432,3128,1022604560,0,4,1,9216,0,3894493184
1770,1022677904,566,1022678470,0,8,1,512,0,3526615040
1771,1022849373,2946,1022852319,0,1,1,3072,0,2333069312
1772,1023424465,7706,1023432171,0,8,1,8192,0,6773653504
1773,1024033937,5326,1024039263,0,7,1,5632,0,913190912
1774,1027436186,12049,1027448235,0,1,1,19968,0,3885518848
1775,1029443086,34279,1029477365,0,0,1,59904,0,7624503296
1776,1029595596,1518,1029597114,0,6,1,1536,0,3497254912
1777,1029874062,4374,1029878436,0,6,1,4608,0,6148530176
1778,1030204297,3128,1030207425,0,4,1,9216,0,3856191488
1779,1030307321,5326,1030312647,0,8,1,5632,0,5717860352
1780,1030789010,566,1030789576,0,7,1,512,0,2677121024
1781,1030953461,7706,1030961167,0,8,1,8192,0,10237313024
1782,1031041487,5326,1031046813,0,6,1,5632,0,8027971584
1783,1031055945,566,1031056511,0,6,1,512,0,5238628352
1784,1031825029,1518,1031826547,0,6,1,1536,0,7466512384
1785,1032225599,1042,1032226641,0,8,1,1024,0,239702016
1786,1032321455,566,1032322021,0,4,1,512,0,4949114880
1787,1032332122,7706,1032339828,0,4,1,8192,0,4203196416
1788,1033286348,22950,1033309298,0,4,1,37888,0,6833106944
1789,1033602516,1042,1033603558,0,7,1,1024,0,6007046144
1790,1034586463,5454,1034591917,0,8,1,13824,0,2050174976
1791,1034914628,1042,1034915670,0,2,1,1024,0,713039872
1792,1035026744,4162,1035030906,0,7,1,11264,0,2411143168
1793,1035300067,566,1035300633,0,7,1,512,0,3531382784
1794,1035644542,86454,1035730996,0,6,1,144896,0,2302533632
1795,1036469817,2946,1036472763,0,2,1,3072,0,6980014080
1796,1036868302,6754,1036875056,0,7,1,7168,0,1766363136
1797,1037040206,7230,1037047436,0,6,1,7680,0,9462935552
1798,1037287683,5326,1037293009,0,4,1,5632,0,8829296640
1799,1037692813,3422,1037696235,0,6,1,3584,0,2898259968
1800,1037771046,6229,1037777275,0,4,1,15360,0,3737460736
1801,1037777733,3645,1037781378,0,0,1,10240,0,10611490816
1802,1038056149,6278,1038062427,0,0,1,6656,0,5111799808
1803,1038367942,74360,1038442302,0,9,0,9728,0,9365643264
1804,1038584408,2946,1038587354,0,8,1,3072,0,343060480
1805,1038721307,121940,1038843247,0,1,0,100352,0,9899368448
1806,1038900552,4374,1038904926,0,7,1,4608,0,736477184
1807,1038952924,96068,1039048992,0,3,0,20480,0,2689040384
1808,1039017525,50672,1039068197,0,4,0,2560,0,10220441600
1809,1039342517,1042,1039343559,0,4,1,1024,0,3247685632
1810,1039667431,45596,1039713027,0,4,0,1024,0,2292895744
1811,1040281452,114140,1040395592,0,5,0,74752,0,7379402752
1812,1040350460,59132,1040409592,0,1,0,5120,0,4793008128
1813,1040442170,2946,1040445116,0,0,1,3072,0,2056818688
1814,1040445658,43904,1040489562,0,3,0,512,0,5894008832
1815,1040742857,11274,1040754131,0,6,1,18432,0,9533394944
1816,1040844625,34537,1040879162,0,2,1,60416,0,3675811840
1817,1040873325,566,1040873891,0,7,1,512,0,10591420416
1818,1040946092,50672,1040996764,0,1,0,2560,0,9380372480
1819,1041034116,2470,1041036586,0,7,1,2560,0,4909535232
1820,1041195768,3128,1041198896,0,2,1,9216,0,7919849472
1821,1041195859,87896,1041283755,0,3,0,13824,0,1473351680
1822,1041382013,4937,1041386950,0,4,1,12800,0,4940939264
1823,1041495469,1042,1041496511,0,7,1,1024,0,10242297856
1824,1041952943,54056,1042006999,0,3,0,3584,0,4773969920
1825,1042260153,45596,1042305749,0,1,0,1024,0,6160887808
1826,1045762943,69284,1045832227,0,5,0,8192,0,6552494080
1827,1046948949,59132,1047008081,0,4,0,5120,0,2531348480
1828,1047638238,2470,1047640708,0,8,1,2560,0,3292807168
1829,1047667043,566,1047667609,0,2,1,512,0,9061257216
1830,1047751123,566,1047751689,0,6,1,512,0,10545070080
1831,1047787050,4679,1047791729,0,2,1,12288,0,3246686208
1832,1048030849,4850,1048035699,0,7,1,5120,0,4627320832
1833,1048422927,4850,1048427777,0,2,1,5120,0,79192064
1834,1048856948,2470,1048859418,0,6,1,2560,0,5667753984
1835,1048965876,30749,1048996625,0,4,1,49664,0,9979822080
1836,1053092962,566,1053093528,0,4,1,512,0,833261568
1837,1064335475,84645,1064420120,0,7,1,141312,0,9646522368
1838,1065035380,3904,1065039284,0,2,1,10752,0,4712194048
1839,1065490836,2870,1065493706,0,6,1,8704,0,7167868928
1840,1065607439,12566,1065620005,0,1,1,20992,0,2408673280
1841,1065616183,2946,1065619129,0,0,1,3072,0,358957056
1842,1066035929,14545,1066050474,0,0,1,28160,0,636637184
1843,1066051111,566,1066051677,0,1,1,512,0,6146658304
1844,1066353404,5802,1066359206,0,1,1,6144,0,10601480192
1845,1066383904,3898,1066387802,0,6,1,4096,0,3164643328
1846,1066462339,11274,1066473613,0,6,1,18432,0,306819072
1847,1066718976,7230,1066726206,0,6,1,7680,0,7143522304
1848,1067407978,2470,1067410448,0,2,1,2560,0,7729422336
1849,1067691431,13083,1067704514,0,1,1,22016,0,8441659392
1850,1067708725,566,1067709291,0,0,1,512,0,9887125504
1851,1067742836,25962,1067768798,0,0,1,47104,0,9379352576
1852,1068191308,6754,1068198062,0,0,1,7168,0,9775316992
1853,1068367955,4374,1068372329,0,6,1,4608,0,3767787520
1854,1068470612,4850,1068475462,0,1,1,5120,0,5880807424
1855,1068606660,7230,1068613890,0,6,1,7680,0,7951077376
1856,1068613922,11533,1068625455,0,1,1,18944,0,1849421824
1857,1069808844,5326,1069814170,0,1,1,5632,0,2479919104
1858,1069897290,1518,1069898808,0,6,1,1536,0,6878019584
1859,1069939876,3898,1069943774,0,0,1,4096,0,8642174976
1860,1077527218,128336,1077655554,0,0,0,121344,0,1563512832
1861,1077665824,566,1077666390,0,6,1,512,0,6052478976
1862,1077699630,566,1077700196,0,0,1,512,0,8821768192
1863,1077729610,45596,1077775206,0,1,0,1024,0,9670356992
1864,1078351774,4162,1078355936,0,0,1,11264,0,4761288704
1865,1078600981,12825,1078613806,0,2,1,21504,0,4130758656
1866,1078703952,41132,1078745084,0,2,1,66560,0,2345639936
1867,1078797996,23983,1078821979,0,2,1,39936,0,5499981824
1868,1079042119,3422,1079045541,0,2,1,3584,0,5711417344
1869,1079611162,43904,1079655066,0,1,0,512,0,1715810304
1870,1079855754,127244,1079982998,0,3,0,117760,0,6922027008
1871,1079975319,186971,1080162290,0,3,0,147456,0,9128177664
1872,1080073443,89018,1080162461,0,3,0,512,0,9198698496
1873,1080401066,54056,1080455122,0,3,0,3584,0,899211264
1874,1081726271,93596,1081819867,0,4,0,17408,0,5324849152
1875,1081948866,120068,1082068934,0,3,0,94208,0,3450785792
1876,1082121257,76052,1082197309,0,3,0,10240,0,9552490496
1877,1082775131,1994,1082777125,0,0,1,2048,0,10153295872
1878,1082856646,4162,1082860808,0,2,1,11264,0,1260179456
1879,1083039731,1518,1083041249,0,2,1,1536,0,5402763264
1880,1083234777,50672,1083285449,0,3,0,2560,0,5680414720
1881,1083643345,43904,1083687249,0,1,0,512,0,5269651456
1882,1083721234,92552,1083813786,0,4,0,24064,0,8936824832
1883,1083804393,1994,1083806387,0,1,1,2048,0,5101285376
1884,1084019143,3422,1084022565,0,2,1,3584,0,2660933632
1885,1084195972,3422,1084199394,0,2,1,3584,0,2366398464
1886,1084272344,7230,1084279574,0,2,1,7680,0,1681117184
1887,1084394995,2470,1084397465,0,2,1,2560,0,935800832
1888,1084767642,93152,1084860794,0,4,0,20992,0,7299792896
1889,1084837647,45596,1084883243,0,1,0,1024,0,161505280
1890,1084856474,109928,1084966402,0,1,0,60928,0,5833953280
1891,1084999044,566,1084999610,0,2,1,512,0,377184256
1892,1085161404,1042,1085162446,0,1,1,1024,0,6877937664
1893,1085207014,90704,1085297718,0,1,0,23040,0,10361819136
1894,1085577954,3422,1085581376,0,1,1,3584,0,285990912
1895,1085711760,4850,1085716610,0,2,1,5120,0,7995953152
1896,1085881980,43904,1085925884,0,3,0,512,0,328323072
1897,1086058366,95024,1086153390,0,1,0,27136,0,6260809728
1898,1086460453,3898,1086464351,0,1,1,4096,0,8332365824
1899,1087149882,1518,1087151400,0,2,1,1536,0,742555648
1900,1087242906,3898,1087246804,0,3,1,4096,0,9228054528
1901,1087495498,5802,1087501300,0,4,1,6144,0,7567409152
1902,1087953237,3422,1087956659,0,3,1,3584,0,6633807872
1903,1088116452,3898,1088120350,0,4,1,4096,0,3351744512
1904,1089938090,2470,1089940560,0,4,1,2560,0,5223530496
1905,1090058860,5971,1090064831,0,2,1,14848,0,1322975232
1906,1090095003,6278,1090101281,0,1,1,6656,0,3690311680
1907,1092682476,1994,1092684470,0,3,1,2048,0,8041635840
1908,1092732992,4679,1092737671,0,1,1,12288,0,1020301312
1909,1093360989,5712,1093366701,0,2,1,14336,0,7172448256
1910,1094194351,1042,1094195393,0,1,1,1024,0,6717517824
1911,1094276283,566,1094276849,0,2,1,512,0,1931223040
1912,1095285387,4850,1095290237,0,2,1,5120,0,5664821248
1913,1095432801,5454,1095438255,0,9,1,13824,0,5885329408
1914,1095601393,566,1095601959,0,1,1,512,0,9803874304
1915,1096168532,566,1096169098,0,9,1,512,0,5022121984
1916,1097575517,566,1097576083,0,1,1,512,0,9072406528
1917,1098015797,566,1098016363,0,8,1,512,0,1033924608
1918,1098192115,1042,1098193157,0,0,1,1024,0,1363034112
1919,1098297371,2870,1098300241,0,0,1,8704,0,10545065984
1920,1098302136,3898,1098306034,0,9,1,4096,0,857919488
1921,1099106968,3422,1099110390,0,0,1,3584,0,2250010624
1922,1099124699,45954,1099170653,0,9,1,79360,0,3771609088
1923,1099427656,6278,1099433934,0,9,1,6656,0,2833084416
1924,1099862843,2946,1099865789,0,8,1,3072,0,8768839680
1925,1100269762,3128,1100272890,0,4,1,9216,0,1157668864
1926,1116334270,64208,1116398478,0,1,0,6656,0,7001075712
1927,1116704158,43904,1116748062,0,5,0,512,0,8630730752
1928,1116832169,3898,1116836067,0,2,1,4096,0,2185011200
1929,1117051254,43904,1117095158,0,3,0,512,0,9349459968
1930,1117108945,91280,1117200225,0,4,0,14848,0,3889418240
1931,1117268746,91148,1117359894,0,4,0,19456,0,8592257024
1932,1117470817,43904,1117514721,0,5,0,512,0,10561236992
1933,1117929842,104780,1118034622,0,4,0,44032,0,9492463616
1934,1118376201,43904,1118420105,0,3,0,512,0,7330320384
1935,1118989821,45596,1119035417,0,5,0,1024,0,81367040
1936,1119402996,43904,1119446900,0,4,0,512,0,1028620288
1937,1119710332,118352,1119828684,0,3,0,88576,0,9271635968
1938,1120219692,92060,1120311752,0,3,0,17408,0,6144782336
1939,1122131956,57440,1122189396,0,5,0,4608,0,1474736128
1940,1122787444,118040,1122905484,0,4,0,87552,0,10473697280
1941,1123117470,94820,1123212290,0,3,0,16384,0,3290697728
1942,1123535930,114452,1123650382,0,4,0,75776,0,6773264384
1943,1123681387,120848,1123802235,0,3,0,96768,0,6274736128
1944,1123709576,137497,1123847073,0,3,0,20992,0,5714116608
1945,1124432666,92396,1124525062,0,3,0,23552,0,8299126784
1946,1125636045,93644,1125729689,0,4,0,27648,0,8757112832
1947,1125985604,91436,1126077040,0,3,0,15360,0,7969050624
1948,1126093188,55748,1126148936,0,5,0,4096,0,8427196416
1949,1126500372,43904,1126544276,0,5,0,512,0,410513408
1950,1127692962,43904,1127736866,0,3,0,512,0,5230125056
1951,1127908679,48980,1127957659,0,4,0,2048,0,9175003136
1952,1128745880,84512,1128830392,0,5,0,12800,0,9010769920
1953,1129937291,48980,1129986271,0,4,0,2048,0,9429741568
1954,1129988196,228848,1130217044,0,3,0,264704,0,523993088
1955,1130231903,115700,1130347603,0,5,0,79872,0,2300055552
1956,1131897524,45596,1131943120,0,3,0,1024,0,9916645376
1957,1132071521,47288,1132118809,0,5,0,1536,0,5110358016
1958,1132103704,76052,1132179756,0,5,0,10240,0,2710568960
1959,1133294665,43904,1133338569,0,5,0,512,0,149491712
1960,1133361951,47288,1133409239,0,4,0,1536,0,5608960000
1961,1134827797,97628,1134925425,0,4,0,25600,0,3970596864
1962,1134839784,43904,1134883688,0,5,0,512,0,9919950848
1963,1135354114,82820,1135436934,0,5,0,12288,0,10166337536
1964,1135411035,45596,1135456631,0,3,0,1024,0,1462841344
1965,1135694449,43904,1135738353,0,3,0,512,0,2835394560
1966,1136383633,82820,1136466453,0,4,0,12288,0,5331042304
1967,1136784210,107744,1136891954,0,3,0,53760,0,9717501952
1968,1137001356,102284,1137103640,0,5,0,35840,0,2574024704
1969,1137461369,43904,1137505273,0,5,0,512,0,1128632320
1970,1137798133,45596,1137843729,0,3,0,1024,0,5066895360
1971,1137822902,96692,1137919594,0,4,0,22528,0,3308183552
1972,1137938160,82820,1138020980,0,4,0,12288,0,9704837120
1973,1138575668,50672,1138626340,0,3,0,2560,0,5881421824
1974,1138692625,97496,1138790121,0,4,0,30208,0,6256918528
1975,1139301178,95180,1139396358,0,5,0,27648,0,6610104320
1976,1140087395,95444,1140182839,0,4,0,18432,0,3844759552
1977,1140966669,148220,1141114889,0,3,0,136192,0,1427619840
1978,1141786012,11533,1141797545,0,9,1,18944,0,1842778112
1979,1141975498,3387,1141978885,0,8,1,9728,0,2988355584
1980,1142342946,3387,1142346333,0,4,1,9728,0,8680243200
1981,1142359754,48980,1142408734,0,5,0,2048,0,4150947840
1982,1142462296,57071,1142519367,0,4,0,512,0,491933696
1983,1142466807,43904,1142510711,0,4,0,512,0,4733952000
1984,1142556437,100412,1142656849,0,4,0,29696,0,1261031424
1985,1142721539,72668,1142794207,0,4,0,9216,0,6961319936
1986,1142891224,105248,1142996472,0,4,0,45568,0,393474048
1987,1143810473,106496,1143916969,0,4,0,49664,0,644718592
1988,1143899322,50672,1143949994,0,3,0,2560,0,9866670080
1989,1143969825,43904,1144013729,0,3,0,512,0,7061676032
1990,1144245162,566,1144245728,0,8,1,512,0,7223349248
1991,1144375092,2870,1144377962,0,0,1,8704,0,8916946944
1992,1144385254,4850,1144390104,0,1,1,5120,0,10005331968
1993,1144475026,136376,1144611402,0,3,0,132608,0,4655714304
1994,1144600404,566,1144600970,0,1,1,512,0,8337256448
1995,1144812743,13253,1144825996,0,4,1,25600,0,830836736
1996,1144863831,1994,1144865825,0,0,1,2048,0,876179456
1997,1144937310,3422,1144940732,0,0,1,3584,0,1515892736
1998,1145854293,72668,1145926961,0,5,0,9216,0,359415808
1999,1146510558,43904,1146554462,0,3,0,512,0,5852508160
2000,1147601957,43904,1147645861,0,4,0,512,0,512933888
2001,1147837366,113360,1147950726,0,3,0,72192,0,5358931968
2002,1148336348,98720,1148435068,0,3,0,29184,0,3532054528
2003,1148578554,43904,1148622458,0,5,0,512,0,10158354432
2004,1148831598,97160,1148928758,0,4,0,24064,0,2140352512
2005,1150169303,69284,1150238587,0,3,0,8192,0,1174118400
2006,1150244991,43904,1150288895,0,5,0,512,0,8564346880
2007,1150330957,48980,1150379937,0,4,0,2048,0,1169293312
2008,1150741784,127244,1150869028,0,5,0,117760,0,10576752640
2009,1151556110,111956,1151668066,0,4,0,67584,0,3855130624
2010,1151602979,97916,1151700895,0,5,0,21504,0,719310848
2011,1151707661,104156,1151811817,0,5,0,41984,0,1927499776
2012,1152053802,94976,1152148778,0,5,0,16896,0,3154386944
2013,1153245563,72668,1153318231,0,4,0,9216,0,5399310336
2014,1153348864,43904,1153392768,0,5,0,512,0,5040824320
2015,1153596726,90392,1153687118,0,5,0,22016,0,10451419136
2016,1153596747,100880,1153697627,0,3,0,31232,0,8726413312
2017,1154079665,43904,1154123569,0,3,0,512,0,8618229760
2018,1155218522,47288,1155265810,0,5,0,1536,0,9408880640
2019,1158910002,43904,1158953906,0,3,0,512,0,5569564672
2020,1159456325,91460,1159547785,0,4,0,20480,0,9257132032
2021,1161049727,6229,1161055956,0,3,1,15360,0,8361906176
2022,1161985504,89588,1162075092,0,5,0,14336,0,2904727552
2023,1162251380,43904,1162295284,0,4,0,512,0,8947351552
2024,1163331071,45596,1163376667,0,4,0,1024,0,9290969088
2025,1163553259,101660,1163654919,0,4,0,33792,0,1784479744
2026,1165183534,72668,1165256202,0,4,0,9216,0,8216125440
2027,1165375636,109616,1165485252,0,5,0,59904,0,751919104
2028,1166133286,43904,1166177190,0,5,0,512,0,870674432
2029,1166149308,43904,1166193212,0,3,0,512,0,6878490624
2030,1167856240,105872,1167962112,0,3,0,47616,0,246099968
2031,1167937821,106340,1168044161,0,4,0,49152,0,5514555392
2032,1168209623,107120,1168316743,0,5,0,51712,0,1285976064
2033,1168537765,93332,1168631097,0,4,0,26624,0,8023269376
2034,1169696874,77744,1169774618,0,5,0,10752,0,5458849792
2035,1169729744,48980,1169778724,0,4,0,2048,0,1536008192
2036,1169870074,106340,1169976414,0,4,0,49152,0,4472008704
2037,1170027571,47288,1170074859,0,4,0,1536,0,8652087296
2038,1171133426,43904,1171177330,0,4,0,512,0,967524352
2039,1171301594,64208,1171365802,0,3,0,6656,0,57384960
2040,1171914445,102128,1172016573,0,3,0,35328,0,7931363328
2041,1173976830,43904,1174020734,0,5,0,512,0,3323363328
2042,1174150539,106028,1174256567,0,4,0,48128,0,6071803904
2043,1174829165,109772,1174938937,0,3,0,60416,0,3493011456
2044,1174849364,97652,1174947016,0,4,0,30720,0,5400571904
2045,1175049374,102596,1175151970,0,4,0,36864,0,4321935360
2046,1177252524,93644,1177346168,0,4,0,27648,0,9628884992
2047,1177281013,100724,1177381737,0,3,0,30720,0,1446375424
2048,1177658827,24154,1177682981,0,0,1,43520,0,4320108544
2049,1177696291,101036,1177797327,0,3,0,31744,0,6519517184
2050,1178326450,125996,1178452446,0,3,0,113664,0,1346105344
2051,1178713466,95156,1178808622,0,5,0,22528,0,4729761792
2052,1179057237,89744,1179146981,0,3,0,14848,0,9102127104
2053,1181300406,102908,1181403314,0,9,0,37888,0,2982572032
2054,1181901544,43904,1181945448,0,5,0,512,0,8311652352
2055,1183067731,120224,1183187955,0,3,0,94720,0,6733619200
2056,1183396050,98252,1183494302,0,4,0,27648,0,2700259328
2057,1183437841,86204,1183524045,0,5,0,13312,0,1493057536
2058,1184171767,1518,1184173285,0,4,1,1536,0,8104181760
2059,1184543583,115232,1184658815,0,5,0,78336,0,5183774720
2060,1184737388,115856,1184853244,0,4,0,80384,0,8468107264
2061,1184804837,6754,1184811591,0,1,1,7168,0,4297609216
2062,1185048018,52364,1185100382,0,4,0,3072,0,2495213568
2063,1185157117,45596,1185202713,0,3,0,1024,0,1966960640
2064,1185637216,43904,1185681120,0,4,0,512,0,9608359936
2065,1185679686,48980,1185728666,0,3,0,2048,0,2292518912
2066,1185688847,566,1185689413,0,1,1,512,0,1089626112
2067,1185855311,4374,1185859685,0,8,1,4608,0,1447231488
2068,1186253282,566,1186253848,0,1,1,512,0,3672076288
2069,1187067316,43904,1187111220,0,3,0,512,0,8994271232
2070,1187314929,55748,1187370677,0,5,0,4096,0,8369680384
2071,1188322805,91280,1188414085,0,4,0,14848,0,7847862272
2072,1189050524,43904,1189094428,0,5,0,512,0,2088177664
2073,1189425080,116480,1189541560,0,9,0,82432,0,8884092928
2074,1189797558,2870,1189800428,0,8,1,8704,0,781017088
2075,1189848743,83700,1189932443,0,6,1,136192,0,6344187904
2076,1189867026,82820,1189949846,0,8,0,12288,0,10090758144
2077,1189904485,32987,1189937472,0,1,1,57344,0,1121148928
2078,1190060710,45596,1190106306,0,9,0,1024,0,4739325952
2079,1190238566,1518,1190240084,0,5,1,1536,0,10515111936
2080,1190753294,123344,1190876638,0,5,0,104960,0,10200489984
2081,1190847414,5802,1190853216,0,6,1,6144,0,9627922432
2082,1192062042,117416,1192179458,0,9,0,85504,0,5896880128
2083,1192442915,112892,1192555807,0,4,0,70656,0,9863675904
2084,1192720234,146528,1192866762,0,3,0,135680,0,6417072128
2085,1192733617,93152,1192826769,0,8,0,20992,0,7347490816
2086,1192747200,79740,1192826940,0,8,0,512,0,1738858496
2087,1192754075,2470,1192756545,0,1,1,2560,0,1151279104
2088,1192831957,45596,1192877553,0,8,0,1024,0,2124390400
2089,1192888328,43904,1192932232,0,8,0,512,0,8569577472
2090,1192921359,1518,1192922877,0,5,1,1536,0,1720811520
2091,1192964360,566,1192964926,0,5,1,512,0,4016730112
2092,1193315666,4420,1193320086,0,5,1,11776,0,3973894144
2093,1193597266,43904,1193641170,0,3,0,512,0,8695058432
2094,1193844343,43904,1193888247,0,8,0,512,0,9487933440
2095,1194031184,3904,1194035088,0,6,1,10752,0,2959024128
2096,1194130450,110396,1194240846,0,4,0,62464,0,9135009792
2097,1194685193,15062,1194700255,0,5,1,29184,0,7606149120
2098,1194879138,12737,1194891875,0,6,1,24576,0,6867877888
2099,1195235401,4850,1195240251,0,5,1,5120,0,3552415744
2100,1195269623,62516,1195332139,0,8,0,6144,0,5200543744
2101,1195639147,1518,1195640665,0,6,1,1536,0,7827742720
2102,1196006082,566,1196006648,0,5,1,512,0,2627170304
2103,1196765977,1994,1196767971,0,1,1,2048,0,4905218048
2104,1196766459,4374,1196770833,0,6,1,4608,0,5145624576
2105,1197226811,3898,1197230709,0,6,1,4096,0,7501447168
2106,1197231929,102284,1197334213,0,5,0,35840,0,10332323840
2107,1197770573,6754,1197777327,0,7,1,7168,0,10226913280
2108,1197853055,566,1197853621,0,5,1,512,0,4258410496
2109,1197888629,566,1197889195,0,5,1,512,0,216338432
2110,1198200171,4374,1198204545,0,5,1,4608,0,6138068992
2111,1198214212,91928,1198306140,0,4,0,22016,0,9563873280
2112,1198388578,4374,1198392952,0,6,1,4608,0,122060800
2113,1198433258,566,1198433824,0,7,1,512,0,3643887616
2114,1199850910,7706,1199858616,0,6,1,8192,0,6569635840
2115,1199944502,566,1199945068,0,7,1,512,0,5141278720
2116,1199945728,43904,1199989632,0,3,0,512,0,5238640640
2117,1200164617,566,1200165183,0,5,1,512,0,4648017920
2118,1201097841,4937,1201102778,0,1,1,12800,0,4133142528
2119,1201126184,1994,1201128178,0,7,1,2048,0,7231221760
2120,1201139202,93644,1201232846,0,9,0,27648,0,8378830848
2121,1201265820,43904,1201309724,0,4,0,512,0,9016836096
2122,1201369095,44662,1201413757,0,7,1,76800,0,3794853888
2123,1201640152,3422,1201643574,0,5,1,3584,0,2823917568
2124,1202463407,62516,1202525923,0,8,0,6144,0,8913178624
2125,1202587160,43904,1202631064,0,4,0,512,0,2618822656
2126,1202668061,7706,1202675767,0,7,1,8192,0,1832849408
2127,1203614676,43904,1203658580,0,4,0,512,0,8002273280
2128,1203846715,113048,1203959763,0,9,0,71168,0,4339593216
2129,1204746280,91748,1204838028,0,5,0,16384,0,7880675328
2130,1205399677,96668,1205496345,0,9,0,17408,0,800751616
2131,1205765565,101972,1205867537,0,3,0,34816,0,4719718400
2132,1207288974,91304,1207380278,0,8,0,19968,0,9015140352
2133,1207567601,99944,1207667545,0,4,0,28160,0,1294802944
2134,1208590130,45596,1208635726,0,3,0,1024,0,1812082688
2135,1210297629,45596,1210343225,0,4,0,1024,0,4990472192
2136,1210998190,54056,1211052246,0,9,0,3584,0,5709635584
2137,1211582472,60824,1211643296,0,5,0,5632,0,10658164736
2138,1211772948,6278,1211779226,0,5,1,6656,0,10623655936
2139,1212135772,104312,1212240084,0,0,0,42496,0,8172236800
2140,1212453520,24412,1212477932,0,8,1,44032,0,3560546304
2141,1212678872,1994,1212680866,0,1,1,2048,0,3710730240
2142,1212687976,94400,1212782376,0,5,0,25088,0,6181462016
2143,1212846925,116168,1212963093,0,9,0,81408,0,5486157824
2144,1212943381,566,1212943947,0,1,1,512,0,5891911680
2145,1213640167,98540,1213738707,0,3,0,23552,0,1680330752
2146,1213642903,3422,1213646325,0,8,1,3584,0,10558857216
2147,1213763861,43904,1213807765,0,0,0,512,0,5193920512
2148,1214018954,2870,1214021824,0,6,1,8704,0,3879411712
2149,1214597142,1042,1214598184,0,7,1,1024,0,7705587712
2150,1214965272,208844,1215174116,0,9,0,224256,0,8056504320
2151,1215323893,48980,1215372873,0,0,0,2048,0,2000441344
2152,1215747145,123344,1215870489,0,8,0,104960,0,6606532608
2153,1215872321,86204,1215958525,0,5,0,13312,0,4965715968
2154,1216966916,43904,1217010820,0,0,0,512,0,7453597696
2155,1217300065,47288,1217347353,0,5,0,1536,0,1871294464
2156,1219067121,103532,1219170653,0,8,0,39936,0,9458950144
2157,1219314347,74360,1219388707,0,4,0,9728,0,10705608704
2158,1219440494,59132,1219499626,0,3,0,5120,0,4582916096
2159,1219658959,43904,1219702863,0,5,0,512,0,6828036096
2160,1220382173,104468,1220486641,0,3,0,43008,0,1696546816
2161,1221534475,93284,1221627759,0,4,0,16384,0,3998928896
2162,1221545280,111800,1221657080,0,5,0,67072,0,2736472064
2163,1222549420,45596,1222595016,0,5,0,1024,0,2454794240
2164,1223975129,72668,1224047797,0,9,0,9216,0,8241623040
2165,1224655512,45596,1224701108,0,0,0,1024,0,9344069632
2166,1224770936,143144,1224914080,0,3,0,134656,0,884531200
2167,1225157171,91748,1225248919,0,3,0,16384,0,6446739456
2168,1225233494,114764,1225348258,0,3,0,76800,0,8210247680
2169,1225306901,1518,1225308419,0,1,1,1536,0,5793964032
2170,1225522878,4374,1225527252,0,6,1,4608,0,9441329152
2171,1225647938,3898,1225651836,0,4,1,4096,0,3603025920
2172,1225720045,64208,1225784253,0,5,0,6656,0,9458274304
2173,1225864386,3645,1225868031,0,7,1,10240,0,7700639744
2174,1226260201,3645,1226263846,0,6,1,10240,0,2569760768
2175,1226710283,3387,1226713670,0,8,1,9728,0,5749956608
2176,1226813990,118196,1226932186,0,4,0,88064,0,2751873024
2177,1227494988,566,1227495554,0,4,1,512,0,3046166528
2178,1227913051,93020,1228006071,0,3,0,25600,0,9188917248
2179,1228112254,2470,1228114724,0,7,1,2560,0,8428417024
2180,1228149854,101504,1228251358,0,0,0,33280,0,6378844160
2181,1228178880,188876,1228367756,0,1,0,158720,0,1969405952
2182,1228200388,1518,1228201906,0,6,1,1536,0,8786235392
2183,1228321115,12825,1228333940,0,6,1,21504,0,2253176832
2184,1228340012,1518,1228341530,0,8,1,1536,0,3587645440
2185,1228653889,7230,1228661119,0,8,1,7680,0,5742772224
2186,1228719902,43904,1228763806,0,1,0,512,0,2699939840
2187,1228814582,112112,1228926694,0,8,0,68096,0,9524056064
2188,1228835463,1042,1228836505,0,6,1,1024,0,4111589376
2189,1228995191,86204,1229081395,0,0,0,13312,0,3548889088
2190,1229014545,566,1229015111,0,6,1,512,0,5815308288
2191,1229697593,126308,1229823901,0,8,0,114688,0,1205661696
2192,1229980682,6278,1229986960,0,7,1,6656,0,7692627968
2193,1230195244,47288,1230242532,0,5,0,1536,0,4190142464
2194,1230716663,3898,1230720561,0,8,1,4096,0,3291074560
2195,1231008774,192620,1231201394,0,9,0,171008,0,7791124480
2196,1231084045,1518,1231085563,0,4,1,1536,0,9761828864
2197,1231099510,48980,1231148490,0,0,0,2048,0,9420546048
2198,1231326626,566,1231327192,0,6,1,512,0,9334157312
2199,1231599437,48980,1231648417,0,0,0,2048,0,10202177536
2200,1231675089,130520,1231805609,0,1,0,128512,0,2879856640
2201,1231936494,111644,1232048138,0,1,0,66560,0,1939963904
2202,1231956736,104780,1232061516,0,5,0,44032,0,1129738240
2203,1232413329,12308,1232425637,0,6,1,20480,0,6541242368
2204,1232567262,109616,1232676878,0,5,0,59904,0,8454443008
2205,1232567497,566,1232568063,0,4,1,512,0,4114870272
2206,1232635298,33075,1232668373,0,4,1,54272,0,1953775616
2207,1232836803,2870,1232839673,0,4,1,8704,0,10018402304
2208,1233648790,43904,1233692694,0,4,0,512,0,1065787392
2209,1234190673,45596,1234236269,0,8,0,1024,0,10631172096
2210,1234292151,43904,1234336055,0,0,0,512,0,5905309696
2211,1234742907,43904,1234786811,0,3,0,512,0,810569728
2212,1235167966,101192,1235269158,0,1,0,32256,0,4960960512
2213,1235462077,43904,1235505981,0,0,0,512,0,4018294784
2214,1236019749,43904,1236063653,0,9,0,512,0,7682277376
2215,1238265851,47288,1238313139,0,0,0,1536,0,2766307328
2216,1238303757,1042,1238304799,0,8,1,1024,0,5560610816
2217,1238380635,4374,1238385009,0,4,1,4608,0,6115164160
2218,1238563040,3422,1238566462,0,4,1,3584,0,10249297920
2219,1238649712,99632,1238749344,0,5,0,27136,0,614633472
2220,1238905467,566,1238906033,0,7,1,512,0,587530240
2221,1239034782,4374,1239039156,0,4,1,4608,0,64933888
2222,1239584007,95336,1239679343,0,3,0,28160,0,6782918656
2223,1239597841,566,1239598407,0,4,1,512,0,5888905216
2224,1239780776,104624,1239885400,0,1,0,43520,0,3620958208
2225,1239877522,2946,1239880468,0,7,1,3072,0,2750136320
2226,1239923088,4374,1239927462,0,6,1,4608,0,162652160
2227,1240262191,36087,1240298278,0,6,1,63488,0,9822597120
2228,1240410839,1994,1240412833,0,7,1,2048,0,3117121536
2229,1240442943,3128,1240446071,0,7,1,9216,0,8963121152
2230,1240490312,176804,1240667116,0,7,1,290816,0,9222344704
2231,1240604319,47288,1240651607,0,8,0,1536,0,4414431232
2232,1241105919,103220,1241209139,0,1,0,38912,0,7945994240
2233,1241462840,95648,1241558488,0,9,0,29184,0,9954443264
2234,1242899235,45596,1242944831,0,5,0,1024,0,1789796352
2235,1243010746,43904,1243054650,0,4,0,512,0,4992045056
2236,1243333378,74360,1243407738,0,9,0,9728,0,7867305984
2237,1244288398,108524,1244396922,0,4,0,56320,0,3761225728
2238,1244307849,43904,1244351753,0,1,0,512,0,7062106112
2239,1244554156,113204,1244667360,0,1,0,71680,0,1590534144
2240,1244833765,115700,1244949465,0,8,0,79872,0,5674876928
2241,1245120388,101504,1245221892,0,3,0,33280,0,7433457664
2242,1245217135,108524,1245325659,0,9,0,56320,0,10714656768
2243,1245812478,1042,1245813520,0,4,1,1024,0,5555621888
2244,1245820569,43904,1245864473,0,1,0,512,0,6849597440
2245,1246199609,1042,1246200651,0,7,1,1024,0,7797448704
2246,1246210655,64208,1246274863,0,9,0,6656,0,4137328640
2247,1246242370,91280,1246333650,0,8,0,14848,0,507949056
2248,1246549506,43904,1246593410,0,8,0,512,0,4776890368
2249,1247398310,43904,1247442214,0,3,0,512,0,5805068288
2250,1249466616,81128,1249547744,0,9,0,11776,0,3186569216
2251,1250167698,43904,1250211602,0,8,0,512,0,3518324736
2252,1252095647,43904,1252139551,0,1,0,512,0,5410217984
2253,1252229584,102908,1252332492,0,4,0,37888,0,8314941440
2254,1252251242,124480,1252375722,0,4,0,12288,0,2772791296
2255,1252428737,43904,1252472641,0,5,0,512,0,504184832
2256,1252450920,96356,1252547276,0,4,0,16384,0,1035137024
2257,1253223242,67592,1253290834,0,4,0,7680,0,9987629056
2258,1253288230,127712,1253415942,0,5,0,119296,0,2831360000
2259,1253467322,110240,1253577562,0,5,0,61952,0,8894361600
2260,1253628369,3128,1253631497,0,6,1,9216,0,5153763328
2261,1253740201,10757,1253750958,0,7,1,17408,0,8747462656
2262,1253793314,115544,1253908858,0,3,0,79360,0,10036359168
2263,1253827464,566,1253828030,0,7,1,512,0,2828918784
2264,1254129180,2946,1254132126,0,7,1,3072,0,8866033664
2265,1254360170,4937,1254365107,0,7,1,12800,0,3245699072
2266,1254661274,566,1254661840,0,7,1,512,0,6986014720
2267,1255357865,48980,1255406845,0,0,0,2048,0,9944555520
2268,1256513945,132992,1256646937,0,8,0,131584,0,479911936
2269,1256580571,98696,1256679267,0,5,0,24064,0,1835507712
2270,1256682051,43904,1256725955,0,5,0,512,0,9594580992
2271,1256922320,47288,1256969608,0,3,0,1536,0,869560320
2272,1257555087,98072,1257653159,0,5,0,22016,0,930480128
2273,1258102824,43904,1258146728,0,4,0,512,0,5766447104
2274,1258354065,107588,1258461653,0,3,0,53248,0,6429442048
2275,1258517007,54056,1258571063,0,3,0,3584,0,8216080384
2276,1259147966,43904,1259191870,0,5,0,512,0,2284081152
2277,1259467415,1994,1259469409,0,7,1,2048,0,5017935872
2278,1259607398,5326,1259612724,0,8,1,5632,0,245063680
2279,1259619076,176984,1259796060,0,3,0,144896,0,2766663680
2280,1259859492,4374,1259863866,0,8,1,4608,0,4049264640
2281,1260149514,1042,1260150556,0,8,1,1024,0,7128932352
2282,1260189200,1518,1260190718,0,5,1,1536,0,8531804160
2283,1260461678,3898,1260465576,0,5,1,4096,0,8238436352
2284,1260716528,103844,1260820372,0,4,0,40960,0,5060550656
2285,1260783384,6754,1260790138,0,8,1,7168,0,9761390592
2286,1261362657,196988,1261559645,0,8,0,185344,0,1681526784
2287,1262033566,69284,1262102850,0,1,0,8192,0,2572705792
2288,1262218509,86204,1262304713,0,3,0,13312,0,10597027840
2289,1262946518,72668,1263019186,0,9,0,9216,0,1882664960
2290,1265551991,43904,1265595895,0,5,0,512,0,5534720000
2291,1265745570,70976,1265816546,0,3,0,8704,0,2530410496
2292,1265767623,43904,1265811527,0,0,0,512,0,1391722496
2293,1266956450,43904,1267000354,0,0,0,512,0,457351168
2294,1267725257,90992,1267816249,0,3,0,18944,0,8858103808
2295,1269129388,108680,1269238068,0,8,0,56832,0,6525845504
2296,1269884713,97136,1269981849,0,1,0,18944,0,284364800
2297,1271352705,105404,1271458109,0,9,0,46080,0,3827363840
2298,1271480957,120692,1271601649,0,4,0,96256,0,10177339392
2299,1271511787,138420,1271650207,0,4,0,27648,0,2989350912
2300,1271521345,1042,1271522387,0,4,1,1024,0,10695012352
2301,1271651036,5802,1271656838,0,5,1,6144,0,5798137856
2302,1271787260,2870,1271790130,0,8,1,8704,0,3183226880
2303,1272067674,26479,1272094153,0,5,1,48128,0,1036959744
2304,1272109989,1994,1272111983,0,8,1,2048,0,1224032256
2305,1272258041,45696,1272303737,0,8,1,78848,0,6933667840
2306,1272321745,96536,1272418281,0,4,0,22016,0,2989506560
2307,1272520809,7706,1272528515,0,8,1,8192,0,1689305088
2308,1272543070,1518,1272544588,0,5,1,1536,0,8787132416
2309,1272579632,4937,1272584569,0,5,1,12800,0,5946171392
2310,1272650550,5712,1272656262,0,5,1,14336,0,1751109632
2311,1272666287,3422,1272669709,0,5,1,3584,0,10202320896
2312,1272738315,104936,1272843251,0,3,0,44544,0,977424384
2313,1274552490,43904,1274596394,0,1,0,512,0,9527197696
2314,1274796286,98228,1274894514,0,0,0,22528,0,1608269824
2315,1275075447,106184,1275181631,0,3,0,48640,0,6814224384
2316,1275143024,43904,1275186928,0,0,0,512,0,8331390976
2317,1275452751,128648,1275581399,0,4,0,122368,0,8888778752
2318,1275486564,5326,1275491890,0,5,1,5632,0,10580029440
2319,1275564852,2870,1275567722,0,8,1,8704,0,6214610944
2320,1276032705,91280,1276123985,0,0,0,14848,0,4844335104
2321,1276086621,113984,1276200605,0,3,0,74240,0,10332557312
2322,1276205080,101036,1276306116,0,8,0,31744,0,8863789056
2323,1276233675,84512,1276318187,0,3,0,12800,0,6589661184
2324,1276362133,47288,1276409421,0,3,0,1536,0,8998346752
2325,1276616448,566,1276617014,0,8,1,512,0,9290584064
2326,1276835998,43904,1276879902,0,8,0,512,0,1813958656
2327,1277255886,2946,1277258832,0,7,1,3072,0,2420662272
2328,1277569716,43904,1277613620,0,4,0,512,0,6037872640
2329,1277876005,43904,1277919909,0,3,0,512,0,5223235584
2330,1278085434,43904,1278129338,0,9,0,512,0,2654699520
2331,1278177607,566,1278178173,0,2,1,512,0,10402918400
2332,1278650884,566,1278651450,0,3,1,512,0,1500041216
2333,1278884332,7230,1278891562,0,7,1,7680,0,3999940608
2334,1278895331,43904,1278939235,0,0,0,512,0,506458112
2335,1278982057,43904,1279025961,0,3,0,512,0,6318698496
2336,1279236744,1518,1279238262,0,7,1,1536,0,5056573440
2337,1279292138,69284,1279361422,0,9,0,8192,0,688185344
2338,1279531439,2470,1279533909,0,8,1,2560,0,6449356800
2339,1280022911,77744,1280100655,0,3,0,10752,0,5827145728
2340,1281814977,79436,1281894413,0,8,0,11264,0,8263757824
2341,1284581473,103376,1284684849,0,9,0,39424,0,250990592
2342,1286277589,124280,1286401869,0,5,0,108032,0,7176491008
2343,1286531223,91436,1286622659,0,4,0,15360,0,7592161280
2344,1286927512,106340,1287033852,0,4,0,49152,0,4287246336
2345,1287253867,102440,1287356307,0,0,0,36352,0,496164864
2346,1288085757,102908,1288188665,0,3,0,37888,0,5159469056
2347,1288647534,93932,1288741466,0,1,0,23552,0,6078668800
2348,1288699536,43904,1288743440,0,4,0,512,0,7005069312
2349,1289330883,108680,1289439563,0,4,0,56832,0,5080952832
2350,1289813163,43904,1289857067,0,0,0,512,0,1083482112
2351,1290457049,59132,1290516181,0,1,0,5120,0,9968869376
2352,1291175282,97760,1291273042,0,0,0,20992,0,1760083968
2353,1291584063,45596,1291629659,0,3,0,1024,0,570875904
2354,1291872774,43904,1291916678,0,4,0,512,0,5528223744
2355,1293003176,62516,1293065692,0,8,0,6144,0,2552086528
2356,1293444143,43904,1293488047,0,4,0,512,0,5968207872
2357,1293999183,43904,1294043087,0,3,0,512,0,1278586880
2358,1294122881,7230,1294130111,0,3,1,7680,0,9053765632
2359,1294643437,2946,1294646383,0,2,1,3072,0,7208267776
2360,1294875902,2946,1294878848,0,0,1,3072,0,560832512
2361,1295409885,59132,1295469017,0,1,0,5120,0,2659770368
2362,1295618003,1518,1295619521,0,8,1,1536,0,1175801856
2363,1296099273,69284,1296168557,0,5,0,8192,0,8733073408
2364,1296202500,43904,1296246404,0,0,0,512,0,10188861440
2365,1296249607,566,1296250173,0,7,1,512,0,6814679040
2366,1296258290,6278,1296264568,0,6,1,6656,0,9918865408
2367,1296280745,3645,1296284390,0,6,1,10240,0,5027270656
2368,1296285311,86204,1296371515,0,0,0,13312,0,8556343296
2369,1296295370,1994,1296297364,0,6,1,2048,0,9439965184
2370,1296438569,99164,1296537733,0,4,0,25600,0,1674801152
2371,1296550945,117104,1296668049,0,0,0,84480,0,2987302912
2372,1296632293,104624,1296736917,0,0,0,43520,0,5660311552
2373,1297562246,2470,1297564716,0,6,1,2560,0,6069194752
2374,1297673887,1518,1297675405,0,1,1,1536,0,8805347328
2375,1297804796,74360,1297879156,0,4,0,9728,0,7754502144
2376,1297807025,4162,1297811187,0,0,1,11264,0,10286952448
2377,1298251738,87896,1298339634,0,3,0,13824,0,8250314752
2378,1298865180,5196,1298870376,0,1,1,13312,0,4720439296
2379,1299018568,43904,1299062472,0,0,0,512,0,7891197952
2380,1299425869,95492,1299521361,0,5,0,28672,0,7175458816
2381,1299720853,57440,1299778293,0,8,0,4608,0,6345064448
2382,1299994087,52364,1300046451,0,3,0,3072,0,10674163712
2383,1300186890,64208,1300251098,0,9,0,6656,0,4677505024
2384,1300548462,47288,1300595750,0,5,0,1536,0,8651337728
2385,1301274445,94664,1301369109,0,9,0,15872,0,531865600
2386,1301927337,45596,1301972933,0,3,0,1024,0,4203261952
2387,1303134652,144836,1303279488,0,8,0,135168,0,1487347712
2388,1303317263,94844,1303412107,0,0,0,21504,0,5077889024
2389,1304234443,77744,1304312187,0,1,0,10752,0,7883689984
2390,1305557097,566,1305557663,0,0,1,512,0,6923337728
2391,1305557460,2946,1305560406,0,2,1,3072,0,6534598656
2392,1305837679,99476,1305937155,0,5,0,26624,0,1573408768
2393,1306158217,50672,1306208889,0,0,0,2560,0,1692741632
2394,1306366723,59132,1306425855,0,4,0,5120,0,8452255744
2395,1306411716,57440,1306469156,0,0,0,4608,0,9703456768
2396,1306664760,120848,1306785608,0,3,0,96768,0,6072516608
2397,1306683891,65900,1306749791,0,4,0,7168,0,4172550144
2398,1306733641,103064,1306836705,0,0,0,38400,0,5807443968
2399,1307988678,104468,1308093146,0,4,0,43008,0,9359052800
2400,1308048324,43904,1308092228,0,0,0,512,0,2550792192
2401,1308608189,74360,1308682549,0,9,0,9728,0,2770956288
2402,1309484823,106496,1309591319,0,0,0,49664,0,4948516864
2403,1309825351,92996,1309918347,0,3,0,20480,0,6335356928
2404,1309973316,48980,1310022296,0,1,0,2048,0,7631273984
2405,1310590347,45596,1310635943,0,8,0,1024,0,1793531904
2406,1310953582,89588,1311043170,0,1,0,14336,0,3222700032
2407,1311422829,43904,1311466733,0,3,0,512,0,1060143104
2408,1311784915,102440,1311887355,0,9,0,36352,0,8658149376
2409,1312294354,128648,1312423002,0,1,0,122368,0,10558758912
2410,1313039665,107276,1313146941,0,9,0,52224,0,5113667584
2411,1313058681,107276,1313165957,0,0,0,52224,0,2216243200
2412,1313545492,95936,1313641428,0,0,0,25088,0,5382316032
2413,1314443779,106028,1314549807,0,3,0,48128,0,106479616
2414,1314748227,90236,1314838463,0,5,0,21504,0,10211893248
2415,1315789781,93020,1315882801,0,8,0,25600,0,8892272640
2416,1316124537,82820,1316207357,0,4,0,12288,0,5978103808
2417,1316224795,95180,1316319975,0,1,0,27648,0,6265540608
2418,1316461596,43904,1316505500,0,5,0,512,0,451223552
2419,1317212894,94220,1317307114,0,0,0,19456,0,5571239936
2420,1317219851,109772,1317329623,0,1,0,60416,0,6215118848
2421,1317537771,91280,1317629051,0,1,0,14848,0,2031841280
2422,1317555218,43904,1317599122,0,4,0,512,0,6466793472
2423,1318056186,94244,1318150430,0,4,0,24576,0,7781310464
2424,1318679670,104780,1318784450,0,5,0,44032,0,2818502656
2425,1318852928,45596,1318898524,0,9,0,1024,0,9517027328
2426,1319725537,57440,1319782977,0,1,0,4608,0,3713249280
2427,1321492593,95024,1321587617,0,9,0,27136,0,7953928192
2428,1321851894,47288,1321899182,0,3,0,1536,0,6651138048
2429,1322193038,108212,1322301250,0,4,0,55296,0,10364858368
2430,1322825700,69284,1322894984,0,8,0,8192,0,2418298880
2431,1323548164,54056,1323602220,0,0,0,3584,0,5304737792
2432,1324786400,86204,1324872604,0,3,0,13312,0,3525337088
2433,1324811122,116636,1324927758,0,5,0,82944,0,8600633344
2434,1325356580,59132,1325415712,0,5,0,5120,0,1088933888
2435,1325529802,103376,1325633178,0,4,0,39424,0,9588264960
2436,1326172999,47288,1326220287,0,4,0,1536,0,6957940736
2437,1326208506,50672,1326259178,0,1,0,2560,0,9683812352
2438,1326421402,566,1326421968,0,2,1,512,0,3947425792
2439,1326432082,2870,1326434952,0,7,1,8704,0,988762112
2440,1326622878,2946,1326625824,0,7,1,3072,0,5665247232
2441,1326974953,6278,1326981231,0,8,1,6656,0,9443123200
2442,1327131824,1518,1327133342,0,7,1,1536,0,5317189632
2443,1327340846,566,1327341412,0,7,1,512,0,4944850944
2444,1327375126,92108,1327467234,0,1,0,27648,0,10708180992
2445,1327382759,1518,1327384277,0,8,1,1536,0,7093387264
2446,1327948559,11274,1327959833,0,8,1,18432,0,4694884352
2447,1328105075,51516,1328156591,0,7,1,83456,0,1360310272
2448,1328249455,3422,1328252877,0,5,1,3584,0,8602910720
2449,1328475791,566,1328476357,0,1,1,512,0,1502887936
2450,1328890091,1994,1328892085,0,6,1,2048,0,1938853888
2451,1329360910,566,1329361476,0,7,1,512,0,6456438784
2452,1329771800,43904,1329815704,0,8,0,512,0,9512841216
2453,1329830255,43904,1329874159,0,5,0,512,0,511746048
2454,1329836107,3645,1329839752,0,5,1,10240,0,450605056
2455,1329921242,3898,1329925140,0,1,1,4096,0,1712607232
2456,1330344056,48980,1330393036,0,5,0,2048,0,9174908928
2457,1330629975,64208,1330694183,0,0,0,6656,0,6933311488
2458,1330781513,2470,1330783983,0,1,1,2560,0,7497822208
2459,1330792637,3898,1330796535,0,8,1,4096,0,2214432768
2460,1331272614,111956,1331384570,0,0,0,67584,0,3255205888
2461,1331503701,115232,1331618933,0,4,0,78336,0,2619584512
2462,1332015829,43904,1332059733,0,5,0,512,0,4250812416
2463,1332167728,181640,1332349368,0,4,0,155136,0,9602572288
2464,1332966267,45596,1333011863,0,3,0,1024,0,6095237120
2465,1333791394,47288,1333838682,0,9,0,1536,0,6869778432
2466,1334028512,98876,1334127388,0,4,0,29696,0,10372751360
2467,1334074457,101504,1334175961,0,0,0,33280,0,7057928192
2468,1334165106,43904,1334209010,0,4,0,512,0,9829232640
2469,1334689612,92552,1334782164,0,1,0,24064,0,9924435968
2470,1335309267,3904,1335313171,0,8,1,10752,0,6520369152
2471,1335639715,4850,1335644565,0,6,1,5120,0,8549560320
2472,1335956097,7706,1335963803,0,7,1,8192,0,2118529024
2473,1336104149,3422,1336107571,0,5,1,3584,0,3325304832
2474,1336973437,92240,1337065677,0,0,0,23040,0,8496140288
2475,1337118681,92684,1337211365,0,5,0,19456,0,6628696064
2476,1337172932,43904,1337216836,0,4,0,512,0,3593723904
2477,1337444630,43904,1337488534,0,4,0,512,0,5996736512
2478,1337453240,47288,1337500528,0,5,0,1536,0,104620032
2479,1337704827,43904,1337748731,0,5,0,512,0,9216212992
2480,1338735039,70976,1338806015,0,7,0,8704,0,6977568768
2481,1338806305,111644,1338917949,0,4,0,66560,0,4346245120
2482,1338944053,45596,1338989649,0,3,0,1024,0,5782659072
2483,1340070986,47288,1340118274,0,5,0,1536,0,7155113984
2484,1340160143,43904,1340204047,0,4,0,512,0,8221794304
2485,1341100375,107588,1341207963,0,1,0,53248,0,8138043392
2486,1341116157,43904,1341160061,0,4,0,512,0,1840750592
2487,1342663580,43904,1342707484,0,9,0,512,0,8852705280
2488,1343908161,106496,1344014657,0,3,0,49664,0,3843608576
2489,1346696213,43904,1346740117,0,4,0,512,0,5483675648
2490,1346733923,111020,1346844943,0,8,0,64512,0,9957441536
2491,1346895782,95132,1346990914,0,8,0,17408,0,2689785856
2492,1347656427,74360,1347730787,0,7,0,9728,0,4477534208
2493,1348490770,90212,1348580982,0,1,0,16384,0,8955420672
2494,1349219712,101036,1349320748,0,8,0,31744,0,937443328
2495,1349332086,94844,1349426930,0,5,0,21504,0,5467365376
2496,1350157724,105248,1350262972,0,5,0,45568,0,5992456192
2497,1350612771,127400,1350740171,0,3,0,118272,0,8195354624
2498,1350725363,94868,1350820231,0,9,0,26624,0,7148818432
2499,1351444341,93776,1351538117,0,7,0,23040,0,6970048512
2500,1351917722,118352,1352036074,0,9,0,88576,0,8516648960
2501,1351925378,92996,1352018374,0,8,0,20480,0,6929125376
2502,1353080070,94688,1353174758,0,8,0,20992,0,5973983232
2503,1353608686,43904,1353652590,0,3,0,512,0,5551878144
2504,1353800000,95132,1353895132,0,0,0,17408,0,2622828544
2505,1353970312,43904,1354014216,0,1,0,512,0,653045760
2506,1354327557,113204,1354440761,0,1,0,71680,0,6717534208
2507,1355092247,101660,1355193907,0,0,0,33792,0,7635460096
2508,1355152312,43904,1355196216,0,5,0,512,0,4830105600
2509,1355155099,100412,1355255511,0,5,0,29696,0,1845870592
2510,1355201243,68914,1355270157,0,5,0,1024,0,8609800192
2511,1355251969,106910,1355358879,0,5,0,39424,0,398884864
2512,1355311797,124914,1355436711,0,5,0,15360,0,9551609856
2513,1355355183,76052,1355431235,0,9,0,10240,0,9484496896
2514,1356089153,4850,1356094003,0,5,1,5120,0,3582898176
2515,1356656390,25962,1356682352,0,6,1,47104,0,4447232000
2516,1356829880,43904,1356873784,0,9,0,512,0,3667853312
2517,1356863863,97004,1356960867,0,5,0,23552,0,2563117056
2518,1357210746,99188,1357309934,0,5,0,30720,0,7262793728
2519,1358841270,95180,1358936450,0,3,0,27648,0,6215397376
2520,1358877773,43904,1358921677,0,1,0,512,0,6696161280
2521,1359004400,91304,1359095704,0,7,0,19968,0,8581734400
2522,1359347773,113516,1359461289,0,1,0,72704,0,7358881792
2523,1359486326,50672,1359536998,0,7,0,2560,0,652972032
2524,1359620605,65900,1359686505,0,5,0,7168,0,6972305408
2525,1360912857,47288,1360960145,0,7,0,1536,0,7588257792
2526,1360984210,2470,1360986680,0,7,1,2560,0,1875668992
2527,1361324369,47288,1361371657,0,1,0,1536,0,8246865920
2528,1361370621,93620,1361464241,0,5,0,22528,0,7110107136
2529,1361470287,3645,1361473932,0,1,1,10240,0,5545119744
2530,1361477010,107432,1361584442,0,0,0,52736,0,7320268800
2531,1361633758,12308,1361646066,0,6,1,20480,0,5232340992
2532,1361693048,43904,1361736952,0,5,0,512,0,5790650368
2533,1361964746,43904,1362008650,0,4,0,512,0,595804160
2534,1361966968,82820,1362049788,0,0,0,12288,0,1978716160
2535,1362359458,101348,1362460806,0,0,0,32768,0,4271988736
2536,1362453848,100880,1362554728,0,8,0,31232,0,10346606592
2537,1363117081,43904,1363160985,0,8,0,512,0,6386323456
2538,1363342613,57440,1363400053,0,5,0,4608,0,1243021312
2539,1363448226,43904,1363492130,0,4,0,512,0,8843030528
2540,1363763648,119912,1363883560,0,1,0,93696,0,8934412288
2541,1363837470,192308,1364029778,0,4,0,169984,0,7327313920
2542,1364225614,82820,1364308434,0,5,0,12288,0,8317198336
2543,1364899745,81128,1364980873,0,0,0,11776,0,6749315072
2544,1365495803,43904,1365539707,0,4,0,512,0,10418126848
2545,1366360869,10757,1366371626,0,6,1,17408,0,10533265408
2546,1366764402,43904,1366808306,0,1,0,512,0,6336700416
2547,1367011811,1994,1367013805,0,1,1,2048,0,9683886080
2548,1367054903,2946,1367057849,0,1,1,3072,0,1371660288
2549,1367558653,7706,1367566359,0,1,1,8192,0,7121059840
2550,1367631486,10241,1367641727,0,1,1,16384,0,2131869696
2551,1367843914,3422,1367847336,0,1,1,3584,0,4015607808
2552,1368159153,81128,1368240281,0,5,0,11776,0,2627657728
2553,1368253251,50672,1368303923,0,8,0,2560,0,4611682304
2554,1368306843,95468,1368402311,0,9,0,23552,0,5753139200
2555,1368874627,2946,1368877573,0,1,1,3072,0,8295026688
2556,1369369840,566,1369370406,0,1,1,512,0,7357734912
2557,1369562065,1994,1369564059,0,1,1,2048,0,6224248832
2558,1369564164,106964,1369671128,0,8,0,51200,0,9580359680
2559,1369677699,52364,1369730063,0,9,0,3072,0,2935943168
2560,1369781726,43904,1369825630,0,9,0,512,0,10283700224
2561,1370055980,5454,1370061434,0,1,1,13824,0,10221629440
2562,1370281703,7230,1370288933,0,8,1,7680,0,10318614528
2563,1370320354,4679,1370325033,0,8,1,12288,0,9922236416
2564,1370687250,1042,1370688292,0,8,1,1024,0,8752295936
2565,1370729042,2946,1370731988,0,7,1,3072,0,4676907008
2566,1370815151,91772,1370906923,0,4,0,21504,0,8341635072
2567,1371083044,566,1371083610,0,7,1,512,0,9851256832
2568,1372038061,4162,1372042223,0,1,1,11264,0,5268115456
2569,1372184265,45596,1372229861,0,7,0,1024,0,4944543744
2570,1372200743,105716,1372306459,0,3,0,47104,0,10085601280
2571,1372366890,7230,1372374120,0,8,1,7680,0,1470631936
2572,1372789016,4374,1372793390,0,7,1,4608,0,10427392000
2573,1372984230,16613,1373000843,0,0,1,32256,0,4124024832
2574,1373718218,1994,1373720212,0,8,1,2048,0,8830197760
2575,1373778421,4374,1373782795,0,0,1,4608,0,3921391616
2576,1373782217,34367,1373816584,0,0,1,56832,0,1098752000
2577,1373894136,43904,1373938040,0,0,0,512,0,3440287744
2578,1374442527,15321,1374457848,0,0,1,29696,0,3938885632
2579,1374487378,2470,1374489848,0,7,1,2560,0,7929286656
2580,1375134660,2470,1375137130,0,7,1,2560,0,9917124608
2581,1375324324,43904,1375368228,0,3,0,512,0,2161291264
2582,1375526698,3128,1375529826,0,6,1,9216,0,10254262272
2583,1375655886,1042,1375656928,0,9,1,1024,0,615964672
2584,1376245606,6488,1376252094,0,1,1,15872,0,1244069888
2585,1376373713,43904,1376417617,0,9,0,512,0,9297027072
2586,1377892211,50672,1377942883,0,1,0,2560,0,2630152192
2587,1377956826,6754,1377963580,0,9,1,7168,0,10114256896
2588,1378077771,115388,1378193159,0,4,0,78848,0,8196329472
2589,1379075330,94220,1379169550,0,8,0,19456,0,5927567360
2590,1379152347,93440,1379245787,0,5,0,16896,0,5058310144
2591,1379730839,98876,1379829715,0,9,0,29696,0,3184316416
2592,1379944121,123812,1380067933,0,5,0,106496,0,890544128
2593,1380183440,50672,1380234112,0,4,0,2560,0,2112065536
2594,1380561931,2946,1380564877,0,8,1,3072,0,6742355968
2595,1380740553,6278,1380746831,0,0,1,6656,0,10443776000
2596,1380849663,6278,1380855941,0,6,1,6656,0,679849984
2597,1381057174,4850,1381062024,0,7,1,5120,0,2028847104
2598,1381206723,5326,1381212049,0,6,1,5632,0,7185641472
2599,1381307663,566,1381308229,0,0,1,512,0,8550223872
2600,1381649961,114296,1381764257,0,7,0,75264,0,4520726528
2601,1381732456,3898,1381736354,0,6,1,4096,0,2558554112
2602,1382007054,44920,1382051974,0,7,1,77312,0,7630872576
2603,1382053710,2946,1382056656,0,0,1,3072,0,3391729664
2604,1382305752,1518,1382307270,0,1,1,1536,0,3035041792
2605,1382649611,1042,1382650653,0,0,1,1024,0,8474628096
2606,1382698082,7706,1382705788,0,1,1,8192,0,7547019264
2607,1383190232,55748,1383245980,0,5,0,4096,0,2618355712
2608,1383808536,1042,1383809578,0,7,1,1024,0,527761408
2609,1384281736,62516,1384344252,0,4,0,6144,0,3142905856
2610,1384329716,111176,1384440892,0,3,0,65024,0,6527766528
2611,1384696613,88364,1384784977,0,3,0,15360,0,10549702656
2612,1385023240,43904,1385067144,0,9,0,512,0,8631119872
2613,1385337278,102752,1385440030,0,0,0,37376,0,4252131328
2614,1385785642,98696,1385884338,0,3,0,24064,0,1271029760
2615,1386486023,60824,1386546847,0,9,0,5632,0,2699743232
2616,1387084351,104468,1387188819,0,0,0,43008,0,6292742144
2617,1387125017,55748,1387180765,0,8,0,4096,0,9365057536
2618,1387805339,43904,1387849243,0,8,0,512,0,10617450496
2619,1387966416,102752,1388069168,0,1,0,37376,0,7586054144
2620,1388586946,102908,1388689854,0,3,0,37888,0,1769009152
2621,1388767928,43904,1388811832,0,1,0,512,0,1296125952
2622,1388800725,43904,1388844629,0,4,0,512,0,4049068032
2623,1389341804,43904,1389385708,0,4,0,512,0,8760770560
2624,1389756881,104780,1389861661,0,0,0,44032,0,1474269184
2625,1389931551,43904,1389975455,0,1,0,512,0,4253065216
2626,1390131011,47288,1390178299,0,9,0,1536,0,7238152192
2627,1390155228,112736,1390267964,0,8,0,70144,0,2834214912
2628,1390163873,103532,1390267405,0,1,0,39936,0,1531895808
2629,1390463249,104936,1390568185,0,7,0,44544,0,4030685184
2630,1390580191,60824,1390641015,0,1,0,5632,0,7888879616
2631,1391017708,108524,1391126232,0,8,0,56320,0,2905489408
2632,1391078214,95936,1391174150,0,9,0,25088,0,5768204288
2633,1391090848,102752,1391193600,0,3,0,37376,0,6370246656
2634,1391138089,52364,1391190453,0,5,0,3072,0,1700413440
2635,1391398477,112580,1391511057,0,3,0,69632,0,6058655744
2636,1391466371,45596,1391511967,0,1,0,1024,0,9241473024
2637,1392465926,95156,1392561082,0,9,0,22528,0,4926599168
2638,1392495523,45596,1392541119,0,5,0,1024,0,4264960000
2639,1392500033,199640,1392699673,0,5,0,194048,0,5615054848
2640,1392939463,43904,1392983367,0,5,0,512,0,8464764928
2641,1393333095,119912,1393453007,0,1,0,93696,0,5132619776
2642,1393613530,72668,1393686198,0,0,0,9216,0,6247579648
2643,1394081201,43904,1394125105,0,4,0,512,0,7265353728
2644,1394722781,45596,1394768377,0,7,0,1024,0,6270107648
2645,1394967352,116948,1395084300,0,3,0,83968,0,167313408
2646,1395834024,43904,1395877928,0,8,0,512,0,514854912
2647,1396761154,43904,1396805058,0,0,0,512,0,2807640064
2648,1397410612,45596,1397456208,0,1,0,1024,0,5665697792
2649,1398318657,90056,1398408713,0,3,0,15872,0,8988000256
2650,1398592102,76052,1398668154,0,5,0,10240,0,6443732992
2651,1398597645,95600,1398693245,0,4,0,18944,0,2769780736
2652,1398681884,43904,1398725788,0,4,0,512,0,9649238016
2653,1398874130,76052,1398950182,0,4,0,10240,0,8477782016
2654,1399144191,43904,1399188095,0,5,0,512,0,1885208576
2655,1400343998,47288,1400391286,0,7,0,1536,0,10311868416
2656,1402018071,45596,1402063667,0,4,0,1024,0,3286052864
2657,1402724227,45596,1402769823,0,9,0,1024,0,5683326976
2658,1402761513,84512,1402846025,0,5,0,12800,0,1547366400
2659,1402931369,95444,1403026813,0,5,0,18432,0,2656325632
2660,1403197421,43904,1403241325,0,1,0,512,0,9215713280
2661,1403535775,125216,1403660991,0,8,0,111104,0,5139034112
2662,1404223206,117728,1404340934,0,5,0,86528,0,9940492288
2663,1404752190,43904,1404796094,0,0,0,512,0,8495390720
2664,1404951622,84512,1405036134,0,1,0,12800,0,6363660288
2665,1406977417,111956,1407089373,0,3,0,67584,0,8488353792
2666,1408635001,89588,1408724589,0,8,0,14336,0,8634662912
2667,1408907344,104624,1409011968,0,1,0,43520,0,3284004864
2668,1409162545,116480,1409279025,0,9,0,82432,0,3574722560
2669,1409743247,101816,1409845063,0,0,0,34304,0,2707865600
2670,1410592388,43904,1410636292,0,1,0,512,0,8334589952
2671,1410617489,74360,1410691849,0,5,0,9728,0,4033343488
2672,1411148388,93620,1411242008,0,5,0,22528,0,6868992000
2673,1411749805,43904,1411793709,0,9,0,512,0,314933248
2674,1412166918,43904,1412210822,0,7,0,512,0,1552461824
2675,1412941090,43904,1412984994,0,0,0,512,0,2159923200
2676,1414491692,104312,1414596004,0,7,0,42496,0,9200304128
2677,1415373973,7706,1415381679,0,1,1,8192,0,878288896
2678,1415461881,16096,1415477977,0,4,1,31232,0,10073743360
2679,1415898556,7706,1415906262,0,0,1,8192,0,8430014464
2680,1416025478,6278,1416031756,0,6,1,6656,0,1342713856
2681,1416330662,92240,1416422902,0,5,0,23040,0,9273856000
2682,1416359911,102908,1416462819,0,4,0,37888,0,5244272640
2683,1416424984,5712,1416430696,0,4,1,14336,0,8700190720
2684,1416488243,43904,1416532147,0,9,0,512,0,9068077056
2685,1416506798,119912,1416626710,0,4,0,93696,0,3162910720
2686,1416510329,172155,1416682484,0,4,0,13824,0,1330626560
2687,1416547362,566,1416547928,0,6,1,512,0,1828319232
2688,1416659757,64055,1416723812,0,4,0,1024,0,850919424
2689,1416907715,566,1416908281,0,6,1,512,0,4292927488
2690,1416946007,566,1416946573,0,0,1,512,0,2320072704
2691,1417043911,566,1417044477,0,0,1,512,0,1290203136
2692,1417161409,1042,1417162451,0,4,1,1024,0,8588316672
2693,1417188104,43904,1417232008,0,1,0,512,0,5228167168
2694,1417366490,97028,1417463518,0,9,0,28672,0,5299212288
2695,1418157428,3128,1418160556,0,0,1,9216,0,1303384064
2696,1419040361,65900,1419106261,0,4,0,7168,0,5504557056
2697,1419870023,43904,1419913927,0,9,0,512,0,10195132416
2698,1420034828,47288,1420082116,0,0,0,1536,0,1956597760
2699,1420990104,81128,1421071232,0,8,0,11776,0,2248515584
2700,1421483709,92840,1421576549,0,1,0,19968,0,7977603072
2701,1422301395,67592,1422368987,0,0,0,7680,0,9509994496
2702,1422544299,126464,1422670763,0,3,0,115200,0,6206001152
2703,1423428819,32558,1423461377,0,4,1,53248,0,2981224448
2704,1423461160,3422,1423464582,0,6,1,3584,0,6758428672
2705,1423532213,20366,1423552579,0,6,1,32768,0,6334398464
2706,1423656193,7230,1423663423,0,6,1,7680,0,2549362688
2707,1423704423,123188,1423827611,0,3,0,104448,0,1950150656
2708,1423926005,10241,1423936246,0,9,1,16384,0,2705952768
2709,1424050364,2470,1424052834,0,6,1,2560,0,4529074176
2710,1424364011,148220,1424512231,0,1,0,136192,0,2970820608
2711,1424777106,105404,1424882510,0,9,0,46080,0,1383440384
2712,1424863856,1518,1424865374,0,6,1,1536,0,254283776
2713,1425029820,1994,1425031814,0,7,1,2048,0,2570407936
2714,1425102688,72668,1425175356,0,7,0,9216,0,8032473088
2715,1425124690,47288,1425171978,0,9,0,1536,0,3031097344
2716,1425480269,2946,1425483215,0,9,1,3072,0,8869937152
2717,1425534902,2946,1425537848,0,7,1,3072,0,6283165696
2718,1425603093,11791,1425614884,0,7,1,19456,0,6907002880
2719,1426043541,102284,1426145825,0,8,0,35840,0,2770558976
2720,1426082614,118508,1426201122,0,0,0,89088,0,7504941056
2721,1426135060,3898,1426138958,0,7,1,4096,0,6247833600
2722,1426179910,81128,1426261038,0,9,0,11776,0,7840460800
2723,1426257877,5147,1426263024,0,9,1,2048,0,1732145152
2724,1426579245,43904,1426623149,0,0,0,512,0,7318409216
2725,1426842642,104936,1426947578,0,9,0,44544,0,8524320768
2726,1427030286,124748,1427155034,0,7,0,109568,0,8969592832
2727,1427280790,47288,1427328078,0,5,0,1536,0,8930041856
2728,1427600828,95132,1427695960,0,1,0,17408,0,3761684480
2729,1427707845,103220,1427811065,0,4,0,38912,0,7493021696
2730,1427896750,566,1427897316,0,0,1,512,0,7625580544
2731,1427981055,43904,1428024959,0,7,0,512,0,4669874176
2732,1428433365,61923,1428495288,0,9,0,1024,0,7361355776
2733,1428447637,6278,1428453915,0,9,1,6656,0,1269891072
2734,1428631222,23983,1428655205,0,6,1,39936,0,2827874304
2735,1428847226,108680,1428955906,0,4,0,56832,0,4569358336
2736,1428873192,97628,1428970820,0,5,0,25600,0,2180550656
2737,1428976638,105560,1429082198,0,0,0,46592,0,8515010560
2738,1429122957,4850,1429127807,0,7,1,5120,0,9731936256
2739,1429349159,7706,1429356865,0,8,1,8192,0,3028787200
2740,1429390893,90836,1429481729,0,5,0,18432,0,8725106688
2741,1429796756,4420,1429801176,0,6,1,11776,0,8711258112
2742,1430451624,4850,1430456474,0,8,1,5120,0,7817510912
2743,1430589695,3422,1430593117,0,9,1,3584,0,10222764032
2744,1430717195,6278,1430723473,0,7,1,6656,0,7451107328
2745,1430783484,97760,1430881244,0,0,0,20992,0,888115200
2746,1430897421,1518,1430898939,0,9,1,1536,0,7102013440
2747,1431094579,566,1431095145,0,6,1,512,0,7220477952
2748,1431130805,97604,1431228409,0,1,0,20480,0,734199808
2749,1431167471,566,1431168037,0,7,1,512,0,7666843648
2750,1431442342,3898,1431446240,0,7,1,4096,0,7701323776
2751,1431452721,3422,1431456143,0,9,1,3584,0,1844482048
2752,1431645317,2470,1431647787,0,9,1,2560,0,7852650496
2753,1432069850,64208,1432134058,0,7,0,6656,0,215412736
2754,1432362569,3128,1432365697,0,6,1,9216,0,9834106880
2755,1432407757,43904,1432451661,0,3,0,512,0,8284606464
2756,1432412716,92528,1432505244,0,9,0,18944,0,7001989120
2757,1432579529,40874,1432620403,0,9,1,66048,0,4531408896
2758,1432614963,50672,1432665635,0,4,0,2560,0,10088828928
2759,1432672039,99188,1432771227,0,9,0,30720,0,7452930048
2760,1432811564,72668,1432884232,0,5,0,9216,0,5061095424
2761,1432814805,1518,1432816323,0,7,1,1536,0,1282195456
2762,1433003902,45596,1433049498,0,9,0,1024,0,5450780672
2763,1433564619,1518,1433566137,0,8,1,1536,0,4497784832
2764,1433652097,566,1433652663,0,9,1,512,0,1816915968
2765,1433806667,4374,1433811041,0,7,1,4608,0,3419803648
2766,1434202133,13770,1434215903,0,9,1,26624,0,6235824128
2767,1434327455,43904,1434371359,0,1,0,512,0,2499502080
2768,1434536624,566,1434537190,0,7,1,512,0,7297863680
2769,1434545452,1518,1434546970,0,0,1,1536,0,6695723008
2770,1434576697,122096,1434698793,0,8,0,100864,0,1693872128
2771,1434630761,111020,1434741781,0,5,0,64512,0,2257977344
2772,1434638366,12049,1434650415,0,0,1,19968,0,9612963840
2773,1434728580,5326,1434733906,0,0,1,5632,0,3853742080
2774,1434996358,47288,1435043646,0,3,0,1536,0,2194456576
2775,1435146557,2470,1435149027,0,6,1,2560,0,3831468032
2776,1435538158,3422,1435541580,0,0,1,3584,0,3311329280
2777,1435628495,106808,1435735303,0,4,0,50688,0,2076758016
2778,1435920424,4420,1435924844,0,9,1,11776,0,7565664256
2779,1435932168,2946,1435935114,0,7,1,3072,0,5772492800
2780,1436034723,114296,1436149019,0,5,0,75264,0,966291456
2781,1436335560,566,1436336126,0,7,1,512,0,1031446528
2782,1436442042,45596,1436487638,0,9,0,1024,0,1650462720
2783,1436585471,566,1436586037,0,8,1,512,0,10360356864
2784,1436753757,3898,1436757655,0,6,1,4096,0,8632147968
2785,1437577468,45596,1437623064,0,8,0,1024,0,9411117056
2786,1437733526,2470,1437735996,0,8,1,2560,0,9297641472
2787,1437783710,69284,1437852994,0,3,0,8192,0,5369503744
2788,1438046514,3898,1438050412,0,0,1,4096,0,1479348224
2789,1438120128,47288,1438167416,0,5,0,1536,0,2540183552
2790,1438149337,3898,1438153235,0,9,1,4096,0,6231908352
2791,1438267030,1042,1438268072,0,9,1,1024,0,4379648000
2792,1439011757,94844,1439106601,0,9,0,21504,0,5888487424
2793,1439116795,3128,1439119923,0,7,1,9216,0,8582127616
2794,1439326013,6278,1439332291,0,6,1,6656,0,9722232832
2795,1439646206,5326,1439651532,0,9,1,5632,0,7850643456
2796,1439904246,23637,1439927883,0,0,1,42496,0,1356734464
2797,1439987724,1518,1439989242,0,6,1,1536,0,1598590976
2798,1440257536,3645,1440261181,0,6,1,10240,0,9933295616
2799,1440420754,12825,1440433579,0,9,1,21504,0,1728204800
2800,1440491498,5326,1440496824,0,0,1,5632,0,6225027072
2801,1440527023,109460,1440636483,0,7,0,59392,0,4628250624
2802,1440639030,74360,1440713390,0,3,0,9728,0,8156475392
2803,1440985411,3904,1440989315,0,0,1,10752,0,10301681664
2804,1441315036,566,1441315602,0,6,1,512,0,146567168
2805,1441563730,566,1441564296,0,9,1,512,0,3907874816
2806,1441812066,1042,1441813108,0,9,1,1024,0,3257880576
2807,1441992752,3422,1441996174,0,7,1,3584,0,9761296384
2808,1442310278,43904,1442354182,0,4,0,512,0,9507774464
2809,1442932894,45596,1442978490,0,3,0,1024,0,10400071680
2810,1443932449,86204,1444018653,0,5,0,13312,0,2176102400
2811,1445595128,2870,1445597998,0,8,1,8704,0,9913176064
2812,1446197581,1518,1446199099,0,6,1,1536,0,265162752
2813,1446201591,43904,1446245495,0,0,0,512,0,1605361664
2814,1446274663,4374,1446279037,0,0,1,4608,0,136749056
2815,1446780118,43904,1446824022,0,1,0,512,0,9515663360
2816,1446862759,566,1446863325,0,7,1,512,0,8435556352
2817,1447266043,45596,1447311639,0,8,0,1024,0,5984980992
2818,1447764264,92240,1447856504,0,3,0,23040,0,9341321216
2819,1447939606,2870,1447942476,0,9,1,8704,0,7537102848
2820,1447959806,2470,1447962276,0,0,1,2560,0,9541599232
2821,1448503027,2470,1448505497,0,0,1,2560,0,1861562368
2822,1448674218,1994,1448676212,0,6,1,2048,0,465588224
2823,1448743271,55748,1448799019,0,9,0,4096,0,9444085760
2824,1448953392,104468,1449057860,0,8,0,43008,0,3932475392
2825,1449689554,43904,1449733458,0,1,0,512,0,3557150720
2826,1450103324,43904,1450147228,0,5,0,512,0,6761730048
2827,1450256216,114608,1450370824,0,3,0,76288,0,1276342272
2828,1452365168,102752,1452467920,0,3,0,37376,0,6766673920
2829,1452918336,103064,1453021400,0,8,0,38400,0,7498584064
2830,1453229262,98876,1453328138,0,7,0,29696,0,2519609344
2831,1453484880,43904,1453528784,0,5,0,512,0,3494223872
2832,1455132761,55748,1455188509,0,4,0,4096,0,8266145792
2833,1455303623,97652,1455401275,0,9,0,30720,0,4446490624
2834,1455442818,180836,1455623654,0,7,0,147456,0,7928360960
2835,1456270469,45596,1456316065,0,5,0,1024,0,8057159680
2836,1456442949,79436,1456522385,0,9,0,11264,0,2657624064
2837,1456597072,97940,1456695012,0,7,0,26624,0,2290069504
2838,1456860310,92528,1456952838,0,1,0,18944,0,6485291008
2839,1457318492,114608,1457433100,0,8,0,76288,0,7095746560
2840,1457565327,117260,1457682587,0,7,0,84992,0,5029392384
2841,1458273066,62516,1458335582,0,9,0,6144,0,4811722752
2842,1458931628,136376,1459068004,0,1,0,132608,0,2441437184
2843,1459155583,104312,1459259895,0,7,0,42496,0,3434479616
2844,1459434007,76052,1459510059,0,8,0,10240,0,3070296064
2845,1459574937,104312,1459679249,0,7,0,42496,0,8081899520
2846,1460755935,67592,1460823527,0,0,0,7680,0,9337307136
2847,1460829086,112580,1460941666,0,8,0,69632,0,6921928704
2848,1460897807,1518,1460899325,0,7,1,1536,0,1206992896
2849,1460918437,566,1460919003,0,0,1,512,0,8743661568
2850,1460928567,1518,1460930085,0,6,1,1536,0,1184481280
2851,1460956960,1994,1460958954,0,0,1,2048,0,1293168640
2852,1461189959,59132,1461249091,0,7,0,5120,0,4887072768
2853,1461478154,43904,1461522058,0,5,0,512,0,56688640
2854,1461842641,92396,1461935037,0,8,0,23552,0,8857141248
2855,1462035240,45596,1462080836,0,9,0,1024,0,10098962432
2856,1462277501,6278,1462283779,0,6,1,6656,0,1539903488
2857,1462464698,43904,1462508602,0,1,0,512,0,8693248000
2858,1462517407,45596,1462563003,0,9,0,1024,0,9551306752
2859,1462661856,124124,1462785980,0,5,0,107520,0,2413785088
2860,1464610480,103532,1464714012,0,9,0,39936,0,3866238976
2861,1465390905,101972,1465492877,0,7,0,34816,0,8724508672
2862,1466954705,48980,1467003685,0,8,0,2048,0,5610860544
2863,1467136839,105404,1467242243,0,5,0,46080,0,8322772992
2864,1468224709,47288,1468271997,0,1,0,1536,0,4490141696
2865,1468368998,45596,1468414594,0,5,0,1024,0,6295003136
2866,1468934576,43904,1468978480,0,4,0,512,0,6559150080
2867,1469026855,93128,1469119983,0,5,0,15872,0,4376281088
2868,1469345207,43904,1469389111,0,3,0,512,0,5301538816
2869,1469605043,117884,1469722927,0,5,0,87040,0,2521300992
2870,1469990814,60824,1470051638,0,0,0,5632,0,1081675776
2871,1470166206,96560,1470262766,0,3,0,27136,0,5596221440
2872,1470403029,101660,1470504689,0,5,0,33792,0,4633894912
2873,1470925714,109304,1471035018,0,7,0,58880,0,2201755648
2874,1471879428,97160,1471976588,0,4,0,24064,0,2988285952
2875,1472226230,43904,1472270134,0,3,0,512,0,8575250432
2876,1472440382,110240,1472550622,0,5,0,61952,0,10006765568
2877,1473778805,52364,1473831169,0,0,0,3072,0,6647828480
2878,1474003480,105248,1474108728,0,5,0,45568,0,7374995456
2879,1474111485,95312,1474206797,0,3,0,23040,0,5118652416
2880,1475386878,106496,1475493374,0,7,0,49664,0,5190705152
2881,1475474156,132992,1475607148,0,1,0,131584,0,5400354816
2882,1475811260,43904,1475855164,0,3,0,512,0,645939200
2883,1476946325,97184,1477043509,0,1,0,29184,0,5409230848
2884,1478002963,106028,1478108991,0,5,0,48128,0,659410944
2885,1478098906,105404,1478204310,0,8,0,46080,0,4973441024
2886,1478412218,43904,1478456122,0,3,0,512,0,8949886976
2887,1478476294,43904,1478520198,0,8,0,512,0,1088471040
2888,1478613784,43904,1478657688,0,8,0,512,0,6146887680
2889,1478831685,103064,1478934749,0,4,0,38400,0,3151499264
2890,1486101509,55562,1486157071,0,0,1,94720,0,1383297024
2891,1486423553,2946,1486426499,0,3,1,3072,0,5313515520
2892,1490876707,1518,1490878225,0,4,1,1536,0,9208705024
2893,1491007324,3422,1491010746,0,9,1,3584,0,10200567808
2894,1491988711,3898,1491992609,0,3,1,4096,0,8985960448
2895,1492004485,4162,1492008647,0,9,1,11264,0,7768440832
2896,1492453057,7230,1492460287,0,9,1,7680,0,7810895872
2897,1492543015,4850,1492547865,0,9,1,5120,0,10204393472
2898,1492674934,2946,1492677880,0,9,1,3072,0,905875456
2899,1493226319,3422,1493229741,0,9,1,3584,0,2980257792
2900,1493881847,2470,1493884317,0,6,1,2560,0,3141275648
2901,1493886270,133033,1494019303,0,3,1,215552,0,10536075264
2902,1493979416,40553,1494019969,0,3,1,1024,0,10280431616
2903,1494380658,1518,1494382176,0,3,1,1536,0,2446503936
2904,1495665561,6229,1495671790,0,9,1,15360,0,1212866560
2905,1496250648,1994,1496252642,0,6,1,2048,0,4602195968
2906,1496303742,566,1496304308,0,3,1,512,0,7521116160
2907,1496840474,6488,1496846962,0,3,1,15872,0,7400325120
2908,1497105137,2946,1497108083,0,6,1,3072,0,6459375616
2909,1497290434,2946,1497293380,0,3,1,3072,0,9324503040
2910,1497625315,3422,1497628737,0,8,1,3584,0,914128896
2911,1498086554,1518,1498088072,0,6,1,1536,0,5449117696
2912,1499900677,1994,1499902671,0,3,1,2048,0,3900268544
2913,1501687339,3898,1501691237,0,8,1,4096,0,994480128
2914,1502342061,1518,1502343579,0,9,1,1536,0,8756404224
2915,1502825839,6488,1502832327,0,6,1,15872,0,7080972288
2916,1502918410,1994,1502920404,0,6,1,2048,0,4695625728
2917,1502925828,566,1502926394,0,9,1,512,0,7368482816
2918,1503046781,1994,1503048775,0,9,1,2048,0,5209550848
2919,1503309657,566,1503310223,0,6,1,512,0,9716453376
2920,1503774119,12825,1503786944,0,9,1,21504,0,2066317312
2921,1503826835,34108,1503860943,0,6,1,56320,0,8798760960
2922,1508442910,3904,1508446814,0,6,1,10752,0,8441266176
2923,1508724251,566,1508724817,0,9,1,512,0,3323076608
2924,1508767266,2946,1508770212,0,3,1,3072,0,3801460736
2925,1515729823,4374,1515734197,0,9,1,4608,0,5124898816
2926,1516252501,2870,1516255371,0,3,1,8704,0,5566767104
2927,1516772736,4937,1516777673,0,4,1,12800,0,7104180224
2928,1517206104,6278,1517212382,0,8,1,6656,0,5533741056
2929,1517427746,7706,1517435452,0,3,1,8192,0,9408577536
2930,1521665728,90992,1521756720,0,8,0,18944,0,8434245632
2931,1521990567,43904,1522034471,0,9,0,512,0,1583714304
2932,1522026397,45596,1522071993,0,3,0,1024,0,3604541440
2933,1523158694,43904,1523202598,0,4,0,512,0,988188672
2934,1523217636,43904,1523261540,0,3,0,512,0,3510149120
2935,1523658183,43904,1523702087,0,3,0,512,0,935460864
2936,1523703603,97292,1523800895,0,9,0,19456,0,240779264
2937,1523785569,166832,1523952401,0,9,0,141824,0,6986551296
2938,1524661977,45596,1524707573,0,9,0,1024,0,2757464064
2939,1524796739,126620,1524923359,0,0,0,115712,0,2856980480
2940,1526320148,43904,1526364052,0,5,0,512,0,8226766848
2941,1526656304,77744,1526734048,0,1,0,10752,0,820379648
2942,1527049378,113984,1527163362,0,3,0,74240,0,3796185088
2943,1528061694,43904,1528105598,0,7,0,512,0,5516988416
2944,1528187631,97604,1528285235,0,0,0,20480,0,959508480
2945,1528507669,109772,1528617441,0,0,0,60416,0,1549578240
2946,1530999819,43904,1531043723,0,1,0,512,0,5755875328
2947,1531333555,45596,1531379151,0,3,0,1024,0,9015549952
2948,1531770552,98852,1531869404,0,0,0,24576,0,1675259904
2949,1532094830,120068,1532214898,0,4,0,94208,0,7351083008
2950,1532221039,45596,1532266635,0,9,0,1024,0,8252755968
2951,1532417350,43904,1532461254,0,3,0,512,0,9376313344
2952,1532586804,97028,1532683832,0,9,0,28672,0,5415399424
2953,1533585806,48980,1533634786,0,0,0,2048,0,8916369408
2954,1533828177,59132,1533887309,0,3,0,5120,0,6707916800
2955,1533868346,97472,1533965818,0,4,0,25088,0,2990125056
2956,1533996311,43904,1534040215,0,4,0,512,0,7912448000
2957,1534448630,43904,1534492534,0,9,0,512,0,6203125760
2958,1534728908,43904,1534772812,0,7,0,512,0,8501604352
2959,1534735278,104000,1534839278,0,4,0,41472,0,827166720
2960,1536205438,98876,1536304314,0,4,0,29696,0,3372707840
2961,1538319879,92240,1538412119,0,3,0,23040,0,8725528576
2962,1538326794,43904,1538370698,0,7,0,512,0,319156224
2963,1538590600,97316,1538687916,0,7,0,24576,0,3929165824
2964,1539095221,114296,1539209517,0,9,0,75264,0,4720381952
2965,1539173335,72668,1539246003,0,5,0,9216,0,1649709056
2966,1539364055,50672,1539414727,0,5,0,2560,0,6182297600
2967,1539510725,81128,1539591853,0,7,0,11776,0,4869853184
2968,1539674515,111800,1539786315,0,5,0,67072,0,7748136960
2969,1540505697,45596,1540551293,0,7,0,1024,0,6377648128
2970,1540512268,43904,1540556172,0,5,0,512,0,277766144
2971,1540927865,43904,1540971769,0,5,0,512,0,10367877120
2972,1541071008,47288,1541118296,0,0,0,1536,0,1306259456
2973,1541288832,105404,1541394236,0,9,0,46080,0,7817211904
2974,1541460937,89768,1541550705,0,0,0,19968,0,10726739968
2975,1542143813,47288,1542191101,0,9,0,1536,0,4350824448
2976,1543311179,88676,1543399855,0,0,0,16384,0,10086420480
2977,1544149880,5971,1544155851,0,4,1,14848,0,2430726144
2978,1544570589,89768,1544660357,0,5,0,19968,0,10093821952
2979,1544866881,2470,1544869351,0,8,1,2560,0,611086336
2980,1544890858,3898,1544894756,0,3,1,4096,0,7023955968
2981,1544934125,103688,1545037813,0,7,0,40448,0,2016976896
2982,1545015233,107120,1545122353,0,4,0,51712,0,7024205824
2983,1545187713,101660,1545289373,0,4,0,33792,0,2868109312
2984,1545249190,5326,1545254516,0,3,1,5632,0,6894497792
2985,1546022669,7230,1546029899,0,3,1,7680,0,9728204800
2986,1546054496,90680,1546145176,0,1,0,17920,0,9718366208
2987,1546158868,566,1546159434,0,8,1,512,0,1118494720
2988,1546400317,125216,1546525533,0,4,0,111104,0,7594336256
2989,1546742603,566,1546743169,0,8,1,512,0,10218647552
2990,1546758370,55748,1546814118,0,9,0,4096,0,3468107776
2991,1546803512,3422,1546806934,0,3,1,3584,0,3316858880
2992,1547063323,16613,1547079936,0,3,1,32256,0,7924985856
2993,1548872676,96980,1548969656,0,7,0,18432,0,782503936
2994,1548914420,55748,1548970168,0,4,0,4096,0,1462554624
2995,1549064600,94220,1549158820,0,9,0,19456,0,5851287552
2996,1549840133,43904,1549884037,0,4,0,512,0,9878003712
2997,1550105494,116480,1550221974,0,3,0,82432,0,9256996864
2998,1551576787,43904,1551620691,0,9,0,512,0,7313760256
2999,1551760634,48980,1551809614,0,0,0,2048,0,1297973248
3000,1551876812,1994,1551878806,0,8,1,2048,0,1630482432
3001,1552125479,1042,1552126521,0,3,1,1024,0,6648393728
3002,1552129267,11791,1552141058,0,2,1,19456,0,4612268032
3003,1552321871,2470,1552324341,0,2,1,2560,0,6912692224
3004,1552663662,7230,1552670892,0,3,1,7680,0,335515648
3005,1552705024,1994,1552707018,0,2,1,2048,0,6157164544
3006,1553031353,43904,1553075257,0,3,0,512,0,4082855936
3007,1553089691,15062,1553104753,0,2,1,29184,0,1952727040
3008,1553136020,1518,1553137538,0,3,1,1536,0,2109128704
3009,1553190010,100100,1553290110,0,5,0,28672,0,804638720
3010,1553693646,47288,1553740934,0,0,0,1536,0,9414201344
3011,1554197020,6754,1554203774,0,3,1,7168,0,723902464
3012,1554627874,2470,1554630344,0,2,1,2560,0,6294024192
3013,1554691693,7706,1554699399,0,5,1,8192,0,6867337216
3014,1554972028,47288,1555019316,0,1,0,1536,0,8635629568
3015,1555057955,59132,1555117087,0,5,0,5120,0,4541181952
3016,1555631049,1994,1555633043,0,5,1,2048,0,1444438016
3017,1555766545,96404,1555862949,0,5,0,26624,0,4405207040
3018,1555867237,61641,1555928878,0,2,1,99840,0,3778797568
3019,1555973189,7230,1555980419,0,2,1,7680,0,10153316352
3020,1556107480,4937,1556112417,0,2,1,12800,0,10340601856
3021,1556435343,93440,1556528783,0,4,0,16896,0,4523331584
3022,1556695962,1994,1556697956,0,3,1,2048,0,1369862144
3023,1556794136,3128,1556797264,0,2,1,9216,0,4897054720
3024,1557174612,4374,1557178986,0,2,1,4608,0,378699776
3025,1557398448,4162,1557402610,0,6,1,11264,0,6266671104
3026,1562877078,15321,1562892399,0,5,1,29696,0,8121176064
3027,1563142419,2946,1563145365,0,6,1,3072,0,3560435712
3028,1563200361,22950,1563223311,0,2,1,37888,0,1126060032
3029,1563364202,4850,1563369052,0,2,1,5120,0,1370791936
3030,1563530645,3898,1563534543,0,3,1,4096,0,4730560512
3031,1563931738,4374,1563936112,0,6,1,4608,0,7437631488
3032,1580540838,2946,1580543784,0,2,1,3072,0,2892156928
3033,1580997584,6278,1581003862,0,3,1,6656,0,5565521920
3034,1587637301,1994,1587639295,0,6,1,2048,0,4179730432
3035,1587697855,7230,1587705085,0,3,1,7680,0,6880178176
3036,1587733042,566,1587733608,0,3,1,512,0,807362560
3037,1587901678,1042,1587902720,0,3,1,1024,0,4604547072
3038,1588051320,566,1588051886,0,3,1,512,0,6477639680
3039,1588053294,1042,1588054336,0,3,1,1024,0,232583168
3040,1588759288,2470,1588761758,0,3,1,2560,0,2607304704
3041,1588794905,3422,1588798327,0,3,1,3584,0,2853814272
3042,1589050689,1994,1589052683,0,3,1,2048,0,1256955904
3043,1589520958,1518,1589522476,0,3,1,1536,0,3931627520
3044,1589709929,3422,1589713351,0,8,1,3584,0,5798785024
3045,1589977123,566,1589977689,0,9,1,512,0,159584256
3046,1590529641,3128,1590532769,0,3,1,9216,0,84402176
3047,1591185584,2946,1591188530,0,8,1,3072,0,497606656
3048,1592104721,2470,1592107191,0,9,1,2560,0,9604440064
3049,1592661154,4420,1592665574,0,7,1,11776,0,4643577856
3050,1592709840,1042,1592710882,0,3,1,1024,0,6791184384
3051,1593014232,6229,1593020461,0,3,1,15360,0,2684596224
3052,1593059128,5326,1593064454,0,8,1,5632,0,2187481088
3053,1593077984,7230,1593085214,0,8,1,7680,0,5900984320
3054,1593448696,2946,1593451642,0,8,1,3072,0,4003917824
3055,1593685002,43904,1593728906,0,0,0,512,0,2089046016
3056,1594846527,98564,1594945091,0,5,0,28672,0,3167916032
3057,1595445608,43904,1595489512,0,4,0,512,0,927367168
3058,1595614149,67592,1595681741,0,3,0,7680,0,8947335168
3059,1595868472,43904,1595912376,0,9,0,512,0,2869231616
3060,1596737714,54100,1596791814,0,3,1,88576,0,8200151040
3061,1596829824,103064,1596932888,0,1,0,38400,0,4262932480
3062,1596959351,105248,1597064599,0,3,0,45568,0,123273216
3063,1597261753,3898,1597265651,0,7,1,4096,0,3008344064
3064,1597551100,89900,1597641000,0,7,0,15360,0,8860246016
3065,1597622195,4374,1597626569,0,9,1,4608,0,8751173632
3066,1597732291,3422,1597735713,0,8,1,3584,0,1186787328
3067,1597820236,3422,1597823658,0,8,1,3584,0,1421635584
3068,1597848231,5712,1597853943,0,8,1,14336,0,2246680576
3069,1598248027,3898,1598251925,0,8,1,4096,0,602365952
3070,1598482119,1994,1598484113,0,9,1,2048,0,8849444864
3071,1598805701,3898,1598809599,0,7,1,4096,0,2220937216
3072,1599356854,95444,1599452298,0,9,0,18432,0,2969366528
3073,1599801206,102596,1599903802,0,3,0,36864,0,2864058368
3074,1600713547,566,1600714113,0,9,1,512,0,7664205824
3075,1601055052,566,1601055618,0,8,1,512,0,7847518208
3076,1601280214,3645,1601283859,0,7,1,10240,0,361467904
3077,1601346739,43904,1601390643,0,4,0,512,0,64307200
3078,1602034474,57440,1602091914,0,3,0,4608,0,1013329920
3079,1605828075,4162,1605832237,0,7,1,11264,0,3363332096
3080,1606767220,1994,1606769214,0,8,1,2048,0,10255413248
3081,1607384023,12049,1607396072,0,5,1,19968,0,4142788608
3082,1607412127,10241,1607422368,0,8,1,16384,0,6680363008
3083,1607709411,566,1607709977,0,8,1,512,0,8366227456
3084,1607857449,3898,1607861347,0,5,1,4096,0,10327150592
3085,1607971198,2946,1607974144,0,5,1,3072,0,5009276928
3086,1607987982,2946,1607990928,0,8,1,3072,0,1567580160
3087,1608010964,1042,1608012006,0,8,1,1024,0,7994101760
3088,1608100373,566,1608100939,0,8,1,512,0,7420141568
3089,1608355232,566,1608355798,0,5,1,512,0,6199365632
3090,1608767284,3422,1608770706,0,8,1,3584,0,8962732032
3091,1608930119,4850,1608934969,0,9,1,5120,0,9315840000
3092,1609674851,1518,1609676369,0,5,1,1536,0,6190919680
3093,1609772285,4679,1609776964,0,9,1,12288,0,6267965440
3094,1610450826,13083,1610463909,0,9,1,22016,0,6338809856
3095,1610833837,2946,1610836783,0,8,1,3072,0,1656852480
3096,1610863606,3128,1610866734,0,3,1,9216,0,9237037056
3097,1614462138,52291,1614514429,0,3,1,84992,0,3730419712
3098,1615206310,566,1615206876,0,8,1,512,0,3307741184
3099,1615441839,5802,1615447641,0,5,1,6144,0,10117926912
3100,1615587489,1518,1615589007,0,9,1,1536,0,9948950528
3101,1615609365,4850,1615614215,0,6,1,5120,0,2838810624
3102,1615715359,11533,1615726892,0,6,1,18944,0,9906388992
3103,1621040871,566,1621041437,0,9,1,512,0,4849299456
3104,1621308805,566,1621309371,0,5,1,512,0,1260486656
3105,1621332445,566,1621333011,0,6,1,512,0,10620088320
3106,1622063746,31266,1622095012,0,6,1,50688,0,4308881408
3107,1622331798,1518,1622333316,0,5,1,1536,0,8433840128
3108,1622344692,2870,1622347562,0,8,1,8704,0,811249664
3109,1622450378,1042,1622451420,0,8,1,1024,0,10646388736
3110,1622927790,1994,1622929784,0,8,1,2048,0,1051484160
3111,1623181317,2470,1623183787,0,5,1,2560,0,6335406080
3112,1623279780,5802,1623285582,0,6,1,6144,0,9572167680
3113,1623903849,1994,1623905843,0,5,1,2048,0,2419056640
3114,1624240941,3422,1624244363,0,6,1,3584,0,487075840
3115,1624523210,3898,1624527108,0,8,1,4096,0,2261630976
3116,1624576812,3128,1624579940,0,8,1,9216,0,3421167616
3117,1625466748,2946,1625469694,0,6,1,3072,0,802660352
3118,1625605569,1042,1625606611,0,8,1,1024,0,10681282560
3119,1625674991,1994,1625676985,0,8,1,2048,0,3990355968
3120,1626986344,2870,1626989214,0,5,1,8704,0,3455823872
3121,1627128599,4420,1627133019,0,8,1,11776,0,9953275904
3122,1627210450,2946,1627213396,0,8,1,3072,0,9383657472
3123,1627547385,5196,1627552581,0,8,1,13312,0,7745748992
3124,1627550321,35312,1627585633,0,7,1,61952,0,3942375424
3125,1627583725,2254,1627585979,0,7,1,512,0,1495957504
3126,1627965598,1042,1627966640,0,7,1,1024,0,1820028928
3127,1628135481,6488,1628141969,0,8,1,15872,0,2468089856
3128,1628223082,6278,1628229360,0,6,1,6656,0,10365960192
3129,1628736442,1518,1628737960,0,6,1,1536,0,4757975040
3130,1628869459,566,1628870025,0,8,1,512,0,3906990080
3131,1630003523,3387,1630006910,0,7,1,9728,0,6581469184
3132,1630061598,16613,1630078211,0,8,1,32256,0,6575153152
3133,1630461121,566,1630461687,0,8,1,512,0,1238028288
3134,1631713430,4850,1631718280,0,6,1,5120,0,2982281216
3135,1631739993,13858,1631753851,0,5,1,23552,0,10298433536
3136,1631836783,2870,1631839653,0,5,1,8704,0,5027880960
3137,1632696403,566,1632696969,0,8,1,512,0,5745909760
3138,1632791904,22950,1632814854,0,5,1,37888,0,2687774720
3139,1633384859,11016,1633395875,0,5,1,17920,0,10022174720
3140,1633847049,43370,1633890419,0,3,1,74240,0,2510172160
3141,1633942595,1042,1633943637,0,7,1,1024,0,7210582016
3142,1634112719,566,1634113285,0,5,1,512,0,6958927872
3143,1634223216,7230,1634230446,0,7,1,7680,0,10243874816
3144,1634285588,5712,1634291300,0,3,1,14336,0,2859634688
3145,1634475338,3422,1634478760,0,3,1,3584,0,110530560
3146,1634821547,3422,1634824969,0,8,1,3584,0,6014775296
3147,1634840297,4374,1634844671,0,7,1,4608,0,2564034560
3148,1635564996,6278,1635571274,0,7,1,6656,0,3919720448
3149,1635940473,4162,1635944635,0,5,1,11264,0,2187403264
3150,1636318609,2470,1636321079,0,3,1,2560,0,3189125120
3151,1636581059,4162,1636585221,0,6,1,11264,0,2387927040
3152,1639503887,566,1639504453,0,8,1,512,0,10004463616
3153,1641959101,566,1641959667,0,5,1,512,0,10066272256
3154,1642112229,2870,1642115099,0,3,1,8704,0,2595041280
3155,1642533484,3898,1642537382,0,6,1,4096,0,291188736
3156,1642634163,566,1642634729,0,3,1,512,0,1208135680
3157,1643180580,2946,1643183526,0,7,1,3072,0,3411083264
3158,1643285852,1042,1643286894,0,3,1,1024,0,6788562944
3159,1643791438,3645,1643795083,0,3,1,10240,0,1405509632
3160,1644831254,5802,1644837056,0,6,1,6144,0,6992945152
3161,1644967271,7706,1644974977,0,7,1,8192,0,5276110848
3162,1645045246,3422,1645048668,0,3,1,3584,0,3176628224
3163,1645126707,566,1645127273,0,7,1,512,0,3603075072
3164,1645168690,2470,1645171160,0,3,1,2560,0,7759831040
3165,1646301165,5802,1646306967,0,7,1,6144,0,777400320
3166,1646868883,566,1646869449,0,3,1,512,0,5789880320
3167,1646901910,5326,1646907236,0,9,1,5632,0,8955412480
3168,1647728024,1518,1647729542,0,9,1,1536,0,959188992
3169,1647926644,33075,1647959719,0,6,1,54272,0,885628928
3170,1648752671,1518,1648754189,0,3,1,1536,0,4949393408
3171,1648952951,3422,1648956373,0,6,1,3584,0,9282904064
3172,1649105560,7230,1649112790,0,6,1,7680,0,3932209152
3173,1649120138,7706,1649127844,0,9,1,8192,0,5348274176
3174,1664258020,4850,1664262870,0,9,1,5120,0,759189504
3175,1667187101,6488,1667193589,0,6,1,15872,0,3308195840
3176,1667325729,6278,1667332007,0,7,1,6656,0,4391743488
3177,1667704715,6278,1667710993,0,7,1,6656,0,5799145472
3178,1672731009,3422,1672734431,0,5,1,3584,0,16957440
3179,1673108319,4420,1673112739,0,3,1,11776,0,2945564672
3180,1673205527,3387,1673208914,0,7,1,9728,0,8880185344
3181,1673658233,5326,1673663559,0,8,1,5632,0,6478356480
3182,1673799987,4850,1673804837,0,7,1,5120,0,5589184512
3183,1674723106,7706,1674730812,0,3,1,8192,0,8913240064
3184,1674738144,1042,1674739186,0,7,1,1024,0,7861235712
3185,1674880834,3387,1674884221,0,7,1,9728,0,721768448
3186,1675028558,1994,1675030552,0,7,1,2048,0,4746092544
3187,1675125314,2470,1675127784,0,7,1,2560,0,6429044736
3188,1675414873,3387,1675418260,0,8,1,9728,0,6722797568
3189,1675893900,3904,1675897804,0,0,1,10752,0,2929811456
3190,1675942591,3422,1675946013,0,7,1,3584,0,4183216128
3191,1676047508,3904,1676051412,0,7,1,10752,0,5432819712
3192,1676150390,12737,1676163127,0,7,1,24576,0,2528305152
3193,1676293297,4374,1676297671,0,8,1,4608,0,7656501248
3194,1676504545,1994,1676506539,0,7,1,2048,0,5984133120
3195,1676567942,3128,1676571070,0,8,1,9216,0,5880647680
3196,1676704702,14287,1676718989,0,8,1,27648,0,8681320448
3197,1676838808,566,1676839374,0,3,1,512,0,373407744
3198,1684997261,566,1684997827,0,0,1,512,0,1216765952
3199,1685140703,4374,1685145077,0,7,1,4608,0,6225457152
3200,1685270522,1994,1685272516,0,8,1,2048,0,8369307648
3201,1686229330,1042,1686230372,0,3,1,1024,0,8732188672
3202,1687195067,566,1687195633,0,7,1,512,0,5826150400
3203,1688484436,6278,1688490714,0,8,1,6656,0,9535684608
3204,1689855938,1518,1689857456,0,3,1,1536,0,4846526464
3205,1690568909,14545,1690583454,0,7,1,28160,0,2617266176
3206,1691124045,84387,1691208432,0,6,1,140800,0,2785984512
3207,1691704719,566,1691705285,0,8,1,512,0,4484653056
3208,1691708916,566,1691709482,0,1,1,512,0,9901735936
3209,1692769295,55821,1692825116,0,1,1,95232,0,5358571520
3210,1692866620,10241,1692876861,0,2,1,16384,0,3407339520
3211,1693662588,5802,1693668390,0,2,1,6144,0,8951324672
3212,1697156918,1042,1697157960,0,6,1,1024,0,2323501056
3213,1697196988,11533,1697208521,0,7,1,18944,0,3063451648
3214,1697363566,6278,1697369844,0,7,1,6656,0,6348349440
3215,1698288547,3898,1698292445,0,7,1,4096,0,1411874816
3216,1698295589,566,1698296155,0,8,1,512,0,10594746368
3217,1699020139,22433,1699042572,0,8,1,36864,0,9901244416
3218,1700189824,566,1700190390,0,3,1,512,0,7919161344
3219,1700565001,6278,1700571279,0,2,1,6656,0,6519652352
3220,1700595523,5802,1700601325,0,1,1,6144,0,9995653120
3221,1701068678,4850,1701073528,0,1,1,5120,0,5826871296
3222,1701520717,566,1701521283,0,8,1,512,0,1322885120
3223,1701823172,1042,1701824214,0,2,1,1024,0,10186645504
3224,1702008593,1994,1702010587,0,7,1,2048,0,8218546176
3225,1702035051,566,1702035617,0,1,1,512,0,4843393024
3226,1702074712,4374,1702079086,0,1,1,4608,0,688574464
3227,1702407471,3645,1702411116,0,7,1,10240,0,5180887040
3228,1702661540,2470,1702664010,0,1,1,2560,0,8685662208
3229,1703366962,6754,1703373716,0,2,1,7168,0,4160962560
3230,1703786268,2470,1703788738,0,8,1,2560,0,4818903040
3231,1703947147,566,1703947713,0,1,1,512,0,7528570880
3232,1705218028,1994,1705220022,0,7,1,2048,0,5766119424
3233,1705505461,566,1705506027,0,1,1,512,0,2033786880
3234,1705730370,33850,1705764220,0,3,1,55808,0,10707255296
3235,1705968566,6754,1705975320,0,5,1,7168,0,10613878784
3236,1706076308,4679,1706080987,0,8,1,12288,0,9741418496
3237,1706362357,1518,1706363875,0,8,1,1536,0,5214646272
3238,1706584083,2470,1706586553,0,3,1,2560,0,4559040512
3239,1706590654,7230,1706597884,0,1,1,7680,0,7173775360
3240,1706802021,2946,1706804967,0,1,1,3072,0,7957692416
3241,1706944728,3387,1706948115,0,5,1,9728,0,8550273024
3242,1707178656,1518,1707180174,0,2,1,1536,0,7200075776
3243,1707491829,6278,1707498107,0,5,1,6656,0,7907471360
3244,1707991396,54529,1708045925,0,3,1,92672,0,6613938176
3245,1708214545,566,1708215111,0,8,1,512,0,4064727040
3246,1708289753,7230,1708296983,0,1,1,7680,0,1908719616
3247,1708382421,2946,1708385367,0,2,1,3072,0,8966811648
3248,1709116648,566,1709117214,0,1,1,512,0,4509773824
3249,1709288333,3387,1709291720,0,2,1,9728,0,2522451968
3250,1709302019,3898,1709305917,0,8,1,4096,0,4660486144
3251,1709919618,4679,1709924297,0,8,1,12288,0,9464684544
3252,1714396096,2470,1714398566,0,5,1,2560,0,2777563136
3253,1715051685,566,1715052251,0,2,1,512,0,7523082240
3254,1715677778,4850,1715682628,0,3,1,5120,0,2639646720
3255,1715753533,2946,1715756479,0,7,1,3072,0,10391896064
3256,1715816215,5326,1715821541,0,7,1,5632,0,2676097024
3257,1715818475,6612,1715825087,0,7,1,5632,0,10191126528
3258,1728769919,1042,1728770961,0,7,1,1024,0,10044428288
3259,1728831951,5326,1728837277,0,1,1,5632,0,1089085440
3260,1729165247,97613,1729262860,0,8,1,163328,0,242515968
3261,1729448537,1042,1729449579,0,1,1,1024,0,2579873792
3262,1729934372,566,1729934938,0,2,1,512,0,3543121920
3263,1730112041,2470,1730114511,0,3,1,2560,0,3396726784
3264,1730154574,5802,1730160376,0,1,1,6144,0,4021850112
3265,1730207763,566,1730208329,0,8,1,512,0,10513899520
3266,1730499388,2470,1730501858,0,1,1,2560,0,5113253888
3267,1730515009,1994,1730517003,0,6,1,2048,0,6235193344
3268,1730537994,2946,1730540940,0,6,1,3072,0,3974082560
3269,1730830028,1994,1730832022,0,8,1,2048,0,6887301120
3270,1731969500,3387,1731972887,0,6,1,9728,0,10028175360
3271,1732524627,7230,1732531857,0,3,1,7680,0,10587471872
3272,1733311688,566,1733312254,0,2,1,512,0,9439911936
3273,1733813368,1042,1733814410,0,1,1,1024,0,7327604736
3274,1733873217,15321,1733888538,0,8,1,29696,0,3779792896
3275,1734103013,7230,1734110243,0,8,1,7680,0,26779648
3276,1734211203,5971,1734217174,0,3,1,14848,0,987717632
3277,1734326624,5326,1734331950,0,8,1,5632,0,8875159552
3278,1734566650,1518,1734568168,0,3,1,1536,0,8987660288
3279,1734650939,1994,1734652933,0,8,1,2048,0,10078343168
3280,1735026806,2470,1735029276,0,1,1,2560,0,444968960
3281,1739764884,566,1739765450,0,8,1,512,0,6521937920
3282,1740147186,2470,1740149656,0,3,1,2560,0,8012673024
3283,1740906266,3422,1740909688,0,2,1,3584,0,9376960512
3284,1741022570,1042,1741023612,0,1,1,1024,0,6454345728
3285,1741422798,3387,1741426185,0,6,1,9728,0,2909978624
3286,1742345917,1518,1742347435,0,1,1,1536,0,7473786880
3287,1742492979,7706,1742500685,0,3,1,8192,0,3449520128
3288,1742858482,1518,1742860000,0,3,1,1536,0,6409023488
3289,1742997681,14029,1743011710,0,6,1,27136,0,3075252224
3290,1743228902,5326,1743234228,0,6,1,5632,0,3500695552
3291,1743920113,1518,1743921631,0,2,1,1536,0,5812088832
3292,1750130297,2946,1750133243,0,3,1,3072,0,2901549056
3293,1750290783,5326,1750296109,0,6,1,5632,0,779608064
3294,1750839506,566,1750840072,0,6,1,512,0,2795364352
3295,1751030454,566,1751031020,0,1,1,512,0,5327060992
3296,1751200062,1042,1751201104,0,4,1,1024,0,10306170880
3297,1752007348,1994,1752009342,0,1,1,2048,0,9880891392
3298,1752025670,566,1752026236,0,2,1,512,0,10449920000
3299,1752167239,1042,1752168281,0,2,1,1024,0,7844868096
3300,1752168389,51516,1752219905,0,4,1,83456,0,10251108352
3301,1752225450,1042,1752226492,0,4,1,1024,0,1135583232
3302,1752277803,566,1752278369,0,4,1,512,0,7417556992
3303,1752334545,6754,1752341299,0,4,1,7168,0,2055553024
3304,1752353999,2470,1752356469,0,2,1,2560,0,6007394304
3305,1753077630,2470,1753080100,0,6,1,2560,0,10349420544
3306,1753232578,2946,1753235524,0,2,1,3072,0,10016935936
3307,1755094926,7706,1755102632,0,4,1,8192,0,9656864768
3308,1755690198,2470,1755692668,0,2,1,2560,0,8951435264
3309,1755768217,5712,1755773929,0,0,1,14336,0,3366801408
3310,1756107743,4850,1756112593,0,0,1,5120,0,324472832
3311,1756394481,5454,1756399935,0,1,1,13824,0,6243880960
3312,1756588206,2946,1756591152,0,0,1,3072,0,2675724288
3313,1770744856,5802,1770750658,0,6,1,6144,0,2873987072
3314,1770980754,1042,1770981796,0,2,1,1024,0,3864342528
3315,1771095124,566,1771095690,0,0,1,512,0,3149271040
3316,1779004368,10499,1779014867,0,1,1,16896,0,10348138496
3317,1779364398,1518,1779365916,0,5,1,1536,0,2277572608
3318,1779510925,2470,1779513395,0,0,1,2560,0,2879246336
3319,1779662344,20882,1779683226,0,2,1,33792,0,1856237568
3320,1779843612,4937,1779848549,0,0,1,12800,0,20369408
3321,1780212872,1518,1780214390,0,2,1,1536,0,879591424
3322,1780739143,566,1780739709,0,5,1,512,0,7203160064
3323,1780958441,1994,1780960435,0,0,1,2048,0,6323527680
3324,1781131074,5971,1781137045,0,0,1,14848,0,5313327104
3325,1790776772,74779,1790851551,0,2,1,125440,0,9833697280
3326,1790854613,3904,1790858517,0,0,1,10752,0,10452963328
3327,1790938885,566,1790939451,0,0,1,512,0,1266241536
3328,1792106330,566,1792106896,0,5,1,512,0,1976467456
3329,1792160903,566,1792161469,0,0,1,512,0,2051706880
3330,1792256826,4679,1792261505,0,0,1,12288,0,4227674112
3331,1792712157,5326,1792717483,0,4,1,5632,0,5177204736
3332,1792714440,3898,1792718338,0,0,1,4096,0,9146470400
3333,1792831228,566,1792831794,0,0,1,512,0,6683480064
3334,1792880883,7230,1792888113,0,0,1,7680,0,3144998912
3335,1797383383,1994,1797385377,0,0,1,2048,0,8075137024
3336,1798451606,6754,1798458360,0,4,1,7168,0,4620697600
3337,1798562626,3387,1798566013,0,8,1,9728,0,9225564160
3338,1798585611,4850,1798590461,0,5,1,5120,0,7158497280
3339,1799309500,4162,1799313662,0,5,1,11264,0,2858475520
3340,1813788376,55748,1813844124,0,7,0,4096,0,8583258112
3341,1814359034,69284,1814428318,0,5,0,8192,0,1392525312
3342,1814902527,125060,1815027587,0,1,0,110592,0,10115772416
3343,1815098220,91460,1815189680,0,3,0,20480,0,9768927232
3344,1815707344,92552,1815799896,0,5,0,24064,0,9249550336
3345,1816163287,93128,1816256415,0,3,0,15872,0,4274880512
3346,1816204644,97652,1816302296,0,1,0,30720,0,4190220288
3347,1816208100,94835,1816302935,0,1,0,2048,0,1325797376
3348,1817446010,50672,1817496682,0,1,0,2560,0,7302774784
3349,1817766048,93152,1817859200,0,4,0,20992,0,7193264128
3350,1817874349,98540,1817972889,0,5,0,23552,0,339693568
3351,1818196929,43904,1818240833,0,9,0,512,0,8169820160
3352,1818239373,3422,1818242795,0,8,1,3584,0,3843059712
3353,1818335967,43904,1818379871,0,3,0,512,0,7177371648
3354,1818430025,100724,1818530749,0,5,0,30720,0,9359409152
3355,1818571414,91616,1818663030,0,3,0,20992,0,8805531648
3356,1818813012,86204,1818899216,0,5,0,13312,0,9945604096
3357,1818912973,69284,1818982257,0,4,0,8192,0,336277504
3358,1819349379,108836,1819458215,0,3,0,57344,0,4618022912
3359,1819415796,81128,1819496924,0,9,0,11776,0,8977694720
3360,1819725892,43904,1819769796,0,4,0,512,0,9714089984
3361,1820878327,103376,1820981703,0,9,0,39424,0,7840903168
3362,1822227889,91280,1822319169,0,5,0,14848,0,1144012800
3363,1823159150,45596,1823204746,0,4,0,1024,0,1136799744
3364,1823846024,95312,1823941336,0,3,0,23040,0,4205133824
3365,1824483125,99188,1824582313,0,1,0,30720,0,7567683584
3366,1825195782,193088,1825388870,0,3,0,172544,0,8069959680
3367,1825698164,45596,1825743760,0,1,0,1024,0,9728180224
3368,1826707897,45596,1826753493,0,9,0,1024,0,8856481792
3369,1827174115,82820,1827256935,0,4,0,12288,0,2436481024
3370,1827569169,2946,1827572115,0,4,1,3072,0,6334001152
3371,1828256267,13600,1828269867,0,5,1,23040,0,2151497728
3372,1828466055,566,1828466621,0,5,1,512,0,2768736256
3373,1828477752,142728,1828620480,0,5,0,3072,0,10737201152
3374,1828676550,43904,1828720454,0,1,0,512,0,5205524480
3375,1829050394,43904,1829094298,0,4,0,512,0,9999454208
3376,1830488897,48980,1830537877,0,3,0,2048,0,9171218432
3377,1831155994,96380,1831252374,0,1,0,21504,0,3286585344
3378,1831819449,45596,1831865045,0,4,0,1024,0,2207473664
3379,1831966763,87896,1832054659,0,9,0,13824,0,4273135616
3380,1832070781,3128,1832073909,0,5,1,9216,0,796086272
3381,1832257147,2946,1832260093,0,3,1,3072,0,2898419712
3382,1832415702,52033,1832467735,0,9,1,84480,0,7669096448
3383,1832472476,2870,1832475346,0,3,1,8704,0,4159827968
3384,1832584808,12825,1832597633,0,9,1,21504,0,2284093440
3385,1832676815,116012,1832792827,0,9,0,80896,0,5705822208
3386,1832776563,93644,1832870207,0,1,0,27648,0,8275976192
3387,1832904221,3898,1832908119,0,3,1,4096,0,10121285632
3388,1833191626,67592,1833259218,0,1,0,7680,0,3085041664
3389,1834042429,45596,1834088025,0,5,0,1024,0,9132740608
3390,1834741355,59132,1834800487,0,4,0,5120,0,4777373696
3391,1834777378,43904,1834821282,0,1,0,512,0,5803450368
3392,1834914725,103220,1835017945,0,1,0,38912,0,4367519744
3393,1835604643,99188,1835703831,0,9,0,30720,0,2117607424
3394,1837032321,43904,1837076225,0,1,0,512,0,6185234432
3395,1838080533,102752,1838183285,0,3,0,37376,0,3374510080
3396,1838542528,79436,1838621964,0,4,0,11264,0,5183074304
3397,1838735234,105248,1838840482,0,5,0,45568,0,114491392
3398,1838834487,79436,1838913923,0,9,0,11264,0,4039475200
3399,1839131892,106496,1839238388,0,5,0,49664,0,7267696640
3400,1839135362,84512,1839219874,0,9,0,12800,0,10626355200
3401,1839546716,143144,1839689860,0,9,0,134656,0,10519777280
3402,1840044932,114140,1840159072,0,4,0,74752,0,1121730560
3403,1840345207,112736,1840457943,0,5,0,70144,0,7790108672
3404,1841071504,67592,1841139096,0,3,0,7680,0,10071785472
3405,1841181988,67592,1841249580,0,9,0,7680,0,4996505600
3406,1841285516,108524,1841394040,0,5,0,56320,0,9574838272
3407,1842407168,101348,1842508516,0,9,0,32768,0,7619981312
3408,1842643485,43904,1842687389,0,4,0,512,0,6289403904
3409,1843154474,50672,1843205146,0,5,0,2560,0,9156001792
3410,1844508317,57440,1844565757,0,1,0,4608,0,8013778944
3411,1844622507,93932,1844716439,0,4,0,23552,0,7844634624
3412,1844809609,108056,1844917665,0,4,0,54784,0,645533696
3413,1845111223,43904,1845155127,0,4,0,512,0,8126570496
3414,1845176637,115544,1845292181,0,5,0,79360,0,8533426176
3415,1845183467,92972,1845276439,0,3,0,15360,0,567107584
3416,1846158537,43904,1846202441,0,3,0,512,0,7783559168
3417,1846241888,43904,1846285792,0,5,0,512,0,6315155456
3418,1846518209,103844,1846622053,0,5,0,40960,0,4690661376
3419,1846854673,119600,1846974273,0,4,0,92672,0,6513274880
3420,1847173008,3645,1847176653,0,9,1,10240,0,1924956160
3421,1847671278,5326,1847676604,0,3,1,5632,0,4964655104
3422,1847763520,47288,1847810808,0,5,0,1536,0,5069021184
3423,1848098125,3898,1848102023,0,3,1,4096,0,10245787648
3424,1848305102,77744,1848382846,0,9,0,10752,0,2340331520
3425,1848524062,52364,1848576426,0,4,0,3072,0,9406955520
3426,1849377792,43904,1849421696,0,4,0,512,0,8404750336
3427,1850020718,92528,1850113246,0,3,0,18944,0,7657676800
3428,1850155296,45596,1850200892,0,1,0,1024,0,592089088
3429,1851073008,11533,1851084541,0,0,1,18944,0,9569918976
3430,1851474090,43904,1851517994,0,9,0,512,0,7404785664
3431,1851531171,85420,1851616591,0,3,1,142848,0,1160175616
3432,1851910692,566,1851911258,0,3,1,512,0,10010980352
3433,1852031614,111020,1852142634,0,1,0,64512,0,10229411840
3434,1852201963,45596,1852247559,0,5,0,1024,0,7764574208
3435,1852350084,3898,1852353982,0,3,1,4096,0,8030441472
3436,1852653607,566,1852654173,0,3,1,512,0,9194315776
3437,1852773418,1042,1852774460,0,5,1,1024,0,1462640640
3438,1852973463,47288,1853020751,0,5,0,1536,0,10708611072
3439,1853167106,43904,1853211010,0,3,0,512,0,2104123392
3440,1853287583,4420,1853292003,0,5,1,11776,0,7451873280
3441,1853610840,21916,1853632756,0,3,1,35840,0,9281122304
3442,1854099144,4162,1854103306,0,1,1,11264,0,4400668672
3443,1854497041,104156,1854601197,0,4,0,41984,0,2726686720
3444,1855070626,2870,1855073496,0,3,1,8704,0,9747419136
3445,1855157687,566,1855158253,0,5,1,512,0,5742333952
3446,1855190944,5802,1855196746,0,5,1,6144,0,10574049280
3447,1855239830,5802,1855245632,0,5,1,6144,0,4672061440
3448,1855270794,1042,1855271836,0,5,1,1024,0,1442910208
3449,1855646929,566,1855647495,0,5,1,512,0,4922650624
3450,1856645698,43904,1856689602,0,1,0,512,0,10055946240
3451,1856857508,91280,1856948788,0,3,0,14848,0,2281394176
3452,1856864069,6278,1856870347,0,1,1,6656,0,6207397888
3453,1856920391,119600,1857039991,0,3,0,92672,0,7019716608
3454,1857080178,1518,1857081696,0,5,1,1536,0,3290783744
3455,1861395100,89612,1861484712,0,3,0,19456,0,9993666560
3456,1862982186,566,1862982752,0,0,1,512,0,2540855296
3457,1863189948,1994,1863191942,0,5,1,2048,0,7096999936
3458,1863195004,99397,1863294401,0,5,0,24576,0,2420072448
3459,1863830168,54056,1863884224,0,9,0,3584,0,7341289472
3460,1864317918,5802,1864323720,0,3,1,6144,0,80719872
3461,1864387946,96668,1864484614,0,4,0,17408,0,768303104
3462,1865609182,5326,1865614508,0,5,1,5632,0,1274564608
3463,1865630330,1994,1865632324,0,7,1,2048,0,2740146176
3464,1865654268,102752,1865757020,0,9,0,37376,0,10559483904
3465,1865763370,52364,1865815734,0,4,0,3072,0,1763368960
3466,1865952703,566,1865953269,0,7,1,512,0,6185021440
3467,1866052333,5196,1866057529,0,7,1,13312,0,9053302784
3468,1866251794,3898,1866255692,0,7,1,4096,0,1031798784
3469,1867302729,43904,1867346633,0,4,0,512,0,8970850304
3470,1867385321,43904,1867429225,0,1,0,512,0,9087381504
3471,1868116253,86204,1868202457,0,1,0,13312,0,8907714560
3472,1869300415,105560,1869405975,0,5,0,46592,0,8393003008
3473,1869487441,43904,1869531345,0,9,0,512,0,6357938176
3474,1869636245,105248,1869741493,0,9,0,45568,0,6881767424
3475,1870503682,91148,1870594830,0,9,0,19456,0,7993151488
3476,1871206770,99320,1871306090,0,1,0,26112,0,1567952896
3477,1871355149,190748,1871545897,0,4,0,164864,0,10401034240
3478,1871573328,5802,1871579130,0,1,1,6144,0,9194545152
3479,1871753447,20366,1871773813,0,7,1,32768,0,8047579136
3480,1871792168,3898,1871796066,0,7,1,4096,0,249880576
3481,1872027023,566,1872027589,0,7,1,512,0,2564169728
3482,1872276237,2470,1872278707,0,3,1,2560,0,3808808960
3483,1872569521,3128,1872572649,0,7,1,9216,0,9103769600
3484,1872573275,103376,1872676651,0,5,0,39424,0,2867712000
3485,1872654744,2470,1872657214,0,5,1,2560,0,9751801856
3486,1873109662,4679,1873114341,0,3,1,12288,0,8021151744
3487,1873264029,65900,1873329929,0,1,0,7168,0,7959539712
3488,1873399168,43904,1873443072,0,4,0,512,0,2797592576
3489,1873733746,6754,1873740500,0,2,1,7168,0,7277371392
3490,1874314702,99032,1874413734,0,9,0,30208,0,8638676992
3491,1874722875,43904,1874766779,0,4,0,512,0,3884322816
3492,1874907211,101660,1875008871,0,4,0,33792,0,72339456
3493,1874980748,43904,1875024652,0,1,0,512,0,4246433792
3494,1875578780,115232,1875694012,0,4,0,78336,0,6388428800
3495,1876303648,55748,1876359396,0,1,0,4096,0,8773890048
3496,1876701151,108836,1876809987,0,9,0,57344,0,7559512064
3497,1877736749,43904,1877780653,0,5,0,512,0,7359053824
3498,1880417701,57440,1880475141,0,3,0,4608,0,1201295360
3499,1880624880,102440,1880727320,0,4,0,36352,0,5645844480
3500,1880644507,1518,1880646025,0,5,1,1536,0,3986395136
3501,1880705646,116168,1880821814,0,9,0,81408,0,8430645248
3502,1881135634,1994,1881137628,0,7,1,2048,0,3536510976
3503,1881476394,2470,1881478864,0,3,1,2560,0,1456881664
3504,1882011483,59132,1882070615,0,1,0,5120,0,7633760256
3505,1882226823,111644,1882338467,0,9,0,66560,0,269307904
3506,1882536786,3422,1882540208,0,7,1,3584,0,9584861184
3507,1882695670,95780,1882791450,0,4,0,24576,0,4264452096
3508,1883097568,52364,1883149932,0,9,0,3072,0,5756538880
3509,1883269244,4374,1883273618,0,2,1,4608,0,9863270400
3510,1883552088,3387,1883555475,0,3,1,9728,0,3474907136
3511,1883736275,65687,1883801962,0,3,1,111104,0,3251253248
3512,1883763313,38995,1883802308,0,3,1,512,0,2068582400
3513,1883934918,3422,1883938340,0,3,1,3584,0,5370929152
3514,1884224322,101660,1884325982,0,4,0,33792,0,4294295552
3515,1884267128,2946,1884270074,0,2,1,3072,0,9716543488
3516,1884453233,3645,1884456878,0,3,1,10240,0,10225389568
3517,1884482058,6278,1884488336,0,4,1,6656,0,6032547840
3518,1884503764,1994,1884505758,0,4,1,2048,0,4118679552
3519,1884716000,566,1884716566,0,4,1,512,0,4743499776
3520,1885260918,4937,1885265855,0,3,1,12800,0,6201131008
3521,1885956125,96536,1886052661,0,9,0,22016,0,3796639744
3522,1886202960,43904,1886246864,0,5,0,512,0,6446067712
3523,1886293046,111644,1886404690,0,5,0,66560,0,3417403392
3524,1886350926,77332,1886428258,0,5,0,512,0,548077568
3525,1888228330,43904,1888272234,0,5,0,512,0,2699886592
3526,1889035808,81128,1889116936,0,1,0,11776,0,2930814976
3527,1889407622,102440,1889510062,0,4,0,36352,0,1975033856
3528,1889729887,1042,1889730929,0,7,1,1024,0,3693367296
3529,1889852222,113360,1889965582,0,4,0,72192,0,1402101760
3530,1889994106,96980,1890091086,0,1,0,18432,0,364822528
3531,1890003476,3904,1890007380,0,2,1,10752,0,9228541952
3532,1890577359,2870,1890580229,0,4,1,8704,0,1166807040
3533,1891058604,43904,1891102508,0,1,0,512,0,5349449728
3534,1891574573,108992,1891683565,0,9,0,57856,0,7997837312
3535,1891880733,97292,1891978025,0,3,0,19456,0,1080053760
3536,1891947083,45596,1891992679,0,4,0,1024,0,10537103360
3537,1893847866,105716,1893953582,0,4,0,47104,0,6447366144
3538,1893943790,84512,1894028302,0,3,0,12800,0,2567335936
3539,1894264013,101348,1894365361,0,3,0,32768,0,5860184064
3540,1894424712,43904,1894468616,0,9,0,512,0,6622322688
3541,1894646900,102440,1894749340,0,5,0,36352,0,6859862016
3542,1894735199,98720,1894833919,0,9,0,29184,0,2967646208
3543,1894826986,43904,1894870890,0,3,0,512,0,2228654080
3544,1895182432,89588,1895272020,0,9,0,14336,0,9777483776
3545,1895554424,566,1895554990,0,2,1,512,0,10198028288
3546,1896185872,1042,1896186914,0,3,1,1024,0,7604568064
3547,1896681916,1994,1896683910,0,4,1,2048,0,518320128
3548,1896762724,1994,1896764718,0,3,1,2048,0,2978484224
3549,1897038766,98228,1897136994,0,5,0,22528,0,1984937984
3550,1897345423,4374,1897349797,0,3,1,4608,0,8414453760
3551,1897600700,107120,1897707820,0,3,0,51712,0,7792246784
3552,1898147043,566,1898147609,0,4,1,512,0,2079592448
3553,1898285845,1994,1898287839,0,3,1,2048,0,7997280256
3554,1898363414,100880,1898464294,0,1,0,31232,0,6647619584
3555,1898377882,102284,1898480166,0,9,0,35840,0,5715333120
3556,1898587888,10499,1898598387,0,3,1,16896,0,822616064
3557,1898994101,101504,1899095605,0,9,0,33280,0,2310340608
3558,1899162444,43904,1899206348,0,3,0,512,0,6671224832
3559,1899273164,50672,1899323836,0,3,0,2560,0,4383662080
3560,1899495329,113360,1899608689,0,3,0,72192,0,818069504
3561,1900389250,62516,1900451766,0,1,0,6144,0,5957713920
3562,1900436023,97916,1900533939,0,9,0,21504,0,1835753472
3563,1901662703,43904,1901706607,0,9,0,512,0,816582656
3564,1902000445,43904,1902044349,0,3,0,512,0,9314611200
3565,1902022663,43904,1902066567,0,4,0,512,0,4768342016
3566,1902335030,96380,1902431410,0,4,0,21504,0,3655397376
3567,1902343054,43904,1902386958,0,3,0,512,0,1312722944
3568,1902769083,104312,1902873395,0,3,0,42496,0,2714411008
3569,1903077980,98876,1903176856,0,4,0,29696,0,2593193984
3570,1903586961,62516,1903649477,0,1,0,6144,0,3967688704
3571,1904597018,566,1904597584,0,4,1,512,0,6840221696
3572,1904640649,57440,1904698089,0,5,0,4608,0,8032931840
3573,1905126122,5326,1905131448,0,6,1,5632,0,495091712
3574,1905334832,119132,1905453964,0,3,0,91136,0,3480211456
3575,1905414718,2946,1905417664,0,3,1,3072,0,8019107840
3576,1905583930,7230,1905591160,0,3,1,7680,0,8380948480
3577,1905784181,5326,1905789507,0,6,1,5632,0,7309619200
3578,1905888884,6754,1905895638,0,0,1,7168,0,401387520
3579,1906494594,1042,1906495636,0,3,1,1024,0,6542299136
3580,1906526507,106496,1906633003,0,4,0,49664,0,8394989568
3581,1906601958,108992,1906710950,0,9,0,57856,0,5534638080
3582,1906833220,566,1906833786,0,0,1,512,0,7998726144
3583,1906862572,59132,1906921704,0,1,0,5120,0,539418624
3584,1906965047,104312,1907069359,0,9,0,42496,0,9620762624
3585,1907109841,94688,1907204529,0,9,0,20992,0,4013412352
3586,1907256795,1994,1907258789,0,6,1,2048,0,2382442496
3587,1907723370,43904,1907767274,0,9,0,512,0,2348584960
3588,1907832473,82820,1907915293,0,1,0,12288,0,923832320
3589,1907879237,1518,1907880755,0,1,1,1536,0,8360452096
3590,1908534921,3422,1908538343,0,0,1,3584,0,3935051776
3591,1908792176,65900,1908858076,0,3,0,7168,0,7548633088
3592,1908878079,102596,1908980675,0,1,0,36864,0,8517525504
3593,1909019537,566,1909020103,0,6,1,512,0,7378083840
3594,1909313458,205256,1909518714,0,1,0,212480,0,6048169984
3595,1909532057,91280,1909623337,0,5,0,14848,0,1809862656
3596,1909607970,91904,1909699874,0,4,0,16896,0,7659401216
3597,1909857715,43904,1909901619,0,5,0,512,0,7271297024
3598,1910092056,43904,1910135960,0,4,0,512,0,2353872896
3599,1910201994,43904,1910245898,0,9,0,512,0,10036940800
3600,1910217636,3128,1910220764,0,3,1,9216,0,3016331264
3601,1910504265,104312,1910608577,0,1,0,42496,0,8029376512
3602,1910575705,86204,1910661909,0,9,0,13312,0,7261777920
3603,1910580770,136735,1910717505,0,9,0,44544,0,5682130944
3604,1910620470,113925,1910734395,0,9,0,3072,0,2548957184
3605,1910696558,6278,1910702836,0,1,1,6656,0,9843621888
3606,1910697939,1518,1910699457,0,6,1,1536,0,3778764800
3607,1910814655,1994,1910816649,0,6,1,2048,0,3041177600
3608,1910869279,65900,1910935179,0,5,0,7168,0,3397087232
3609,1911088555,1518,1911090073,0,0,1,1536,0,9738469376
3610,1914425583,43904,1914469487,0,9,0,512,0,5619965952
3611,1914587441,101816,1914689257,0,4,0,34304,0,4465119232
3612,1914848080,52364,1914900444,0,1,0,3072,0,2264662016
3613,1914964843,105716,1915070559,0,3,0,47104,0,8658894848
3614,1915271696,43904,1915315600,0,4,0,512,0,2968326144
3615,1915300197,43904,1915344101,0,5,0,512,0,6634762240
3616,1915384833,93020,1915477853,0,5,0,25600,0,9636413440
3617,1915545590,107120,1915652710,0,3,0,51712,0,3842801664
3618,1915582662,97160,1915679822,0,5,0,24064,0,2981507072
3619,1915980500,111956,1916092456,0,1,0,67584,0,1130606592
3620,1916063327,96824,1916160151,0,5,0,17920,0,173793280
3621,1916514300,6754,1916521054,0,6,1,7168,0,5658746880
3622,1916583442,2470,1916585912,0,0,1,2560,0,2267152384
3623,1916703918,3898,1916707816,0,1,1,4096,0,6335426560
3624,1916732857,5802,1916738659,0,0,1,6144,0,3092553728
3625,1916973908,1994,1916975902,0,0,1,2048,0,5711446016
3626,1917026290,45596,1917071886,0,3,0,1024,0,836362240
3627,1917196587,5326,1917201913,0,1,1,5632,0,8056512512
3628,1917253802,43904,1917297706,0,5,0,512,0,8260517888
3629,1917254628,129584,1917384212,0,4,0,125440,0,1548083200
3630,1917302083,87757,1917389840,0,4,0,512,0,7158341632
3631,1917478561,10241,1917488802,0,0,1,16384,0,6624587776
3632,1917629608,45596,1917675204,0,4,0,1024,0,4774256640
3633,1917739797,566,1917740363,0,1,1,512,0,5311102976
3634,1917861213,4374,1917865587,0,7,1,4608,0,4447350784
3635,1917884828,5326,1917890154,0,3,1,5632,0,2131431424
3636,1918093363,566,1918093929,0,3,1,512,0,1307709440
3637,1918135247,43904,1918179151,0,5,0,512,0,8646656
3638,1918180582,43904,1918224486,0,1,0,512,0,9637187584
3639,1918329495,69284,1918398779,0,1,0,8192,0,10282749952
3640,1918405461,4850,1918410311,0,7,1,5120,0,6018134016
3641,1918479478,44920,1918524398,0,1,1,77312,0,10566766592
3642,1918710188,2946,1918713134,0,0,1,3072,0,3453272064
3643,1918872313,3898,1918876211,0,1,1,4096,0,800358400
3644,1919015767,566,1919016333,0,3,1,512,0,4818448384
3645,1921156583,2470,1921159053,0,3,1,2560,0,4329136128
3646,1921647081,4850,1921651931,0,1,1,5120,0,8007622656
3647,1921823554,3898,1921827452,0,0,1,4096,0,10240233472
3648,1921880675,2470,1921883145,0,7,1,2560,0,7774175232
3649,1927677872,2470,1927680342,0,7,1,2560,0,8966303744
3650,1931538656,12737,1931551393,0,0,1,24576,0,7117025280
3651,1931702134,566,1931702700,0,5,1,512,0,3999313920
3652,1931803035,6278,1931809313,0,2,1,6656,0,6902837248
3653,1932627125,16096,1932643221,0,2,1,31232,0,5640404992
3654,1935344175,2470,1935346645,0,1,1,2560,0,3959934976
3655,1935439279,5802,1935445081,0,5,1,6144,0,6563676160
3656,1935453967,3387,1935457354,0,5,1,9728,0,5213708288
3657,1935630319,1518,1935631837,0,5,1,1536,0,6473568256
3658,1949422106,7706,1949429812,0,5,1,8192,0,2560532480
3659,1949513133,4374,1949517507,0,2,1,4608,0,6210318336
3660,1949591627,3422,1949595049,0,2,1,3584,0,7979372544
3661,1949902943,3898,1949906841,0,2,1,4096,0,6061715456
3662,1949908318,4374,1949912692,0,2,1,4608,0,10555129856
3663,1950078478,566,1950079044,0,2,1,512,0,9364484096
3664,1950533280,3387,1950536667,0,2,1,9728,0,8255946752
3665,1952530345,1042,1952531387,0,3,1,1024,0,4134322176
3666,1952760477,3904,1952764381,0,9,1,10752,0,5295280128
3667,1953739787,3898,1953743685,0,2,1,4096,0,5748002816
3668,1954808335,566,1954808901,0,9,1,512,0,4400836608
3669,1954832427,1518,1954833945,0,4,1,1536,0,2905636864
3670,1954913060,3422,1954916482,0,4,1,3584,0,8026415104
3671,1954945127,4162,1954949289,0,1,1,11264,0,5315751936
3672,1955373358,1518,1955374876,0,1,1,1536,0,4674953216
3673,1955395926,1994,1955397920,0,4,1,2048,0,8513712128
3674,1955716879,6754,1955723633,0,4,1,7168,0,1083248640
3675,1955843082,23208,1955866290,0,2,1,38400,0,3783675904
3676,1955915464,2870,1955918334,0,2,1,8704,0,8465559552
3677,1955983301,7230,1955990531,0,9,1,7680,0,5824360448
3678,1956169390,6754,1956176144,0,2,1,7168,0,1125138432
3679,1956673754,566,1956674320,0,4,1,512,0,5527896064
3680,1956685306,2470,1956687776,0,9,1,2560,0,9442430976
3681,1956854980,21141,1956876121,0,9,1,34304,0,9778130944
3682,1958628455,105929,1958734384,0,1,1,176128,0,7597555712
3683,1959452242,2470,1959454712,0,2,1,2560,0,5588000768
3684,1960021808,7230,1960029038,0,9,1,7680,0,10475057152
3685,1960099625,566,1960100191,0,0,1,512,0,9528840192
3686,1960314159,1042,1960315201,0,4,1,1024,0,2498244608
3687,1960957953,7230,1960965183,0,0,1,7680,0,7253467136
3688,1962107896,3422,1962111318,0,3,1,3584,0,9825247232
3689,1963344750,7230,1963351980,0,8,1,7680,0,1107324928
3690,1964128534,2870,1964131404,0,4,1,8704,0,5848305664
3691,1964485448,14117,1964499565,0,6,1,24064,0,6867955712
3692,1965615274,566,1965615840,0,9,1,512,0,9333260288
3693,1965638689,566,1965639255,0,2,1,512,0,1235841024
3694,1965920175,3387,1965923562,0,2,1,9728,0,3503603712
3695,1965999726,4937,1966004663,0,6,1,12800,0,9662394368
3696,1966932823,4374,1966937197,0,0,1,4608,0,2692853760
3697,1966985514,566,1966986080,0,6,1,512,0,5165166592
3698,1967155259,3898,1967159157,0,6,1,4096,0,6708953088
3699,1967276075,1518,1967277593,0,2,1,1536,0,8522641408
3700,1968096304,5196,1968101500,0,6,1,13312,0,6256660480
3701,1968862456,566,1968863022,0,2,1,512,0,134565888
3702,1969299078,1994,1969301072,0,4,1,2048,0,5412937728
3703,1969568932,5454,1969574386,0,3,1,13824,0,10390196224
3704,1970037425,4937,1970042362,0,1,1,12800,0,9955905536
3705,1970328666,566,1970329232,0,8,1,512,0,8595050496
3706,1970690848,4374,1970695222,0,9,1,4608,0,6390935552
3707,1970771680,566,1970772246,0,3,1,512,0,3677110272
3708,1975032699,1518,1975034217,0,4,1,1536,0,9896448000
3709,1975308382,75295,1975383677,0,3,1,126464,0,285077504
3710,1975800466,3128,1975803594,0,0,1,9216,0,463388672
3711,1975905291,566,1975905857,0,8,1,512,0,4723200000
3712,1977043069,5802,1977048871,0,2,1,6144,0,2500411392
3713,1977148020,566,1977148586,0,6,1,512,0,4096958464
3714,1977736669,566,1977737235,0,8,1,512,0,6106046464
3715,1977775321,4374,1977779695,0,9,1,4608,0,3290529792
3716,1978175752,1518,1978177270,0,7,1,1536,0,4422541312
3717,1978587158,4850,1978592008,0,3,1,5120,0,8458211328
3718,1978656602,1994,1978658596,0,1,1,2048,0,9762033664
3719,1978919676,1042,1978920718,0,9,1,1024,0,7137488896
3720,1978997669,4850,1979002519,0,6,1,5120,0,5210886144
3721,1979239427,4850,1979244277,0,1,1,5120,0,4089999360
3722,1979327115,2946,1979330061,0,6,1,3072,0,2986250240
3723,1979820292,1042,1979821334,0,6,1,1024,0,4408434688
3724,1979957373,22862,1979980235,0,9,1,40960,0,2597584896
3725,1989435517,566,1989436083,0,0,1,512,0,574869504
3726,1989523330,4162,1989527492,0,1,1,11264,0,9109102592
3727,1989583660,3645,1989587305,0,7,1,10240,0,5139361792
3728,1989710994,6278,1989717272,0,1,1,6656,0,7702736896
3729,1990043402,6278,1990049680,0,3,1,6656,0,3852365824
3730,1990229852,5326,1990235178,0,9,1,5632,0,10314616832
3731,1992029552,3904,1992033456,0,7,1,10752,0,10213933056
3732,1993047614,1518,1993049132,0,1,1,1536,0,9899409408
3733,1993085702,76846,1993162548,0,8,1,129536,0,10028322816
3734,1993337036,1042,1993338078,0,8,1,1024,0,2779283456
3735,1994046188,1994,1994048182,0,9,1,2048,0,5851238400
3736,1994469335,22433,1994491768,0,6,1,36864,0,2428219392
3737,1994635916,4850,1994640766,0,3,1,5120,0,1555607552
3738,1994851156,1518,1994852674,0,8,1,1536,0,9787744256
3739,2003716273,1518,2003717791,0,3,1,1536,0,2752835584
3740,2004102408,2470,2004104878,0,2,1,2560,0,8175448064
3741,2004435014,566,2004435580,0,8,1,512,0,5999308800
3742,2004626570,1994,2004628564,0,6,1,2048,0,7754612736
3743,2004732120,6754,2004738874,0,9,1,7168,0,3962245120
3744,2004815534,33762,2004849296,0,6,1,58880,0,8234913792
3745,2005045910,86712,2005132622,0,8,1,145408,0,5859708928
3746,2010909680,5802,2010915482,0,6,1,6144,0,9712017408
3747,2011538336,4850,2011543186,0,9,1,5120,0,8493891584
3748,2011541326,2470,2011543796,0,2,1,2560,0,8191336448
3749,2013625614,5802,2013631416,0,2,1,6144,0,8522895360
3750,2014098843,1994,2014100837,0,1,1,2048,0,3278663680
3751,2023652896,1042,2023653938,0,8,1,1024,0,4586106880
3752,2024371597,1994,2024373591,0,1,1,2048,0,9356120064
3753,2025018730,3422,2025022152,0,9,1,3584,0,2162835456
3754,2025024929,1994,2025026923,0,7,1,2048,0,1354342400
3755,2025513528,3422,2025516950,0,7,1,3584,0,1375756288
3756,2026078574,1042,2026079616,0,9,1,1024,0,1886072832
3757,2026127831,14545,2026142376,0,7,1,28160,0,1297317888
3758,2026627466,566,2026628032,0,1,1,512,0,4855762944
3759,2027148092,5196,2027153288,0,7,1,13312,0,5982973952
3760,2027374583,2870,2027377453,0,1,1,8704,0,4754419712
3761,2048765029,2946,2048767975,0,9,1,3072,0,255426560
3762,2048938355,566,2048938921,0,7,1,512,0,2549481472
3763,2049411632,12566,2049424198,0,1,1,20992,0,10219675648
3764,2049522639,3422,2049526061,0,7,1,3584,0,7506620416
3765,2049790576,566,2049791142,0,2,1,512,0,6925340672
3766,2049817388,4850,2049822238,0,7,1,5120,0,2344517632
3767,2049909580,4162,2049913742,0,7,1,11264,0,2888728576
3768,2050252416,34279,2050286695,0,7,1,59904,0,9798389760
3769,2060147546,2470,2060150016,0,2,1,2560,0,772550656
3770,2060643165,566,2060643731,0,4,1,512,0,4936503296
3771,2060986152,566,2060986718,0,1,1,512,0,9774403584
3772,2061217694,566,2061218260,0,7,1,512,0,4872695808
3773,2061245769,1518,2061247287,0,7,1,1536,0,10367856640
3774,2062168817,61382,2062230199,0,1,1,99328,0,4171051008
3775,2062341533,2946,2062344479,0,7,1,3072,0,8998526976
3776,2062804768,3387,2062808155,0,4,1,9728,0,734351360
3777,2062872117,1518,2062873635,0,7,1,1536,0,3684499456
3778,2063031336,6754,2063038090,0,7,1,7168,0,3377266688
3779,2064690436,7230,2064697666,0,7,1,7680,0,9205886976
3780,2065000351,5802,2065006153,0,4,1,6144,0,2000822272
3781,2065053797,5326,2065059123,0,4,1,5632,0,10217451520
3782,2065840056,2470,2065842526,0,1,1,2560,0,9805406208
3783,2065876264,85937,2065962201,0,4,1,143872,0,3779166208
3784,2066352046,2470,2066354516,0,4,1,2560,0,1785823232
3785,2066617383,1994,2066619377,0,4,1,2048,0,2028367872
3786,2067171658,1994,2067173652,0,1,1,2048,0,8958607360
3787,2067953140,4374,2067957514,0,4,1,4608,0,5566300160
3788,2068649179,1518,2068650697,0,7,1,1536,0,9945698304
3789,2068677848,12308,2068690156,0,1,1,20480,0,275079168
3790,2068782590,6278,2068788868,0,1,1,6656,0,4572274688
3791,2068880080,2470,2068882550,0,1,1,2560,0,10260672512
3792,2074925742,5802,2074931544,0,1,1,6144,0,9801097216
3793,2075099005,4679,2075103684,0,4,1,12288,0,7137390592
3794,2077541709,566,2077542275,0,4,1,512,0,230326272
3795,2077704186,6278,2077710464,0,7,1,6656,0,10301050880
3796,2096761964,1994,2096763958,0,7,1,2048,0,1535135744
3797,2104153445,566,2104154011,0,6,1,512,0,4416090112
3798,2104319006,3898,2104322904,0,5,1,4096,0,4360290304
3799,2104329324,566,2104329890,0,5,1,512,0,1480335360
3800,2104344471,2470,2104346941,0,5,1,2560,0,541085696
3801,2105120726,566,2105121292,0,5,1,512,0,5255757824
3802,2105255115,1994,2105257109,0,4,1,2048,0,4848111616
3803,2105438811,566,2105439377,0,4,1,512,0,4495806464
3804,2106030932,4374,2106035306,0,5,1,4608,0,5476347904
3805,2106041119,1042,2106042161,0,4,1,1024,0,7817994240
3806,2106161260,40616,2106201876,0,4,1,65536,0,9041588224
3807,2125389545,2946,2125392491,0,0,1,3072,0,7034023936
3808,2125637997,14117,2125652114,0,3,1,24064,0,1876557824
3809,2125962675,25187,2125987862,0,4,1,45568,0,2497884160
3810,2125989105,4679,2125993784,0,3,1,12288,0,7006859264
3811,2126211731,2870,2126214601,0,3,1,8704,0,1433100288
3812,2126315233,5454,2126320687,0,4,1,13824,0,318754816
3813,2127343144,2946,2127346090,0,3,1,3072,0,3753828352
3814,2127487488,10757,2127498245,0,5,1,17408,0,5107568640
3815,2127511120,1994,2127513114,0,4,1,2048,0,3900030976
3816,2128398251,35054,2128433305,0,4,1,61440,0,3194404864
3817,2128419682,5326,2128425008,0,5,1,5632,0,7264276480
3818,2128714590,566,2128715156,0,5,1,512,0,7203540992
3819,2140400826,1518,2140402344,0,5,1,1536,0,5497012224
3820,2140533060,1042,2140534102,0,8,1,1024,0,779489280
3821,2140797065,4679,2140801744,0,4,1,12288,0,1621753856
3822,2140821533,566,2140822099,0,8,1,512,0,3201114112
3823,2142417119,566,2142417685,0,3,1,512,0,8407474176
3824,2142951503,5802,2142957305,0,8,1,6144,0,4777156608
3825,2143321047,7706,2143328753,0,4,1,8192,0,4460240896
3826,2143534466,6754,2143541220,0,4,1,7168,0,504553472
3827,2143601137,2946,2143604083,0,8,1,3072,0,3528474624
3828,2143732606,84216,2143816822,0,8,1,137216,0,1461157888
3829,2143976849,40874,2144017723,0,4,1,66048,0,989597696
3830,2144346295,34367,2144380662,0,8,1,56832,0,136724480
3831,2144617773,2470,2144620243,0,4,1,2560,0,8294096896
3832,2145098324,1042,2145099366,0,8,1,1024,0,6299660288
3833,2145450296,11791,2145462087,0,4,1,19456,0,10273943552
3834,2145475959,2470,2145478429,0,1,1,2560,0,3706699776
3835,2145731678,66462,2145798140,0,1,1,112640,0,4690608128
3836,2145795777,7706,2145803483,0,3,1,8192,0,9542316032
3837,2146169055,2470,2146171525,0,8,1,2560,0,2706599936
3838,2146174762,3898,2146178660,0,4,1,4096,0,4997722112
3839,2146279870,566,2146280436,0,4,1,512,0,1825718272
3840,2146515835,1518,2146517353,0,3,1,1536,0,6471122944
3841,2146592089,2470,2146594559,0,4,1,2560,0,203923456
3842,2148317957,33503,2148351460,0,4,1,58368,0,1251467264
3843,2148464808,6278,2148471086,0,1,1,6656,0,9153257472
3844,2148734811,1994,2148736805,0,3,1,2048,0,7958167552
3845,2149050845,5326,2149056171,0,1,1,5632,0,6668902400
3846,2149067648,1042,2149068690,0,8,1,1024,0,8148283392
3847,2149165658,193783,2149359441,0,8,1,313856,0,3693662208
3848,2149293209,108679,2149401888,0,8,1,137728,0,2190864384
3849,2149639139,10241,2149649380,0,3,1,16384,0,9241759744
3850,2150823784,2946,2150826730,0,8,1,3072,0,7971782656
3851,2151422993,566,2151423559,0,1,1,512,0,670752768
3852,2162207108,3387,2162210495,0,2,1,9728,0,3712122880
3853,2162649339,6754,2162656093,0,3,1,7168,0,2264920064
3854,2167889069,1994,2167891063,0,1,1,2048,0,5116547072
3855,2168129628,1518,2168131146,0,3,1,1536,0,5258383360
3856,2168407169,3387,2168410556,0,3,1,9728,0,4203368448
3857,2168919294,5802,2168925096,0,6,1,6144,0,2894123008
3858,2169312833,566,2169313399,0,8,1,512,0,4089446400
3859,2169414534,3898,2169418432,0,3,1,4096,0,2272948224
3860,2169422846,4937,2169427783,0,4,1,12800,0,3621556224
3861,2175884426,2470,2175886896,0,4,1,2560,0,281276416
3862,2176288857,566,2176289423,0,3,1,512,0,1934569472
3863,2176907815,3898,2176911713,0,8,1,4096,0,5734170624
3864,2177010725,566,2177011291,0,6,1,512,0,3389575168
3865,2177064384,2470,2177066854,0,6,1,2560,0,8733335552
3866,2178253809,3898,2178257707,0,3,1,4096,0,7309336576
3867,2178404127,6488,2178410615,0,6,1,15872,0,4898230272
3868,2178806794,1994,2178808788,0,6,1,2048,0,9102262272
3869,2178930627,1994,2178932621,0,8,1,2048,0,2981609472
3870,2178967066,1994,2178969060,0,8,1,2048,0,10094739456
3871,2179547258,4374,2179551632,0,6,1,4608,0,9661636608
3872,2180137114,2470,2180139584,0,8,1,2560,0,5055823872
3873,2180619236,2470,2180621706,0,6,1,2560,0,1753661440
3874,2180993794,5802,2180999596,0,8,1,6144,0,8793530368
3875,2181597016,6754,2181603770,0,3,1,7168,0,2698530816
3876,2181721893,2470,2181724363,0,8,1,2560,0,9384034304
3877,2181902692,32987,2181935679,0,6,1,57344,0,6560378880
3878,2182070203,3128,2182073331,0,8,1,9216,0,4437553152
3879,2191964314,566,2191964880,0,3,1,512,0,937590784
3880,2196400583,6754,2196407337,0,6,1,7168,0,8499871744
3881,2196438987,3387,2196442374,0,8,1,9728,0,9603727360
3882,2196595398,1042,2196596440,0,8,1,1024,0,7147798528
3883,2196925393,5326,2196930719,0,8,1,5632,0,4485898240
3884,2197308062,1994,2197310056,0,8,1,2048,0,4452438016
3885,2197729934,15062,2197744996,0,8,1,29184,0,546484224
3886,2197945911,3898,2197949809,0,8,1,4096,0,8673792000
3887,2199661269,2870,2199664139,0,8,1,8704,0,8357752832
3888,2199798961,1518,2199800479,0,1,1,1536,0,2088820736
3889,2199807529,3422,2199810951,0,1,1,3584,0,8221229056
3890,2200294297,5196,2200299493,0,1,1,13312,0,2768019456
3891,2200296297,3542,2200299839,0,1,1,512,0,9832505344
3892,2200414800,566,2200415366,0,1,1,512,0,8224677888
3893,2203536111,22862,2203558973,0,1,1,40960,0,443432960
3894,2203624499,566,2203625065,0,8,1,512,0,83034112
3895,2203717320,4374,2203721694,0,8,1,4608,0,4674105344
3896,2203844970,66204,2203911174,0,8,1,112128,0,6219116544
3897,2203899543,11977,2203911520,0,8,1,512,0,4713574400
3898,2205212444,24412,2205236856,0,8,1,44032,0,5186387968
3899,2205613790,4679,2205618469,0,4,1,12288,0,6914723840
3900,2205788327,7706,2205796033,0,6,1,8192,0,1283305472
3901,2206052465,566,2206053031,0,4,1,512,0,10516287488
3902,2210061533,3128,2210064661,0,6,1,9216,0,3100188672
3903,2210083391,4850,2210088241,0,4,1,5120,0,6280224768
3904,2210468133,2470,2210470603,0,4,1,2560,0,5212065792
3905,2210560531,25962,2210586493,0,8,1,47104,0,8638476288
3906,2210974234,3422,2210977656,0,8,1,3584,0,1375825920
3907,2211276082,6278,2211282360,0,4,1,6656,0,5791522816
3908,2211814379,5326,2211819705,0,5,1,5632,0,969166848
3909,2212340567,1042,2212341609,0,8,1,1024,0,8477405184
3910,2212457701,566,2212458267,0,4,1,512,0,5035515904
3911,2212574395,34367,2212608762,0,4,1,56832,0,10115371008
3912,2212854596,2470,2212857066,0,4,1,2560,0,7095156736
3913,2214790321,106184,2214896505,0,4,0,48640,0,2572206080
3914,2216446976,105872,2216552848,0,1,0,47616,0,1471250432
3915,2216483707,54056,2216537763,0,5,0,3584,0,1103638528
3916,2216779834,89744,2216869578,0,5,0,14848,0,8089038848
3917,2217057220,47288,2217104508,0,3,0,1536,0,9649610752
3918,2217566838,99344,2217666182,0,5,0,31232,0,4721242112
3919,2217625508,54056,2217679564,0,3,0,3584,0,9430876160
3920,2217761892,118664,2217880556,0,3,0,89600,0,1558929408
3921,2217975726,74360,2218050086,0,3,0,9728,0,9838645248
3922,2218492244,113048,2218605292,0,5,0,71168,0,2629079040
3923,2218579163,104000,2218683163,0,3,0,41472,0,6317584384
3924,2218659165,55748,2218714913,0,3,0,4096,0,8047796224
3925,2218923338,52364,2218975702,0,3,0,3072,0,7607087104
3926,2220045494,101816,2220147310,0,3,0,34304,0,5226532864
3927,2221014469,106652,2221121121,0,5,0,50176,0,7864508416
3928,2222540173,62516,2222602689,0,1,0,6144,0,49557504
3929,2222655103,72668,2222727771,0,5,0,9216,0,3177406464
3930,2222699251,62516,2222761767,0,9,0,6144,0,2349973504
3931,2222763247,104000,2222867247,0,9,0,41472,0,6347476992
3932,2222792688,94376,2222887064,0,5,0,19968,0,4662329344
3933,2222854212,43904,2222898116,0,3,0,512,0,8655937536
3934,2224565346,43904,2224609250,0,5,0,512,0,6370529280
3935,2224917111,81128,2224998239,0,9,0,11776,0,5236072448
3936,2225188711,127244,2225315955,0,3,0,117760,0,6432096256
3937,2225274132,53175,2225327307,0,3,0,1536,0,2307629056
3938,2225884658,121784,2226006442,0,9,0,99840,0,3216486400
3939,2226708075,115388,2226823463,0,3,0,78848,0,6140428288
3940,2228007217,89612,2228096829,0,1,0,19456,0,10678386688
3941,2228332857,106340,2228439197,0,9,0,49152,0,6700552192
3942,2228358404,97340,2228455744,0,3,0,29696,0,8839135232
3943,2228414874,50752,2228465626,0,3,0,512,0,6220369920
3944,2228522506,43904,2228566410,0,3,0,512,0,1935265792
3945,2228830481,130988,2228961469,0,9,0,130048,0,10637979648
3946,2228868394,108212,2228976606,0,3,0,55296,0,1604280320
3947,2229250815,91460,2229342275,0,3,0,20480,0,8852066304
3948,2229380253,103220,2229483473,0,9,0,38912,0,3131781120
3949,2229649683,43904,2229693587,0,5,0,512,0,4767154176
3950,2229922454,74360,2229996814,0,9,0,9728,0,7214333952
3951,2230109765,77744,2230187509,0,1,0,10752,0,3811872768
3952,2230123068,1042,2230124110,0,5,1,1024,0,921825280
3953,2230241284,4162,2230245446,0,8,1,11264,0,5627527168
3954,2230967025,79436,2231046461,0,3,0,11264,0,3383066624
3955,2231236649,93488,2231330137,0,1,0,27136,0,8114479104
3956,2231473182,91280,2231564462,0,5,0,14848,0,2100559872
3957,2231768457,103064,2231871521,0,9,0,38400,0,4184735744
3958,2231943983,101816,2232045799,0,5,0,34304,0,10003369984
3959,2233190278,62516,2233252794,0,1,0,6144,0,7121027072
3960,2233320613,106028,2233426641,0,9,0,48128,0,8756908032
3961,2233729774,43904,2233773678,0,5,0,512,0,628531200
3962,2233924646,103532,2234028178,0,9,0,39936,0,7602765824
3963,2235064711,99032,2235163743,0,9,0,30208,0,9303535616
3964,2235067678,104936,2235172614,0,3,0,44544,0,7296696320
3965,2235121702,76580,2235198282,0,3,0,512,0,2990702592
3966,2236134010,43904,2236177914,0,3,0,512,0,3147653120
3967,2236149192,43904,2236193096,0,5,0,512,0,6133727232
3968,2236433246,45596,2236478842,0,5,0,1024,0,1457446912
3969,2236611707,116948,2236728655,0,5,0,83968,0,10244038656
3970,2236637975,145922,2236783897,0,5,0,32256,0,5271605248
3971,2236886846,201980,2237088826,0,5,0,201728,0,10543853568
3972,2237238414,43904,2237282318,0,1,0,512,0,882237440
3973,2237403121,55748,2237458869,0,5,0,4096,0,8446394368
3974,2237583848,108368,2237692216,0,5,0,55808,0,1740226560
3975,2237887869,43904,2237931773,0,3,0,512,0,4705128448
3976,2238305051,93752,2238398803,0,9,0,17920,0,5043978240
3977,2238581837,93932,2238675769,0,1,0,23552,0,7185625088
3978,2238886991,43904,2238930895,0,5,0,512,0,6026268672
3979,2239119958,117572,2239237530,0,3,0,86016,0,4754173952
3980,2239925062,43904,2239968966,0,1,0,512,0,10425823232
3981,2240129501,126620,2240256121,0,9,0,115712,0,9754546176
3982,2240203075,95780,2240298855,0,5,0,24576,0,4330618880
3983,2240249101,89498,2240338599,0,5,0,1536,0,6314971136
3984,2240326946,112736,2240439682,0,3,0,70144,0,7111041024
3985,2240361739,88364,2240450103,0,5,0,15360,0,10350129152
3986,2240769006,102284,2240871290,0,5,0,35840,0,5733629952
3987,2241232787,43904,2241276691,0,3,0,512,0,7093317632
3988,2241771777,45596,2241817373,0,9,0,1024,0,4359233536
3989,2241788677,3898,2241792575,0,4,1,4096,0,8684724224
3990,2241827095,7230,2241834325,0,8,1,7680,0,1780948992
3991,2242012719,2470,2242015189,0,8,1,2560,0,3085062144
3992,2242017484,47288,2242064772,0,5,0,1536,0,6455422976
3993,2242039494,7230,2242046724,0,1,1,7680,0,8038432768
3994,2242405680,93800,2242499480,0,3,0,28160,0,10336714752
3995,2242465286,11274,2242476560,0,1,1,18432,0,10383671296
3996,2242507079,3904,2242510983,0,8,1,10752,0,2415128576
3997,2242602124,48721,2242650845,0,1,0,512,0,7331127296
3998,2242836385,43904,2242880289,0,9,0,512,0,7486480384
3999,2243323465,566,2243324031,0,8,1,512,0,2511953920
4000,2243348620,566,2243349186,0,1,1,512,0,5796368384
4001,2243388302,72668,2243460970,0,5,0,9216,0,6478794752
4002,2243577506,4679,2243582185,0,1,1,12288,0,362590208
4003,2243910816,55748,2243966564,0,1,0,4096,0,9129545728
4004,2244252824,1518,2244254342,0,1,1,1536,0,6805610496
4005,2244316546,3898,2244320444,0,8,1,4096,0,6880866304
4006,2244775839,11533,2244787372,0,8,1,18944,0,7884607488
4007,2245348479,103376,2245451855,0,9,0,39424,0,2435887104
4008,2245702421,89588,2245792009,0,3,0,14336,0,1493663744
4009,2246535207,50672,2246585879,0,5,0,2560,0,9643327488
4010,2246547208,103064,2246650272,0,3,0,38400,0,4116516864
4011,2247081437,97628,2247179065,0,3,0,25600,0,3425193984
4012,2247479401,55748,2247535149,0,1,0,4096,0,7822217216
4013,2247632215,2946,2247635161,0,2,1,3072,0,1779249152
4014,2247717781,3422,2247721203,0,9,1,3584,0,7489691648
4015,2248057216,3898,2248061114,0,1,1,4096,0,5056073728
4016,2248060692,79713,2248140405,0,1,0,8192,0,1672777728
4017,2248081703,5802,2248087505,0,9,1,6144,0,3982266368
4018,2248493997,43904,2248537901,0,3,0,512,0,718532608
4019,2248516669,59132,2248575801,0,5,0,5120,0,8825815040
4020,2248668813,3387,2248672200,0,9,1,9728,0,5108113408
4021,2248772865,43904,2248816769,0,5,0,512,0,3999420416
4022,2248946104,1518,2248947622,0,8,1,1536,0,274739200
4023,2249083740,88988,2249172728,0,3,0,17408,0,10220961792
4024,2249430793,1994,2249432787,0,1,1,2048,0,2514808832
4025,2249463985,47288,2249511273,0,9,0,1536,0,6593970176
4026,2249566111,10499,2249576610,0,8,1,16896,0,9076056064
4027,2249600128,91016,2249691144,0,1,0,24064,0,10143375360
4028,2249677998,77744,2249755742,0,5,0,10752,0,887545856
4029,2249748630,57113,2249805743,0,8,1,97792,0,2503028736
4030,2249798920,47288,2249846208,0,1,0,1536,0,581582848
4031,2250250835,566,2250251401,0,9,1,512,0,8142688256
4032,2250402641,6278,2250408919,0,8,1,6656,0,9829916672
4033,2250507592,54056,2250561648,0,5,0,3584,0,10438459392
4034,2250575396,566,2250575962,0,1,1,512,0,6231408640
4035,2250680093,176117,2250856210,0,8,1,286208,0,2136166400
4036,2251295332,566,2251295898,0,1,1,512,0,5474156544
4037,2251363619,52364,2251415983,0,3,0,3072,0,3507068928
4038,2252267852,3898,2252271750,0,8,1,4096,0,6012796928
4039,2252434988,45596,2252480584,0,1,0,1024,0,7415910400
4040,2252482609,81128,2252563737,0,9,0,11776,0,6629654528
4041,2253169964,56079,2253226043,0,6,1,95744,0,389861376
4042,2253810915,45596,2253856511,0,9,0,1024,0,3480576000
4043,2253835777,2470,2253838247,0,9,1,2560,0,9662021632
4044,2254416015,91772,2254507787,0,5,0,21504,0,8613089280
4045,2255051231,43904,2255095135,0,3,0,512,0,9966182400
4046,2255087313,566,2255087879,0,1,1,512,0,8114597888
4047,2255332779,10241,2255343020,0,7,1,16384,0,8043921408
4048,2256000907,43904,2256044811,0,1,0,512,0,9060036608
4049,2256214982,112580,2256327562,0,5,0,69632,0,312262656
4050,2256886128,98876,2256985004,0,5,0,29696,0,3662327808
4051,2258006365,43904,2258050269,0,3,0,512,0,10291097600
4052,2260554904,125840,2260680744,0,9,0,113152,0,3116142592
4053,2262144618,3898,2262148516,0,9,1,4096,0,9095487488
4054,2262290878,43904,2262334782,0,1,0,512,0,8208318464
4055,2262376309,96980,2262473289,0,5,0,18432,0,1403830272
4056,2262471841,566,2262472407,0,7,1,512,0,7252402176
4057,2262715483,74360,2262789843,0,5,0,9728,0,2573967360
4058,2262904472,110084,2263014556,0,5,0,61440,0,9642455040
4059,2262999559,103688,2263103247,0,3,0,40448,0,444026880
4060,2263268299,7230,2263275529,0,6,1,7680,0,1828634624
4061,2264003685,566,2264004251,0,8,1,512,0,1619972096
4062,2264208176,47288,2264255464,0,5,0,1536,0,10292707328
4063,2264937302,43904,2264981206,0,3,0,512,0,9816453120
4064,2265945899,106964,2266052863,0,3,0,51200,0,9546420224
4065,2266845065,43904,2266888969,0,1,0,512,0,924151808
4066,2267654962,43904,2267698866,0,5,0,512,0,749731840
4067,2268681564,82820,2268764384,0,9,0,12288,0,9784164352
4068,2268959242,54056,2269013298,0,3,0,3584,0,8587538432
4069,2269246233,2470,2269248703,0,7,1,2560,0,10545221632
4070,2270380246,43904,2270424150,0,1,0,512,0,3532816384
4071,2270785411,79436,2270864847,0,3,0,11264,0,3935854592
4072,2270813233,43904,2270857137,0,5,0,512,0,10385190912
4073,2271383106,5802,2271388908,0,3,1,6144,0,8895614976
4074,2271426235,4420,2271430655,0,2,1,11776,0,347258880
4075,2271526006,106028,2271632034,0,5,0,48128,0,2557689856
4076,2272042098,1994,2272044092,0,2,1,2048,0,1765326848
4077,2272884993,44920,2272929913,0,8,1,77312,0,8287531008
4078,2273137028,3422,2273140450,0,6,1,3584,0,10149863424
4079,2273606226,55748,2273661974,0,9,0,4096,0,7149502464
4080,2273768794,52364,2273821158,0,3,0,3072,0,5991374848
4081,2273804507,76052,2273880559,0,0,0,10240,0,504983552
4082,2275018672,65900,2275084572,0,0,0,7168,0,6040133632
4083,2275055818,3898,2275059716,0,1,1,4096,0,6183268352
4084,2275166785,5802,2275172587,0,6,1,6144,0,9218826240
4085,2275190268,566,2275190834,0,6,1,512,0,2406592512
4086,2275306070,43904,2275349974,0,3,0,512,0,3712118784
4087,2275408569,104780,2275513349,0,5,0,44032,0,4325253120
4088,2275895846,43904,2275939750,0,5,0,512,0,6345474048
4089,2276968338,47288,2277015626,0,3,0,1536,0,4320161792
4090,2276974123,43904,2277018027,0,8,0,512,0,6508482560
4091,2277123174,2470,2277125644,0,6,1,2560,0,10494124032
4092,2277362043,6488,2277368531,0,2,1,15872,0,7016091648
4093,2277384714,16613,2277401327,0,2,1,32256,0,3299475456
4094,2277588374,5971,2277594345,0,8,1,14848,0,281411584
4095,2278049928,2470,2278052398,0,2,1,2560,0,4288458752
4096,2278441772,43904,2278485676,0,8,0,512,0,381054976
4097,2278939056,4937,2278943993,0,8,1,12800,0,526954496
4098,2279124977,47288,2279172265,0,5,0,1536,0,9529352192
4099,2279697911,4374,2279702285,0,2,1,4608,0,8918089728
4100,2280020694,47288,2280067982,0,1,0,1536,0,3262320640
4101,2280036965,77744,2280114709,0,0,0,10752,0,437264384
4102,2280202091,119132,2280321223,0,0,0,91136,0,99201024
4103,2280318990,4695,2280323685,0,0,1,2560,0,8986984448
4104,2280569371,3422,2280572793,0,3,1,3584,0,6533373952
4105,2280624013,118196,2280742209,0,0,0,88064,0,6041948160
4106,2280679985,566,2280680551,0,8,1,512,0,8087379968
4107,2280831251,101504,2280932755,0,3,0,33280,0,5741301760
4108,2280978231,566,2280978797,0,3,1,512,0,7008956416
4109,2281026754,4850,2281031604,0,8,1,5120,0,9460842496
4110,2281169149,43904,2281213053,0,5,0,512,0,9940221952
4111,2281564436,6229,2281570665,0,1,1,15360,0,1787146240
4112,2281749857,1518,2281751375,0,2,1,1536,0,1691238400
4113,2281770623,566,2281771189,0,8,1,512,0,8602025984
4114,2281857287,3422,2281860709,0,8,1,3584,0,10162388992
4115,2281943593,3904,2281947497,0,8,1,10752,0,330080256
4116,2282011312,13341,2282024653,0,0,1,22528,0,7024566272
4117,2282266635,566,2282267201,0,2,1,512,0,5955436544
4118,2282358792,97652,2282456444,0,3,0,30720,0,5893754880
4119,2282399915,12049,2282411964,0,3,1,19968,0,2095779840
4120,2282633874,1042,2282634916,0,8,1,1024,0,8368971776
4121,2283236165,47288,2283283453,0,1,0,1536,0,5212123136
4122,2284550461,81128,2284631589,0,0,0,11776,0,4174929920
4123,2284720743,43904,2284764647,0,5,0,512,0,9676627968
4124,2284889751,108212,2284997963,0,9,0,55296,0,9304793088
4125,2284923958,84512,2285008470,0,5,0,12800,0,3130105856
4126,2285867959,102908,2285970867,0,5,0,37888,0,1901563904
4127,2286275620,48980,2286324600,0,9,0,2048,0,7414292480
4128,2286637096,43904,2286681000,0,8,0,512,0,10270744576
4129,2286727751,69284,2286797035,0,9,0,8192,0,4427157504
4130,2286835161,43904,2286879065,0,9,0,512,0,3952365568
4131,2287363021,48980,2287412001,0,6,0,2048,0,10481991680
4132,2287565259,43904,2287609163,0,1,0,512,0,3585699840
4133,2287685499,43904,2287729403,0,8,0,512,0,2459209728
4134,2288017860,45596,2288063456,0,9,0,1024,0,2469376000
4135,2289993615,74360,2290067975,0,8,0,9728,0,10324627456
4136,2290388248,109616,2290497864,0,3,0,59904,0,8326385664
4137,2291741939,48980,2291790919,0,1,0,2048,0,7600738304
4138,2291827127,43904,2291871031,0,5,0,512,0,6149832704
4139,2292346712,3422,2292350134,0,0,1,3584,0,5700296704
4140,2292460653,2946,2292463599,0,6,1,3072,0,214081536
4141,2292488004,93776,2292581780,0,9,0,23040,0,7828996096
4142,2292791148,3387,2292794535,0,3,1,9728,0,9835311104
4143,2293598347,4420,2293602767,0,6,1,11776,0,9327767552
4144,2293729301,24242,2293753543,0,2,1,40448,0,7175753728
4145,2293803217,93752,2293896969,0,5,0,17920,0,5708476416
4146,2293948305,2470,2293950775,0,8,1,2560,0,8839110656
4147,2294975959,3645,2294979604,0,1,1,10240,0,7177437184
4148,2295142453,3128,2295145581,0,2,1,9216,0,6358212608
4149,2295738294,89588,2295827882,0,0,0,14336,0,3229519872
4150,2295789640,52364,2295842004,0,6,0,3072,0,1738878976
4151,2295821533,1994,2295823527,0,3,1,2048,0,5230759936
4152,2295894904,23208,2295918112,0,8,1,38400,0,4625133568
4153,2295922987,107744,2296030731,0,6,0,53760,0,4778496000
4154,2296697188,4937,2296702125,0,2,1,12800,0,266395648
4155,2296832971,566,2296833537,0,8,1,512,0,10121785344
4156,2297573176,47288,2297620464,0,3,0,1536,0,3706978304
4157,2298079754,4679,2298084433,0,8,1,12288,0,8637194240
4158,2298231523,3645,2298235168,0,6,1,10240,0,1810526208
4159,2298445469,4850,2298450319,0,3,1,5120,0,8012967936
4160,2299143237,3387,2299146624,0,6,1,9728,0,7754661888
4161,2299157555,6229,2299163784,0,2,1,15360,0,2227335168
4162,2299224699,566,2299225265,0,3,1,512,0,8375685120
4163,2299233235,106652,2299339887,0,6,0,50176,0,4126715904
4164,2299346159,79436,2299425595,0,9,0,11264,0,8410185728
4165,2301671981,112736,2301784717,0,9,0,70144,0,7413915648
4166,2302424718,95492,2302520210,0,1,0,28672,0,7485956096
4167,2302458192,106340,2302564532,0,5,0,49152,0,10401452032
4168,2303017584,43904,2303061488,0,5,0,512,0,8042602496
4169,2303504135,57440,2303561575,0,8,0,4608,0,9249591296
4170,2303846331,43904,2303890235,0,3,0,512,0,10084749312
4171,2303873771,92240,2303966011,0,1,0,23040,0,8537505792
4172,2304122399,97604,2304220003,0,1,0,20480,0,957513728
4173,2305984769,3387,2305988156,0,2,1,9728,0,4394471424
4174,2306180993,1042,2306182035,0,1,1,1024,0,8645226496
4175,2306611530,3904,2306615434,0,3,1,10752,0,8651235328
4176,2306696759,566,2306697325,0,1,1,512,0,7181258752
4177,2306970074,48980,2307019054,0,5,0,2048,0,980103168
4178,2306984718,97604,2307082322,0,6,0,20480,0,1987026944
4179,2307469809,2946,2307472755,0,1,1,3072,0,2867548160
4180,2307519313,43370,2307562683,0,3,1,74240,0,5098164224
4181,2307545829,1994,2307547823,0,6,1,2048,0,5897031680
4182,2307599754,23983,2307623737,0,6,1,39936,0,773963776
4183,2308573226,43904,2308617130,0,6,0,512,0,3698114560
4184,2308696367,43904,2308740271,0,0,0,512,0,5492482048
4185,2309723785,43904,2309767689,0,0,0,512,0,9374941184
4186,2309774691,91328,2309866019,0,3,0,25088,0,10144264192
4187,2309820010,81128,2309901138,0,1,0,11776,0,6519619584
4188,2309880769,93440,2309974209,0,8,0,16896,0,5593645056
4189,2309899840,43904,2309943744,0,3,0,512,0,5732970496
4190,2311334453,65900,2311400353,0,1,0,7168,0,5457334272
4191,2311519191,93488,2311612679,0,3,0,27136,0,8470716416
4192,2311901301,43904,2311945205,0,8,0,512,0,911937536
4193,2312696341,262688,2312959029,0,3,0,274944,0,3305893888
4194,2312882184,43904,2312926088,0,8,0,512,0,4930211840
4195,2313270235,94064,2313364299,0,8,0,18944,0,4949000192
4196,2313452223,57113,2313509336,0,3,1,97792,0,7731257344
4197,2314034758,92684,2314127442,0,9,0,19456,0,6337204224
4198,2314092670,43904,2314136574,0,0,0,512,0,156274688
4199,2314161590,109460,2314271050,0,8,0,59392,0,2117545984
4200,2314393326,4374,2314397700,0,8,1,4608,0,2498555904
4201,2314412114,1518,2314413632,0,6,1,1536,0,5536206848
4202,2314481466,3422,2314484888,0,6,1,3584,0,7532503040
4203,2314519220,101972,2314621192,0,3,0,34816,0,1249902592
4204,2314696683,65900,2314762583,0,0,0,7168,0,6865338368
4205,2315699937,105248,2315805185,0,8,0,45568,0,9916219392
4206,2315906179,89588,2315995767,0,0,0,14336,0,8866893824
4207,2316058369,110864,2316169233,0,6,0,64000,0,3837059072
4208,2316673429,43904,2316717333,0,3,0,512,0,2891669504
4209,2317428672,94064,2317522736,0,0,0,18944,0,4424331264
4210,2317767330,43904,2317811234,0,1,0,512,0,7312900096
4211,2318165821,43904,2318209725,0,6,0,512,0,8918446080
4212,2318385854,92972,2318478826,0,9,0,15360,0,2045333504
4213,2318492905,43904,2318536809,0,1,0,512,0,7830425600
4214,2318530811,109928,2318640739,0,9,0,60928,0,3729510400
4215,2320674250,95804,2320770054,0,1,0,29696,0,6460882944
4216,2320680308,94844,2320775152,0,6,0,21504,0,5283598336
4217,2321058013,105716,2321163729,0,9,0,47104,0,6405296128
4218,2321103456,43904,2321147360,0,6,0,512,0,1481580544
4219,2321968494,84512,2322053006,0,6,0,12800,0,1307009024
4220,2322091159,99008,2322190167,0,3,0,25088,0,1177128960
4221,2322361425,125996,2322487421,0,8,0,113664,0,6000152576
4222,2322604628,86204,2322690832,0,3,0,13312,0,7982440448
4223,2323089827,43904,2323133731,0,0,0,512,0,4855836672
4224,2323656846,566,2323657412,0,6,1,512,0,9114890240
4225,2323772524,1994,2323774518,0,1,1,2048,0,10329669632
4226,2323841349,128024,2323969373,0,9,0,120320,0,6474395648
4227,2323842641,1042,2323843683,0,7,1,1024,0,5536792576
4228,2323869349,14117,2323883466,0,7,1,24064,0,9040715776
4229,2323956246,3422,2323959668,0,1,1,3584,0,2978295808
4230,2324157935,5802,2324163737,0,7,1,6144,0,2087251968
4231,2324236421,43904,2324280325,0,8,0,512,0,385372160
4232,2324386978,57566,2324444544,0,3,0,4608,0,107106304
4233,2324407124,92528,2324499652,0,3,0,18944,0,7068712960
4234,2324931510,98384,2325029894,0,3,0,23040,0,287309824
4235,2325141936,98876,2325240812,0,5,0,29696,0,3361771520
4236,2325200826,45596,2325246422,0,0,0,1024,0,9319448576
4237,2326254752,101192,2326355944,0,0,0,32256,0,1892536320
4238,2326487792,1518,2326489310,0,1,1,1536,0,9015296000
4239,2326507773,43904,2326551677,0,8,0,512,0,8388100096
4240,2326735201,87896,2326823097,0,5,0,13824,0,7716892672
4241,2326837987,43904,2326881891,0,6,0,512,0,1714626560
4242,2326880457,45126,2326925583,0,6,0,512,0,10319794176
4243,2327575852,1994,2327577846,0,7,1,2048,0,6322503680
4244,2327603454,566,2327604020,0,8,1,512,0,2327146496
4245,2328079210,566,2328079776,0,8,1,512,0,5615489024
4246,2329234560,79436,2329313996,0,6,0,11264,0,9729204224
4247,2329589540,566,2329590106,0,8,1,512,0,1105596416
4248,2329662826,5454,2329668280,0,9,1,13824,0,4971151360
4249,2329776266,45596,2329821862,0,8,0,1024,0,676077568
4250,2330978336,102752,2331081088,0,5,0,37376,0,1402163200
4251,2331413473,55748,2331469221,0,9,0,4096,0,1588383744
4252,2332556315,43904,2332600219,0,3,0,512,0,7353143296
4253,2333726375,62516,2333788891,0,9,0,6144,0,279703552
4254,2334197925,92084,2334290009,0,8,0,22528,0,9686700032
4255,2334513108,43904,2334557012,0,0,0,512,0,4807139328
4256,2334611188,96092,2334707280,0,8,0,25600,0,4338061312
4257,2335308347,107276,2335415623,0,1,0,52224,0,9830543360
4258,2335534838,2946,2335537784,0,9,1,3072,0,6268751872
4259,2335584962,43904,2335628866,0,0,0,512,0,544894976
4260,2335767703,43904,2335811607,0,8,0,512,0,7750488064
4261,2335961746,43904,2336005650,0,3,0,512,0,8953565184
4262,2337300587,43904,2337344491,0,5,0,512,0,3579924480
4263,2337405100,43904,2337449004,0,8,0,512,0,10622840832
4264,2337998463,43904,2338042367,0,0,0,512,0,4414033920
4265,2338962530,43904,2339006434,0,3,0,512,0,8509132800
4266,2339317458,43904,2339361362,0,8,0,512,0,8630816768
4267,2339556529,43904,2339600433,0,9,0,512,0,1770545152
4268,2339668402,102752,2339771154,0,1,0,37376,0,2262700032
4269,2340602322,118820,2340721142,0,8,0,90112,0,628002816
4270,2341637231,47288,2341684519,0,1,0,1536,0,5971705856
4271,2342246511,45596,2342292107,0,9,0,1024,0,4474929152
4272,2342330071,43904,2342373975,0,0,0,512,0,4575535104
4273,2342846964,93284,2342940248,0,0,0,16384,0,4848689152
4274,2343290752,45596,2343336348,0,6,0,1024,0,1390616576
4275,2343734807,111332,2343846139,0,3,0,65536,0,5214064640
4276,2344532022,43904,2344575926,0,9,0,512,0,4162801664
4277,2345111891,101660,2345213551,0,0,0,33792,0,3049246720
4278,2347540678,3387,2347544065,0,7,1,9728,0,6303563776
4279,2348461865,2470,2348464335,0,8,1,2560,0,9441697792
4280,2348943027,24412,2348967439,0,1,1,44032,0,8563855360
4281,2349244743,2946,2349247689,0,4,1,3072,0,170266624
4282,2351390799,20366,2351411165,0,4,1,32768,0,10127994880
4283,2351455891,2470,2351458361,0,1,1,2560,0,967901184
4284,2351805275,1042,2351806317,0,1,1,1024,0,8142917632
4285,2352218034,5326,2352223360,0,8,1,5632,0,363216896
4286,2354366310,52364,2354418674,0,5,0,3072,0,5361643520
4287,2354395099,99344,2354494443,0,8,0,31232,0,3960680448
4288,2354539776,112424,2354652200,0,8,0,69120,0,294920192
4289,2355140190,97316,2355237506,0,6,0,24576,0,2115215360
4290,2356302653,45596,2356348249,0,3,0,1024,0,1737347072
4291,2357258762,45596,2357304358,0,8,0,1024,0,4021948416
4292,2357807301,2470,2357809771,0,1,1,2560,0,5487869952
4293,2358646516,43904,2358690420,0,1,0,512,0,5339344896
4294,2358799585,43904,2358843489,0,0,0,512,0,7956426752
4295,2358865052,57440,2358922492,0,0,0,4608,0,8994848768
4296,2360451138,111956,2360563094,0,9,0,67584,0,3445833728
4297,2360490613,112268,2360602881,0,0,0,68608,0,3534811136
4298,2362233750,102440,2362336190,0,6,0,36352,0,217042944
4299,2362245877,2470,2362248347,0,8,1,2560,0,7806304256
4300,2363098834,5454,2363104288,0,4,1,13824,0,10293088256
4301,2363274911,5326,2363280237,0,3,1,5632,0,8286085120
4302,2363528974,97004,2363625978,0,0,0,23552,0,2116575232
4303,2364041676,104468,2364146144,0,8,0,43008,0,517505024
4304,2364338851,2946,2364341797,0,3,1,3072,0,4792008704
4305,2364505304,3898,2364509202,0,2,1,4096,0,2462138368
4306,2364667494,43904,2364711398,0,3,0,512,0,756568064
4307,2365000655,2470,2365003125,0,2,1,2560,0,3253047296
4308,2365381775,43904,2365425679,0,1,0,512,0,7427936256
4309,2365385240,1994,2365387234,0,4,1,2048,0,9086201856
4310,2365664399,2946,2365667345,0,4,1,3072,0,9615314944
4311,2365871922,5196,2365877118,0,2,1,13312,0,10016649216
4312,2365922088,3645,2365925733,0,2,1,10240,0,677703680
4313,2366194822,566,2366195388,0,3,1,512,0,8009105408
4314,2366879892,123032,2367002924,0,8,0,103936,0,3608297472
4315,2367076671,102752,2367179423,0,3,0,37376,0,8430551040
4316,2367140825,43904,2367184729,0,0,0,512,0,8180809728
4317,2367187268,93932,2367281200,0,0,0,23552,0,7052734464
4318,2367305720,3645,2367309365,0,4,1,10240,0,9884803072
4319,2367460840,2470,2367463310,0,2,1,2560,0,1718816768
4320,2368007822,7230,2368015052,0,2,1,7680,0,59080704
4321,2368561484,1994,2368563478,0,3,1,2048,0,10042957824
4322,2368575679,43904,2368619583,0,3,0,512,0,9503473664
4323,2368731592,98696,2368830288,0,0,0,24064,0,1023266816
4324,2369080790,1994,2369082784,0,9,1,2048,0,4058234880
4325,2369081745,566,2369082311,0,2,1,512,0,3919876096
4326,2369402642,64137,2369466779,0,2,1,108032,0,3176472576
4327,2369711646,106496,2369818142,0,9,0,49664,0,1564332032
4328,2369712925,2470,2369715395,0,0,1,2560,0,3582533632
4329,2369896817,566,2369897383,0,3,1,512,0,2023309312
4330,2370160406,94220,2370254626,0,0,0,19456,0,5077798912
4331,2370181065,3422,2370184487,0,3,1,3584,0,6100258816
4332,2370409320,1994,2370411314,0,0,1,2048,0,5337190400
4333,2370841267,3904,2370845171,0,2,1,10752,0,7042818048
4334,2371010376,6278,2371016654,0,9,1,6656,0,5314084864
4335,2371105640,1518,2371107158,0,4,1,1536,0,7818526720
4336,2371698874,93908,2371792782,0,1,0,18432,0,5312598016
4337,2371720745,95912,2371816657,0,6,0,19968,0,3569561600
4338,2372417423,59132,2372476555,0,6,0,5120,0,7934849024
4339,2372541230,43904,2372585134,0,0,0,512,0,9291882496
4340,2372655514,105248,2372760762,0,0,0,45568,0,7976062976
4341,2373534342,97316,2373631658,0,0,0,24576,0,3726831616
4342,2373832318,104624,2373936942,0,8,0,43520,0,3046268928
4343,2373912638,103688,2374016326,0,6,0,40448,0,2501500928
4344,2374116639,3422,2374120061,0,4,1,3584,0,7161544704
4345,2374133403,112892,2374246295,0,9,0,70656,0,9960574976
4346,2374540197,43904,2374584101,0,6,0,512,0,1142435840
4347,2374856110,94976,2374951086,0,9,0,16896,0,3155107840
4348,2374924518,14029,2374938547,0,0,1,27136,0,2999173120
4349,2375176621,47288,2375223909,0,8,0,1536,0,5882716160
4350,2375206377,43904,2375250281,0,3,0,512,0,5078818816
4351,2376001366,43904,2376045270,0,3,0,512,0,4356976640
4352,2376003600,45596,2376049196,0,6,0,1024,0,8332906496
4353,2376627470,54056,2376681526,0,6,0,3584,0,1632194560
4354,2377393115,107588,2377500703,0,9,0,53248,0,2698145792
4355,2377560250,45596,2377605846,0,8,0,1024,0,1870336000
4356,2377586250,43904,2377630154,0,0,0,512,0,9699938304
4357,2378415279,47288,2378462567,0,0,0,1536,0,5082062848
4358,2378534093,55748,2378589841,0,1,0,4096,0,75161600
4359,2378669070,115700,2378784770,0,8,0,79872,0,1416515584
4360,2378758440,45596,2378804036,0,1,0,1024,0,1407053824
4361,2379841537,52364,2379893901,0,1,0,3072,0,8535478272
4362,2379963001,43904,2380006905,0,8,0,512,0,8082395136
4363,2380051876,86204,2380138080,0,8,0,13312,0,2688778240
4364,2380155975,101504,2380257479,0,6,0,33280,0,9866706944
4365,2380577927,43904,2380621831,0,8,0,512,0,6643146752
4366,2381667907,57440,2381725347,0,3,0,4608,0,1066643456
4367,2381960639,89744,2382050383,0,6,0,14848,0,9950703616
4368,2382529429,43904,2382573333,0,9,0,512,0,3886645248
4369,2383766360,2946,2383769306,0,3,1,3072,0,10101805056
4370,2383786579,54056,2383840635,0,6,0,3584,0,2426368000
4371,2384098590,11016,2384109606,0,9,1,17920,0,6398234624
4372,2384183223,12566,2384195789,0,2,1,20992,0,10607009792
4373,2384507846,566,2384508412,0,2,1,512,0,4057337856
4374,2384736803,43887,2384780690,0,5,1,75264,0,5193527296
4375,2385257902,47288,2385305190,0,0,0,1536,0,9776140288
4376,2385791511,119912,2385911423,0,8,0,93696,0,2654687232
4377,2386644687,70976,2386715663,0,9,0,8704,0,1503485952
4378,2387240408,125996,2387366404,0,1,0,113664,0,7361495040
4379,2387445664,110864,2387556528,0,8,0,64000,0,8432910336
4380,2388181289,43904,2388225193,0,3,0,512,0,2744188928
4381,2389052764,45596,2389098360,0,8,0,1024,0,2422480896
4382,2389753846,43904,2389797750,0,1,0,512,0,5122924544
4383,2389792137,103064,2389895201,0,9,0,38400,0,8575025152
4384,2390107498,109772,2390217270,0,6,0,60416,0,8313819136
4385,2391611877,62516,2391674393,0,9,0,6144,0,10607181824
4386,2391710008,4850,2391714858,0,9,1,5120,0,5065093120
4387,2392138991,43904,2392182895,0,3,0,512,0,1495785472
4388,2392305644,74608,2392380252,0,8,1,121856,0,7138529280
4389,2392382165,5802,2392387967,0,5,1,6144,0,8881291264
4390,2392420425,40616,2392461041,0,5,1,65536,0,6548393984
4391,2392768183,566,2392768749,0,2,1,512,0,7237808128
4392,2393113797,3422,2393117219,0,5,1,3584,0,522559488
4393,2393595252,48980,2393644232,0,0,0,2048,0,1164460032
4394,2393998655,45596,2394044251,0,6,0,1024,0,4068143104
4395,2394360683,43904,2394404587,0,8,0,512,0,1892433920
4396,2394425659,95780,2394521439,0,1,0,24576,0,5534576640
4397,2394706287,43904,2394750191,0,1,0,512,0,6731489280
4398,2395114977,43904,2395158881,0,6,0,512,0,1673547776
4399,2397872579,43904,2397916483,0,3,0,512,0,4529876992
4400,2397883799,43904,2397927703,0,8,0,512,0,4644564992
4401,2398545678,90056,2398635734,0,8,0,15872,0,8503152640
4402,2400427230,48980,2400476210,0,1,0,2048,0,9147224064
4403,2400691071,101660,2400792731,0,6,0,33792,0,7218352128
4404,2400784816,51811,2400836627,0,6,0,512,0,3813863424
4405,2402222445,47288,2402269733,0,8,0,1536,0,7286185984
4406,2403034728,45596,2403080324,0,6,0,1024,0,8593293312
4407,2403318476,117104,2403435580,0,9,0,84480,0,7792599040
4408,2404051427,114452,2404165879,0,0,0,75776,0,2225455104
4409,2404588967,101504,2404690471,0,9,0,33280,0,3576750080
4410,2405534037,126464,2405660501,0,6,0,115200,0,8476700672
4411,2406969284,190904,2407160188,0,9,0,165376,0,70717440
4412,2407694624,43904,2407738528,0,0,0,512,0,1534615552
4413,2408111300,106340,2408217640,0,1,0,49152,0,7604846592
4414,2408578521,114140,2408692661,0,8,0,74752,0,8871849984
4415,2408629973,4420,2408634393,0,0,1,11776,0,6933381120
4416,2408867796,1994,2408869790,0,6,1,2048,0,8493150208
4417,2408898559,84512,2408983071,0,0,0,12800,0,8180756480
4418,2408912086,95936,2409008022,0,1,0,25088,0,5091094528
4419,2408931317,7706,2408939023,0,2,1,8192,0,6749974528
4420,2409048951,91460,2409140411,0,1,0,20480,0,8163143680
4421,2409165332,87896,2409253228,0,5,0,13824,0,10499284992
4422,2409241238,64208,2409305446,0,6,0,6656,0,4259713024
4423,2409336636,43904,2409380540,0,1,0,512,0,2913218560
4424,2409391698,48980,2409440678,0,6,0,2048,0,2060296192
4425,2420094886,5802,2420100688,0,8,1,6144,0,6595035136
4426,2420870105,4374,2420874479,0,5,1,4608,0,4672212992
4427,2421149837,1518,2421151355,0,2,1,1536,0,10579922944
4428,2421711476,2870,2421714346,0,1,1,8704,0,3290263552
4429,2421771259,4850,2421776109,0,6,1,5120,0,8665022464
4430,2423569043,1042,2423570085,0,6,1,1024,0,4290015232
4431,2423613370,1518,2423614888,0,2,1,1536,0,155365376
4432,2423714650,1042,2423715692,0,2,1,1024,0,7294648320
4433,2427103218,97604,2427200822,0,8,0,20480,0,560869376
4434,2427167216,106652,2427273868,0,5,0,50176,0,6303772672
4435,2427365105,3898,2427369003,0,2,1,4096,0,856350720
4436,2427588218,67592,2427655810,0,6,0,7680,0,1283633152
4437,2427613028,566,2427613594,0,1,1,512,0,6403829760
4438,2427656817,2470,2427659287,0,5,1,2560,0,3653341184
4439,2427844478,3904,2427848382,0,5,1,10752,0,1231093760
4440,2428003159,1042,2428004201,0,1,1,1024,0,7255408640
4441,2429313261,47288,2429360549,0,5,0,1536,0,7099478016
4442,2429452473,96380,2429548853,0,1,0,21504,0,2011574272
4443,2429476488,79436,2429555924,0,0,0,11264,0,6389129216
4444,2430091878,94820,2430186698,0,0,0,16384,0,3147468800
4445,2430623843,45596,2430669439,0,3,0,1024,0,10435682304
4446,2430903288,288884,2431192172,0,1,0,325632,0,6445686784
4447,2431430032,98696,2431528728,0,9,0,24064,0,6238208
4448,2431792580,43904,2431836484,0,6,0,512,0,8144564224
4449,2433383372,52364,2433435736,0,1,0,3072,0,2061549568
4450,2433699082,4374,2433703456,0,5,1,4608,0,2993307648
4451,2433758910,12049,2433770959,0,1,1,19968,0,3119452160
4452,2433880513,52364,2433932877,0,3,0,3072,0,10058797056
4453,2433923646,55821,2433979467,0,1,1,95232,0,9383305216
4454,2434006909,103532,2434110441,0,0,0,39936,0,9263468544
4455,2434064948,2946,2434067894,0,1,1,3072,0,6845329408
4456,2434108212,105716,2434213928,0,6,0,47104,0,3096420352
4457,2434408097,2470,2434410567,0,1,1,2560,0,5816578048
4458,2434416005,5196,2434421201,0,1,1,13312,0,9172344832
4459,2434425701,6754,2434432455,0,1,1,7168,0,5606150144
4460,2434451963,47288,2434499251,0,0,0,1536,0,7343968256
4461,2434600123,1994,2434602117,0,1,1,2048,0,3247747072
4462,2434910025,566,2434910591,0,4,1,512,0,7411052544
4463,2434942393,90524,2435032917,0,6,0,17408,0,8121344000
4464,2434965745,96848,2435062593,0,9,0,23040,0,2608508928
4465,2435168542,43904,2435212446,0,9,0,512,0,8918757376
4466,2435182425,3645,2435186070,0,1,1,10240,0,9523613696
4467,2435494446,3904,2435498350,0,6,1,10752,0,7651852288
4468,2435698818,43904,2435742722,0,3,0,512,0,9934991360
4469,2435706961,1994,2435708955,0,4,1,2048,0,8963919872
4470,2435709091,4679,2435713770,0,1,1,12288,0,1460002816
4471,2435874417,566,2435874983,0,1,1,512,0,1087512576
4472,2436387183,59132,2436446315,0,9,0,5120,0,3826585600
4473,2436577859,104780,2436682639,0,0,0,44032,0,8589094912
4474,2436608341,94664,2436703005,0,6,0,15872,0,3464683520
4475,2436683755,5326,2436689081,0,6,1,5632,0,1950318592
4476,2436756140,1994,2436758134,0,1,1,2048,0,5900775424
4477,2437129754,2470,2437132224,0,4,1,2560,0,6452203520
4478,2437798221,1518,2437799739,0,1,1,1536,0,3692998656
4479,2437996966,3898,2438000864,0,4,1,4096,0,4253622272
4480,2438035185,2946,2438038131,0,4,1,3072,0,1062879232
4481,2438094689,6754,2438101443,0,4,1,7168,0,3655892992
4482,2438753077,101504,2438854581,0,0,0,33280,0,9949986816
4483,2441146478,79436,2441225914,0,6,0,11264,0,5247004672
4484,2441959204,98696,2442057900,0,3,0,24064,0,1550393344
4485,2442046125,86204,2442132329,0,5,0,13312,0,2090328064
4486,2442070446,91517,2442161963,0,5,0,3584,0,2775212032
4487,2442608948,43904,2442652852,0,9,0,512,0,7193108480
4488,2442918851,95468,2443014319,0,5,0,23552,0,5155332096
4489,2443389088,43904,2443432992,0,1,0,512,0,5927989248
4490,2444066248,43904,2444110152,0,5,0,512,0,6642720768
4491,2444352434,43904,2444396338,0,9,0,512,0,4947607552
4492,2444778802,57440,2444836242,0,3,0,4608,0,7243337728
4493,2444874623,45596,2444920219,0,1,0,1024,0,6691307520
4494,2448938023,5326,2448943349,0,6,1,5632,0,4739866624
4495,2449001349,3898,2449005247,0,4,1,4096,0,1740554240
4496,2449140262,5326,2449145588,0,1,1,5632,0,1128235008
4497,2449325359,6754,2449332113,0,4,1,7168,0,7984267264
4498,2450038094,6754,2450044848,0,1,1,7168,0,4800602112
4499,2450780139,566,2450780705,0,4,1,512,0,1508777984
4500,2451254587,3128,2451257715,0,1,1,9216,0,9765384192
4501,2451668734,1994,2451670728,0,2,1,2048,0,9579184128
4502,2451728881,4374,2451733255,0,4,1,4608,0,5544022016
4503,2451740340,4850,2451745190,0,4,1,5120,0,3395219456
4504,2452579250,13083,2452592333,0,4,1,22016,0,4375228416
4505,2453323845,566,2453324411,0,2,1,512,0,4014145536
4506,2458985106,566,2458985672,0,1,1,512,0,4551299072
4507,2459333945,1994,2459335939,0,7,1,2048,0,4855291904
4508,2459955024,1042,2459956066,0,7,1,1024,0,5128982528
4509,2459957981,2946,2459960927,0,4,1,3072,0,7239917568
4510,2459981615,1042,2459982657,0,4,1,1024,0,9051111424
4511,2460271642,566,2460272208,0,4,1,512,0,9691840512
4512,2461332515,1994,2461334509,0,2,1,2048,0,4688601088
4513,2461704604,566,2461705170,0,4,1,512,0,7190900736
4514,2461741444,566,2461742010,0,7,1,512,0,7453708288
4515,2462026519,4850,2462031369,0,7,1,5120,0,1321349120
4516,2462149449,3422,2462152871,0,4,1,3584,0,2652045312
4517,2462297956,4850,2462302806,0,7,1,5120,0,2402881536
4518,2463428201,13600,2463441801,0,4,1,23040,0,1710215168
4519,2463848120,2870,2463850990,0,7,1,8704,0,7714295808
4520,2465540270,566,2465540836,0,9,1,512,0,72536064
4521,2466673346,3422,2466676768,0,2,1,3584,0,2828570624
4522,2466973394,566,2466973960,0,7,1,512,0,1143586816
4523,2467441262,1994,2467443256,0,5,1,2048,0,6452895744
4524,2467453880,15579,2467469459,0,7,1,30208,0,1914384384
4525,2467613768,30491,2467644259,0,7,1,49152,0,2020864000
4526,2467695600,1518,2467697118,0,7,1,1536,0,9091276800
4527,2468222565,2470,2468225035,0,7,1,2560,0,9365983232
4528,2468448396,5454,2468453850,0,4,1,13824,0,5600145408
4529,2468624578,2946,2468627524,0,5,1,3072,0,2383003648
4530,2468827570,1518,2468829088,0,4,1,1536,0,8178634752
4531,2469030030,1518,2469031548,0,5,1,1536,0,6811877376
4532,2469703940,5712,2469709652,0,4,1,14336,0,8727470080
4533,2469744342,3898,2469748240,0,2,1,4096,0,2573250560
4534,2472617926,566,2472618492,0,7,1,512,0,4506652672
4535,2472836489,1518,2472838007,0,2,1,1536,0,4968886272
4536,2473053450,5802,2473059252,0,5,1,6144,0,1273004032
4537,2473674828,12566,2473687394,0,2,1,20992,0,6878961664
4538,2479003624,52808,2479056432,0,5,1,86016,0,1214701568
4539,2479786994,1518,2479788512,0,3,1,1536,0,1284071424
4540,2480010034,4374,2480014408,0,9,1,4608,0,3829239808
4541,2480419644,6754,2480426398,0,4,1,7168,0,757551104
4542,2480623629,7230,2480630859,0,9,1,7680,0,877088768
4543,2480714853,566,2480715419,0,2,1,512,0,2433482752
4544,2480771247,3898,2480775145,0,2,1,4096,0,9196888064
4545,2480912047,4850,2480916897,0,9,1,5120,0,6343397376
4546,2480912509,2470,2480914979,0,2,1,2560,0,7378366464
4547,2480932681,566,2480933247,0,2,1,512,0,7178313728
4548,2480983892,5326,2480989218,0,2,1,5632,0,1060040704
4549,2481039337,1994,2481041331,0,4,1,2048,0,3124047872
4550,2481048608,566,2481049174,0,2,1,512,0,8178728960
4551,2481600349,566,2481600915,0,2,1,512,0,4981440512
4552,2481604991,566,2481605557,0,4,1,512,0,2471972864
4553,2481669656,4420,2481674076,0,4,1,11776,0,8683036672
4554,2482147714,1518,2482149232,0,9,1,1536,0,7467053056
4555,2482420733,4420,2482425153,0,3,1,11776,0,7513145344
4556,2482670992,7706,2482678698,0,4,1,8192,0,3231027200
4557,2483016903,5326,2483022229,0,4,1,5632,0,5013315584
4558,2483017820,566,2483018386,0,3,1,512,0,6617157632
4559,2483046707,3898,2483050605,0,3,1,4096,0,8494989312
4560,2483050410,1042,2483051452,0,3,1,1024,0,795557888
4561,2483268897,1994,2483270891,0,3,1,2048,0,8766382080
4562,2483320984,566,2483321550,0,9,1,512,0,6679527424
4563,2483752605,566,2483753171,0,9,1,512,0,5621170176
4564,2484724837,3422,2484728259,0,2,1,3584,0,7063818240
4565,2484804215,3904,2484808119,0,3,1,10752,0,453857280
4566,2485180521,2946,2485183467,0,3,1,3072,0,8593014784
4567,2486025416,23983,2486049399,0,4,1,39936,0,6877990912
4568,2486366029,1042,2486367071,0,9,1,1024,0,8519118848
4569,2486636994,52549,2486689543,0,3,1,85504,0,8866185216
4570,2486910596,6278,2486916874,0,3,1,6656,0,5617442816
4571,2486922353,11791,2486934144,0,9,1,19456,0,3332829184
4572,2487704999,6754,2487711753,0,9,1,7168,0,10652774400
4573,2492865353,15579,2492880932,0,4,1,30208,0,7273037824
4574,2493176034,2946,2493178980,0,2,1,3072,0,6433447936
4575,2493425620,4374,2493429994,0,3,1,4608,0,10497605632
4576,2493450239,5326,2493455565,0,1,1,5632,0,9115488256
4577,2494497376,3898,2494501274,0,1,1,4096,0,3572879360
4578,2495015905,2946,2495018851,0,7,1,3072,0,3676651520
4579,2495524717,7230,2495531947,0,2,1,7680,0,6976765952
4580,2495893630,2870,2495896500,0,3,1,8704,0,5085499392
4581,2497439116,5326,2497444442,0,9,1,5632,0,7248695296
4582,2497671833,2470,2497674303,0,3,1,2560,0,6112784384
4583,2497758094,1042,2497759136,0,7,1,1024,0,6408871936
4584,2497896043,3128,2497899171,0,2,1,9216,0,6290255872
4585,2498131339,2470,2498133809,0,7,1,2560,0,5399400448
4586,2498801325,3898,2498805223,0,3,1,4096,0,7978647552
4587,2498825272,6278,2498831550,0,2,1,6656,0,8255713280
4588,2498905159,5712,2498910871,0,2,1,14336,0,8385245184
4589,2499055119,1994,2499057113,0,8,1,2048,0,3742343168
4590,2499803683,23466,2499827149,0,2,1,38912,0,3983183872
4591,2500080006,2470,2500082476,0,7,1,2560,0,10585534464
4592,2501275565,4850,2501280415,0,1,1,5120,0,1640062976
4593,2501674361,566,2501674927,0,8,1,512,0,2878623744
4594,2501873923,53237,2501927160,0,7,1,90112,0,10658430976
4595,2502573645,2470,2502576115,0,3,1,2560,0,8348422144
4596,2503027457,2470,2503029927,0,8,1,2560,0,8215392256
4597,2503126626,3422,2503130048,0,7,1,3584,0,8925990912
4598,2503262935,7706,2503270641,0,7,1,8192,0,5492252672
4599,2503474760,10499,2503485259,0,2,1,16896,0,1230721024
4600,2507633263,54529,2507687792,0,7,1,92672,0,4019875840
4601,2508288801,566,2508289367,0,2,1,512,0,3877011456
4602,2508592843,3422,2508596265,0,8,1,3584,0,8112672768
4603,2524344648,36087,2524380735,0,9,1,63488,0,10542116864
4604,2524395463,2946,2524398409,0,3,1,3072,0,6868590592
4605,2525183329,3422,2525186751,0,3,1,3584,0,5003747328
4606,2525277532,566,2525278098,0,8,1,512,0,8818761728
4607,2525440638,12566,2525453204,0,1,1,20992,0,6218334208
4608,2525846518,566,2525847084,0,8,1,512,0,10433064960
4609,2526419311,2946,2526422257,0,1,1,3072,0,5399945216
4610,2526436434,6278,2526442712,0,2,1,6656,0,3833769984
4611,2526760272,2470,2526762742,0,2,1,2560,0,6845579264
4612,2527178957,3904,2527182861,0,8,1,10752,0,3561209856
4613,2527403878,2870,2527406748,0,5,1,8704,0,4235915264
4614,2527663620,7230,2527670850,0,2,1,7680,0,7684231168
4615,2527721906,66721,2527788627,0,1,1,113152,0,4101799936
4616,2527744107,3128,2527747235,0,3,1,9216,0,1318346752
4617,2528079338,2946,2528082284,0,3,1,3072,0,9505845248
4618,2528785588,1994,2528787582,0,1,1,2048,0,8446775296
4619,2529626371,3422,2529629793,0,5,1,3584,0,5704519680
4620,2529633594,12995,2529646589,0,8,1,25088,0,4770430976
4621,2530309543,566,2530310109,0,8,1,512,0,2180767744
4622,2530704207,6278,2530710485,0,2,1,6656,0,1315975168
4623,2531906161,566,2531906727,0,3,1,512,0,7136862208
4624,2532705646,7230,2532712876,0,2,1,7680,0,2033127424
4625,2536468640,4937,2536473577,0,1,1,12800,0,3854163968
4626,2536881596,10241,2536891837,0,6,1,16384,0,9584201728
4627,2537210860,4679,2537215539,0,8,1,12288,0,1093632
4628,2537460058,1042,2537461100,0,5,1,1024,0,9600397312
4629,2538113628,566,2538114194,0,8,1,512,0,5372932096
4630,2538393347,1518,2538394865,0,5,1,1536,0,3472601088
4631,2538684562,5802,2538690364,0,6,1,6144,0,7793242112
4632,2539144401,566,2539144967,0,2,1,512,0,5360414720
4633,2539403837,77104,2539480941,0,5,1,130048,0,6979928064
4634,2539608311,1994,2539610305,0,6,1,2048,0,2513567744
4635,2545959586,36604,2545996190,0,3,1,64512,0,885952512
4636,2546053247,566,2546053813,0,6,1,512,0,2081419264
4637,2546117370,566,2546117936,0,5,1,512,0,1925931008
4638,2547449607,566,2547450173,0,6,1,512,0,3471896576
4639,2547665949,6754,2547672703,0,5,1,7168,0,3247923200
4640,2547808809,5802,2547814611,0,8,1,6144,0,10067075072
4641,2547873134,1042,2547874176,0,2,1,1024,0,4963033088
4642,2548696587,1518,2548698105,0,2,1,1536,0,9228288
4643,2549301155,6278,2549307433,0,8,1,6656,0,9059344384
4644,2549486501,7706,2549494207,0,5,1,8192,0,5565132800
4645,2549963490,566,2549964056,0,4,1,512,0,10230214656
4646,2549987030,12566,2549999596,0,0,1,20992,0,67674112
4647,2550033019,3422,2550036441,0,0,1,3584,0,6291935232
4648,2550065285,566,2550065851,0,0,1,512,0,3228405760
4649,2550531621,1994,2550533615,0,5,1,2048,0,8290770944
4650,2558645267,2946,2558648213,0,0,1,3072,0,9115885568
4651,2558919878,5802,2558925680,0,4,1,6144,0,1385984000
4652,2559081801,3422,2559085223,0,8,1,3584,0,2524332032
4653,2559353986,13341,2559367327,0,5,1,22528,0,7560749056
4654,2559685669,1042,2559686711,0,2,1,1024,0,3278884864
4655,2560531623,566,2560532189,0,8,1,512,0,540409856
4656,2561036670,566,2561037236,0,4,1,512,0,2293661696
4657,2561924239,3898,2561928137,0,7,1,4096,0,6380957696
4658,2561930436,15062,2561945498,0,5,1,29184,0,1849782272
4659,2576978496,4374,2576982870,0,5,1,4608,0,1414111232
4660,2577446638,566,2577447204,0,2,1,512,0,272326656
4661,2577516066,566,2577516632,0,6,1,512,0,7053148160
4662,2577542993,3898,2577546891,0,6,1,4096,0,885850112
4663,2577569701,6488,2577576189,0,6,1,15872,0,10248626176
4664,2577915163,3898,2577919061,0,6,1,4096,0,170041344
4665,2578228151,84733,2578312884,0,4,1,138240,0,6257352704
4666,2578280067,1042,2578281109,0,2,1,1024,0,3770851328
4667,2578744839,566,2578745405,0,2,1,512,0,9519337472
4668,2580262105,3904,2580266009,0,8,1,10752,0,8586424320
4669,2580862828,6754,2580869582,0,6,1,7168,0,9834926080
4670,2581277992,1994,2581279986,0,4,1,2048,0,6763282432
4671,2581728427,566,2581728993,0,7,1,512,0,128483328
4672,2582103646,566,2582104212,0,2,1,512,0,4609425408
4673,2582648293,2946,2582651239,0,4,1,3072,0,4425109504
4674,2585833259,1518,2585834777,0,6,1,1536,0,7260160000
4675,2586696520,6278,2586702798,0,7,1,6656,0,1024872448
4676,2586776200,566,2586776766,0,2,1,512,0,4492537856
4677,2586968928,2470,2586971398,0,2,1,2560,0,1557848064
4678,2587265759,5802,2587271561,0,1,1,6144,0,845365248
4679,2587409836,566,2587410402,0,4,1,512,0,2875699200
4680,2588223448,4374,2588227822,0,2,1,4608,0,2318553088
4681,2588785257,1042,2588786299,0,4,1,1024,0,5827956736
4682,2589278689,6754,2589285443,0,1,1,7168,0,5376966656
4683,2589874326,2946,2589877272,0,7,1,3072,0,811028480
4684,2590185502,566,2590186068,0,8,1,512,0,10514485248
4685,2591153720,43904,2591197624,0,1,0,512,0,9432178688
4686,2591366427,113360,2591479787,0,9,0,72192,0,4178427904
4687,2591534642,47288,2591581930,0,5,0,1536,0,4527611904
4688,2593809294,106340,2593915634,0,9,0,49152,0,7869370368
4689,2594043100,124280,2594167380,0,3,0,108032,0,9808764928
4690,2594044053,92216,2594136269,0,5,0,17920,0,6902968320
4691,2594160661,121628,2594282289,0,5,0,99328,0,7511298048
4692,2594397482,104312,2594501794,0,5,0,42496,0,5431435264
4693,2594879907,125372,2595005279,0,3,0,111616,0,6628474880
4694,2595285710,106028,2595391738,0,5,0,48128,0,472555520
4695,2595999966,55748,2596055714,0,0,0,4096,0,10196013056
4696,2596049961,81128,2596131089,0,3,0,11776,0,4506730496
4697,2597931604,87896,2598019500,0,3,0,13824,0,6443487232
4698,2598230030,43904,2598273934,0,5,0,512,0,9584582656
4699,2599128627,43904,2599172531,0,6,0,512,0,8861892608
4700,2599490472,108836,2599599308,0,5,0,57344,0,2126036992
4701,2599771100,50672,2599821772,0,0,0,2560,0,2366312448
4702,2599916947,118976,2600035923,0,5,0,90624,0,2458861568
4703,2600269996,64208,2600334204,0,0,0,6656,0,6792687616
4704,2602014477,43904,2602058381,0,5,0,512,0,6004396032
4705,2602281822,45596,2602327418,0,6,0,1024,0,8510963712
4706,2602628713,104936,2602733649,0,0,0,44544,0,3246346240
4707,2603454042,101660,2603555702,0,6,0,33792,0,6071312384
4708,2603501748,124748,2603626496,0,9,0,109568,0,697290752
4709,2603612805,93119,2603705924,0,9,0,11264,0,7681761280
4710,2603907678,48980,2603956658,0,0,0,2048,0,9218580480
4711,2604381655,91280,2604472935,0,9,0,14848,0,5081477120
4712,2604461656,110084,2604571740,0,0,0,61440,0,8328314880
4713,2604907815,103064,2605010879,0,3,0,38400,0,1867489280
4714,2606110471,94556,2606205027,0,0,0,25600,0,7133388800
4715,2606703132,43904,2606747036,0,6,0,512,0,7184826368
4716,2607450423,43904,2607494327,0,9,0,512,0,4125523968
4717,2607505314,117260,2607622574,0,3,0,84992,0,3152089088
4718,2607733471,43904,2607777375,0,3,0,512,0,10155347968
4719,2608532862,92708,2608625570,0,3,0,24576,0,8909156352
4720,2608805806,45596,2608851402,0,5,0,1024,0,8866873344
4721,2608998958,43904,2609042862,0,6,0,512,0,5844713472
4722,2609638583,47288,2609685871,0,9,0,1536,0,9869643776
4723,2609921477,111800,2610033277,0,6,0,67072,0,9279729664
4724,2610727091,72668,2610799759,0,5,0,9216,0,225525760
4725,2610871404,43904,2610915308,0,0,0,512,0,7825412096
4726,2611835321,124124,2611959445,0,6,0,107520,0,1840152576
4727,2612479702,43904,2612523606,0,0,0,512,0,5091307520
4728,2612561596,45596,2612607192,0,3,0,1024,0,407769088
4729,2612788767,109460,2612898227,0,9,0,59392,0,9152864256
4730,2613031270,120380,2613151650,0,3,0,95232,0,8922759168
4731,2613574735,92060,2613666795,0,9,0,17408,0,6327922688
4732,2613722330,101660,2613823990,0,5,0,33792,0,5400293376
4733,2614250015,50672,2614300687,0,3,0,2560,0,8455438336
4734,2614696220,94088,2614790308,0,5,0,24064,0,7504900096
4735,2615520605,50672,2615571277,0,0,0,2560,0,9308860416
4736,2616852180,43904,2616896084,0,6,0,512,0,8175104000
4737,2617224755,109304,2617334059,0,9,0,58880,0,4750663680
4738,2617248752,94820,2617343572,0,3,0,16384,0,3394375680
4739,2617616864,43904,2617660768,0,3,0,512,0,3461246976
4740,2617941708,103376,2618045084,0,5,0,39424,0,7693328384
4741,2619335300,77744,2619413044,0,9,0,10752,0,1992605696
4742,2619521764,48980,2619570744,0,5,0,2048,0,1586667520
4743,2620363349,52364,2620415713,0,3,0,3072,0,337428480
4744,2620406851,65900,2620472751,0,0,0,7168,0,4858761216
4745,2621161020,89588,2621250608,0,0,0,14336,0,1387323392
4746,2622851731,2870,2622854601,0,4,1,8704,0,884371456
4747,2623010279,100412,2623110691,0,5,0,29696,0,1693233152
4748,2623025858,43904,2623069762,0,6,0,512,0,8746274816
4749,2623929385,5802,2623935187,0,1,1,6144,0,2225872896
4750,2624116747,82820,2624199567,0,6,0,12288,0,4843479040
4751,2624420795,98252,2624519047,0,3,0,27648,0,2543955968
4752,2624763275,96512,2624859787,0,0,0,16896,0,1311252480
4753,2624999527,2870,2625002397,0,8,1,8704,0,7544971264
4754,2625046765,566,2625047331,0,2,1,512,0,6133186560
4755,2625556983,2946,2625559929,0,2,1,3072,0,4681101312
4756,2625712208,72668,2625784876,0,3,0,9216,0,9541681152
4757,2625714645,113984,2625828629,0,0,0,74240,0,6805446656
4758,2625731742,5196,2625736938,0,7,1,13312,0,6811418624
4759,2625742539,6278,2625748817,0,7,1,6656,0,7267815424
4760,2626234352,2946,2626237298,0,7,1,3072,0,9816084480
4761,2626302169,4420,2626306589,0,2,1,11776,0,1328123904
4762,2626480299,119132,2626599431,0,0,0,91136,0,10071244800
4763,2626898319,52364,2626950683,0,9,0,3072,0,8720564224
4764,2626969585,43904,2627013489,0,9,0,512,0,4208812032
4765,2627576685,43904,2627620589,0,9,0,512,0,2834280448
4766,2628114134,105404,2628219538,0,6,0,46080,0,3402805248
4767,2628219212,566,2628219778,0,2,1,512,0,5248065536
4768,2628926689,3898,2628930587,0,7,1,4096,0,5766238208
4769,2629045479,3387,2629048866,0,1,1,9728,0,556867584
4770,2629765003,70976,2629835979,0,0,0,8704,0,8237969408
4771,2629971393,86204,2630057597,0,5,0,13312,0,5922021376
4772,2630307521,98408,2630405929,0,3,0,28160,0,2644836352
4773,2630382401,84645,2630467046,0,8,1,141312,0,7493111808
4774,2630408159,1042,2630409201,0,1,1,1024,0,3059408896
4775,2630417522,120536,2630538058,0,5,0,95744,0,9699536896
4776,2630446067,53237,2630499304,0,1,1,90112,0,4343545856
4777,2630605092,43904,2630648996,0,5,0,512,0,3195002880
4778,2630636988,4162,2630641150,0,1,1,11264,0,4954415104
4779,2630641146,566,2630641712,0,1,1,512,0,10480103424
4780,2630955274,1994,2630957268,0,1,1,2048,0,5378654208
4781,2630990625,104312,2631094937,0,3,0,42496,0,10134151168
4782,2631031739,5802,2631037541,0,7,1,6144,0,9544732672
4783,2631035532,6754,2631042286,0,1,1,7168,0,4252254208
4784,2631331100,104000,2631435100,0,6,0,41472,0,6184140800
4785,2631407396,7230,2631414626,0,1,1,7680,0,1697501184
4786,2631461788,45596,2631507384,0,9,0,1024,0,2288381952
4787,2631664013,99632,2631763645,0,5,0,27136,0,1239359488
4788,2632292946,43904,2632336850,0,9,0,512,0,9190666240
4789,2632900479,93800,2632994279,0,5,0,28160,0,8754839552
4790,2633062450,48980,2633111430,0,6,0,2048,0,100352000
4791,2633260916,43904,2633304820,0,3,0,512,0,3738963968
4792,2633283540,107120,2633390660,0,6,0,51712,0,627572736
4793,2633314341,84101,2633398442,0,6,0,512,0,3782955008
4794,2634208428,100880,2634309308,0,6,0,31232,0,621010944
4795,2634212755,74360,2634287115,0,3,0,9728,0,1177939968
4796,2637306141,101660,2637407801,0,3,0,33792,0,7815852032
4797,2637769551,104312,2637873863,0,9,0,42496,0,703037440
4798,2638268906,109148,2638378054,0,5,0,58368,0,765751296
4799,2638846255,47288,2638893543,0,0,0,1536,0,5463945216
4800,2639151085,95468,2639246553,0,9,0,23552,0,5873012736
4801,2639400571,43904,2639444475,0,5,0,512,0,869335040
4802,2639441928,123656,2639565584,0,6,0,105984,0,5958680576
4803,2639854067,94400,2639948467,0,6,0,25088,0,7109996544
4804,2639912522,91928,2640004450,0,9,0,22016,0,8617816064
4805,2640644665,116168,2640760833,0,9,0,81408,0,7656337408
4806,2641850006,81128,2641931134,0,5,0,11776,0,1365180416
4807,2641963741,43904,2642007645,0,0,0,512,0,8793477120
4808,2642039510,48980,2642088490,0,0,0,2048,0,1108393984
4809,2642523402,43904,2642567306,0,6,0,512,0,5300514816
4810,2642639283,106652,2642745935,0,0,0,50176,0,9414086656
4811,2642699423,76764,2642776187,0,0,0,1024,0,456273920
4812,2642988887,48980,2643037867,0,0,0,2048,0,1789743104
4813,2643433500,52364,2643485864,0,9,0,3072,0,8024825856
4814,2643532790,105872,2643638662,0,6,0,47616,0,4459683840
4815,2643836343,74360,2643910703,0,0,0,9728,0,2814709760
4816,2644590133,55748,2644645881,0,6,0,4096,0,5621837824
4817,2644611110,43904,2644655014,0,0,0,512,0,9117954048
4818,2644622884,43904,2644666788,0,0,0,512,0,5862547456
4819,2645313471,43904,2645357375,0,0,0,512,0,1600585728
4820,2645470721,96248,2645566969,0,9,0,26112,0,4123648000
4821,2645716390,110708,2645827098,0,5,0,63488,0,1655848960
4822,2645879533,102440,2645981973,0,9,0,36352,0,9991049216
4823,2646067638,45596,2646113234,0,5,0,1024,0,1593421824
4824,2646669076,82820,2646751896,0,9,0,12288,0,9380081664
4825,2646955280,76052,2647031332,0,6,0,10240,0,1037041664
4826,2652982742,566,2652983308,0,7,1,512,0,5001150464
4827,2653143704,7230,2653150934,0,6,1,7680,0,5522944000
4828,2653168509,4374,2653172883,0,1,1,4608,0,793845760
4829,2653918888,2870,2653921758,0,1,1,8704,0,5095473152
4830,2654046157,5802,2654051959,0,6,1,6144,0,9249357824
4831,2654150556,1518,2654152074,0,6,1,1536,0,4630155264
4832,2654254766,7230,2654261996,0,6,1,7680,0,3559612416
4833,2654431174,3904,2654435078,0,8,1,10752,0,3722190848
4834,2654627053,111491,2654738544,0,6,1,180224,0,2099757056
4835,2655108061,73575,2655181636,0,3,1,119808,0,1971109888
4836,2656325724,1994,2656327718,0,8,1,2048,0,1175990272
4837,2656458935,566,2656459501,0,2,1,512,0,3970641920
4838,2656512789,3645,2656516434,0,6,1,10240,0,9097003008
4839,2657483346,566,2657483912,0,6,1,512,0,648400896
4840,2657516329,2470,2657518799,0,2,1,2560,0,6220926976
4841,2657878078,32299,2657910377,0,2,1,52736,0,1624338432
4842,2658047197,5326,2658052523,0,1,1,5632,0,808837120
4843,2658261732,566,2658262298,0,1,1,512,0,9155162112
4844,2658280932,1042,2658281974,0,3,1,1024,0,5748473856
4845,2658779080,15062,2658794142,0,3,1,29184,0,7617277952
4846,2659217652,84475,2659302127,0,2,1,137728,0,2171412480
4847,2659509807,62416,2659572223,0,1,1,101376,0,2501894144
4848,2660053782,3387,2660057169,0,1,1,9728,0,1210728448
4849,2660182366,1518,2660183884,0,3,1,1536,0,3453845504
4850,2660212804,2946,2660215750,0,2,1,3072,0,774545408
4851,2660996550,566,2660997116,0,2,1,512,0,1359458304
4852,2661100108,1042,2661101150,0,3,1,1024,0,5779918848
4853,2661378676,1994,2661380670,0,6,1,2048,0,10154016768
4854,2661403231,3898,2661407129,0,3,1,4096,0,10260746240
4855,2661767221,5802,2661773023,0,3,1,6144,0,2902937600
4856,2663447030,1994,2663449024,0,8,1,2048,0,4881129472
4857,2663757603,1042,2663758645,0,6,1,1024,0,10219462656
4858,2664019631,84733,2664104364,0,1,1,138240,0,10015838208
4859,2664111772,1994,2664113766,0,3,1,2048,0,442400768
4860,2664318793,5326,2664324119,0,3,1,5632,0,5375279104
4861,2664437711,566,2664438277,0,6,1,512,0,1833521152
4862,2664907673,1994,2664909667,0,1,1,2048,0,7152041984
4863,2665193702,2470,2665196172,0,6,1,2560,0,2477744128
4864,2665345199,1994,2665347193,0,2,1,2048,0,6517596160
4865,2666484542,15062,2666499604,0,3,1,29184,0,4711571456
4866,2666569510,1994,2666571504,0,2,1,2048,0,1569169408
4867,2666949656,21141,2666970797,0,2,1,34304,0,2132275200
4868,2667088833,1518,2667090351,0,6,1,1536,0,452845568
4869,2667092669,566,2667093235,0,1,1,512,0,4295041024
4870,2667218107,11274,2667229381,0,1,1,18432,0,1955028992
4871,2667433985,41391,2667475376,0,6,1,67072,0,3580633088
4872,2667610682,125145,2667735827,0,1,1,206848,0,4325535744
4873,2668640731,1994,2668642725,0,0,1,2048,0,9834242048
4874,2668727434,4374,2668731808,0,2,1,4608,0,9650348032
4875,2669410961,3898,2669414859,0,6,1,4096,0,6011580416
4876,2670083647,566,2670084213,0,1,1,512,0,9822814208
4877,2670233493,2870,2670236363,0,2,1,8704,0,7878987776
4878,2670899568,566,2670900134,0,2,1,512,0,4579713024
4879,2671054836,1518,2671056354,0,8,1,1536,0,4147339264
4880,2671264027,1518,2671265545,0,3,1,1536,0,8858181632
4881,2672709606,2870,2672712476,0,8,1,8704,0,7657361408
4882,2673297747,3645,2673301392,0,6,1,10240,0,2466779136
4883,2673336755,5971,2673342726,0,1,1,14848,0,9407971328
4884,2673485872,566,2673486438,0,3,1,512,0,6913069056
4885,2673619428,10499,2673629927,0,1,1,16896,0,3182960640
4886,2674217405,1042,2674218447,0,1,1,1024,0,3482554368
4887,2674494904,1994,2674496898,0,2,1,2048,0,4113248256
4888,2677865745,566,2677866311,0,3,1,512,0,7684890624
4889,2678634314,64395,2678698709,0,0,1,108544,0,8941674496
4890,2678873640,116571,2678990211,0,2,1,193536,0,1373011968
4891,2679191696,4374,2679196070,0,6,1,4608,0,8716963840
4892,2679955089,46729,2680001818,0,2,1,80896,0,4944547840
4893,2680369455,12049,2680381504,0,1,1,19968,0,3971854336
4894,2680614220,5326,2680619546,0,6,1,5632,0,5819924480
4895,2681153625,566,2681154191,0,0,1,512,0,5484285952
4896,2681463974,566,2681464540,0,6,1,512,0,209620992
4897,2681524089,566,2681524655,0,1,1,512,0,9631227904
4898,2682503569,1994,2682505563,0,1,1,2048,0,5247840256
4899,2683036358,566,2683036924,0,8,1,512,0,5610516480
4900,2685691781,566,2685692347,0,6,1,512,0,850489344
4901,2685862573,3898,2685866471,0,2,1,4096,0,1530269696
4902,2686694010,3898,2686697908,0,0,1,4096,0,5115920384
4903,2686721798,566,2686722364,0,2,1,512,0,6752616448
4904,2687462266,5196,2687467462,0,2,1,13312,0,5738512384
4905,2687561685,2470,2687564155,0,8,1,2560,0,10087292928
4906,2688383518,566,2688384084,0,8,1,512,0,9765912576
4907,2688532279,566,2688532845,0,1,1,512,0,4308439040
4908,2688581472,4374,2688585846,0,0,1,4608,0,7347851264
4909,2689444654,2946,2689447600,0,1,1,3072,0,9614602240
4910,2689746804,1518,2689748322,0,2,1,1536,0,33988608
4911,2689776921,1518,2689778439,0,0,1,1536,0,610639872
4912,2690326013,1994,2690328007,0,0,1,2048,0,1089171456
4913,2706472845,1994,2706474839,0,2,1,2048,0,2818043904
4914,2706737995,5454,2706743449,0,8,1,13824,0,9162903552
4915,2713486173,4850,2713491023,0,0,1,5120,0,2419671040
4916,2713794028,22174,2713816202,0,8,1,36352,0,8809435136
4917,2714432262,4374,2714436636,0,1,1,4608,0,445173760
4918,2714723140,4937,2714728077,0,8,1,12800,0,9393963008
4919,2714851562,6278,2714857840,0,3,1,6656,0,74743808
4920,2715109838,66462,2715176300,0,9,1,112640,0,10203164672
4921,2715994767,566,2715995333,0,8,1,512,0,3048431616
4922,2716087309,566,2716087875,0,3,1,512,0,1368510464
4923,2716195847,1042,2716196889,0,3,1,1024,0,6516006912
4924,2716623699,3898,2716627597,0,1,1,4096,0,9214468096
4925,2717073084,3422,2717076506,0,9,1,3584,0,2996731904
4926,2718069667,77104,2718146771,0,3,1,130048,0,682995712
4927,2719635295,5326,2719640621,0,6,1,5632,0,9829277696
4928,2719640642,1042,2719641684,0,1,1,1024,0,1452040192
4929,2719712988,1042,2719714030,0,1,1,1024,0,5943427072
4930,2719748865,566,2719749431,0,9,1,512,0,1302196224
4931,2719782834,3128,2719785962,0,9,1,9216,0,7273304064
4932,2719796184,2470,2719798654,0,1,1,2560,0,6091698176
4933,2720346861,1042,2720347903,0,1,1,1024,0,2010558464
4934,2720847780,11274,2720859054,0,9,1,18432,0,204759040
4935,2720866816,2946,2720869762,0,8,1,3072,0,3896111104
4936,2721379351,2470,2721381821,0,8,1,2560,0,1942843392
4937,2721741036,1042,2721742078,0,3,1,1024,0,4650954752
4938,2721911752,6278,2721918030,0,9,1,6656,0,3952435200
4939,2722360827,3128,2722363955,0,1,1,9216,0,5924642816
4940,2722788406,1994,2722790400,0,8,1,2048,0,10509787136
4941,2723285148,5196,2723290344,0,9,1,13312,0,3179081728
4942,2723327335,12825,2723340160,0,3,1,21504,0,8626327552
4943,2723362812,5971,2723368783,0,3,1,14848,0,7531642880
4944,2723597271,3422,2723600693,0,3,1,3584,0,6678204416
4945,2732996665,1518,2732998183,0,1,1,1536,0,9645891584
4946,2733186020,4850,2733190870,0,8,1,5120,0,6538878976
4947,2753044389,7706,2753052095,0,3,1,8192,0,2926485504
4948,2753336991,3898,2753340889,0,9,1,4096,0,10314575872
4949,2753848798,566,2753849364,0,6,1,512,0,6067482624
4950,2754398877,1994,2754400871,0,8,1,2048,0,5934891008
4951,2754630513,2870,2754633383,0,9,1,8704,0,2158977024
4952,2756178030,5326,2756183356,0,9,1,5632,0,1030717440
4953,2756213073,2946,2756216019,0,6,1,3072,0,7109947392
4954,2756406631,3422,2756410053,0,6,1,3584,0,7253950464
4955,2756501484,2946,2756504430,0,8,1,3072,0,4316930048
4956,2756725841,1994,2756727835,0,8,1,2048,0,6646181888
4957,2756845255,2946,2756848201,0,6,1,3072,0,1573163008
4958,2757609438,5326,2757614764,0,6,1,5632,0,8223678464
4959,2757956937,53841,2758010778,0,8,1,88064,0,7627223040
4960,2758641593,5802,2758647395,0,5,1,6144,0,6806413312
4961,2758727276,1518,2758728794,0,8,1,1536,0,546111488
4962,2759540378,2470,2759542848,0,8,1,2560,0,135725056
4963,2759673581,31266,2759704847,0,6,1,50688,0,1798971392
4964,2760037925,5712,2760043637,0,6,1,14336,0,8633294848
4965,2760674403,3422,2760677825,0,5,1,3584,0,6002728960
4966,2762076414,70976,2762147390,0,5,0,8704,0,4267995136
4967,2762600078,105248,2762705326,0,0,0,45568,0,7391539200
4968,2762671197,10757,2762681954,0,9,1,17408,0,4358123520
4969,2762957246,4420,2762961666,0,6,1,11776,0,2612862976
4970,2763059822,98540,2763158362,0,6,0,23552,0,343187456
4971,2763476563,43904,2763520467,0,3,0,512,0,2931490816
4972,2763535431,43904,2763579335,0,9,0,512,0,8839946240
4973,2763637472,566,2763638038,0,8,1,512,0,181964800
4974,2764019751,3645,2764023396,0,6,1,10240,0,3702538240
4975,2764117787,4420,2764122207,0,5,1,11776,0,2095038464
4976,2764234996,48980,2764283976,0,9,0,2048,0,3336495104
4977,2764302260,2470,2764304730,0,5,1,2560,0,8820162560
4978,2764365676,4850,2764370526,0,5,1,5120,0,10342690816
4979,2764536152,43904,2764580056,0,0,0,512,0,2806628352
4980,2764623294,43904,2764667198,0,6,0,512,0,3943874560
4981,2765401868,3898,2765405766,0,6,1,4096,0,5320814592
4982,2765788239,112736,2765900975,0,6,0,70144,0,7318536192
4983,2766057117,3128,2766060245,0,8,1,9216,0,7174119424
4984,2766186515,566,2766187081,0,5,1,512,0,6720155648
4985,2766332167,43904,2766376071,0,3,0,512,0,181030912
4986,2766372429,2470,2766374899,0,5,1,2560,0,6028312576
4987,2766384260,11533,2766395793,0,5,1,18944,0,10168852480
4988,2766589037,95600,2766684637,0,0,0,18944,0,3862159360
4989,2766767112,4937,2766772049,0,5,1,12800,0,7920668672
4990,2767170945,2470,2767173415,0,8,1,2560,0,1121333248
4991,2767382189,3898,2767386087,0,5,1,4096,0,4190588928
4992,2767445126,62516,2767507642,0,9,0,6144,0,3244478464
4993,2767503613,3422,2767507035,0,5,1,3584,0,6955286528
4994,2767720332,1042,2767721374,0,6,1,1024,0,1003675648
4995,2767857012,93596,2767950608,0,0,0,17408,0,5601947648
4996,2769019964,84512,2769104476,0,3,0,12800,0,9799888896
4997,2769258904,43904,2769302808,0,0,0,512,0,7669788672
4998,2769928974,43904,2769972878,0,0,0,512,0,4881514496
4999,2770895029,43904,2770938933,0,6,0,512,0,3719094272
5000,2771003639,43904,2771047543,0,9,0,512,0,4894380032
5001,2771008006,124179,2771132185,0,9,0,60416,0,4293353472
5002,2771098092,47288,2771145380,0,9,0,1536,0,5809356800
5003,2771222687,566,2771223253,0,8,1,512,0,640389120
5004,2771547757,45596,2771593353,0,9,0,1024,0,6476308480
5005,2771899250,43904,2771943154,0,3,0,512,0,2522218496
5006,2772085923,1042,2772086965,0,5,1,1024,0,10055614464
5007,2772402592,3387,2772405979,0,9,1,9728,0,7480401920
5008,2772980375,2870,2772983245,0,6,1,8704,0,9378197504
5009,2773121034,67592,2773188626,0,0,0,7680,0,7480446976
5010,2773193905,43904,2773237809,0,9,0,512,0,3857190912
5011,2773542288,1042,2773543330,0,0,1,1024,0,5327630336
5012,2773689506,106496,2773796002,0,9,0,49664,0,4795518976
5013,2774198940,55748,2774254688,0,3,0,4096,0,10014420992
5014,2774471881,1042,2774472923,0,9,1,1024,0,2950012928
5015,2774565882,43904,2774609786,0,6,0,512,0,9937735680
5016,2776965571,62516,2777028087,0,9,0,6144,0,3933069312
5017,2778446390,43904,2778490294,0,6,0,512,0,4050358272
5018,2778519469,43904,2778563373,0,3,0,512,0,4381638656
5019,2778571511,93020,2778664531,0,3,0,25600,0,8886812672
5020,2778709273,184424,2778893697,0,3,0,159232,0,7534821376
5021,2779016020,3898,2779019918,0,6,1,4096,0,4059455488
5022,2779135470,1518,2779136988,0,0,1,1536,0,4100251648
5023,2779180840,4374,2779185214,0,0,1,4608,0,4410109952
5024,2779423966,117260,2779541226,0,8,0,84992,0,5800509440
5025,2779491325,566,2779491891,0,5,1,512,0,924528640
5026,2779672740,6229,2779678969,0,0,1,15360,0,10455310336
5027,2779826475,86204,2779912679,0,3,0,13312,0,6892240896
5028,2779967032,2946,2779969978,0,0,1,3072,0,692461568
5029,2780119078,89588,2780208666,0,0,0,14336,0,371355648
5030,2780188971,105404,2780294375,0,3,0,46080,0,4276936704
5031,2780238362,1994,2780240356,0,5,1,2048,0,3121401856
5032,2781856539,43904,2781900443,0,0,0,512,0,5078708224
5033,2782033190,55748,2782088938,0,3,0,4096,0,9181806592
5034,2782190481,111332,2782301813,0,3,0,65536,0,7258382336
5035,2782670824,90524,2782761348,0,8,0,17408,0,9966772224
5036,2782839708,79436,2782919144,0,3,0,11264,0,809381888
5037,2783055469,43904,2783099373,0,3,0,512,0,7099604992
5038,2784087128,566,2784087694,0,9,1,512,0,5169938432
5039,2784355062,4850,2784359912,0,0,1,5120,0,8497266688
5040,2784549607,43904,2784593511,0,6,0,512,0,2741420032
5041,2785179953,3422,2785183375,0,5,1,3584,0,2516541440
5042,2785336913,93932,2785430845,0,8,0,23552,0,7318749184
5043,2785414627,86204,2785500831,0,3,0,13312,0,1638977536
5044,2785500679,3898,2785504577,0,0,1,4096,0,519823360
5045,2787046531,113204,2787159735,0,3,0,71680,0,10672164864
5046,2787092675,55748,2787148423,0,8,0,4096,0,9286893568
5047,2787698155,208688,2787906843,0,8,0,223744,0,5145522176
5048,2788179346,43904,2788223250,0,9,0,512,0,7044096000
5049,2788942752,95132,2789037884,0,0,0,17408,0,3494088704
5050,2789352187,102440,2789454627,0,9,0,36352,0,10072780800
5051,2789516109,43904,2789560013,0,8,0,512,0,4093501440
5052,2789985343,141452,2790126795,0,6,0,134144,0,6781501440
5053,2790065344,48980,2790114324,0,8,0,2048,0,1121280000
5054,2790564378,111644,2790676022,0,8,0,66560,0,7993479168
5055,2790863041,94532,2790957573,0,0,0,20480,0,4975329280
5056,2790960352,98852,2791059204,0,3,0,24576,0,1110953984
5057,2791284610,101816,2791386426,0,9,0,34304,0,9913651200
5058,2791568206,101504,2791669710,0,3,0,33280,0,1003520000
5059,2792405141,43904,2792449045,0,6,0,512,0,7030587392
5060,2793050367,77744,2793128111,0,0,0,10752,0,2775293952
5061,2793698212,98696,2793796908,0,9,0,24064,0,787435520
5062,2793774306,45596,2793819902,0,3,0,1024,0,7736471552
5063,2794766838,93644,2794860482,0,8,0,27648,0,9378492416
5064,2795169164,43904,2795213068,0,3,0,512,0,230473728
5065,2795271591,70976,2795342567,0,3,0,8704,0,8358543360
5066,2795399970,100880,2795500850,0,0,0,31232,0,7267082240
5067,2795537385,113204,2795650589,0,3,0,71680,0,4335009792
5068,2795940939,45596,2795986535,0,9,0,1024,0,9488859136
5069,2796803067,43904,2796846971,0,6,0,512,0,10563457024
5070,2796872310,106028,2796978338,0,0,0,48128,0,8549789696
5071,2797334635,54056,2797388691,0,3,0,3584,0,3971710976
5072,2797521073,48980,2797570053,0,0,0,2048,0,3681341440
5073,2797663950,89588,2797753538,0,0,0,14336,0,6967107584
5074,2797834130,64208,2797898338,0,9,0,6656,0,10402365440
5075,2798155309,43904,2798199213,0,8,0,512,0,4639248384
5076,2798646558,43904,2798690462,0,0,0,512,0,1395724288
5077,2798705941,105872,2798811813,0,3,0,47616,0,1167171584
5078,2799302394,60824,2799363218,0,9,0,5632,0,4190793728
5079,2801032691,87896,2801120587,0,3,0,13824,0,8424955904
5080,2801047674,110864,2801158538,0,8,0,64000,0,9450016768
5081,2801189503,118508,2801308011,0,8,0,89088,0,7223812096
5082,2802243038,59132,2802302170,0,6,0,5120,0,2404802560
5083,2802372710,43904,2802416614,0,8,0,512,0,2645639168
5084,2802552683,79436,2802632119,0,0,0,11264,0,1815969792
5085,2802760783,43904,2802804687,0,8,0,512,0,9539497984
5086,2804451394,110552,2804561946,0,0,0,62976,0,310960128
5087,2804466376,1518,2804467894,0,0,1,1536,0,9822048256
5088,2804629264,102440,2804731704,0,9,0,36352,0,5669257216
5089,2805874638,5802,2805880440,0,5,1,6144,0,2058747904
5090,2806061647,47288,2806108935,0,8,0,1536,0,6656172032
5091,2806303642,91904,2806395546,0,9,0,16896,0,6348369920
5092,2806505965,264380,2806770345,0,9,0,275456,0,7540846592
5093,2806536745,5326,2806542071,0,8,1,5632,0,8805134336
5094,2806571111,199717,2806770828,0,9,0,1536,0,3190235136
5095,2806983655,5802,2806989457,0,5,1,6144,0,568963072
5096,2806985029,103064,2807088093,0,9,0,38400,0,8324009984
5097,2807134414,3898,2807138312,0,5,1,4096,0,4709138432
5098,2807448070,566,2807448636,0,8,1,512,0,8988639232
5099,2807622129,2470,2807624599,0,5,1,2560,0,4933505024
5100,2808821973,43904,2808865877,0,6,0,512,0,4737679360
5101,2809228932,107120,2809336052,0,9,0,51712,0,1801998336
5102,2809603488,57440,2809660928,0,3,0,4608,0,189710336
5103,2811473638,98852,2811572490,0,9,0,24576,0,1484845056
5104,2813887063,50672,2813937735,0,8,0,2560,0,6518657024
5105,2814872237,43904,2814916141,0,3,0,512,0,7877210112
5106,2815386701,45596,2815432297,0,0,0,1024,0,2919129088
5107,2815731549,103064,2815834613,0,0,0,38400,0,5676679168
5108,2816309834,99008,2816408842,0,0,0,25088,0,1953079296
5109,2816696422,55748,2816752170,0,3,0,4096,0,7683092480
5110,2817011229,89588,2817100817,0,6,0,14336,0,9517711360
5111,2817100775,62516,2817163291,0,3,0,6144,0,6657490944
5112,2817233205,43904,2817277109,0,6,0,512,0,539414528
5113,2817521345,95468,2817616813,0,3,0,23552,0,5486362624
5114,2818152716,43904,2818196620,0,6,0,512,0,9961054208
5115,2818621971,72668,2818694639,0,0,0,9216,0,623546368
5116,2818622148,180884,2818803032,0,3,0,157696,0,10359967744
5117,2820430920,109772,2820540692,0,3,0,60416,0,9467072512
5118,2821094176,91148,2821185324,0,9,0,19456,0,9675010048
5119,2821659634,105716,2821765350,0,0,0,47104,0,9320284160
5120,2822156000,114764,2822270764,0,6,0,76800,0,6172098560
5121,2823175843,99008,2823274851,0,8,0,25088,0,1921335296
5122,2823176130,77744,2823253874,0,9,0,10752,0,5287374848
5123,2824511020,101348,2824612368,0,9,0,32768,0,3942117376
5124,2824555085,43904,2824598989,0,0,0,512,0,2163453952
5125,2825954434,43904,2825998338,0,0,0,512,0,6779269120
5126,2826214476,65900,2826280376,0,6,0,7168,0,5860237312
5127,2827097176,45596,2827142772,0,6,0,1024,0,8545046528
5128,2827734343,65900,2827800243,0,8,0,7168,0,899923968
5129,2828448599,77744,2828526343,0,3,0,10752,0,1910435840
5130,2828736640,1994,2828738634,0,5,1,2048,0,6235095040
5131,2828774757,67592,2828842349,0,6,0,7680,0,2074251264
5132,2828821895,109148,2828931043,0,9,0,58368,0,3313623040
5133,2829787175,2946,2829790121,0,8,1,3072,0,8769056768
5134,2830181578,3904,2830185482,0,9,1,10752,0,7770505216
5135,2831009869,11274,2831021143,0,1,1,18432,0,4542230528
5136,2831167006,7230,2831174236,0,6,1,7680,0,9103462400
5137,2831191264,3904,2831195168,0,6,1,10752,0,8525037568
5138,2831317376,54056,2831371432,0,9,0,3584,0,6478061568
5139,2831517510,103844,2831621354,0,0,0,40960,0,9366245376
5140,2831603198,21916,2831625114,0,6,1,35840,0,5561798656
5141,2832137458,3128,2832140586,0,8,1,9216,0,7461507072
5142,2832208263,4850,2832213113,0,9,1,5120,0,4951883776
5143,2833006931,130676,2833137607,0,8,0,129024,0,4770992128
5144,2833227463,129272,2833356735,0,6,0,124416,0,2399170560
5145,2833662370,4850,2833667220,0,9,1,5120,0,2816454656
5146,2833837260,124124,2833961384,0,0,0,107520,0,2536488960
5147,2833872296,1518,2833873814,0,6,1,1536,0,3824582656
5148,2834409955,3645,2834413600,0,8,1,10240,0,8020135936
5149,2834981270,113984,2835095254,0,3,0,74240,0,3083161600
5150,2835149853,110084,2835259937,0,6,0,61440,0,6899728384
5151,2835386668,3422,2835390090,0,6,1,3584,0,10129637376
5152,2835733169,2470,2835735639,0,1,1,2560,0,8670056448
5153,2837054666,86204,2837140870,0,6,0,13312,0,6719918080
5154,2837129834,120692,2837250526,0,0,0,96256,0,6653546496
5155,2837278042,43904,2837321946,0,0,0,512,0,1247105024
5156,2837318835,50187,2837369022,0,0,0,1536,0,8487813120
5157,2837475900,72668,2837548568,0,0,0,9216,0,4311502848
5158,2837689176,43904,2837733080,0,0,0,512,0,9254711296
5159,2837815858,89588,2837905446,0,3,0,14336,0,946241536
5160,2838004889,55748,2838060637,0,0,0,4096,0,3180339200
5161,2838495307,43904,2838539211,0,8,0,512,0,2815250432
5162,2838512848,43904,2838556752,0,3,0,512,0,4350771200
5163,2838576522,50672,2838627194,0,3,0,2560,0,6066876416
5164,2838606608,43904,2838650512,0,3,0,512,0,1902985216
5165,2838760838,43904,2838804742,0,0,0,512,0,2457239552
5166,2839253065,48980,2839302045,0,3,0,2048,0,9794961408
5167,2839796092,1518,2839797610,0,1,1,1536,0,3695329280
5168,2840109884,120692,2840230576,0,0,0,96256,0,9646358528
5169,2840219735,2946,2840222681,0,8,1,3072,0,2008059904
5170,2840363526,10499,2840374025,0,8,1,16896,0,3555123200
5171,2840638751,43904,2840682655,0,8,0,512,0,1466515456
5172,2840729964,5712,2840735676,0,6,1,14336,0,5393596416
5173,2840799036,566,2840799602,0,9,1,512,0,49807360
5174,2841037898,50672,2841088570,0,3,0,2560,0,3205427200
5175,2841148530,93440,2841241970,0,9,0,16896,0,5766234112
5176,2841757062,95936,2841852998,0,6,0,25088,0,4667518976
5177,2841850488,43904,2841894392,0,9,0,512,0,4066729984
5178,2842315377,105092,2842420469,0,8,0,45056,0,3335323648
5179,2842450519,126308,2842576827,0,3,0,114688,0,7230631936
5180,2842577730,50672,2842628402,0,9,0,2560,0,1074589696
5181,2843086442,45596,2843132038,0,0,0,1024,0,1398702080
5182,2843777267,84512,2843861779,0,3,0,12800,0,3028242432
5183,2843805050,43904,2843848954,0,9,0,512,0,8676667392
5184,2843816088,83476,2843899564,0,9,0,9216,0,7390416896
5185,2844004072,50672,2844054744,0,9,0,2560,0,8122650624
5186,2844567060,64208,2844631268,0,9,0,6656,0,10378936320
5187,2844699488,47288,2844746776,0,8,0,1536,0,7262646272
5188,2844850920,98072,2844948992,0,6,0,22016,0,727330816
5189,2845269292,45596,2845314888,0,8,0,1024,0,5201747968
5190,2845508809,74360,2845583169,0,0,0,9728,0,299106304
5191,2845596314,95336,2845691650,0,6,0,28160,0,7220707328
5192,2846109491,6278,2846115769,0,8,1,6656,0,2175393792
5193,2846211786,72283,2846284069,0,9,1,117248,0,4232355840
5194,2846591543,59132,2846650675,0,6,0,5120,0,5644505088
5195,2846839089,74360,2846913449,0,3,0,9728,0,6973808640
5196,2846898884,6488,2846905372,0,9,1,15872,0,4860424192
5197,2847119232,98720,2847217952,0,0,0,29184,0,3319496704
5198,2847357641,45596,2847403237,0,9,0,1024,0,7093456896
5199,2847644052,2870,2847646922,0,6,1,8704,0,5132603392
5200,2847771923,566,2847772489,0,9,1,512,0,1075982336
5201,2848238929,566,2848239495,0,7,1,512,0,8834007040
5202,2848398171,566,2848398737,0,9,1,512,0,5849985024
5203,2848419970,11016,2848430986,0,6,1,17920,0,742993920
5204,2848538549,50672,2848589221,0,8,0,2560,0,1418604544
5205,2848607433,105248,2848712681,0,3,0,45568,0,5225656320
5206,2848648266,566,2848648832,0,6,1,512,0,9332117504
5207,2849381652,100880,2849482532,0,0,0,31232,0,1037934592
5208,2849523335,120848,2849644183,0,3,0,96768,0,562511872
5209,2849732629,2470,2849735099,0,9,1,2560,0,8185344000
5210,2850072867,108368,2850181235,0,9,0,55808,0,7442493440
5211,2850229118,108212,2850337330,0,3,0,55296,0,151371776
5212,2850505078,89300,2850594378,0,3,0,18432,0,10271227904
5213,2850607055,566,2850607621,0,6,1,512,0,6982377472
5214,2850903228,5326,2850908554,0,7,1,5632,0,1072447488
5215,2851104733,566,2851105299,0,7,1,512,0,2427265024
5216,2851206121,100412,2851306533,0,6,0,29696,0,1407164416
5217,2851806656,55748,2851862404,0,3,0,4096,0,8862789632
5218,2851950011,3422,2851953433,0,7,1,3584,0,2482974720
5219,2852048477,50672,2852099149,0,9,0,2560,0,2261696512
5220,2852109038,34279,2852143317,0,6,1,59904,0,8917901312
5221,2852316216,1518,2852317734,0,2,1,1536,0,1465171968
5222,2852373465,43904,2852417369,0,0,0,512,0,2102644736
5223,2852424577,106964,2852531541,0,9,0,51200,0,10012659712
5224,2852743278,121940,2852865218,0,9,0,100352,0,3774676992
5225,2852766738,1518,2852768256,0,9,1,1536,0,1888956416
5226,2852788108,1994,2852790102,0,6,1,2048,0,7923965952
5227,2852898504,54056,2852952560,0,8,0,3584,0,2437693440
5228,2853367968,5326,2853373294,0,6,1,5632,0,726851584
5229,2853874268,93932,2853968200,0,0,0,23552,0,7048683520
5230,2854047092,43904,2854090996,0,3,0,512,0,2415005696
5231,2854323524,120380,2854443904,0,9,0,95232,0,3926040576
5232,2854383696,4374,2854388070,0,2,1,4608,0,3393073152
5233,2854748604,43904,2854792508,0,8,0,512,0,10003054592
5234,2854895909,566,2854896475,0,9,1,512,0,4840382464
5235,2855040262,43904,2855084166,0,6,0,512,0,8525697024
5236,2855076149,5326,2855081475,0,7,1,5632,0,5122576384
5237,2855634183,100724,2855734907,0,3,0,30720,0,9586978816
5238,2855680943,566,2855681509,0,7,1,512,0,9534537728
5239,2855724604,64654,2855789258,0,6,1,109056,0,9164242944
5240,2855882677,114296,2855996973,0,9,0,75264,0,118349824
5241,2856770613,79436,2856850049,0,6,0,11264,0,909193216
5242,2858458838,72668,2858531506,0,8,0,9216,0,3514646528
5243,2859719610,107900,2859827510,0,9,0,54272,0,411713536
5244,2859791098,43904,2859835002,0,3,0,512,0,3796525056
5245,2860474320,109928,2860584248,0,3,0,60928,0,3390758912
5246,2860804170,52364,2860856534,0,0,0,3072,0,906133504
5247,2861004856,94688,2861099544,0,0,0,20992,0,5975711744
5248,2861118412,102128,2861220540,0,6,0,35328,0,7011557376
5249,2861169675,57495,2861227170,0,6,0,512,0,4879761408
5250,2862091326,101192,2862192518,0,0,0,32256,0,2052935680
5251,2862307170,97316,2862404486,0,6,0,24576,0,3414171648
5252,2863971697,102752,2864074449,0,3,0,37376,0,4409782272
5253,2864404590,112424,2864517014,0,6,0,69120,0,6842077184
5254,2864981559,93596,2865075155,0,9,0,17408,0,5825032192
5255,2865597904,87896,2865685800,0,6,0,13824,0,93282304
5256,2865867766,94532,2865962298,0,8,0,20480,0,5175291904
5257,2865975879,128180,2866104059,0,0,0,120832,0,918499328
5258,2866245674,57440,2866303114,0,9,0,4608,0,3118710784
5259,2867621703,96692,2867718395,0,8,0,22528,0,3823751168
5260,2868865905,65900,2868931805,0,0,0,7168,0,4657217536
5261,2868877869,43904,2868921773,0,9,0,512,0,3834093568
5262,2868955826,45596,2869001422,0,9,0,1024,0,1200820224
5263,2869730983,64208,2869795191,0,6,0,6656,0,2936881152
5264,2869852674,52364,2869905038,0,9,0,3072,0,9632710656
5265,2870622071,43904,2870665975,0,9,0,512,0,4872450048
5266,2871406915,117416,2871524331,0,3,0,85504,0,1051623424
5267,2871928902,5454,2871934356,0,6,1,13824,0,1827479552
5268,2871949092,223875,2872172967,0,6,0,41984,0,8070561792
5269,2872183573,97604,2872281177,0,9,0,20480,0,983588864
5270,2872715534,43904,2872759438,0,0,0,512,0,8040259584
5271,2872820543,127712,2872948255,0,8,0,119296,0,6870482944
5272,2872867607,77837,2872945444,0,9,0,512,0,5617827840
5273,2872869029,6488,2872875517,0,9,1,15872,0,3187240960
5274,2872960101,43904,2873004005,0,8,0,512,0,3068784640
5275,2873967822,5802,2873973624,0,1,1,6144,0,4872945664
5276,2874018700,43904,2874062604,0,9,0,512,0,2182606848
5277,2874403149,43904,2874447053,0,3,0,512,0,9906348032
5278,2875001471,106496,2875107967,0,8,0,49664,0,8849903616
5279,2875514810,105872,2875620682,0,6,0,47616,0,5887664128
5280,2875626599,114920,2875741519,0,0,0,77312,0,8400412672
5281,2875864731,43904,2875908635,0,0,0,512,0,5831204864
5282,2875991497,4162,2875995659,0,2,1,11264,0,413937664
5283,2876130275,45596,2876175871,0,3,0,1024,0,10328670208
5284,2876161085,3128,2876164213,0,7,1,9216,0,771448832
5285,2876361306,5326,2876366632,0,7,1,5632,0,7056830464
5286,2876623738,11016,2876634754,0,7,1,17920,0,4154482688
5287,2876691086,81128,2876772214,0,6,0,11776,0,6071476224
5288,2876794712,12825,2876807537,0,9,1,21504,0,5560606720
5289,2877004500,1042,2877005542,0,7,1,1024,0,4114268160
5290,2877073236,3904,2877077140,0,9,1,10752,0,9401577472
5291,2877225127,112892,2877338019,0,8,0,70656,0,8214405120
5292,2877595777,99788,2877695565,0,0,0,27648,0,1010270208
5293,2877865573,105872,2877971445,0,3,0,47616,0,5955682304
5294,2878290311,43904,2878334215,0,3,0,512,0,9593483264
5295,2879714614,86204,2879800818,0,0,0,13312,0,3284717568
5296,2890645286,20366,2890665652,0,7,1,32768,0,2975059968
5297,2893154927,3422,2893158349,0,9,1,3584,0,5399822336
5298,2893225894,4679,2893230573,0,1,1,12288,0,10350469120
5299,2893676462,34537,2893710999,0,1,1,60416,0,2502090752
5300,2894225450,566,2894226016,0,1,1,512,0,1621774336
5301,2894499872,6754,2894506626,0,8,1,7168,0,937324544
5302,2894681225,7706,2894688931,0,2,1,8192,0,9789677568
5303,2894868638,7230,2894875868,0,1,1,7680,0,4558487552
5304,2894982270,5326,2894987596,0,2,1,5632,0,4737695744
5305,2895403388,2946,2895406334,0,8,1,3072,0,6757769216
5306,2895518521,566,2895519087,0,2,1,512,0,4728262656
5307,2908539179,2946,2908542125,0,1,1,3072,0,3443007488
5308,2908762263,3422,2908765685,0,2,1,3584,0,4043288576
5309,2908907908,4420,2908912328,0,8,1,11776,0,3658903552
5310,2909768901,1042,2909769943,0,2,1,1024,0,7619440640
5311,2909783687,7230,2909790917,0,8,1,7680,0,4410077184
5312,2910258531,3387,2910261918,0,8,1,9728,0,5963960320
5313,2910441211,6278,2910447489,0,8,1,6656,0,5535293440
5314,2910850149,3898,2910854047,0,8,1,4096,0,3540443136
5315,2911712212,3645,2911715857,0,9,1,10240,0,8067592192
5316,2912652226,132516,2912784742,0,2,1,214528,0,1602215936
5317,2912652500,4420,2912656920,0,8,1,11776,0,8228843520
5318,2912723979,2946,2912726925,0,8,1,3072,0,8485261312
5319,2913002677,4937,2913007614,0,8,1,12800,0,2566365184
5320,2913239344,1042,2913240386,0,8,1,1024,0,5059567616
5321,2913673999,566,2913674565,0,9,1,512,0,4944445440
5322,2913702108,1518,2913703626,0,2,1,1536,0,4329758720
5323,2913883332,5802,2913889134,0,8,1,6144,0,1427611648
5324,2917182165,1518,2917183683,0,2,1,1536,0,6641098752
5325,2917247091,2470,2917249561,0,8,1,2560,0,7136817152
5326,2918301480,12825,2918314305,0,8,1,21504,0,3279929344
5327,2918339636,1518,2918341154,0,9,1,1536,0,489254912
5328,2918581070,4374,2918585444,0,9,1,4608,0,5580296192
5329,2918789828,3422,2918793250,0,9,1,3584,0,183992320
5330,2918813324,7706,2918821030,0,9,1,8192,0,4831506432
5331,2919283931,31266,2919315197,0,9,1,50688,0,10568462336
5332,2919773846,21658,2919795504,0,3,1,35328,0,3185926144
5333,2920951888,3387,2920955275,0,9,1,9728,0,9539457024
5334,2947674022,36604,2947710626,0,8,1,64512,0,4459552768
5335,2947766102,2470,2947768572,0,3,1,2560,0,205508608
5336,2947898474,3422,2947901896,0,3,1,3584,0,3557765120
5337,2948022498,3898,2948026396,0,3,1,4096,0,5307199488
5338,2948047607,566,2948048173,0,3,1,512,0,6857990144
5339,2948811898,6278,2948818176,0,3,1,6656,0,3364741120
5340,2948840480,4850,2948845330,0,4,1,5120,0,8086503424
5341,2948925743,1518,2948927261,0,4,1,1536,0,9621110784
5342,2949041215,76846,2949118061,0,4,1,129536,0,5034459136
5343,2949203023,4679,2949207702,0,9,1,12288,0,9127833600
5344,2949910096,4850,2949914946,0,4,1,5120,0,1292525568
5345,2950391714,6278,2950397992,0,3,1,6656,0,1651912704
5346,2950512732,2946,2950515678,0,9,1,3072,0,55439360
5347,2951124317,10499,2951134816,0,9,1,16896,0,4551876608
5348,2951382778,5802,2951388580,0,3,1,6144,0,7692439552
5349,2951415363,53495,2951468858,0,4,1,90624,0,1441816576
5350,2951896894,4374,2951901268,0,4,1,4608,0,4926070784
5351,2952084963,1994,2952086957,0,3,1,2048,0,2619809792
5352,2952193661,7706,2952201367,0,2,1,8192,0,2731606016
5353,2952298651,566,2952299217,0,9,1,512,0,8556285952
5354,2952768594,566,2952769160,0,2,1,512,0,212004864
5355,2952789893,4850,2952794743,0,3,1,5120,0,10108321792
5356,2955912935,3422,2955916357,0,9,1,3584,0,1652416512
5357,2956144612,83870,2956228482,0,3,1,139776,0,6336737280
5358,2956384922,2470,2956387392,0,3,1,2560,0,8052994048
5359,2956524269,62416,2956586685,0,4,1,101376,0,5375696896
5360,2957669005,5802,2957674807,0,4,1,6144,0,608890880
5361,2957851062,566,2957851628,0,2,1,512,0,8518803456
5362,2957885122,2946,2957888068,0,3,1,3072,0,2348322816
5363,2958292808,2470,2958295278,0,3,1,2560,0,5235236864
5364,2958472908,2946,2958475854,0,2,1,3072,0,4855578624
5365,2961162029,6278,2961168307,0,2,1,6656,0,3902963712
5366,2961452387,1042,2961453429,0,3,1,1024,0,8774856704
5367,2961459266,36604,2961495870,0,3,1,64512,0,966402048
5368,2961840857,45596,2961886453,0,9,0,1024,0,3456368640
5369,2961853939,566,2961854505,0,3,1,512,0,4856664064
5370,2962133681,117572,2962251253,0,6,0,86016,0,54738944
5371,2962416838,62516,2962479354,0,8,0,6144,0,9456857088
5372,2964294236,43904,2964338140,0,3,0,512,0,7820533760
5373,2964746887,95132,2964842019,0,6,0,17408,0,3127963648
5374,2964824455,59132,2964883587,0,8,0,5120,0,2906451968
5375,2965225715,95600,2965321315,0,8,0,18944,0,2822836224
5376,2965637924,43904,2965681828,0,6,0,512,0,7679406080
5377,2966151616,43904,2966195520,0,8,0,512,0,10384445440
5378,2966404698,43904,2966448602,0,6,0,512,0,3950120960
5379,2967382185,92552,2967474737,0,0,0,24064,0,8616574976
5380,2967498136,94976,2967593112,0,8,0,16896,0,2909659136
5381,2968430297,43904,2968474201,0,6,0,512,0,6732210176
5382,2968585907,82820,2968668727,0,8,0,12288,0,9754595328
5383,2968645305,96404,2968741709,0,8,0,26624,0,5750841344
5384,2968715813,117048,2968832861,0,8,0,26112,0,615034880
5385,2969530158,111020,2969641178,0,8,0,64512,0,453500928
5386,2969842679,84512,2969927191,0,3,0,12800,0,7353860096
5387,2969934892,43904,2969978796,0,0,0,512,0,6447058944
5388,2970384165,103844,2970488009,0,6,0,40960,0,3254927360
5389,2971237894,67592,2971305486,0,0,0,7680,0,4136796160
5390,2971592229,52364,2971644593,0,3,0,3072,0,4007751680
5391,2971707253,47288,2971754541,0,8,0,1536,0,4388634624
5392,2972324335,65900,2972390235,0,8,0,7168,0,2382479360
5393,2972905836,7706,2972913542,0,4,1,8192,0,2875842560
5394,2973019483,7706,2973027189,0,3,1,8192,0,1805860864
5395,2973259671,4850,2973264521,0,3,1,5120,0,8759042048
5396,2973317188,6278,2973323466,0,3,1,6656,0,3498262528
5397,2974488855,90524,2974579379,0,3,0,17408,0,9275277312
5398,2975945717,67592,2976013309,0,6,0,7680,0,2101796864
5399,2978039335,69284,2978108619,0,0,0,8192,0,1549078528
5400,2978049244,101504,2978150748,0,8,0,33280,0,7031341056
5401,2978306136,43904,2978350040,0,8,0,512,0,7048507392
5402,2979963720,43904,2980007624,0,8,0,512,0,3538796544
5403,2981040786,45596,2981086382,0,6,0,1024,0,2165604352
5404,2981214470,43904,2981258374,0,3,0,512,0,4696846336
5405,2981813770,64208,2981877978,0,3,0,6656,0,7028637696
5406,2982284558,43904,2982328462,0,8,0,512,0,5636161536
5407,2982553403,96668,2982650071,0,0,0,17408,0,278691840
5408,2982596576,91928,2982688504,0,6,0,22016,0,8040529920
5409,2982612305,131459,2982743764,0,6,0,47104,0,2445783040
5410,2984328198,113360,2984441558,0,6,0,72192,0,1919479808
5411,2985351656,43904,2985395560,0,0,0,512,0,6949326848
5412,2985413531,104936,2985518467,0,8,0,44544,0,7397773312
5413,2985495973,95804,2985591777,0,8,0,29696,0,7840292864
5414,2985690406,91748,2985782154,0,3,0,16384,0,7401451520
5415,2985756027,89588,2985845615,0,8,0,14336,0,5549416448
5416,2986119500,113516,2986233016,0,8,0,72704,0,6683115520
5417,2987761785,1518,2987763303,0,3,1,1536,0,5734379520
5418,2987966483,43904,2988010387,0,3,0,512,0,2150047744
5419,2988257163,566,2988257729,0,0,1,512,0,6766927872
5420,2988338492,122096,2988460588,0,8,0,100864,0,7296692224
5421,2988601355,43904,2988645259,0,8,0,512,0,4612370432
5422,2988687584,10499,2988698083,0,0,1,16896,0,8845627392
5423,2989278421,43904,2989322325,0,0,0,512,0,10382098432
5424,2989584965,1042,2989586007,0,9,1,1024,0,6129246208
5425,2989767995,566,2989768561,0,0,1,512,0,9134706688
5426,2989876134,5326,2989881460,0,2,1,5632,0,38342656
5427,2990079842,2470,2990082312,0,2,1,2560,0,6796222464
5428,2990553273,104000,2990657273,0,8,0,41472,0,6263988224
5429,2991674066,62516,2991736582,0,6,0,6144,0,4147372032
5430,2992127385,97316,2992224701,0,0,0,24576,0,2903101440
5431,2992709297,43904,2992753201,0,0,0,512,0,2590294016
5432,2994116319,93776,2994210095,0,3,0,23040,0,6184099840
5433,2994608712,112892,2994721604,0,8,0,70656,0,1359618048
5434,2995914804,84512,2995999316,0,6,0,12800,0,10274607104
5435,2996245133,43904,2996289037,0,0,0,512,0,3085111296
5436,2996665664,43904,2996709568,0,8,0,512,0,5830660096
5437,2996700007,84512,2996784519,0,0,0,12800,0,4576772096
5438,2996780015,70976,2996850991,0,0,0,8704,0,2513862656
5439,2996904649,205256,2997109905,0,0,0,212480,0,8439984128
5440,2996946309,1518,2996947827,0,0,1,1536,0,6771040256
5441,2996978601,207695,2997186296,0,0,0,6656,0,7779434496
5442,2996985986,6278,2996992264,0,2,1,6656,0,1009250304
5443,2997181776,43904,2997225680,0,0,0,512,0,8485433344
5444,2997280655,7706,2997288361,0,2,1,8192,0,3699965952
5445,2997409735,43904,2997453639,0,8,0,512,0,4838023168
5446,2998340025,6754,2998346779,0,9,1,7168,0,5463568384
5447,3000254081,52364,3000306445,0,0,0,3072,0,10497359872
5448,3000254324,184688,3000439012,0,3,0,150016,0,2037682176
5449,3001057081,116480,3001173561,0,3,0,82432,0,107745280
5450,3001149575,48980,3001198555,0,8,0,2048,0,3648462848
5451,3001350829,121316,3001472145,0,8,0,98304,0,9040187392
5452,3003471286,101660,3003572946,0,6,0,33792,0,4382433280
5453,3003496364,105560,3003601924,0,8,0,46592,0,6011908096
5454,3004171346,110084,3004281430,0,8,0,61440,0,9815953408
5455,3004747259,43904,3004791163,0,3,0,512,0,674164736
5456,3005054276,97496,3005151772,0,8,0,30208,0,6521634816
5457,3006033264,52364,3006085628,0,3,0,3072,0,9528950784
5458,3006226769,113360,3006340129,0,8,0,72192,0,1779691520
5459,3007114944,69284,3007184228,0,8,0,8192,0,8969265152
5460,3007319168,89612,3007408780,0,3,0,19456,0,10604728320
5461,3008066543,208532,3008275075,0,8,0,223232,0,2762612736
5462,3008146005,104780,3008250785,0,6,0,44032,0,3186880512
5463,3008451968,45596,3008497564,0,3,0,1024,0,7476465664
5464,3008934195,76052,3009010247,0,6,0,10240,0,7585869824
5465,3009696303,95600,3009791903,0,0,0,18944,0,3122196480
5466,3011169830,114608,3011284438,0,3,0,76288,0,9926172672
5467,3011641163,108680,3011749843,0,6,0,56832,0,5523832832
5468,3012544550,123968,3012668518,0,8,0,107008,0,9906700288
5469,3012866879,43904,3012910783,0,6,0,512,0,10400198656
5470,3013706342,178676,3013885018,0,0,0,145408,0,1782587392
5471,3015177635,67592,3015245227,0,6,0,7680,0,2279927808
5472,3016396609,48980,3016445589,0,8,0,2048,0,3273760768
5473,3016605864,43904,3016649768,0,3,0,512,0,3226669056
5474,3017731049,111332,3017842381,0,0,0,65536,0,2007994368
5475,3017766332,50672,3017817004,0,3,0,2560,0,10186907648
5476,3018392643,43904,3018436547,0,3,0,512,0,1458159616
5477,3020300842,43904,3020344746,0,3,0,512,0,6698774528
5478,3021159904,108836,3021268740,0,6,0,57344,0,162131968
5479,3021657558,107120,3021764678,0,8,0,51712,0,4637515776
5480,3022551221,103376,3022654597,0,0,0,39424,0,5586092032
5481,3022778194,102752,3022880946,0,8,0,37376,0,5318553600
5482,3023005995,43904,3023049899,0,8,0,512,0,3995140096
5483,3023373471,197612,3023571083,0,6,0,187392,0,4437364736
5484,3023830371,47288,3023877659,0,8,0,1536,0,1857081344
5485,3024429126,103376,3024532502,0,0,0,39424,0,8678752256
5486,3025032644,43904,3025076548,0,6,0,512,0,6728675328
5487,3025123849,109460,3025233309,0,8,0,59392,0,2540904448
5488,3025418726,45596,3025464322,0,8,0,1024,0,2614927360
5489,3025852846,50672,3025903518,0,0,0,2560,0,507265024
5490,3025944509,566,3025945075,0,2,1,512,0,1852977152
5491,3026163322,43904,3026207226,0,3,0,512,0,7448092672
5492,3026269558,3898,3026273456,0,9,1,4096,0,10305560576
5493,3026483485,47288,3026530773,0,6,0,1536,0,1373310976
5494,3026537304,2946,3026540250,0,9,1,3072,0,7249215488
5495,3026665587,566,3026666153,0,9,1,512,0,8021843968
5496,3026769964,94088,3026864052,0,8,0,24064,0,7436611584
5497,3027079076,566,3027079642,0,9,1,512,0,3168796672
5498,3027212199,90392,3027302591,0,3,0,22016,0,10075840512
5499,3027224691,3898,3027228589,0,9,1,4096,0,214921216
5500,3027294199,1994,3027296193,0,9,1,2048,0,10412789760
5501,3027584891,3387,3027588278,0,9,1,9728,0,1656442880
5502,3027778322,5802,3027784124,0,7,1,6144,0,10514128896
5503,3027952883,5326,3027958209,0,9,1,5632,0,5224046592
5504,3027998578,44920,3028043498,0,7,1,77312,0,6963081216
5505,3028215012,118040,3028333052,0,8,0,87552,0,8790740992
5506,3028663077,103064,3028766141,0,6,0,38400,0,10412630016
5507,3028968231,103064,3029071295,0,0,0,38400,0,2558373888
5508,3029073100,4374,3029077474,0,7,1,4608,0,503595008
5509,3029081254,566,3029081820,0,9,1,512,0,2099249152
5510,3029085806,2870,3029088676,0,9,1,8704,0,753467392
5511,3029229742,6229,3029235971,0,9,1,15360,0,6633979904
5512,3029451119,566,3029451685,0,9,1,512,0,8031879168
5513,3030100944,4162,3030105106,0,5,1,11264,0,2278830080
5514,3030530736,2946,3030533682,0,9,1,3072,0,2746695680
5515,3030563012,112736,3030675748,0,0,0,70144,0,1854377984
5516,3030791308,70976,3030862284,0,3,0,8704,0,5905436672
5517,3030965570,43628,3031009198,0,1,1,74752,0,4222177280
5518,3031041691,2946,3031044637,0,9,1,3072,0,2313601024
5519,3032141541,3387,3032144928,0,5,1,9728,0,1668538368
5520,3032274302,2470,3032276772,0,9,1,2560,0,7939420160
5521,3032534777,100724,3032635501,0,6,0,30720,0,8773840896
5522,3033147037,43904,3033190941,0,3,0,512,0,10527051776
5523,3033673509,43904,3033717413,0,8,0,512,0,158359552
5524,3034079307,50672,3034129979,0,3,0,2560,0,58814464
5525,3034824356,43904,3034868260,0,8,0,512,0,230682624
5526,3034910908,59132,3034970040,0,3,0,5120,0,9964081152
5527,3035083871,92972,3035176843,0,3,0,15360,0,3997388800
5528,3035252355,114764,3035367119,0,3,0,76800,0,2407620608
5529,3036098393,95492,3036193885,0,0,0,28672,0,10702725120
5530,3036522293,94712,3036617005,0,3,0,26112,0,6516682752
5531,3037237734,106184,3037343918,0,6,0,48640,0,1807294464
5532,3037760207,10757,3037770964,0,6,1,17408,0,7993147392
5533,3037964765,110084,3038074849,0,8,0,61440,0,4474642432
5534,3038251765,6278,3038258043,0,1,1,6656,0,7672852480
5535,3038278015,566,3038278581,0,7,1,512,0,8040050688
5536,3038383635,2470,3038386105,0,9,1,2560,0,1643839488
5537,3038574847,1042,3038575889,0,7,1,1024,0,6725898240
5538,3038658701,70976,3038729677,0,3,0,8704,0,173346816
5539,3039459116,43904,3039503020,0,0,0,512,0,10628784128
5540,3039740573,69284,3039809857,0,6,0,8192,0,907640832
5541,3039744463,2470,3039746933,0,9,1,2560,0,5502042112
5542,3040215597,31783,3040247380,0,7,1,51712,0,10653548544
5543,3040342397,4937,3040347334,0,1,1,12800,0,6389800960
5544,3040707635,3898,3040711533,0,1,1,4096,0,4843773952
5545,3040745366,43904,3040789270,0,8,0,512,0,9637908480
5546,3040928838,2470,3040931308,0,7,1,2560,0,5731831808
5547,3041123727,105248,3041228975,0,6,0,45568,0,4086673408
5548,3041327918,96092,3041424010,0,3,0,25600,0,4491280384
5549,3042368817,111176,3042479993,0,3,0,65024,0,9413943296
5550,3042409617,92684,3042502301,0,6,0,19456,0,6406393856
5551,3042564983,74360,3042639343,0,0,0,9728,0,7368286208
5552,3043133887,43904,3043177791,0,6,0,512,0,1184673792
5553,3043598841,109304,3043708145,0,0,0,58880,0,3484463104
5554,3043660273,98564,3043758837,0,8,0,28672,0,3678089216
5555,3043700757,71346,3043772103,0,8,0,512,0,7854710784
5556,3043849922,100568,3043950490,0,8,0,30208,0,10377355264
5557,3043920316,97496,3044017812,0,6,0,30208,0,7515504640
5558,3044563190,43904,3044607094,0,0,0,512,0,4120403968
5559,3044679556,45596,3044725152,0,8,0,1024,0,9237278720
5560,3045469033,97472,3045566505,0,6,0,25088,0,3346972672
5561,3045880898,43904,3045924802,0,8,0,512,0,631672832
5562,3045908583,60824,3045969407,0,3,0,5632,0,9193644032
5563,3046245001,130520,3046375521,0,3,0,128512,0,7117729792
5564,3046677024,55748,3046732772,0,8,0,4096,0,7237267456
5565,3047355852,67592,3047423444,0,3,0,7680,0,2532462592
5566,3049469748,2870,3049472618,0,7,1,8704,0,3812823040
5567,3049659951,2946,3049662897,0,1,1,3072,0,4995227648
5568,3049921545,2470,3049924015,0,5,1,2560,0,2214334464
5569,3050027459,6754,3050034213,0,1,1,7168,0,10372481024
5570,3050356648,115076,3050471724,0,0,0,77824,0,6320898048
5571,3050570002,99500,3050669502,0,6,0,31744,0,3662188544
5572,3050689700,104468,3050794168,0,8,0,43008,0,9002078208
5573,3051330079,98096,3051428175,0,6,0,27136,0,2478268416
5574,3051874277,4162,3051878439,0,5,1,11264,0,5199241216
5575,3052134924,92060,3052226984,0,8,0,17408,0,6565498880
5576,3052141471,1042,3052142513,0,1,1,1024,0,7833374720
5577,3052253460,105248,3052358708,0,3,0,45568,0,5269037056
5578,3053335864,48980,3053384844,0,3,0,2048,0,8692187136
5579,3053720133,4374,3053724507,0,9,1,4608,0,7491620864
5580,3053843551,1042,3053844593,0,1,1,1024,0,5612720128
5581,3054194733,1518,3054196251,0,1,1,1536,0,3352903680
5582,3054259389,45596,3054304985,0,6,0,1024,0,8035651584
5583,3055185875,98408,3055284283,0,8,0,28160,0,2804764672
5584,3055589003,43904,3055632907,0,3,0,512,0,5315956736
5585,3055991092,105560,3056096652,0,6,0,46592,0,8128057344
5586,3056264326,94376,3056358702,0,8,0,19968,0,4937867264
5587,3056947271,69284,3057016555,0,3,0,8192,0,3622789120
5588,3057140219,43904,3057184123,0,6,0,512,0,1538924544
5589,3057953500,47288,3058000788,0,8,0,1536,0,5814038528
5590,3057992133,47288,3058039421,0,6,0,1536,0,6547623936
5591,3059198916,4679,3059203595,0,1,1,12288,0,4768980992
5592,3059303389,84512,3059387901,0,6,0,12800,0,1293459456
5593,3059339299,22862,3059362161,0,0,1,40960,0,9113116672
5594,3059387679,92216,3059479895,0,3,0,17920,0,6237073408
5595,3059549267,11274,3059560541,0,0,1,18432,0,884645888
5596,3059582212,40616,3059622828,0,9,1,65536,0,9730478080
5597,3059880356,91304,3059971660,0,0,0,19968,0,8770625536
5598,3060354677,90524,3060445201,0,3,0,17408,0,8466563072
5599,3060535479,566,3060536045,0,9,1,512,0,10507759616
5600,3060652482,2946,3060655428,0,0,1,3072,0,7235653632
5601,3061315313,6754,3061322067,0,0,1,7168,0,4050018304
5602,3061479907,566,3061480473,0,5,1,512,0,5872254976
5603,3062254237,2870,3062257107,0,5,1,8704,0,2228350976
5604,3062500619,94688,3062595307,0,8,0,20992,0,4287356928
5605,3062576631,12995,3062589626,0,0,1,25088,0,1495650304
5606,3062730136,10241,3062740377,0,9,1,16384,0,679153664
5607,3063280449,116012,3063396461,0,0,0,80896,0,5940350976
5608,3063850131,2470,3063852601,0,9,1,2560,0,5557280768
5609,3064183427,14029,3064197456,0,5,1,27136,0,7099097088
5610,3064381309,3645,3064384954,0,0,1,10240,0,3672522752
5611,3064659920,10241,3064670161,0,0,1,16384,0,8156008448
5612,3064789044,4374,3064793418,0,5,1,4608,0,2298519552
5613,3065300705,90368,3065391073,0,3,0,16896,0,8276787200
5614,3065581874,43904,3065625778,0,6,0,512,0,9904275456
5615,3065660575,158372,3065818947,0,6,0,139264,0,4520800256
5616,3065748675,43904,3065792579,0,0,0,512,0,752263168
5617,3065955583,1042,3065956625,0,5,1,1024,0,6862233600
5618,3066105210,43904,3066149114,0,6,0,512,0,5576577024
5619,3066190508,84512,3066275020,0,0,0,12800,0,7370600448
5620,3066488312,2470,3066490782,0,0,1,2560,0,3048443904
5621,3067491516,1518,3067493034,0,4,1,1536,0,7722586112
5622,3067769275,2946,3067772221,0,0,1,3072,0,4282540032
5623,3070110538,43904,3070154442,0,0,0,512,0,5224919040
5624,3070869047,81128,3070950175,0,6,0,11776,0,5619830784
5625,3071338535,90836,3071429371,0,6,0,18432,0,8412094464
5626,3071393647,120380,3071514027,0,8,0,95232,0,427413504
5627,3071505267,102996,3071608263,0,8,0,24576,0,6825799680
5628,3071799702,1518,3071801220,0,9,1,1536,0,117555200
5629,3071817587,43904,3071861491,0,3,0,512,0,8012853248
5630,3071946016,566,3071946582,0,0,1,512,0,9039384576
5631,3072063891,3904,3072067795,0,6,1,10752,0,4771364864
5632,3072301696,72668,3072374364,0,8,0,9216,0,6578266112
5633,3072304668,566,3072305234,0,0,1,512,0,10697461760
5634,3072519635,2870,3072522505,0,6,1,8704,0,7210721280
5635,3073184869,95156,3073280025,0,3,0,22528,0,5202399232
5636,3073187170,106184,3073293354,0,6,0,48640,0,10031710208
5637,3073809199,43904,3073853103,0,6,0,512,0,1129750528
5638,3073815293,1042,3073816335,0,5,1,1024,0,1352335360
5639,3074129895,43904,3074173799,0,8,0,512,0,7049207808
5640,3074314540,2470,3074317010,0,4,1,2560,0,2238406656
5641,3074578655,10241,3074588896,0,0,1,16384,0,6809497600
5642,3074656367,43904,3074700271,0,8,0,512,0,874508288
5643,3075049951,92060,3075142011,0,6,0,17408,0,6714314752
5644,3075222394,114296,3075336690,0,3,0,75264,0,1858740224
5645,3075255020,2946,3075257966,0,6,1,3072,0,9002659840
5646,3075340154,1994,3075342148,0,0,1,2048,0,7092322304
5647,3075523178,97760,3075620938,0,3,0,20992,0,4444160
5648,3075757778,74350,3075832128,0,0,1,121344,0,3409899520
5649,3075808834,566,3075809400,0,4,1,512,0,434814976
5650,3076041613,1042,3076042655,0,4,1,1024,0,6150430720
5651,3076304022,2470,3076306492,0,6,1,2560,0,2748526592
5652,3076959893,1042,3076960935,0,0,1,1024,0,7914295296
5653,3077485054,566,3077485620,0,4,1,512,0,9292521472
5654,3077686206,2870,3077689076,0,6,1,8704,0,1267470336
5655,3077709897,25187,3077735084,0,6,1,45568,0,5779087360
5656,3078451353,10241,3078461594,0,6,1,16384,0,3707002880
5657,3078537111,7706,3078544817,0,5,1,8192,0,718073856
5658,3079288389,12995,3079301384,0,1,1,25088,0,10330210304
5659,3079494777,6754,3079501531,0,4,1,7168,0,5760192512
5660,3079513655,3128,3079516783,0,5,1,9216,0,2819084288
5661,3079749632,5802,3079755434,0,5,1,6144,0,10224881664
5662,3080641763,3387,3080645150,0,0,1,9728,0,8819240960
5663,3080674131,16096,3080690227,0,4,1,31232,0,409137152
5664,3080681251,9322,3080690573,0,4,1,512,0,4341141504
5665,3081027458,10241,3081037699,0,4,1,16384,0,4831768576
5666,3081333556,4162,3081337718,0,5,1,11264,0,10379407360
5667,3081426151,5802,3081431953,0,5,1,6144,0,7265357824
5668,3081466058,3898,3081469956,0,4,1,4096,0,3561721856
5669,3081640272,4937,3081645209,0,4,1,12800,0,2370551808
5670,3101358432,566,3101358998,0,6,1,512,0,1055670272
5671,3101498427,4850,3101503277,0,5,1,5120,0,2106036224
5672,3101695525,566,3101696091,0,1,1,512,0,4390428672
5673,3101830986,3898,3101834884,0,4,1,4096,0,5030748160
5674,3102047134,3128,3102050262,0,5,1,9216,0,4573667328
5675,3102088532,5196,3102093728,0,1,1,13312,0,2314969088
5676,3102453827,67238,3102521065,0,4,1,114176,0,9947242496
5677,3103436577,5326,3103441903,0,1,1,5632,0,5138702336
5678,3103453431,1518,3103454949,0,0,1,1536,0,9579397120
5679,3103568850,10499,3103579349,0,0,1,16896,0,6874939392
5680,3104087629,2470,3104090099,0,5,1,2560,0,1619791872
5681,3104738876,13253,3104752129,0,0,1,25600,0,5711622144
5682,3104852118,4420,3104856538,0,4,1,11776,0,9021833216
5683,3105006343,2470,3105008813,0,4,1,2560,0,6143451136
5684,3105017355,3904,3105021259,0,5,1,10752,0,4605747200
5685,3105187156,4850,3105192006,0,3,1,5120,0,9286311936
5686,3106235823,7230,3106243053,0,5,1,7680,0,649052160
5687,3107057322,3645,3107060967,0,4,1,10240,0,6092959744
5688,3107267314,1518,3107268832,0,3,1,1536,0,1571872768
5689,3108005084,1518,3108006602,0,0,1,1536,0,872288256
5690,3108275745,1042,3108276787,0,3,1,1024,0,3969921024
5691,3108624859,2470,3108627329,0,1,1,2560,0,10525769728
5692,3109173002,12737,3109185739,0,9,1,24576,0,2659794944
5693,3109232607,4937,3109237544,0,3,1,12800,0,9574506496
5694,3109608491,13600,3109622091,0,3,1,23040,0,6484807680
5695,3109772273,11274,3109783547,0,1,1,18432,0,8700530688
5696,3110077624,2470,3110080094,0,4,1,2560,0,8303661056
5697,3110815416,81891,3110897307,0,7,1,132608,0,2136104960
5698,3111142107,3898,3111146005,0,1,1,4096,0,1178828800
5699,3111201422,3645,3111205067,0,0,1,10240,0,5402722304
5700,3114611526,1994,3114613520,0,0,1,2048,0,7221792768
5701,3118383856,4937,3118388793,0,5,1,12800,0,4816822272
5702,3118581126,23378,3118604504,0,3,1,41984,0,5685440512
5703,3118684772,1518,3118686290,0,4,1,1536,0,2395049984
5704,3119152199,5802,3119158001,0,9,1,6144,0,8391155712
5705,3119666705,1994,3119668699,0,1,1,2048,0,10401656832
5706,3120080663,566,3120081229,0,4,1,512,0,1987813376
5707,3120452258,566,3120452824,0,3,1,512,0,8971530240
5708,3120983398,1042,3120984440,0,9,1,1024,0,5013983232
5709,3121321328,7230,3121328558,0,7,1,7680,0,140890112
5710,3121611062,566,3121611628,0,4,1,512,0,2607112192
5711,3121716787,2946,3121719733,0,3,1,3072,0,192901120
5712,3122256492,566,3122257058,0,1,1,512,0,6288375808
5713,3122349888,1042,3122350930,0,3,1,1024,0,1776246784
5714,3122559114,2946,3122562060,0,3,1,3072,0,5405872128
5715,3122682947,5196,3122688143,0,4,1,13312,0,2043166720
5716,3126621059,4420,3126625479,0,7,1,11776,0,2038591488
5717,3126689647,4374,3126694021,0,3,1,4608,0,10099257344
5718,3127231887,3422,3127235309,0,4,1,3584,0,112230400
5719,3127285902,12049,3127297951,0,3,1,19968,0,9512120320
5720,3127450690,2470,3127453160,0,9,1,2560,0,7719239680
5721,3127689248,3898,3127693146,0,3,1,4096,0,9427595264
5722,3127917825,12825,3127930650,0,1,1,21504,0,8396562432
5723,3128894995,7230,3128902225,0,9,1,7680,0,2839367680
5724,3129462910,1042,3129463952,0,3,1,1024,0,965062656
5725,3129625760,566,3129626326,0,1,1,512,0,5583966208
5726,3129648042,566,3129648608,0,4,1,512,0,6171869184
5727,3129764047,2946,3129766993,0,4,1,3072,0,784506880
5728,3130374364,5326,3130379690,0,1,1,5632,0,10731028480
5729,3130819426,5802,3130825228,0,4,1,6144,0,3611090944
5730,3140185508,1518,3140187026,0,3,1,1536,0,1622306816
5731,3140221442,2470,3140223912,0,4,1,2560,0,7777153024
5732,3144403390,3422,3144406812,0,4,1,3584,0,6624505856
5733,3144684913,1042,3144685955,0,9,1,1024,0,9408200704
5734,3154181773,6278,3154188051,0,1,1,6656,0,7113859072
5735,3154231283,566,3154231849,0,9,1,512,0,7435857920
5736,3154540489,7706,3154548195,0,9,1,8192,0,8053690368
5737,3154908206,6278,3154914484,0,9,1,6656,0,1856901120
5738,3155878947,1042,3155879989,0,9,1,1024,0,8870891520
5739,3156794707,7230,3156801937,0,0,1,7680,0,435810304
5740,3156858504,3645,3156862149,0,5,1,10240,0,8408113152
5741,3160965057,5454,3160970511,0,5,1,13824,0,4484030464
5742,3160977492,43200,3161020692,0,9,1,70656,0,5796896768
5743,3161007769,15509,3161023278,0,9,1,4096,0,9630236672
5744,3161020332,10241,3161030573,0,9,1,16384,0,3427074048
5745,3161693114,4937,3161698051,0,9,1,12800,0,9090285568
5746,3161693324,2470,3161695794,0,0,1,2560,0,9469562880
5747,3162748652,2470,3162751122,0,0,1,2560,0,878911488
5748,3162969434,566,3162970000,0,7,1,512,0,7371534336
5749,3163084016,566,3163084582,0,9,1,512,0,4094574592
5750,3163340191,2470,3163342661,0,9,1,2560,0,563023872
5751,3163858967,4374,3163863341,0,7,1,4608,0,2550874112
5752,3164026413,566,3164026979,0,9,1,512,0,432857088
5753,3164831882,40874,3164872756,0,0,1,66048,0,498184192
5754,3165219254,1042,3165220296,0,9,1,1024,0,10045575168
5755,3168455777,1994,3168457771,0,7,1,2048,0,3745894400
5756,3168736711,3387,3168740098,0,9,1,9728,0,5828083712
5757,3169076606,566,3169077172,0,9,1,512,0,7642480640
5758,3169112223,2946,3169115169,0,0,1,3072,0,8575139840
5759,3169319221,1518,3169320739,0,0,1,1536,0,683122688
5760,3169617045,4374,3169621419,0,4,1,4608,0,6877532160
5761,3172445855,566,3172446421,0,0,1,512,0,2281119744
5762,3172742339,566,3172742905,0,9,1,512,0,1586765824
5763,3175563464,55562,3175619026,0,4,1,94720,0,1038995456
5764,3175946219,10757,3175956976,0,9,1,17408,0,425844736
5765,3175955832,566,3175956398,0,8,1,512,0,4192587776
5766,3186800964,5802,3186806766,0,8,1,6144,0,2533675008
5767,3186813980,566,3186814546,0,9,1,512,0,9150746624
5768,3186911026,566,3186911592,0,9,1,512,0,2813689856
5769,3193409551,3898,3193413449,0,9,1,4096,0,141647872
5770,3193488811,1042,3193489853,0,5,1,1024,0,4239339520
5771,3193677095,3387,3193680482,0,5,1,9728,0,1997918208
5772,3193749790,23120,3193772910,0,5,1,41472,0,8442892288
5773,3194357080,3898,3194360978,0,5,1,4096,0,5485662208
5774,3198413534,4937,3198418471,0,7,1,12800,0,6200578048
5775,3198478923,1518,3198480441,0,5,1,1536,0,3906969600
5776,3198538689,2946,3198541635,0,5,1,3072,0,9780228096
5777,3199024884,3422,3199028306,0,5,1,3584,0,6065803264
5778,3199089767,1994,3199091761,0,0,1,2048,0,558596096
5779,3200785470,7706,3200793176,0,0,1,8192,0,4199890944
5780,3201388186,3898,3201392084,0,4,1,4096,0,7155777536
5781,3202076717,7230,3202083947,0,5,1,7680,0,4641349632
5782,3202364777,566,3202365343,0,4,1,512,0,736813056
5783,3202672275,566,3202672841,0,5,1,512,0,1765744640
5784,3202936142,566,3202936708,0,4,1,512,0,5433937920
5785,3204113933,4850,3204118783,0,5,1,5120,0,8590229504
5786,3204913733,2946,3204916679,0,4,1,3072,0,8641261568
5787,3205033121,2870,3205035991,0,0,1,8704,0,10115612672
5788,3205284807,3904,3205288711,0,0,1,10752,0,8161349632
5789,3205366755,4850,3205371605,0,3,1,5120,0,6945615872
5790,3206098909,32299,3206131208,0,0,1,52736,0,3719319552
5791,3207616175,4374,3207620549,0,3,1,4608,0,2365349888
5792,3207935866,1994,3207937860,0,4,1,2048,0,7561003008
5793,3208042850,566,3208043416,0,5,1,512,0,496848896
5794,3208164525,1042,3208165567,0,1,1,1024,0,4971753472
5795,3208224688,566,3208225254,0,4,1,512,0,270667776
5796,3234238950,4374,3234243324,0,5,1,4608,0,7609925632
5797,3234268786,1042,3234269828,0,4,1,1024,0,1000964096
5798,3234336407,7230,3234343637,0,4,1,7680,0,19021824
5799,3234765804,4374,3234770178,0,1,1,4608,0,2966519808
5800,3234788852,566,3234789418,0,4,1,512,0,9407586304
5801,3234866057,1518,3234867575,0,4,1,1536,0,2025058304
5802,3235029627,114591,3235144218,0,4,1,186368,0,8359886848
5803,3235145071,2870,3235147941,0,0,1,8704,0,4088987648
5804,3245102318,5712,3245108030,0,4,1,14336,0,9799745536
5805,3245593333,2470,3245595803,0,0,1,2560,0,9929658368
5806,3245842352,3898,3245846250,0,1,1,4096,0,858677248
5807,3245941743,2946,3245944689,0,1,1,3072,0,8452325376
5808,3247156591,2946,3247159537,0,1,1,3072,0,9409048576
5809,3250874287,103064,3250977351,0,6,0,38400,0,5330350080
5810,3251064825,72668,3251137493,0,8,0,9216,0,8397385728
5811,3251189802,43904,3251233706,0,8,0,512,0,8119189504
5812,3251409874,106184,3251516058,0,3,0,48640,0,4436340736
5813,3251631722,60824,3251692546,0,8,0,5632,0,10551500800
5814,3252597777,102752,3252700529,0,3,0,37376,0,498745344
5815,3253734927,43904,3253778831,0,8,0,512,0,8762945536
5816,3253834166,70976,3253905142,0,0,0,8704,0,3491840000
5817,3254738467,45596,3254784063,0,3,0,1024,0,10456944640
5818,3254896960,43904,3254940864,0,0,0,512,0,4105998336
5819,3255360741,96356,3255457097,0,8,0,16384,0,1274318848
5820,3255564172,55748,3255619920,0,0,0,4096,0,6193315840
5821,3255939434,43904,3255983338,0,0,0,512,0,10447048704
5822,3256112405,47288,3256159693,0,8,0,1536,0,9044566016
5823,3256204768,43904,3256248672,0,0,0,512,0,4287676416
5824,3257304959,566,3257305525,0,0,1,512,0,359354368
5825,3257355404,43904,3257399308,0,8,0,512,0,8880173056
5826,3257715571,43904,3257759475,0,3,0,512,0,9619070976
5827,3258353478,566,3258354044,0,7,1,512,0,203046912
5828,3258759576,13858,3258773434,0,3,1,23552,0,4883947520
5829,3259306095,16613,3259322708,0,3,1,32256,0,6088536064
5830,3259354174,3422,3259357596,0,9,1,3584,0,1013157888
5831,3260045737,6754,3260052491,0,9,1,7168,0,4064116736
5832,3260096028,43904,3260139932,0,0,0,512,0,1984983040
5833,3261209958,10757,3261220715,0,1,1,17408,0,4677910528
5834,3262802123,57440,3262859563,0,3,0,4608,0,9722777600
5835,3263721780,47288,3263769068,0,8,0,1536,0,9828675584
5836,3263973593,25187,3263998780,0,3,1,45568,0,5019717632
5837,3264123694,55045,3264178739,0,7,1,93696,0,6215860224
5838,3264253843,43904,3264297747,0,8,0,512,0,6526021632
5839,3265037736,43904,3265081640,0,0,0,512,0,9317466112
5840,3265201537,5326,3265206863,0,7,1,5632,0,10068668416
5841,3265341510,1518,3265343028,0,2,1,1536,0,386490368
5842,3265525644,4850,3265530494,0,2,1,5120,0,1826066432
5843,3265559955,566,3265560521,0,9,1,512,0,5844717568
5844,3265881013,2946,3265883959,0,9,1,3072,0,9788616704
5845,3265931761,65900,3265997661,0,8,0,7168,0,1825660928
5846,3266262811,1042,3266263853,0,2,1,1024,0,4742950912
5847,3266323047,107276,3266430323,0,3,0,52224,0,6118948864
5848,3266357476,566,3266358042,0,9,1,512,0,895307776
5849,3266420948,6488,3266427436,0,2,1,15872,0,561938432
5850,3266460875,72668,3266533543,0,0,0,9216,0,6398455808
5851,3266471548,12566,3266484114,0,9,1,20992,0,4570398720
5852,3266563609,1042,3266564651,0,2,1,1024,0,4208406528
5853,3267142957,109304,3267252261,0,0,0,58880,0,357400576
5854,3268063697,126308,3268190005,0,3,0,114688,0,4342112256
5855,3269021441,43904,3269065345,0,8,0,512,0,238927872
5856,3269693901,97916,3269791817,0,0,0,21504,0,1019551744
5857,3270159564,47288,3270206852,0,3,0,1536,0,5918777344
5858,3270171657,94820,3270266477,0,8,0,16384,0,2003902464
5859,3271485453,91016,3271576469,0,8,0,24064,0,10162880512
5860,3271693468,96512,3271789980,0,0,0,16896,0,958275584
5861,3272002669,3645,3272006314,0,1,1,10240,0,7996215296
5862,3272084539,5802,3272090341,0,9,1,6144,0,6446043136
5863,3272834679,43904,3272878583,0,3,0,512,0,1331294208
5864,3273192314,97136,3273289450,0,0,0,18944,0,512860160
5865,3273538900,59132,3273598032,0,0,0,5120,0,3749273600
5866,3273698566,52364,3273750930,0,0,0,3072,0,7000743936
5867,3273898567,102908,3274001475,0,0,0,37888,0,2606952448
5868,3274143468,3904,3274147372,0,2,1,10752,0,7041024
5869,3274606764,2946,3274609710,0,9,1,3072,0,8620974080
5870,3274913026,2470,3274915496,0,7,1,2560,0,4268929024
5871,3275101420,52364,3275153784,0,8,0,3072,0,6231117824
5872,3275324749,104780,3275429529,0,0,0,44032,0,10471833600
5873,3275652097,566,3275652663,0,7,1,512,0,3273854976
5874,3275750362,5802,3275756164,0,9,1,6144,0,489328640
5875,3275953608,1994,3275955602,0,9,1,2048,0,9038929920
5876,3275989195,86204,3276075399,0,3,0,13312,0,9501409280
5877,3276008847,119132,3276127979,0,0,0,91136,0,5279125504
5878,3276247843,81128,3276328971,0,0,0,11776,0,7588544512
5879,3276299113,51656,3276350769,0,0,0,1536,0,563228672
5880,3276858552,87896,3276946448,0,0,0,13824,0,8997769216
5881,3276895057,97472,3276992529,0,3,0,25088,0,3632996352
5882,3277404059,104000,3277508059,0,3,0,41472,0,9097990144
5883,3277648568,43904,3277692472,0,8,0,512,0,816640000
5884,3277960477,104312,3278064789,0,0,0,42496,0,9107132416
5885,3279266781,104156,3279370937,0,3,0,41984,0,1781743616
5886,3280421310,43904,3280465214,0,8,0,512,0,579956736
5887,3281369346,48980,3281418326,0,0,0,2048,0,2700767232
5888,3281439501,97604,3281537105,0,0,0,20480,0,205475840
5889,3281506168,55748,3281561916,0,8,0,4096,0,216641536
5890,3282492085,48980,3282541065,0,0,0,2048,0,2993000448
5891,3282791431,107120,3282898551,0,8,0,51712,0,6061662208
5892,3282829923,101972,3282931895,0,3,0,34816,0,10252505088
5893,3283572247,5326,3283577573,0,9,1,5632,0,540893184
5894,3283669610,144836,3283814446,0,3,0,135168,0,3778142208
5895,3283753429,3422,3283756851,0,7,1,3584,0,2763239424
5896,3283875633,3904,3283879537,0,7,1,10752,0,8032661504
5897,3284062118,32816,3284094934,0,7,1,53760,0,8973033472
5898,3284178871,4850,3284183721,0,3,1,5120,0,8327933952
5899,3284277980,108680,3284386660,0,8,0,56832,0,7974195200
5900,3285092455,43904,3285136359,0,8,0,512,0,8819298304
5901,3285168016,43904,3285211920,0,0,0,512,0,459329536
5902,3285548125,113984,3285662109,0,3,0,74240,0,4783669248
5903,3285844802,109148,3285953950,0,0,0,58368,0,7841140736
5904,3286136962,102128,3286239090,0,0,0,35328,0,2828869632
5905,3286141755,4850,3286146605,0,7,1,5120,0,2024886272
5906,3286508197,4420,3286512617,0,3,1,11776,0,6792699904
5907,3286682463,91436,3286773899,0,3,0,15360,0,6755299328
5908,3286943502,1994,3286945496,0,3,1,2048,0,1397313536
5909,3287992723,2470,3287995193,0,2,1,2560,0,4420173824
5910,3288155708,43904,3288199612,0,0,0,512,0,6440841216
5911,3288292038,3422,3288295460,0,3,1,3584,0,7582539776
5912,3288307716,4374,3288312090,0,6,1,4608,0,7567298560
5913,3288413480,6488,3288419968,0,6,1,15872,0,3534856192
5914,3288451166,43904,3288495070,0,8,0,512,0,10220879872
5915,3288786438,5326,3288791764,0,3,1,5632,0,5216645120
5916,3289691055,566,3289691621,0,8,1,512,0,2232725504
5917,3289898689,47288,3289945977,0,3,0,1536,0,5471027200
5918,3289994849,4937,3289999786,0,6,1,12800,0,2516942848
5919,3290420387,95912,3290516299,0,8,0,19968,0,3229188096
5920,3290667965,76052,3290744017,0,8,0,10240,0,9276813312
5921,3290985716,43904,3291029620,0,8,0,512,0,5818609664
5922,3291016184,52808,3291068992,0,2,1,86016,0,6468206592
5923,3291305488,7230,3291312718,0,6,1,7680,0,1163436032
5924,3291633889,43904,3291677793,0,0,0,512,0,1418534912
5925,3291770736,43904,3291814640,0,8,0,512,0,3019513856
5926,3291997847,11274,3292009121,0,3,1,18432,0,2930765824
5927,3293117525,110396,3293227921,0,8,0,62464,0,6145794048
5928,3293389917,106808,3293496725,0,3,0,50688,0,9487208448
5929,3293476591,91172,3293567763,0,3,0,24576,0,10226864128
5930,3294477603,110084,3294587687,0,3,0,61440,0,6486069248
5931,3294725262,64208,3294789470,0,0,0,6656,0,3329318912
5932,3294983996,97496,3295081492,0,0,0,30208,0,4617682944
5933,3295348641,43904,3295392545,0,0,0,512,0,986447872
5934,3296049687,43904,3296093591,0,8,0,512,0,1855299584
5935,3296643608,108212,3296751820,0,0,0,55296,0,6038286336
5936,3296958586,43904,3297002490,0,3,0,512,0,10083196928
5937,3297652120,43904,3297696024,0,3,0,512,0,10040537088
5938,3298283494,43904,3298327398,0,0,0,512,0,8592683008
5939,3298602919,77744,3298680663,0,8,0,10752,0,2748555264
5940,3299610560,106652,3299717212,0,8,0,50176,0,3605643264
5941,3308196560,4420,3308200980,0,6,1,11776,0,4681146368
5942,3308817725,2470,3308820195,0,7,1,2560,0,3841306624
5943,3308920580,5326,3308925906,0,8,1,5632,0,7213760512
5944,3308988551,4420,3308992971,0,8,1,11776,0,6931464192
5945,3308996270,4420,3309000690,0,3,1,11776,0,10033930240
5946,3309755958,1518,3309757476,0,3,1,1536,0,7997722624
5947,3309947065,566,3309947631,0,8,1,512,0,9238192128
5948,3310535202,5326,3310540528,0,8,1,5632,0,9883971584
5949,3326041971,1518,3326043489,0,2,1,1536,0,10501246976
5950,3326332935,1994,3326334929,0,7,1,2048,0,7518355456
5951,3326850099,1042,3326851141,0,7,1,1024,0,10035789824
5952,3327285548,22950,3327308498,0,3,1,37888,0,6476914688
5953,3327535052,2470,3327537522,0,8,1,2560,0,1700245504
5954,3327775455,1042,3327776497,0,8,1,1024,0,4523786240
5955,3327855934,2470,3327858404,0,7,1,2560,0,5126414336
5956,3328543145,3898,3328547043,0,3,1,4096,0,8188825600
5957,3328842639,14287,3328856926,0,7,1,27648,0,9760919552
5958,3328868520,3898,3328872418,0,8,1,4096,0,5001953280
5959,3328894684,3898,3328898582,0,8,1,4096,0,3607613440
5960,3329683995,6754,3329690749,0,8,1,7168,0,8410476544
5961,3329930080,4374,3329934454,0,1,1,4608,0,3455655936
5962,3332184288,1994,3332186282,0,7,1,2048,0,8297390080
5963,3332801403,7706,3332809109,0,1,1,8192,0,10237648896
5964,3332865107,566,3332865673,0,3,1,512,0,6208159744
5965,3336834056,6754,3336840810,0,3,1,7168,0,10120851456
5966,3336907452,5454,3336912906,0,8,1,13824,0,8446316544
5967,3349680289,566,3349680855,0,8,1,512,0,5501702144
5968,3349910587,74262,3349984849,0,1,1,124416,0,9891799040
5969,3349944189,41006,3349985195,0,1,1,512,0,3781570560
5970,3350160191,1042,3350161233,0,1,1,1024,0,8855285760
5971,3350242207,3645,3350245852,0,1,1,10240,0,754245632
5972,3355217557,4420,3355221977,0,1,1,11776,0,299663360
5973,3355488212,6754,3355494966,0,4,1,7168,0,3943817216
5974,3355640039,566,3355640605,0,4,1,512,0,8973664256
5975,3356056377,2470,3356058847,0,4,1,2560,0,3431542784
5976,3356091561,45596,3356137157,0,3,0,1024,0,6824574976
5977,3356590015,97760,3356687775,0,0,0,20992,0,787636224
5978,3356637529,69236,3356706765,0,0,0,1536,0,3990466560
5979,3357623608,118508,3357742116,0,0,0,89088,0,2494230528
5980,3358027293,95156,3358122449,0,8,0,22528,0,5320130560
5981,3358124527,103688,3358228215,0,8,0,40448,0,1618849792
5982,3370422003,54056,3370476059,0,8,0,3584,0,4190531584
5983,3370670931,48980,3370719911,0,0,0,2048,0,605974528
5984,3371100853,43904,3371144757,0,0,0,512,0,9578528768
5985,3372184172,3422,3372187594,0,7,1,3584,0,925675520
5986,3372301694,54056,3372355750,0,0,0,3584,0,9507885056
5987,3372615203,98696,3372713899,0,0,0,24064,0,36335616
5988,3372721699,5326,3372727025,0,0,1,5632,0,9471557632
5989,3372776031,4374,3372780405,0,4,1,4608,0,9779994624
5990,3372794089,47288,3372841377,0,0,0,1536,0,6189817856
5991,3373392689,5712,3373398401,0,4,1,14336,0,8724742144
5992,3373445862,4937,3373450799,0,0,1,12800,0,4936761344
5993,3373520083,3128,3373523211,0,0,1,9216,0,1473875968
5994,3373692578,3422,3373696000,0,9,1,3584,0,3965460480
5995,3373744645,43904,3373788549,0,0,0,512,0,9001070592
5996,3374009898,72668,3374082566,0,0,0,9216,0,956497920
5997,3374178803,45596,3374224399,0,0,0,1024,0,7283294208
5998,3374216140,48980,3374265120,0,0,0,2048,0,7473721344
5999,3374236340,1994,3374238334,0,0,1,2048,0,4649062400
6000,3374272161,165469,3374437630,0,0,0,5632,0,5088464896
6001,3374333798,89588,3374423386,0,0,0,14336,0,1995608064
6002,3374819172,69284,3374888456,0,0,0,8192,0,2234523648
6003,3375203920,98072,3375301992,0,0,0,22016,0,1891995648
6004,3375514078,50672,3375564750,0,0,0,2560,0,8040374272
6005,3376360887,65900,3376426787,0,0,0,7168,0,10057089024
6006,3376803058,198080,3377001138,0,0,0,188928,0,4385415168
6007,3376890435,127443,3377017878,0,0,0,9728,0,9566330880
6008,3376972360,72674,3377045034,0,0,0,512,0,5799067648
6009,3377311173,88364,3377399537,0,0,0,15360,0,10644287488
6010,3378230401,101972,3378332373,0,0,0,34816,0,7401119744
6011,3378512596,43904,3378556500,0,0,0,512,0,9586266112
6012,3378603011,43904,3378646915,0,0,0,512,0,848625664
6013,3379002559,72668,3379075227,0,0,0,9216,0,9900625920
6014,3379123222,101192,3379224414,0,0,0,32256,0,2962710528
6015,3379188563,3645,3379192208,0,4,1,10240,0,9231048704
6016,3379323671,3422,3379327093,0,9,1,3584,0,10387021824
6017,3379386695,5802,3379392497,0,9,1,6144,0,7149993984
6018,3379533859,7230,3379541089,0,9,1,7680,0,1201430528
6019,3379557417,1518,3379558935,0,9,1,1536,0,6866006016
6020,3379881370,4420,3379885790,0,9,1,11776,0,10544422912
6021,3380219539,4850,3380224389,0,0,1,5120,0,5603348480
6022,3380773106,566,3380773672,0,9,1,512,0,1436016640
6023,3380925642,43904,3380969546,0,0,0,512,0,1313505280
6024,3381032478,1518,3381033996,0,0,1,1536,0,903131136
6025,3381257579,4374,3381261953,0,0,1,4608,0,6825984000
6026,3381531945,566,3381532511,0,3,1,512,0,458452992
6027,3381838421,47288,3381885709,0,0,0,1536,0,2581118976
6028,3381870076,3422,3381873498,0,0,1,3584,0,3533238272
6029,3382052844,120692,3382173536,0,0,0,96256,0,8433631232
6030,3382106409,67618,3382174027,0,0,0,1536,0,8279576576
6031,3382154667,111881,3382266548,0,0,0,25600,0,9954922496
6032,3382405901,4374,3382410275,0,9,1,4608,0,4663963648
6033,3382913479,118040,3383031519,0,0,0,87552,0,4110430208
6034,3383219808,43904,3383263712,0,8,0,512,0,3368382464
6035,3383263693,5802,3383269495,0,3,1,6144,0,4383629312
6036,3383846060,108524,3383954584,0,8,0,56320,0,4394319872
6037,3383938649,59132,3383997781,0,0,0,5120,0,7332732928
6038,3384534971,120068,3384655039,0,0,0,94208,0,3951509504
6039,3384569314,70976,3384640290,0,8,0,8704,0,6228709376
6040,3385693571,126776,3385820347,0,8,0,116224,0,7335538688
6041,3386341441,105560,3386447001,0,0,0,46592,0,7338639360
6042,3386753155,70976,3386824131,0,0,0,8704,0,3412426752
6043,3386842500,566,3386843066,0,0,1,512,0,1793896448
6044,3388317141,43904,3388361045,0,8,0,512,0,1386901504
6045,3388718572,93956,3388812528,0,0,0,28672,0,8662822912
6046,3389334328,6278,3389340606,0,9,1,6656,0,4843048960
6047,3389439734,566,3389440300,0,3,1,512,0,7300149248
6048,3389813553,4162,3389817715,0,3,1,11264,0,2888278016
6049,3389940154,566,3389940720,0,3,1,512,0,3543965696
6050,3390362569,3422,3390365991,0,3,1,3584,0,2027970560
6051,3390463024,3387,3390466411,0,1,1,9728,0,10550497280
6052,3390533979,4374,3390538353,0,1,1,4608,0,3067949056
6053,3390595361,1042,3390596403,0,3,1,1024,0,10161881088
6054,3390632823,110240,3390743063,0,0,0,61952,0,3721101312
6055,3390912743,45596,3390958339,0,8,0,1024,0,8067297280
6056,3391019897,55748,3391075645,0,8,0,4096,0,7934222336
6057,3391140546,6278,3391146824,0,1,1,6656,0,368947200
6058,3391194233,32987,3391227220,0,3,1,57344,0,1737818112
6059,3391350870,3422,3391354292,0,3,1,3584,0,9364787200
6060,3391465574,4374,3391469948,0,3,1,4608,0,6836097024
6061,3391916796,11533,3391928329,0,3,1,18944,0,7974608896
6062,3392171043,2470,3392173513,0,1,1,2560,0,7419228160
6063,3392249258,566,3392249824,0,1,1,512,0,1307983872
6064,3392690020,5802,3392695822,0,3,1,6144,0,8672182272
6065,3392725775,566,3392726341,0,1,1,512,0,6984941568
6066,3392939759,25187,3392964946,0,9,1,45568,0,373948416
6067,3393015596,95492,3393111088,0,8,0,28672,0,7401439232
6068,3393103360,45596,3393148956,0,0,0,1024,0,1303257088
6069,3393213555,43904,3393257459,0,0,0,512,0,867360768
6070,3393327270,3898,3393331168,0,1,1,4096,0,2026684416
6071,3393535260,4937,3393540197,0,9,1,12800,0,2671898624
6072,3393620608,88676,3393709284,0,0,0,16384,0,10048442368
6073,3394098239,55748,3394153987,0,0,0,4096,0,2115887104
6074,3394193326,43904,3394237230,0,0,0,512,0,7681720320
6075,3394265581,2946,3394268527,0,3,1,3072,0,4627267584
6076,3394291034,110708,3394401742,0,0,0,63488,0,733769728
6077,3394615595,111020,3394726615,0,0,0,64512,0,5301497856
6078,3394690072,43904,3394733976,0,8,0,512,0,5613764608
6079,3394704703,76329,3394781032,0,1,1,128512,0,8031907840
6080,3394763001,4162,3394767163,0,9,1,11264,0,2799955968
6081,3394892086,1518,3394893604,0,9,1,1536,0,7098572800
6082,3394940478,3422,3394943900,0,9,1,3584,0,952647680
6083,3394996748,1994,3394998742,0,9,1,2048,0,3802361856
6084,3395437024,1518,3395438542,0,4,1,1536,0,10342313984
6085,3395642768,1994,3395644762,0,9,1,2048,0,5337636864
6086,3395732042,43904,3395775946,0,0,0,512,0,9586442240
6087,3396544746,108992,3396653738,0,8,0,57856,0,4694478848
6088,3396933728,43904,3396977632,0,8,0,512,0,1713733632
6089,3397605116,103688,3397708804,0,0,0,40448,0,1767333888
6090,3397613846,95756,3397709602,0,8,0,19456,0,3248406528
6091,3397706166,99232,3397805398,0,8,0,29696,0,7785066496
6092,3397923131,43904,3397967035,0,8,0,512,0,8499367936
6093,3398015606,43904,3398059510,0,8,0,512,0,945364992
6094,3398419940,45596,3398465536,0,8,0,1024,0,1271988224
6095,3398424795,81128,3398505923,0,0,0,11776,0,10051563520
6096,3398509321,89924,3398599245,0,0,0,20480,0,10701746176
6097,3399674673,43904,3399718577,0,0,0,512,0,8199413760
6098,3399897932,101192,3399999124,0,8,0,32256,0,7966904320
6099,3399941848,130482,3400072330,0,8,0,44544,0,1700642816
6100,3400067219,49007,3400116226,0,8,0,512,0,7886970880
6101,3400227066,86204,3400313270,0,8,0,13312,0,6139240448
6102,3400280433,112619,3400393052,0,8,0,52224,0,3643887616
6103,3401081419,108680,3401190099,0,8,0,56832,0,8068333568
6104,3401672053,43904,3401715957,0,0,0,512,0,5807992832
6105,3402973231,43904,3403017135,0,8,0,512,0,4099596288
6106,3403269254,111956,3403381210,0,0,0,67584,0,3085852672
6107,3405655597,1042,3405656639,0,1,1,1024,0,1388617728
6108,3405841221,3422,3405844643,0,0,1,3584,0,6671519744
6109,3405861329,2946,3405864275,0,9,1,3072,0,10159706112
6110,3405946621,4374,3405950995,0,9,1,4608,0,3102191616
6111,3405954766,566,3405955332,0,9,1,512,0,3544629248
6112,3406207106,1042,3406208148,0,9,1,1024,0,5867048960
6113,3407140832,103376,3407244208,0,0,0,39424,0,5971664896
6114,3407540389,96404,3407636793,0,8,0,26624,0,5424144384
6115,3407562572,141679,3407704251,0,8,0,25088,0,2984108032
6116,3407601126,3898,3407605024,0,0,1,4096,0,2880413696
6117,3407909528,566,3407910094,0,3,1,512,0,9257783296
6118,3408369808,4679,3408374487,0,4,1,12288,0,1168023552
6119,3409077383,2946,3409080329,0,9,1,3072,0,9528356864
6120,3409146131,1994,3409148125,0,3,1,2048,0,4247236608
6121,3409381261,1994,3409383255,0,3,1,2048,0,7671414784
6122,3409735769,4850,3409740619,0,4,1,5120,0,8007872512
6123,3409810999,566,3409811565,0,3,1,512,0,4870918144
6124,3410309451,112424,3410421875,0,8,0,69120,0,822112256
6125,3410323062,54056,3410377118,0,0,0,3584,0,10381332480
6126,3411303471,43904,3411347375,0,0,0,512,0,8398708736
6127,3411522455,125372,3411647827,0,8,0,111616,0,593612800
6128,3412027517,119444,3412146961,0,8,0,92160,0,2320777216
6129,3412690773,90992,3412781765,0,8,0,18944,0,8617164800
6130,3413580049,43904,3413623953,0,0,0,512,0,3160223744
6131,3413650519,43904,3413694423,0,8,0,512,0,8989511680
6132,3414412303,74360,3414486663,0,8,0,9728,0,68845568
6133,3415236467,86204,3415322671,0,0,0,13312,0,2873225216
6134,3416083612,43904,3416127516,0,8,0,512,0,10502086656
6135,3417476203,96668,3417572871,0,0,0,17408,0,290533376
6136,3417550089,93332,3417643421,0,8,0,26624,0,8883646464
6137,3418128742,103220,3418231962,0,8,0,38912,0,10407084032
6138,3418138376,75742,3418214118,0,8,0,512,0,7956185088
6139,3418934372,86204,3419020576,0,8,0,13312,0,5511299072
6140,3419384267,48980,3419433247,0,0,0,2048,0,8202153984
6141,3420213444,84512,3420297956,0,0,0,12800,0,9931767808
6142,3420270429,114296,3420384725,0,8,0,75264,0,7399677952
6143,3420937315,88208,3421025523,0,8,0,14848,0,10366312448
6144,3421392029,50672,3421442701,0,0,0,2560,0,4090028032
6145,3421562751,101816,3421664567,0,8,0,34304,0,3029323776
6146,3421847006,70976,3421917982,0,8,0,8704,0,10713649152
6147,3421874446,43904,3421918350,0,0,0,512,0,6141587456
6148,3421924525,55748,3421980273,0,0,0,4096,0,7556440064
6149,3422235400,97004,3422332404,0,8,0,23552,0,2966982656
6150,3422931771,101660,3423033431,0,0,0,33792,0,98725888
6151,3423204279,105092,3423309371,0,8,0,45056,0,6210187264
6152,3423690727,79436,3423770163,0,8,0,11264,0,4648189952
6153,3423917759,94220,3424011979,0,0,0,19456,0,5295456256
6154,3425530331,5326,3425535657,0,3,1,5632,0,2948595712
6155,3425621555,2946,3425624501,0,4,1,3072,0,9710649344
6156,3426146915,101972,3426248887,0,0,0,34816,0,2556469248
6157,3426594932,3898,3426598830,0,9,1,4096,0,929640448
6158,3426800201,6229,3426806430,0,4,1,15360,0,2966614016
6159,3426930052,5712,3426935764,0,4,1,14336,0,1661038592
6160,3426988321,3128,3426991449,0,4,1,9216,0,10231648256
6161,3427393342,566,3427393908,0,4,1,512,0,1338265600
6162,3427576994,7230,3427584224,0,0,1,7680,0,5125070848
6163,3428869611,91436,3428961047,0,8,0,15360,0,6165741568
6164,3429601623,1994,3429603617,0,0,1,2048,0,9293287424
6165,3429726430,93308,3429819738,0,0,0,21504,0,7450923008
6166,3430023118,2946,3430026064,0,4,1,3072,0,1036558336
6167,3430025337,3904,3430029241,0,9,1,10752,0,1235824640
6168,3430026545,78597,3430105142,0,9,0,512,0,10158510080
6169,3431658642,566,3431659208,0,9,1,512,0,427446272
6170,3431748550,10241,3431758791,0,4,1,16384,0,8096485376
6171,3431877646,1518,3431879164,0,4,1,1536,0,4564819968
6172,3432242565,566,3432243131,0,4,1,512,0,8016576512
6173,3432349565,566,3432350131,0,4,1,512,0,8574750720
6174,3432388392,5326,3432393718,0,4,1,5632,0,4436701184
6175,3432457497,566,3432458063,0,4,1,512,0,8137494528
6176,3432536500,1994,3432538494,0,4,1,2048,0,3988475904
6177,3433061784,12737,3433074521,0,4,1,24576,0,553238528
6178,3433446360,5802,3433452162,0,9,1,6144,0,4514799616
6179,3433474199,3898,3433478097,0,4,1,4096,0,8443219968
6180,3434008005,13770,3434021775,0,0,1,26624,0,3150512128
6181,3434499427,3898,3434503325,0,4,1,4096,0,8463433728
6182,3435047861,4374,3435052235,0,9,1,4608,0,3540230144
6183,3435820991,3387,3435824378,0,4,1,9728,0,4689043456
6184,3436142093,7706,3436149799,0,0,1,8192,0,2288607232
6185,3436146308,8317,3436154625,0,0,1,7680,0,9323778048
6186,3436691712,3898,3436695610,0,0,1,4096,0,9258336256
6187,3436717050,3645,3436720695,0,9,1,10240,0,4713615360
6188,3437229521,12566,3437242087,0,9,1,20992,0,10560016384
6189,3440733761,93049,3440826810,0,4,1,151040,0,10157006848
6190,3440978718,6754,3440985472,0,8,1,7168,0,8084668416
6191,3441007272,5802,3441013074,0,0,1,6144,0,9505763328
6192,3452574384,11016,3452585400,0,9,1,17920,0,4035444736
6193,3452736017,5802,3452741819,0,0,1,6144,0,1841434624
6194,3453352565,3387,3453355952,0,8,1,9728,0,1697083392
6195,3453521010,3898,3453524908,0,0,1,4096,0,8387063808
6196,3453689756,3387,3453693143,0,0,1,9728,0,9338871808
6197,3453832610,3422,3453836032,0,0,1,3584,0,2684727296
6198,3456075718,43904,3456119622,0,8,0,512,0,7798939648
6199,3457133353,45596,3457178949,0,9,0,1024,0,2654965760
6200,3457556480,45596,3457602076,0,0,0,1024,0,9167884288
6201,3458122965,79436,3458202401,0,0,0,11264,0,10229891072
6202,3458861866,69284,3458931150,0,0,0,8192,0,10676228096
6203,3459926757,43904,3459970661,0,9,0,512,0,1938886656
6204,3460363060,114140,3460477200,0,0,0,74752,0,451665920
6205,3460969293,95288,3461064581,0,9,0,17920,0,3742273536
6206,3461010857,1042,3461011899,0,0,1,1024,0,8994045952
6207,3461125947,3422,3461129369,0,6,1,3584,0,5152235520
6208,3461182497,6229,3461188726,0,2,1,15360,0,3734491136
6209,3461183615,6737,3461190352,0,2,1,2560,0,4699594752
6210,3461252833,5326,3461258159,0,2,1,5632,0,9814065152
6211,3461380937,566,3461381503,0,8,1,512,0,1973100544
6212,3461839909,2470,3461842379,0,6,1,2560,0,7118032896
6213,3461911858,6229,3461918087,0,2,1,15360,0,3500953600
6214,3462238946,3898,3462242844,0,8,1,4096,0,7067979776
6215,3462373251,109460,3462482711,0,0,0,59392,0,1071230976
6216,3462420319,566,3462420885,0,2,1,512,0,7662694400
6217,3462637609,122876,3462760485,0,9,0,103424,0,4970143744
6218,3463047920,5326,3463053246,0,2,1,5632,0,7092461568
6219,3463309993,2470,3463312463,0,8,1,2560,0,2337382400
6220,3463447381,3422,3463450803,0,6,1,3584,0,9565593600
6221,3463458634,89588,3463548222,0,9,0,14336,0,690180096
6222,3463542134,1042,3463543176,0,6,1,1024,0,9454456832
6223,3463876369,43904,3463920273,0,0,0,512,0,9335054336
6224,3463897028,4850,3463901878,0,6,1,5120,0,4260552704
6225,3464088272,5326,3464093598,0,8,1,5632,0,2942222336
6226,3464399624,6278,3464405902,0,8,1,6656,0,7596986368
6227,3464606375,566,3464606941,0,2,1,512,0,6834704384
6228,3465005094,5802,3465010896,0,6,1,6144,0,567193600
6229,3465123625,43904,3465167529,0,9,0,512,0,8772128768
6230,3465526763,114920,3465641683,0,0,0,77312,0,10430648320
6231,3465750002,43904,3465793906,0,0,0,512,0,2631733248
6232,3465835934,102908,3465938842,0,0,0,37888,0,1533759488
6233,3466168782,43904,3466212686,0,0,0,512,0,5692137472
6234,3466544525,119444,3466663969,0,0,0,92160,0,7825739776
6235,3466599560,57440,3466657000,0,9,0,4608,0,2039197696
6236,3467114525,43904,3467158429,0,9,0,512,0,9833672704
6237,3467423363,187472,3467610835,0,0,0,154112,0,554692608
6238,3467999874,105872,3468105746,0,9,0,47616,0,1084612608
6239,3469386811,199796,3469586607,0,0,0,194560,0,8317366272
6240,3469999686,176984,3470176670,0,9,0,144896,0,9489465344
6241,3470407547,77744,3470485291,0,9,0,10752,0,9308164096
6242,3470479611,64208,3470543819,0,0,0,6656,0,8017895424
6243,3470554767,103376,3470658143,0,0,0,39424,0,1655263232
6244,3471216148,43904,3471260052,0,9,0,512,0,4842020864
6245,3471318429,43904,3471362333,0,0,0,512,0,7009259520
6246,3471357395,48630,3471406025,0,0,0,512,0,3677544448
6247,3471828628,103532,3471932160,0,0,0,39936,0,7401668608
6248,3471969733,87896,3472057629,0,0,0,13824,0,8892801024
6249,3472291624,2946,3472294570,0,2,1,3072,0,4589568000
6250,3472629490,25704,3472655194,0,8,1,46592,0,8017649664
6251,3473100924,116948,3473217872,0,9,0,83968,0,533422080
6252,3473139363,5971,3473145334,0,6,1,14848,0,4314378240
6253,3473202112,123968,3473326080,0,0,0,107008,0,2192150528
6254,3473246736,7706,3473254442,0,8,1,8192,0,497704960
6255,3473387037,106496,3473493533,0,0,0,49664,0,2819063808
6256,3473514837,2470,3473517307,0,8,1,2560,0,5488484352
6257,3473561519,130832,3473692351,0,0,0,129536,0,6270103552
6258,3474350890,43904,3474394794,0,0,0,512,0,8475828224
6259,3474961416,101816,3475063232,0,5,0,34304,0,4189376512
6260,3475605147,47288,3475652435,0,9,0,1536,0,5570068480
6261,3475834358,50672,3475885030,0,5,0,2560,0,2887671808
6262,3475932380,91772,3476024152,0,0,0,21504,0,9644974080
6263,3477189549,92240,3477281789,0,0,0,23040,0,9733455872
6264,3477945298,60824,3478006122,0,5,0,5632,0,3456724992
6265,3478159059,93332,3478252391,0,9,0,26624,0,9400123392
6266,3479277743,94088,3479371831,0,9,0,24064,0,6096314368
6267,3479998051,123656,3480121707,0,5,0,105984,0,4063887360
6268,3480683030,109928,3480792958,0,0,0,60928,0,1208934400
6269,3481517489,48980,3481566469,0,5,0,2048,0,9952235520
6270,3482251295,43904,3482295199,0,9,0,512,0,6997504000
6271,3482890714,105404,3482996118,0,0,0,46080,0,6761037824
6272,3483637305,50672,3483687977,0,9,0,2560,0,3529474048
6273,3483702531,92840,3483795371,0,5,0,19968,0,7197384704
6274,3483789893,3422,3483793315,0,8,1,3584,0,4100689920
6275,3483860701,4850,3483865551,0,6,1,5120,0,8842956800
6276,3484355504,566,3484356070,0,6,1,512,0,4214181888
6277,3484393715,3904,3484397619,0,6,1,10752,0,2234834944
6278,3484410323,3128,3484413451,0,4,1,9216,0,6854414336
6279,3484583500,55304,3484638804,0,6,1,94208,0,3981651968
6280,3484725443,43904,3484769347,0,5,0,512,0,4300820480
6281,3484903600,64208,3484967808,0,0,0,6656,0,6322298880
6282,3484931790,2946,3484934736,0,4,1,3072,0,2936569856
6283,3485048509,104000,3485152509,0,0,0,41472,0,1601798144
6284,3485241321,3898,3485245219,0,6,1,4096,0,2446491648
6285,3485678440,98252,3485776692,0,0,0,27648,0,3941679104
6286,3486124480,1994,3486126474,0,4,1,2048,0,9283018752
6287,3486305490,6754,3486312244,0,5,1,7168,0,1934561280
6288,3486414032,45596,3486459628,0,9,0,1024,0,1023627264
6289,3486547793,54358,3486602151,0,6,1,89088,0,5698027520
6290,3487043692,2946,3487046638,0,5,1,3072,0,1768792064
6291,3487301447,5802,3487307249,0,6,1,6144,0,3167752192
6292,3487349187,566,3487349753,0,6,1,512,0,8363671552
6293,3487890019,43904,3487933923,0,5,0,512,0,4958711808
6294,3487965384,5971,3487971355,0,6,1,14848,0,4054589440
6295,3488091232,566,3488091798,0,5,1,512,0,9715044352
6296,3488712808,45596,3488758404,0,0,0,1024,0,1383407616
6297,3488812151,25962,3488838113,0,5,1,47104,0,415518720
6298,3489319014,1518,3489320532,0,4,1,1536,0,10128285696
6299,3489729184,2470,3489731654,0,1,1,2560,0,9692192768
6300,3489941102,130988,3490072090,0,9,0,130048,0,7741575168
6301,3490016187,101660,3490117847,0,0,0,33792,0,2600689664
6302,3490590353,43904,3490634257,0,0,0,512,0,4200505344
6303,3491310952,62516,3491373468,0,5,0,6144,0,4646051840
6304,3491341854,108992,3491450846,0,0,0,57856,0,2731778048
6305,3492322180,94664,3492416844,0,0,0,15872,0,2814308352
6306,3493326159,97340,3493423499,0,9,0,29696,0,4657831936
6307,3493940854,114608,3494055462,0,5,0,76288,0,1047863296
6308,3494281535,93800,3494375335,0,0,0,28160,0,8557051904
6309,3494329612,566,3494330178,0,7,1,512,0,49520640
6310,3494415195,7706,3494422901,0,6,1,8192,0,6246170624
6311,3494536340,3898,3494540238,0,6,1,4096,0,5126799360
6312,3494980631,1042,3494981673,0,4,1,1024,0,8407560192
6313,3495380516,43904,3495424420,0,9,0,512,0,10151399424
6314,3495489553,2946,3495492499,0,1,1,3072,0,807587840
6315,3496030371,43904,3496074275,0,5,0,512,0,6540636160
6316,3496179962,1518,3496181480,0,6,1,1536,0,5974519808
6317,3496186162,4374,3496190536,0,5,1,4608,0,6558920704
6318,3496279463,45596,3496325059,0,0,0,1024,0,2850082816
6319,3496323207,48980,3496372187,0,0,0,2048,0,2237800448
6320,3496470386,101972,3496572358,0,0,0,34816,0,2767982592
6321,3496476725,105491,3496582216,0,0,0,512,0,9996812288
6322,3497106247,566,3497106813,0,5,1,512,0,8341618688
6323,3497311766,3898,3497315664,0,4,1,4096,0,4698013696
6324,3497622295,48980,3497671275,0,0,0,2048,0,1379319808
6325,3497908475,566,3497909041,0,1,1,512,0,8821907456
6326,3498296725,2470,3498299195,0,4,1,2560,0,3466498048
6327,3498698693,43904,3498742597,0,5,0,512,0,1147412480
6328,3498743593,566,3498744159,0,6,1,512,0,3580018688
6329,3498825194,3898,3498829092,0,4,1,4096,0,4151357440
6330,3499364568,6754,3499371322,0,4,1,7168,0,8233672704
6331,3499415585,124436,3499540021,0,9,0,108544,0,10497732608
6332,3499498518,2870,3499501388,0,5,1,8704,0,7670018048
6333,3500164836,107588,3500272424,0,9,0,53248,0,6816989184
6334,3500391747,43904,3500435651,0,0,0,512,0,6636105728
6335,3500469532,43904,3500513436,0,5,0,512,0,4930863104
6336,3503018725,43904,3503062629,0,5,0,512,0,8196947968
6337,3503783423,109616,3503893039,0,0,0,59904,0,5213900800
6338,3503997193,43904,3504041097,0,9,0,512,0,1263325184
6339,3504146914,43904,3504190818,0,9,0,512,0,6310596608
6340,3505107398,123656,3505231054,0,0,0,105984,0,3638980608
6341,3505198960,43904,3505242864,0,9,0,512,0,689082368
6342,3505263976,115232,3505379208,0,9,0,78336,0,9610469376
6343,3505476930,62516,3505539446,0,9,0,6144,0,4210458624
6344,3505938594,43904,3505982498,0,9,0,512,0,6644899840
6345,3508024242,6754,3508030996,0,1,1,7168,0,5102755840
6346,3511913844,2946,3511916790,0,6,1,3072,0,2521194496
6347,3511965030,566,3511965596,0,5,1,512,0,5881929728
6348,3512004673,5712,3512010385,0,5,1,14336,0,9572179968
6349,3512010057,3128,3512013185,0,5,1,9216,0,543346688
6350,3512134764,4850,3512139614,0,5,1,5120,0,1174556672
6351,3512161452,25704,3512187156,0,5,1,46592,0,8997396480
6352,3512874193,6754,3512880947,0,5,1,7168,0,8041291776
6353,3513106131,11274,3513117405,0,4,1,18432,0,4445609984
6354,3513479402,1518,3513480920,0,4,1,1536,0,468971520
6355,3513745240,1518,3513746758,0,5,1,1536,0,2713989120
6356,3514467966,566,3514468532,0,4,1,512,0,7227555840
6357,3514503089,1518,3514504607,0,5,1,1536,0,7980146688
6358,3515455194,3128,3515458322,0,5,1,9216,0,4277805056
6359,3515585636,566,3515586202,0,0,1,512,0,6938558464
6360,3515932861,2870,3515935731,0,0,1,8704,0,1582194688
6361,3515979330,1042,3515980372,0,4,1,1024,0,2320482304
6362,3516078842,6278,3516085120,0,4,1,6656,0,10383024128
6363,3520531996,7230,3520539226,0,4,1,7680,0,8232058880
6364,3520764564,5802,3520770366,0,0,1,6144,0,8779952128
6365,3520902281,3387,3520905668,0,0,1,9728,0,5596811264
6366,3521563268,6754,3521570022,0,5,1,7168,0,5132283904
6367,3528116900,1994,3528118894,0,0,1,2048,0,9275170816
6368,3528545376,13341,3528558717,0,2,1,22528,0,1800794112
6369,3528908415,3422,3528911837,0,5,1,3584,0,1291399168
6370,3529798083,4679,3529802762,0,7,1,12288,0,4061982720
6371,3534335927,6278,3534342205,0,5,1,6656,0,1833713664
6372,3534633749,1042,3534634791,0,2,1,1024,0,2184830976
6373,3549642388,3898,3549646286,0,2,1,4096,0,7302651904
6374,3549964382,6754,3549971136,0,6,1,7168,0,5410652160
6375,3550846436,21399,3550867835,0,7,1,34816,0,4209143808
6376,3551120351,5971,3551126322,0,6,1,14848,0,9437716480
6377,3551572013,5326,3551577339,0,6,1,5632,0,8922034176
6378,3553218529,3422,3553221951,0,7,1,3584,0,976048128
6379,3553789160,5326,3553794486,0,6,1,5632,0,7668105216
6380,3553841388,566,3553841954,0,3,1,512,0,6717628416
6381,3554188755,1518,3554190273,0,3,1,1536,0,6317445120
6382,3557135773,566,3557136339,0,9,1,512,0,8134914048
6383,3557425638,4374,3557430012,0,3,1,4608,0,10140946432
6384,3557657899,4937,3557662836,0,6,1,12800,0,6111019008
6385,3557847740,4420,3557852160,0,3,1,11776,0,8012451840
6386,3558845391,5802,3558851193,0,6,1,6144,0,6217572352
6387,3558855669,1042,3558856711,0,3,1,1024,0,6759600128
6388,3559576953,2946,3559579899,0,3,1,3072,0,4763140096
6389,3559818520,566,3559819086,0,4,1,512,0,9695596544
6390,3560086955,566,3560087521,0,7,1,512,0,3967492096
6391,3560236528,1042,3560237570,0,4,1,1024,0,3626905600
6392,3561003436,4679,3561008115,0,8,1,12288,0,4245254144
6393,3562086122,3387,3562089509,0,3,1,9728,0,1443119104
6394,3562415291,4850,3562420141,0,4,1,5120,0,3150684160
6395,3569341123,5712,3569346835,0,6,1,14336,0,6666125312
6396,3569459404,6754,3569466158,0,7,1,7168,0,3865837568
6397,3569751725,1518,3569753243,0,7,1,1536,0,2082545664
6398,3569817779,2946,3569820725,0,4,1,3072,0,6084173824
6399,3569978543,3422,3569981965,0,4,1,3584,0,10083295232
6400,3573182987,1518,3573184505,0,7,1,1536,0,4029284352
6401,3573292168,7230,3573299398,0,4,1,7680,0,7136354304
6402,3573355568,4162,3573359730,0,4,1,11264,0,5333921792
6403,3573519757,3387,3573523144,0,8,1,9728,0,4845154304
6404,3573540252,2470,3573542722,0,4,1,2560,0,4751622144
6405,3573735329,22433,3573757762,0,4,1,36864,0,4999409664
6406,3574038035,566,3574038601,0,8,1,512,0,3443015680
6407,3574164640,566,3574165206,0,4,1,512,0,3683381248
6408,3574178334,10757,3574189091,0,3,1,17408,0,7395053568
6409,3574415268,3645,3574418913,0,3,1,10240,0,10370027520
6410,3574450275,3904,3574454179,0,5,1,10752,0,5552857088
6411,3575298068,3128,3575301196,0,4,1,9216,0,7447126016
6412,3575500971,5326,3575506297,0,5,1,5632,0,3515498496
6413,3575729244,1518,3575730762,0,8,1,1536,0,8375058432
6414,3576356414,3898,3576360312,0,3,1,4096,0,1622003712
6415,3576561739,3898,3576565637,0,5,1,4096,0,9886679040
6416,3576653066,566,3576653632,0,8,1,512,0,1683996672
6417,3576752375,3128,3576755503,0,9,1,9216,0,10400985088
6418,3579969418,5802,3579975220,0,8,1,6144,0,5632126976
6419,3579979458,7706,3579987164,0,5,1,8192,0,4267479040
6420,3580022227,566,3580022793,0,9,1,512,0,4803088384
6421,3580091681,5802,3580097483,0,5,1,6144,0,4064534528
6422,3580233092,566,3580233658,0,9,1,512,0,1198133248
6423,3580439424,6278,3580445702,0,5,1,6656,0,9300017152
6424,3580829271,2870,3580832141,0,9,1,8704,0,4255223808
6425,3580969291,7706,3580976997,0,1,1,8192,0,9008717824
6426,3581238822,6278,3581245100,0,5,1,6656,0,646815744
6427,3581385377,3898,3581389275,0,1,1,4096,0,1601687552
6428,3581458213,24154,3581482367,0,3,1,43520,0,459063296
6429,3581487621,566,3581488187,0,4,1,512,0,291495936
6430,3582460301,2946,3582463247,0,4,1,3072,0,10119737344
6431,3582595166,566,3582595732,0,3,1,512,0,6596952064
6432,3583008323,5326,3583013649,0,1,1,5632,0,9015357440
6433,3583407418,566,3583407984,0,5,1,512,0,4867964928
6434,3583532413,2946,3583535359,0,9,1,3072,0,2311413760
6435,3583634904,566,3583635470,0,3,1,512,0,2287149056
6436,3592978264,4679,3592982943,0,0,1,12288,0,161529856
6437,3593172529,1994,3593174523,0,3,1,2048,0,2430205952
6438,3596751336,6278,3596757614,0,9,1,6656,0,7113351168
6439,3596876809,3904,3596880713,0,3,1,10752,0,9465741312
6440,3597019915,6278,3597026193,0,1,1,6656,0,172470272
6441,3597058385,3898,3597062283,0,5,1,4096,0,2606096384
6442,3597125202,20366,3597145568,0,5,1,32768,0,4787720192
6443,3597886095,1518,3597887613,0,3,1,1536,0,4690403328
6444,3598215921,1994,3598217915,0,1,1,2048,0,10704556032
6445,3598341429,5802,3598347231,0,5,1,6144,0,6308487168
6446,3599216355,14117,3599230472,0,5,1,24064,0,4896849920
6447,3599232482,3898,3599236380,0,1,1,4096,0,2361950208
6448,3599292620,3422,3599296042,0,1,1,3584,0,4453507072
6449,3599332772,3422,3599336194,0,4,1,3584,0,9748709376
6450,3599521823,23466,3599545289,0,4,1,38912,0,9630838784
6451,3599637607,82666,3599720273,0,1,1,134144,0,630972416
6452,3599839820,1994,3599841814,0,1,1,2048,0,8866185216
6453,3599939209,12737,3599951946,0,4,1,24576,0,5963194368
6454,3600384749,5802,3600390551,0,4,1,6144,0,10273374208
6455,3600670317,6278,3600676595,0,3,1,6656,0,912023552
6456,3601823768,2470,3601826238,0,1,1,2560,0,33185792
6457,3601987382,11791,3601999173,0,3,1,19456,0,10513178624
6458,3602215141,7706,3602222847,0,5,1,8192,0,8689078272
6459,3602286801,566,3602287367,0,7,1,512,0,1712852992
6460,3602602295,6488,3602608783,0,4,1,15872,0,5677481984
6461,3603100443,4937,3603105380,0,7,1,12800,0,6329126912
6462,3603179705,1994,3603181699,0,3,1,2048,0,165154816
6463,3603327329,2946,3603330275,0,5,1,3072,0,6516494336
6464,3603381815,5712,3603387527,0,3,1,14336,0,8412577792
6465,3603385617,12406,3603398023,0,3,1,19456,0,6191996928
6466,3604541059,566,3604541625,0,3,1,512,0,1086545920
6467,3604991877,566,3604992443,0,5,1,512,0,6607470592
6468,3605091603,566,3605092169,0,4,1,512,0,9201631232
6469,3605339487,3422,3605342909,0,4,1,3584,0,4011368448
6470,3606107696,6754,3606114450,0,7,1,7168,0,7806345216
6471,3607484059,1518,3607485577,0,4,1,1536,0,7550193664
6472,3608642943,1042,3608643985,0,5,1,1024,0,10506928128
6473,3608729966,3898,3608733864,0,1,1,4096,0,10240053248
6474,3609138314,1994,3609140308,0,1,1,2048,0,6005510144
6475,3609333528,14545,3609348073,0,8,1,28160,0,6235447296
6476,3609442355,3898,3609446253,0,8,1,4096,0,5227417600
6477,3609574156,2470,3609576626,0,1,1,2560,0,9339785216
6478,3609724153,3898,3609728051,0,8,1,4096,0,662245376
6479,3610428620,137596,3610566216,0,7,1,227840,0,1087459328
6480,3613139660,566,3613140226,0,3,1,512,0,4882518016
6481,3613409194,6278,3613415472,0,1,1,6656,0,7079059456
6482,3614792824,3387,3614796211,0,8,1,9728,0,10539741184
6483,3614840278,4850,3614845128,0,1,1,5120,0,2216411136
6484,3615133384,3422,3615136806,0,1,1,3584,0,5320937472
6485,3615221606,566,3615222172,0,5,1,512,0,3933429760
6486,3615366437,5802,3615372239,0,5,1,6144,0,2753265664
6487,3622771436,566,3622772002,0,1,1,512,0,3467735040
6488,3623180413,3898,3623184311,0,7,1,4096,0,4495425536
6489,3623440486,7706,3623448192,0,4,1,8192,0,6231314432
6490,3623789826,566,3623790392,0,5,1,512,0,6838710272
6491,3624818855,3904,3624822759,0,9,1,10752,0,4894015488
6492,3625125146,2870,3625128016,0,4,1,8704,0,9985933312
6493,3625761071,7706,3625768777,0,7,1,8192,0,5516517376
6494,3626704816,2470,3626707286,0,5,1,2560,0,3363012608
6495,3627182685,116312,3627298997,0,4,1,193024,0,8900358144
6496,3627362039,566,3627362605,0,8,1,512,0,3611889664
6497,3627457386,4850,3627462236,0,8,1,5120,0,132460544
6498,3627789070,5802,3627794872,0,7,1,6144,0,7012958208
6499,3629324588,5326,3629329914,0,4,1,5632,0,5542801408
6500,3629811507,4850,3629816357,0,8,1,5120,0,1071407104
6501,3630118236,566,3630118802,0,9,1,512,0,3135459328
6502,3630447968,6754,3630454722,0,6,1,7168,0,7768223744
6503,3630832502,3422,3630835924,0,7,1,3584,0,4322217984
6504,3631012096,4374,3631016470,0,5,1,4608,0,9687072768
6505,3631312319,5802,3631318121,0,9,1,6144,0,10694815744
6506,3631603088,566,3631603654,0,6,1,512,0,9840594944
6507,3631665383,4850,3631670233,0,5,1,5120,0,2036506624
6508,3631714521,2470,3631716991,0,8,1,2560,0,9929732096
6509,3632497891,3422,3632501313,0,5,1,3584,0,3039784960
6510,3632691264,7706,3632698970,0,8,1,8192,0,10204815360
6511,3632743231,5802,3632749033,0,9,1,6144,0,7545835520
6512,3632946554,7706,3632954260,0,7,1,8192,0,286007296
6513,3632996190,4850,3633001040,0,9,1,5120,0,7812935680
6514,3634190027,6488,3634196515,0,8,1,15872,0,9160355840
6515,3634872829,11274,3634884103,0,9,1,18432,0,9774841856
6516,3634909399,2470,3634911869,0,6,1,2560,0,617967616
6517,3638734487,1994,3638736481,0,6,1,2048,0,4661428224
6518,3639481938,12737,3639494675,0,7,1,24576,0,1230258176
6519,3639751547,3645,3639755192,0,3,1,10240,0,10352033792
6520,3639851571,1518,3639853089,0,3,1,1536,0,10730971136
6521,3640177283,64208,3640241491,0,3,0,6656,0,4169359360
6522,3640294596,2470,3640297066,0,3,1,2560,0,3510026240
6523,3640394031,6754,3640400785,0,5,1,7168,0,68812800
6524,3640731745,3422,3640735167,0,5,1,3584,0,3416911872
6525,3641517300,104312,3641621612,0,9,0,42496,0,1495498752
6526,3641609485,105685,3641715170,0,9,1,152064,0,1723326464
6527,3641973536,566,3641974102,0,4,1,512,0,257298432
6528,3642217534,45596,3642263130,0,0,0,1024,0,2602807296
6529,3642416856,6754,3642423610,0,7,1,7168,0,9203191808
6530,3642711548,47288,3642758836,0,0,0,1536,0,4731969536
6531,3643149212,79436,3643228648,0,5,0,11264,0,246730752
6532,3643293889,89588,3643383477,0,5,0,14336,0,5858979840
6533,3643304798,1994,3643306792,0,3,1,2048,0,942948352
6534,3643487932,43904,3643531836,0,0,0,512,0,4326305792
6535,3643502924,16613,3643519537,0,5,1,32256,0,364490752
6536,3643557956,54056,3643612012,0,9,0,3584,0,1410895872
6537,3644962542,115232,3645077774,0,5,0,78336,0,4557303808
6538,3645148010,108524,3645256534,0,9,0,56320,0,8379842560
6539,3645470624,93620,3645564244,0,0,0,22528,0,6497398784
6540,3646287020,43904,3646330924,0,9,0,512,0,3205451776
6541,3646380556,59132,3646439688,0,0,0,5120,0,8993935360
6542,3646830206,43904,3646874110,0,0,0,512,0,7992090624
6543,3646993204,90836,3647084040,0,0,0,18432,0,9623121920
6544,3647479314,47288,3647526602,0,9,0,1536,0,5363232768
6545,3647764072,43904,3647807976,0,0,0,512,0,9496920064
6546,3647820218,115232,3647935450,0,0,0,78336,0,4566794240
6547,3648218896,96872,3648315768,0,5,0,28160,0,5675634688
6548,3648609267,120848,3648730115,0,0,0,96768,0,9802358784
6549,3649289914,67592,3649357506,0,9,0,7680,0,6805053440
6550,3650039754,105872,3650145626,0,5,0,47616,0,4356337664
6551,3650298755,45596,3650344351,0,0,0,1024,0,2719248384
6552,3650816751,43904,3650860655,0,0,0,512,0,3985518592
6553,3650934651,43904,3650978555,0,9,0,512,0,3384815616
6554,3651731474,107744,3651839218,0,9,0,53760,0,8619171840
6555,3652541432,100880,3652642312,0,5,0,31232,0,10339889152
6556,3652629139,118352,3652747491,0,0,0,88576,0,175300608
6557,3653148469,50672,3653199141,0,0,0,2560,0,10239954944
6558,3653157999,43904,3653201903,0,9,0,512,0,8738500608
6559,3653236904,105872,3653342776,0,9,0,47616,0,7101509632
6560,3653607898,95312,3653703210,0,9,0,23040,0,5623836672
6561,3653686574,45596,3653732170,0,0,0,1024,0,9263054848
6562,3653700271,73893,3653774164,0,0,0,6656,0,8699289600
6563,3653851090,1518,3653852608,0,4,1,1536,0,9807986688
6564,3654003075,61899,3654064974,0,8,1,100352,0,8032874496
6565,3655084488,25704,3655110192,0,5,1,46592,0,10196733952
6566,3656026851,566,3656027417,0,7,1,512,0,4123066368
6567,3657183951,48980,3657232931,0,0,0,2048,0,3505790976
6568,3657508254,124904,3657633158,0,5,0,110080,0,4623486976
6569,3658029813,43904,3658073717,0,9,0,512,0,6816477184
6570,3658234902,43904,3658278806,0,5,0,512,0,1131458560
6571,3659192783,90992,3659283775,0,5,0,18944,0,9444835328
6572,3659355969,91304,3659447273,0,9,0,19968,0,8705179648
6573,3659588313,62516,3659650829,0,9,0,6144,0,10244923392
6574,3659620100,109995,3659730095,0,9,0,33280,0,4011659264
6575,3659753955,43904,3659797859,0,9,0,512,0,5393637376
6576,3659957333,114920,3660072253,0,9,0,77312,0,9662308352
6577,3660459631,92240,3660551871,0,5,0,23040,0,9117970432
6578,3660703444,103064,3660806508,0,9,0,38400,0,3006218240
6579,3660968542,102440,3661070982,0,9,0,36352,0,3872428032
6580,3661116908,43904,3661160812,0,8,0,512,0,1608847360
6581,3661480856,62516,3661543372,0,5,0,6144,0,8063500288
6582,3662032579,64208,3662096787,0,9,0,6656,0,10247409664
6583,3663221419,106340,3663327759,0,8,0,49152,0,4287660032
6584,3663461984,101348,3663563332,0,5,0,32768,0,6395346944
6585,3663716397,93956,3663810353,0,9,0,28672,0,8502013952
6586,3663743734,45596,3663789330,0,5,0,1024,0,1251102720
6587,3663946122,43904,3663990026,0,5,0,512,0,7265792000
6588,3664518860,95780,3664614640,0,9,0,24576,0,4871213056
6589,3664677131,65900,3664743031,0,5,0,7168,0,5441703936
6590,3664799859,45596,3664845455,0,5,0,1024,0,5164384256
6591,3665357976,43904,3665401880,0,5,0,512,0,9906462720
6592,3665412609,52364,3665464973,0,8,0,3072,0,4261662720
6593,3665798309,45596,3665843905,0,8,0,1024,0,3570941952
6594,3666015211,92972,3666108183,0,9,0,15360,0,3283202048
6595,3666181798,3387,3666185185,0,8,1,9728,0,8073261056
6596,3666353136,6278,3666359414,0,9,1,6656,0,7028641792
6597,3666447921,43904,3666491825,0,0,0,512,0,5020270592
6598,3666611553,1518,3666613071,0,9,1,1536,0,8331763712
6599,3666842693,2470,3666845163,0,3,1,2560,0,1857572864
6600,3666861758,5802,3666867560,0,9,1,6144,0,4590395392
6601,3667106168,4937,3667111105,0,9,1,12800,0,371929088
6602,3667235744,7706,3667243450,0,3,1,8192,0,3220897792
6603,3667278187,5454,3667283641,0,9,1,13824,0,6748393472
6604,3667385898,72541,3667458439,0,3,1,117760,0,2714451968
6605,3667739952,5802,3667745754,0,7,1,6144,0,9456582656
6606,3667883292,1042,3667884334,0,5,1,1024,0,10545729536
6607,3668143492,1518,3668145010,0,9,1,1536,0,5203394560
6608,3668277658,3904,3668281562,0,3,1,10752,0,10222669824
6609,3668294659,84128,3668378787,0,5,1,140288,0,2230214656
6610,3668333342,46725,3668380067,0,5,1,14336,0,4823957504
6611,3668474863,1518,3668476381,0,5,1,1536,0,10370609152
6612,3669064124,114764,3669178888,0,9,0,76800,0,876826624
6613,3669342404,97628,3669440032,0,8,0,25600,0,2201645056
6614,3669501069,6278,3669507347,0,3,1,6656,0,6863822848
6615,3669607535,1042,3669608577,0,9,1,1024,0,9137905664
6616,3669657367,45596,3669702963,0,5,0,1024,0,9764536320
6617,3669682220,4937,3669687157,0,7,1,12800,0,10523570176
6618,3669791788,3422,3669795210,0,5,1,3584,0,8514867200
6619,3670006862,104000,3670110862,0,0,0,41472,0,4058988544
6620,3670132706,43904,3670176610,0,8,0,512,0,4529909760
6621,3670139345,91280,3670230625,0,5,0,14848,0,2985951232
6622,3670326947,93152,3670420099,0,5,0,20992,0,7158190080
6623,3672297633,43904,3672341537,0,8,0,512,0,5732679680
6624,3672310002,43904,3672353906,0,5,0,512,0,6088511488
6625,3672318707,109616,3672428323,0,5,0,59904,0,3707006976
6626,3672508766,54056,3672562822,0,5,0,3584,0,777187328
6627,3672567410,91616,3672659026,0,0,0,20992,0,9719586816
6628,3673368093,43904,3673411997,0,0,0,512,0,3858849792
6629,3675230848,6754,3675237602,0,9,1,7168,0,4909305856
6630,3675649675,64208,3675713883,0,1,0,6656,0,5913899008
6631,3676001100,1518,3676002618,0,7,1,1536,0,5028270080
6632,3676236358,102596,3676338954,0,5,0,36864,0,1404866560
6633,3676500935,566,3676501501,0,5,1,512,0,2263265280
6634,3676554029,566,3676554595,0,5,1,512,0,10421600256
6635,3676921359,4374,3676925733,0,5,1,4608,0,8276164608
6636,3677062483,43904,3677106387,0,5,0,512,0,9629503488
6637,3677137909,43904,3677181813,0,0,0,512,0,1279397888
6638,3677137979,65680,3677203659,0,0,0,512,0,1244614656
6639,3677402029,45596,3677447625,0,0,0,1024,0,10044080128
6640,3678538431,105092,3678643523,0,0,0,45056,0,3007205376
6641,3678748296,45596,3678793892,0,5,0,1024,0,4725940224
6642,3679317909,43904,3679361813,0,5,0,512,0,9291902976
6643,3679734510,65900,3679800410,0,8,0,7168,0,9599754240
6644,3679881149,47288,3679928437,0,9,0,1536,0,10258337792
6645,3679885770,127556,3680013326,0,9,0,118784,0,8434647040
6646,3680257841,76052,3680333893,0,9,0,10240,0,8836997120
6647,3681490109,87896,3681578005,0,2,0,13824,0,2673770496
6648,3681671943,50672,3681722615,0,8,0,2560,0,4650471424
6649,3681948859,64208,3682013067,0,0,0,6656,0,1749749760
6650,3682902280,43904,3682946184,0,5,0,512,0,315252736
6651,3683176089,102284,3683278373,0,8,0,35840,0,9033760768
6652,3683256903,2946,3683259849,0,7,1,3072,0,2327724032
6653,3683657500,47288,3683704788,0,1,0,1536,0,9812541440
6654,3684081257,52549,3684133806,0,3,1,85504,0,15503360
6655,3684128702,42424,3684171126,0,5,1,69120,0,1143570432
6656,3684241679,1518,3684243197,0,5,1,1536,0,7286861824
6657,3684338574,6278,3684344852,0,5,1,6656,0,1217085440
6658,3684642022,106652,3684748674,0,9,0,50176,0,1096884224
6659,3684670784,2470,3684673254,0,6,1,2560,0,698421248
6660,3684890790,5326,3684896116,0,5,1,5632,0,2724995072
6661,3685274159,43904,3685318063,0,0,0,512,0,7329583104
6662,3685926728,43904,3685970632,0,8,0,512,0,8055066624
6663,3686524808,72668,3686597476,0,1,0,9216,0,7002812416
6664,3686669106,93020,3686762126,0,0,0,25600,0,8093032448
6665,3689648024,100724,3689748748,0,5,0,30720,0,912019456
6666,3689927797,43904,3689971701,0,8,0,512,0,2692112384
6667,3690224981,47288,3690272269,0,0,0,1536,0,7929032704
6668,3691247011,43904,3691290915,0,2,0,512,0,494649344
6669,3692086220,43904,3692130124,0,1,0,512,0,3143344128
6670,3692094757,124748,3692219505,0,9,0,28160,0,236396544
6671,3692114953,47288,3692162241,0,9,0,1536,0,6297706496
6672,3692275476,43904,3692319380,0,9,0,512,0,4368392192
6673,3692393042,43904,3692436946,0,8,0,512,0,9693417472
6674,3692761799,45596,3692807395,0,0,0,1024,0,6901174272
6675,3694741653,113516,3694855169,0,9,0,72704,0,8373436416
6676,3694822029,95492,3694917521,0,8,0,28672,0,6006792192
6677,3694911198,104855,3695016053,0,8,0,23552,0,803512320
6678,3695567475,45596,3695613071,0,8,0,1024,0,583081984
6679,3695728845,52364,3695781209,0,0,0,3072,0,4019376128
6680,3695992025,43904,3696035929,0,0,0,512,0,1361195008
6681,3696205548,104936,3696310484,0,1,0,44544,0,8986247168
6682,3696301947,115076,3696417023,0,2,0,77824,0,3146981376
6683,3696431692,5326,3696437018,0,0,1,5632,0,10022068224
6684,3696896779,2470,3696899249,0,5,1,2560,0,837279744
6685,3696998706,3898,3697002604,0,6,1,4096,0,2921959424
6686,3697607374,2870,3697610244,0,6,1,8704,0,9273663488
6687,3698065238,44145,3698109383,0,2,1,75776,0,9930010624
6688,3698558685,35054,3698593739,0,3,1,61440,0,1287208960
6689,3698800179,5802,3698805981,0,5,1,6144,0,7166148608
6690,3699289012,55748,3699344760,0,0,0,4096,0,1687310336
6691,3700386003,43904,3700429907,0,1,0,512,0,10359713792
6692,3700754747,1518,3700756265,0,2,1,1536,0,4787699712
6693,3701014525,102908,3701117433,0,8,0,37888,0,9944334336
6694,3701968208,48980,3702017188,0,2,0,2048,0,7725674496
6695,3702111768,45596,3702157364,0,8,0,1024,0,8432881664
6696,3702179502,54056,3702233558,0,8,0,3584,0,1083924480
6697,3702777617,187964,3702965581,0,8,0,160768,0,10629840896
6698,3703779329,101036,3703880365,0,2,0,31744,0,7803555840
6699,3703897170,43904,3703941074,0,1,0,512,0,5937364992
6700,3703940914,108212,3704049126,0,9,0,55296,0,9960267776
6701,3703969328,121108,3704090436,0,9,0,13312,0,9247875072
6702,3704390996,43904,3704434900,0,9,0,512,0,10087120896
6703,3704902146,47288,3704949434,0,1,0,1536,0,6422061056
6704,3704929956,106496,3705036452,0,8,0,49664,0,209453056
6705,3705007918,104780,3705112698,0,8,0,44032,0,3774836736
6706,3705103116,113262,3705216378,0,8,0,40448,0,4822925312
6707,3706141557,120536,3706262093,0,9,0,95744,0,1488338944
6708,3706748120,43904,3706792024,0,8,0,512,0,5881516032
6709,3707152648,43904,3707196552,0,1,0,512,0,4617142272
6710,3708580326,122720,3708703046,0,5,0,102912,0,391487488
6711,3708601409,87896,3708689305,0,2,0,13824,0,7912546304
6712,3708863916,124436,3708988352,0,2,0,108544,0,9117392896
6713,3708994248,97628,3709091876,0,1,0,25600,0,2714857472
6714,3710584697,64208,3710648905,0,2,0,6656,0,3325685760
6715,3710877995,110084,3710988079,0,8,0,61440,0,6723289088
6716,3711125354,93825,3711219179,0,3,1,152576,0,9415884800
6717,3711214707,96224,3711310931,0,1,0,20992,0,3515490304
6718,3712274503,48980,3712323483,0,7,0,2048,0,5330042880
6719,3712322134,12308,3712334442,0,5,1,20480,0,6730199040
6720,3712378735,84512,3712463247,0,8,0,12800,0,1024544768
6721,3712481522,5802,3712487324,0,6,1,6144,0,4365717504
6722,3712670966,87896,3712758862,0,1,0,13824,0,4128137216
6723,3712686888,5326,3712692214,0,6,1,5632,0,8008441856
6724,3713033854,43904,3713077758,0,8,0,512,0,1550184448
6725,3713042592,90680,3713133272,0,9,0,17920,0,8201842688
6726,3713054776,4850,3713059626,0,6,1,5120,0,3802734592
6727,3713124769,110084,3713234853,0,9,0,61440,0,4080590848
6728,3713426640,566,3713427206,0,1,1,512,0,7585484800
6729,3713444252,107588,3713551840,0,9,0,53248,0,163590144
6730,3713767867,82820,3713850687,0,1,0,12288,0,3302129664
6731,3713878752,97160,3713975912,0,0,0,24064,0,2774581248
6732,3713927675,566,3713928241,0,6,1,512,0,10063454208
6733,3713932555,43904,3713976459,0,8,0,512,0,2423840768
6734,3714046332,7230,3714053562,0,1,1,7680,0,2952585216
6735,3714093225,5802,3714099027,0,5,1,6144,0,10370252800
6736,3714345681,43904,3714389585,0,0,0,512,0,6054850560
6737,3714370167,121004,3714491171,0,8,0,97280,0,3266121728
6738,3714597388,566,3714597954,0,1,1,512,0,7719292928
6739,3714780011,93644,3714873655,0,9,0,27648,0,8659427328
6740,3714798786,69284,3714868070,0,8,0,8192,0,6925803520
6741,3715297712,43904,3715341616,0,8,0,512,0,10107314176
6742,3715306049,102752,3715408801,0,5,0,37376,0,1169600512
6743,3715616413,109148,3715725561,0,5,0,58368,0,1875910656
6744,3716847007,45596,3716892603,0,1,0,1024,0,5773291520
6745,3717217223,87896,3717305119,0,0,0,13824,0,9969799168
6746,3717522025,67592,3717589617,0,9,0,7680,0,5742465024
6747,3718443482,43904,3718487386,0,5,0,512,0,3196538880
6748,3718609172,112424,3718721596,0,7,0,69120,0,10127613952
6749,3719236933,43904,3719280837,0,8,0,512,0,1286361088
6750,3719277996,47288,3719325284,0,7,0,1536,0,9999781888
6751,3719465222,55748,3719520970,0,7,0,4096,0,8535425024
6752,3720491484,1518,3720493002,0,5,1,1536,0,5734531072
6753,3720595830,4374,3720600204,0,6,1,4608,0,3176513536
6754,3720796926,566,3720797492,0,6,1,512,0,4025765888
6755,3720863833,4374,3720868207,0,6,1,4608,0,2120245248
6756,3721070969,115544,3721186513,0,9,0,79360,0,10625417216
6757,3721794904,43904,3721838808,0,0,0,512,0,5063774208
6758,3721812374,4850,3721817224,0,6,1,5120,0,7152631808
6759,3722246198,94688,3722340886,0,2,0,20992,0,5790920704
6760,3722564523,1518,3722566041,0,1,1,1536,0,6602076160
6761,3722720439,85937,3722806376,0,2,1,143872,0,7369089024
6762,3722740086,123188,3722863274,0,7,0,104448,0,3095072768
6763,3722762564,44798,3722807362,0,2,1,1536,0,2861441024
6764,3722873656,4374,3722878030,0,2,1,4608,0,4561711104
6765,3723010132,43904,3723054036,0,8,0,512,0,10217525248
6766,3723217831,3898,3723221729,0,2,1,4096,0,10457628672
6767,3723304173,87896,3723392069,0,2,0,13824,0,5895696384
6768,3723641708,4374,3723646082,0,1,1,4608,0,10062016512
6769,3723952893,566,3723953459,0,2,1,512,0,6097723392
6770,3724146995,1042,3724148037,0,6,1,1024,0,3596795904
6771,3724266849,566,3724267415,0,6,1,512,0,8829984768
6772,3724303342,3898,3724307240,0,2,1,4096,0,3966775296
6773,3724367249,98384,3724465633,0,5,0,23040,0,1345798144
6774,3724683827,96092,3724779919,0,7,0,25600,0,4685955072
6775,3725103667,43904,3725147571,0,1,0,512,0,8549482496
6776,3725195902,91436,3725287338,0,8,0,15360,0,7642451968
6777,3725583446,10757,3725594203,0,1,1,17408,0,5430349824
6778,3727100133,52364,3727152497,0,0,0,3072,0,924393472
6779,3727102704,106184,3727208888,0,2,0,48640,0,5949739008
6780,3727184982,129146,3727314128,0,2,0,104448,0,8759910400
6781,3727331947,89588,3727421535,0,8,0,14336,0,7343362048
6782,3728464504,14287,3728478791,0,2,1,27648,0,1196789760
6783,3728476678,118283,3728594961,0,2,0,8704,0,3197317120
6784,3728906878,90056,3728996934,0,8,0,15872,0,8487239680
6785,3728961961,4374,3728966335,0,6,1,4608,0,10606723072
6786,3729070092,43904,3729113996,0,7,0,512,0,2719965184
6787,3729125637,566,3729126203,0,9,1,512,0,9164259328
6788,3729326003,41132,3729367135,0,9,1,66560,0,4687450112
6789,3729347611,32987,3729380598,0,6,1,57344,0,4124811264
6790,3729575573,13253,3729588826,0,6,1,25600,0,5285883904
6791,3730069247,2946,3730072193,0,9,1,3072,0,2963361792
6792,3730114837,2470,3730117307,0,6,1,2560,0,8453885952
6793,3730148718,93620,3730242338,0,1,0,22528,0,7960920064
6794,3730247446,1994,3730249440,0,6,1,2048,0,9793155072
6795,3730371241,1042,3730372283,0,6,1,1024,0,1304227840
6796,3730474382,566,3730474948,0,6,1,512,0,854896640
6797,3730851348,96380,3730947728,0,7,0,21504,0,2310815744
6798,3730871636,43904,3730915540,0,8,0,512,0,5043544064
6799,3731027209,118040,3731145249,0,8,0,87552,0,8726224896
6800,3731284581,101972,3731386553,0,8,0,34816,0,5124419584
6801,3733885430,43904,3733929334,0,9,0,512,0,6628773888
6802,3734082464,43904,3734126368,0,5,0,512,0,3923259392
6803,3734223158,120536,3734343694,0,8,0,95744,0,1249603584
6804,3734727536,98072,3734825608,0,7,0,22016,0,410234880
6805,3735063944,103220,3735167164,0,5,0,38912,0,5080297472
6806,3735608557,43904,3735652461,0,8,0,512,0,8966328320
6807,3735744078,43904,3735787982,0,2,0,512,0,8736165888
6808,3736933721,70976,3737004697,0,1,0,8704,0,6738583552
6809,3737551021,109928,3737660949,0,2,0,60928,0,7282503680
6810,3738069711,120536,3738190247,0,5,0,95744,0,5745238016
6811,3738576326,105560,3738681886,0,7,0,46592,0,3906461696
6812,3740651788,52364,3740704152,0,8,0,3072,0,6322114560
6813,3740743767,95312,3740839079,0,0,0,23040,0,5176803328
6814,3741084259,1994,3741086253,0,6,1,2048,0,2742013952
6815,3741114436,54787,3741169223,0,9,1,93184,0,863227904
6816,3741121968,43904,3741165872,0,0,0,512,0,5273817088
6817,3741159851,61641,3741221492,0,9,1,99840,0,4256124928
6818,3742192901,3128,3742196029,0,1,1,9216,0,1668431872
6819,3742564083,3128,3742567211,0,9,1,9216,0,9875779584
6820,3742723161,45596,3742768757,0,5,0,1024,0,1626066944
6821,3743062801,4374,3743067175,0,9,1,4608,0,5956788224
6822,3743115475,7706,3743123181,0,7,1,8192,0,3193131008
6823,3743989688,64742,3744054430,0,7,1,105984,0,3518124032
6824,3744051454,128492,3744179946,0,2,0,121856,0,6699896832
6825,3744451634,64208,3744515842,0,7,0,6656,0,51056640
6826,3744605827,1994,3744607821,0,9,1,2048,0,6556446720
6827,3744868358,566,3744868924,0,1,1,512,0,8309231616
6828,3744984812,6488,3744991300,0,1,1,15872,0,8138952704
6829,3745086665,2470,3745089135,0,1,1,2560,0,4819783680
6830,3745186259,94844,3745281103,0,0,0,21504,0,4062261248
6831,3745387227,23466,3745410693,0,1,1,38912,0,1253662720
6832,3745555037,2470,3745557507,0,9,1,2560,0,7467286528
6833,3745704448,67592,3745772040,0,7,0,7680,0,7629316096
6834,3746615206,45596,3746660802,0,1,0,1024,0,6157144064
6835,3747146916,105404,3747252320,0,7,0,46080,0,2301435904
6836,3747515930,2946,3747518876,0,2,1,3072,0,7056105472
6837,3747583930,1518,3747585448,0,9,1,1536,0,8388751360
6838,3747627548,1518,3747629066,0,7,1,1536,0,982585344
6839,3747727076,76052,3747803128,0,0,0,10240,0,10645340160
6840,3747947352,566,3747947918,0,9,1,512,0,6127890432
6841,3748013291,1994,3748015285,0,7,1,2048,0,7990964224
6842,3748197791,4850,3748202641,0,1,1,5120,0,8320094208
6843,3748414113,1994,3748416107,0,7,1,2048,0,7009792000
6844,3748529269,2470,3748531739,0,1,1,2560,0,1192718336
6845,3748644730,5454,3748650184,0,7,1,13824,0,8161419264
6846,3749228081,566,3749228647,0,9,1,512,0,5512044544
6847,3749843591,2470,3749846061,0,1,1,2560,0,6791286784
6848,3750583046,46729,3750629775,0,7,1,80896,0,4870287360
6849,3751163318,4374,3751167692,0,8,1,4608,0,4268056576
6850,3751730682,5326,3751736008,0,4,1,5632,0,8278646784
6851,3751942521,5326,3751947847,0,9,1,5632,0,8269606912
6852,3752267090,566,3752267656,0,1,1,512,0,2526134272
6853,3752390416,1518,3752391934,0,9,1,1536,0,8823123968
6854,3752745563,6278,3752751841,0,7,1,6656,0,3196329984
6855,3752818533,15321,3752833854,0,5,1,29696,0,8101580800
6856,3752926804,5712,3752932516,0,9,1,14336,0,7604473856
6857,3752981091,4162,3752985253,0,5,1,11264,0,8817344512
6858,3753094629,4679,3753099308,0,1,1,12288,0,6823141376
6859,3753483190,33850,3753517040,0,4,1,55808,0,63500288
6860,3759365345,2470,3759367815,0,8,1,2560,0,1737138176
6861,3759632206,4850,3759637056,0,9,1,5120,0,4564127744
6862,3759657964,3422,3759661386,0,5,1,3584,0,6935023616
6863,3759868498,566,3759869064,0,5,1,512,0,4842876928
6864,3760577959,1518,3760579477,0,1,1,1536,0,4744089600
6865,3760880780,566,3760881346,0,7,1,512,0,5811433472
6866,3760995433,566,3760995999,0,5,1,512,0,9491976192
6867,3761469794,3904,3761473698,0,9,1,10752,0,4744949760
6868,3761503405,7706,3761511111,0,4,1,8192,0,525725696
6869,3761569514,566,3761570080,0,5,1,512,0,10089209856
6870,3761581543,566,3761582109,0,4,1,512,0,2842349568
6871,3761760999,5326,3761766325,0,4,1,5632,0,8516472832
6872,3762405587,566,3762406153,0,5,1,512,0,5080854528
6873,3762781930,10499,3762792429,0,7,1,16896,0,8739155968
6874,3763350228,15321,3763365549,0,2,1,29696,0,6993113088
6875,3763632512,5802,3763638314,0,4,1,6144,0,558252032
6876,3763689260,2470,3763691730,0,9,1,2560,0,8772444160
6877,3763862015,1042,3763863057,0,1,1,1024,0,4955471872
6878,3764130004,3128,3764133132,0,9,1,9216,0,4025614336
6879,3765482256,3898,3765486154,0,7,1,4096,0,5744013312
6880,3766010033,5802,3766015835,0,4,1,6144,0,7363223552
6881,3766212972,3898,3766216870,0,1,1,4096,0,1670332416
6882,3766869398,2470,3766871868,0,2,1,2560,0,896319488
6883,3766921030,3422,3766924452,0,9,1,3584,0,2819387392
6884,3767179070,6278,3767185348,0,5,1,6656,0,3876425728
6885,3767345241,1994,3767347235,0,9,1,2048,0,3541405696
6886,3767414096,4850,3767418946,0,1,1,5120,0,1019756544
6887,3768356195,4374,3768360569,0,1,1,4608,0,1717469184
6888,3768586135,1518,3768587653,0,9,1,1536,0,10230714368
6889,3769169285,566,3769169851,0,5,1,512,0,9962582016
6890,3769208629,14545,3769223174,0,4,1,28160,0,9975762944
6891,3769265419,5326,3769270745,0,4,1,5632,0,9828585472
6892,3769709710,2470,3769712180,0,4,1,2560,0,2131148800
6893,3770324795,5802,3770330597,0,9,1,6144,0,5990875136
6894,3770425428,5971,3770431399,0,2,1,14848,0,2864529408
6895,3770575189,1042,3770576231,0,2,1,1024,0,9395425280
6896,3770771114,6754,3770777868,0,5,1,7168,0,2951622656
6897,3770780206,6278,3770786484,0,4,1,6656,0,2584215552
6898,3771225246,12308,3771237554,0,4,1,20480,0,2310242304
6899,3771338062,4850,3771342912,0,2,1,5120,0,9974505472
6900,3771461312,43887,3771505199,0,2,1,75264,0,9018138624
6901,3771561718,4850,3771566568,0,5,1,5120,0,9287319552
6902,3771896192,1994,3771898186,0,9,1,2048,0,2857684992
6903,3772106503,2870,3772109373,0,1,1,8704,0,5168545792
6904,3772862892,2946,3772865838,0,7,1,3072,0,4254240768
6905,3773031680,12308,3773043988,0,2,1,20480,0,8600502272
6906,3773278653,33503,3773312156,0,5,1,58368,0,4052410368
6907,3773815704,1042,3773816746,0,2,1,1024,0,2349195264
6908,3774232702,124280,3774356982,0,2,0,108032,0,1324089344
6909,3774300789,1518,3774302307,0,1,1,1536,0,8816361472
6910,3774706848,4420,3774711268,0,4,1,11776,0,5026742272
6911,3775335404,2470,3775337874,0,5,1,2560,0,609972224
6912,3775498629,106964,3775605593,0,9,0,51200,0,7965925376
6913,3775535405,3387,3775538792,0,9,1,9728,0,456015872
6914,3775925170,566,3775925736,0,9,1,512,0,9303871488
6915,3776041074,43904,3776084978,0,1,0,512,0,10238758912
6916,3776102234,6278,3776108512,0,4,1,6656,0,5523595264
6917,3776288439,91928,3776380367,0,7,0,22016,0,9497010176
6918,3776381511,48980,3776430491,0,5,0,2048,0,3944927232
6919,3776520418,5326,3776525744,0,1,1,5632,0,7924150272
6920,3776585280,3422,3776588702,0,2,1,3584,0,2035707904
6921,3777362584,57440,3777420024,0,0,0,4608,0,5539229696
6922,3777639720,92864,3777732584,0,5,0,25088,0,8729464832
6923,3777960894,2470,3777963364,0,7,1,2560,0,1525731328
6924,3778095737,2870,3778098607,0,4,1,8704,0,450060288
6925,3778572655,43904,3778616559,0,7,0,512,0,9167130624
6926,3778846245,106808,3778953053,0,8,0,50688,0,742981632
6927,3779317434,110708,3779428142,0,5,0,63488,0,6075752448
6928,3779731534,82820,3779814354,0,1,0,12288,0,3280965632
6929,3780198761,92528,3780291289,0,8,0,18944,0,7749877760
6930,3780227109,109772,3780336881,0,5,0,60416,0,9891827712
6931,3780543437,43904,3780587341,0,5,0,512,0,8510345216
6932,3780714028,91280,3780805308,0,1,0,14848,0,3629637632
6933,3781172409,104624,3781277033,0,8,0,43520,0,10030215168
6934,3782170730,54056,3782224786,0,1,0,3584,0,7834054656
6935,3782567018,57440,3782624458,0,0,0,4608,0,3030052864
6936,3782846601,3128,3782849729,0,2,1,9216,0,2798993408
6937,3783111315,566,3783111881,0,9,1,512,0,1780576256
6938,3783459179,65900,3783525079,0,7,0,7168,0,4287823872
6939,3783576788,43904,3783620692,0,9,0,512,0,4571537408
6940,3783770351,15579,3783785930,0,5,1,30208,0,5576134656
6941,3783897855,4937,3783902792,0,4,1,12800,0,3847163904
6942,3784340086,4374,3784344460,0,3,1,4608,0,9401425920
6943,3785095466,2946,3785098412,0,4,1,3072,0,9047138304
6944,3785493884,124887,3785618771,0,1,1,206336,0,738500608
6945,3786543192,566,3786543758,0,9,1,512,0,9934422016
6946,3803874075,13083,3803887158,0,0,1,22016,0,8850829312
6947,3804018769,14029,3804032798,0,3,1,27136,0,9005420544
6948,3804560747,566,3804561313,0,1,1,512,0,9148989440
6949,3804667548,1042,3804668590,0,3,1,1024,0,5898166272
6950,3804739149,1518,3804740667,0,5,1,1536,0,5265301504
6951,3805198896,5712,3805204608,0,3,1,14336,0,1965752320
6952,3805316310,1042,3805317352,0,5,1,1024,0,3093041152
6953,3805373204,20624,3805393828,0,5,1,33280,0,5973213184
6954,3805596245,566,3805596811,0,4,1,512,0,3189223424
6955,3806068909,13600,3806082509,0,5,1,23040,0,3918671872
6956,3806774422,22691,3806797113,0,4,1,37376,0,9472446464
6957,3806957612,6229,3806963841,0,1,1,15360,0,6235152384
6958,3807073669,46988,3807120657,0,3,1,81408,0,9141026816
6959,3807103891,3422,3807107313,0,7,1,3584,0,6046269440
6960,3807683100,5454,3807688554,0,7,1,13824,0,9523326976
6961,3807861147,1994,3807863141,0,9,1,2048,0,7420563456
6962,3807937751,4850,3807942601,0,3,1,5120,0,8819331072
6963,3808676375,10757,3808687132,0,1,1,17408,0,8044732416
6964,3809368148,12566,3809380714,0,3,1,20992,0,1290711040
6965,3809732962,1042,3809734004,0,5,1,1024,0,190312448
6966,3810388724,7230,3810395954,0,9,1,7680,0,3610816512
6967,3810765847,3422,3810769269,0,5,1,3584,0,7663640576
6968,3810777593,3128,3810780721,0,4,1,9216,0,689770496
6969,3811153429,6754,3811160183,0,4,1,7168,0,4882309120
6970,3817215983,1042,3817217025,0,7,1,1024,0,5357805568
6971,3817408103,11016,3817419119,0,1,1,17920,0,3514687488
6972,3817592810,4420,3817597230,0,3,1,11776,0,1263321088
6973,3818219962,5802,3818225764,0,5,1,6144,0,7131713536
6974,3818769141,2870,3818772011,0,9,1,8704,0,9053937664
6975,3818953017,3645,3818956662,0,4,1,10240,0,1779355648
6976,3819576905,2470,3819579375,0,1,1,2560,0,853147648
6977,3820620593,566,3820621159,0,3,1,512,0,10617102336
6978,3825201198,3898,3825205096,0,4,1,4096,0,536686592
6979,3825341836,13770,3825355606,0,9,1,26624,0,7614513152
6980,3825586646,51516,3825638162,0,5,1,83456,0,7811813376
6981,3826170377,566,3826170943,0,8,1,512,0,4877127680
6982,3826526655,2946,3826529601,0,9,1,3072,0,10149642240
6983,3826744970,56854,3826801824,0,1,1,97280,0,2748813312
6984,3827056631,3422,3827060053,0,5,1,3584,0,2104864768
6985,3827505006,6754,3827511760,0,1,1,7168,0,3209211904
6986,3827555310,6278,3827561588,0,9,1,6656,0,6850809856
6987,3827807567,4374,3827811941,0,9,1,4608,0,9573490688
6988,3828194563,3422,3828197985,0,3,1,3584,0,4818944000
6989,3828246840,4374,3828251214,0,5,1,4608,0,8693039104
6990,3828890804,4374,3828895178,0,8,1,4608,0,9165877248
6991,3829400812,2946,3829403758,0,5,1,3072,0,2807963648
6992,3829428238,1042,3829429280,0,9,1,1024,0,3414257664
6993,3829491422,3422,3829494844,0,9,1,3584,0,7273955328
6994,3829538345,12049,3829550394,0,1,1,19968,0,2406531072
6995,3829539431,2470,3829541901,0,9,1,2560,0,10548355072
6996,3830290659,3422,3830294081,0,9,1,3584,0,861765632
6997,3831190488,5326,3831195814,0,1,1,5632,0,9940672512
6998,3831418419,2946,3831421365,0,3,1,3072,0,3483713536
6999,3831695291,4374,3831699665,0,5,1,4608,0,10422796288
7000,3839768062,2946,3839771008,0,3,1,3072,0,10291929088
7001,3839886414,4374,3839890788,0,8,1,4608,0,8073416704
7002,3840501918,3422,3840505340,0,8,1,3584,0,7245713408
7003,3857424430,4162,3857428592,0,5,1,11264,0,7315062784
7004,3857849543,566,3857850109,0,9,1,512,0,10172235776
7005,3857873750,3898,3857877648,0,6,1,4096,0,5268926464
7006,3858041967,14287,3858056254,0,6,1,27648,0,9458987008
7007,3858093351,4162,3858097513,0,1,1,11264,0,10565328896
7008,3858643854,5712,3858649566,0,1,1,14336,0,7515541504
7009,3858665153,2470,3858667623,0,6,1,2560,0,3134160896
7010,3859068560,566,3859069126,0,6,1,512,0,6352850944
7011,3860335735,1518,3860337253,0,2,1,1536,0,6865809408
7012,3860649220,3904,3860653124,0,8,1,10752,0,3925909504
7013,3860685811,41132,3860726943,0,9,1,66560,0,9825296384
7014,3860976490,2470,3860978960,0,9,1,2560,0,9597632512
7015,3861118186,3387,3861121573,0,6,1,9728,0,5527515136
7016,3861732897,3898,3861736795,0,8,1,4096,0,7327645696
7017,3878612953,566,3878613519,0,9,1,512,0,4970459136
7018,3879043849,1518,3879045367,0,1,1,1536,0,3904200704
7019,3879791288,1994,3879793282,0,6,1,2048,0,4503572480
7020,3880107456,3422,3880110878,0,1,1,3584,0,8694755328
7021,3892107731,54056,3892161787,0,5,0,3584,0,1492180992
7022,3892555148,104624,3892659772,0,9,0,43520,0,6492266496
7023,3892682662,108992,3892791654,0,8,0,57856,0,4639408128
7024,3892865308,2870,3892868178,0,8,1,8704,0,5158068224
7025,3893105421,120224,3893225645,0,0,0,94720,0,80203776
7026,3893254281,108056,3893362337,0,8,0,54784,0,10732126208
7027,3893325561,43904,3893369465,0,9,0,512,0,546697216
7028,3893387871,566,3893388437,0,1,1,512,0,4178194432
7029,3893520204,1042,3893521246,0,6,1,1024,0,1642070016
7030,3893855435,45596,3893901031,0,8,0,1024,0,6714687488
7031,3894115406,7230,3894122636,0,2,1,7680,0,9286750208
7032,3894213987,59132,3894273119,0,9,0,5120,0,818958336
7033,3894667919,1518,3894669437,0,6,1,1536,0,10207563776
7034,3894681547,45596,3894727143,0,0,0,1024,0,1488666624
7035,3895068613,3422,3895072035,0,1,1,3584,0,6012751872
7036,3895262680,1518,3895264198,0,2,1,1536,0,5841891328
7037,3896429771,43904,3896473675,0,7,0,512,0,7394885632
7038,3896925639,43904,3896969543,0,1,0,512,0,9086509056
7039,3896957120,97760,3897054880,0,9,0,20992,0,669904896
7040,3897128428,43904,3897172332,0,9,0,512,0,8553472000
7041,3897892701,105560,3897998261,0,8,0,46592,0,2036121600
7042,3898057007,112580,3898169587,0,9,0,69632,0,1422897152
7043,3898109966,103220,3898213186,0,0,0,38912,0,10076524544
7044,3898831535,101504,3898933039,0,0,0,33280,0,10653511680
7045,3898843625,43904,3898887529,0,9,0,512,0,2925395968
7046,3899156296,48980,3899205276,0,9,0,2048,0,8580911104
7047,3899350406,43904,3899394310,0,1,0,512,0,10243837952
7048,3899626838,52364,3899679202,0,1,0,3072,0,6139400192
7049,3900048314,72668,3900120982,0,9,0,9216,0,8067715072
7050,3900613772,84512,3900698284,0,1,0,12800,0,4131483648
7051,3900806549,93800,3900900349,0,8,0,28160,0,8345980928
7052,3900910148,43904,3900954052,0,0,0,512,0,4483641344
7053,3901301393,43904,3901345297,0,8,0,512,0,4911894528
7054,3901631454,91436,3901722890,0,0,0,15360,0,7507120128
7055,3902237325,45596,3902282921,0,9,0,1024,0,3667943424
7056,3902375333,122564,3902497897,0,0,0,102400,0,8828198912
7057,3902635740,45596,3902681336,0,1,0,1024,0,1674543104
7058,3902934080,43904,3902977984,0,8,0,512,0,632717312
7059,3904325990,43904,3904369894,0,0,0,512,0,6417907712
7060,3904751025,43904,3904794929,0,7,0,512,0,2715070464
7061,3904767663,43904,3904811567,0,1,0,512,0,10027749376
7062,3904825396,67592,3904892988,0,9,0,7680,0,8203264000
7063,3905127177,47288,3905174465,0,1,0,1536,0,287019008
7064,3905622078,47288,3905669366,0,8,0,1536,0,2376040448
7065,3905683879,156680,3905840559,0,9,0,138752,0,7726829568
7066,3905991860,104156,3906096016,0,9,0,41984,0,2561806336
7067,3906303684,114764,3906418448,0,1,0,76800,0,2329382912
7068,3906902125,99188,3907001313,0,7,0,30720,0,2468864000
7069,3907162040,101816,3907263856,0,9,0,34304,0,5423427584
7070,3907788820,4679,3907793499,0,6,1,12288,0,293527552
7071,3907939659,3422,3907943081,0,2,1,3584,0,10015952896
7072,3908128955,114764,3908243719,0,8,0,76800,0,2255298560
7073,3908609581,566,3908610147,0,1,1,512,0,4896505856
7074,3909131500,47288,3909178788,0,1,0,1536,0,5692522496
7075,3909328913,60824,3909389737,0,9,0,5632,0,10735939584
7076,3909427714,124592,3909552306,0,9,0,109056,0,7487954944
7077,3909888970,45596,3909934566,0,7,0,1024,0,988921856
7078,3910547124,43904,3910591028,0,9,0,512,0,728965120
7079,3910887005,114296,3911001301,0,0,0,75264,0,9627279360
7080,3911630427,48980,3911679407,0,7,0,2048,0,2559954944
7081,3912783162,107276,3912890438,0,8,0,52224,0,9737781248
7082,3913698019,3422,3913701441,0,2,1,3584,0,10307493888
7083,3913766348,1994,3913768342,0,4,1,2048,0,6816182272
7084,3913901856,108524,3914010380,0,0,0,56320,0,3881795584
7085,3914209136,2470,3914211606,0,4,1,2560,0,4918456320
7086,3914450716,43904,3914494620,0,1,0,512,0,5300707328
7087,3914818727,95288,3914914015,0,9,0,17920,0,2072784896
7088,3914896201,76052,3914972253,0,9,0,10240,0,604102656
7089,3915636383,1518,3915637901,0,1,1,1536,0,7203721216
7090,3915741549,1518,3915743067,0,4,1,1536,0,6945325056
7091,3915928169,4374,3915932543,0,4,1,4608,0,9842868224
7092,3916281612,15062,3916296674,0,4,1,29184,0,8245264384
7093,3916288377,11274,3916299651,0,7,1,18432,0,3364319232
7094,3916668676,43904,3916712580,0,9,0,512,0,1700585472
7095,3916669808,2470,3916672278,0,7,1,2560,0,1963642880
7096,3916680195,43904,3916724099,0,7,0,512,0,6339158016
7097,3916726420,7706,3916734126,0,4,1,8192,0,8540246016
7098,3916755746,104624,3916860370,0,7,0,43520,0,5235159040
7099,3916774752,1042,3916775794,0,4,1,1024,0,3075633152
7100,3916820337,23466,3916843803,0,4,1,38912,0,3082690560
7101,3916845904,5802,3916851706,0,4,1,6144,0,1742290944
7102,3917087611,89900,3917177511,0,1,0,15360,0,9409294336
7103,3917331009,6278,3917337287,0,7,1,6656,0,2173677568
7104,3917384499,43904,3917428403,0,7,0,512,0,7588286464
7105,3917618971,2470,3917621441,0,4,1,2560,0,3818582016
7106,3917983803,43904,3918027707,0,1,0,512,0,10014519296
7107,3918125687,101972,3918227659,0,7,0,34816,0,4694335488
7108,3918492463,6278,3918498741,0,4,1,6656,0,4823113728
7109,3918522055,6278,3918528333,0,7,1,6656,0,7013462016
7110,3918917668,54056,3918971724,0,8,0,3584,0,927870976
7111,3919310076,101504,3919411580,0,7,0,33280,0,6692786176
7112,3920103282,43904,3920147186,0,0,0,512,0,6656335872
7113,3920376516,48980,3920425496,0,7,0,2048,0,5461434368
7114,3920558143,59132,3920617275,0,1,0,5120,0,9274843136
7115,3921067888,106964,3921174852,0,1,0,51200,0,1063456768
7116,3921669201,43904,3921713105,0,7,0,512,0,8623624192
7117,3921906529,125684,3922032213,0,8,0,112640,0,79003648
7118,3922351454,48980,3922400434,0,0,0,2048,0,9920425984
7119,3922649050,52364,3922701414,0,8,0,3072,0,2434985984
7120,3922825568,93464,3922919032,0,1,0,22016,0,7628656640
7121,3923008926,111956,3923120882,0,9,0,67584,0,9817321472
7122,3923379843,109928,3923489771,0,0,0,60928,0,3360727040
7123,3924524213,104000,3924628213,0,7,0,41472,0,3513200640
7124,3925004254,43904,3925048158,0,1,0,512,0,4110442496
7125,3925295182,43904,3925339086,0,8,0,512,0,7933677568
7126,3925666750,82820,3925749570,0,9,0,12288,0,9726803968
7127,3926602023,91904,3926693927,0,8,0,16896,0,7554265088
7128,3926842875,111488,3926954363,0,0,0,66048,0,6716542976
7129,3926946325,50672,3926996997,0,9,0,2560,0,9801273344
7130,3927263359,101660,3927365019,0,1,0,33792,0,944103424
7131,3927840972,59132,3927900104,0,9,0,5120,0,5397934080
7132,3928245458,1994,3928247452,0,7,1,2048,0,7347453952
7133,3929212500,149912,3929362412,0,0,0,136704,0,7748710400
7134,3929353186,1994,3929355180,0,1,1,2048,0,9084743680
7135,3930234719,106652,3930341371,0,1,0,50176,0,3253829632
7136,3930371942,566,3930372508,0,4,1,512,0,9118973952
7137,3930785268,103688,3930888956,0,7,0,40448,0,9441222656
7138,3931033574,47288,3931080862,0,9,0,1536,0,37199872
7139,3931121656,4850,3931126506,0,1,1,5120,0,5781368832
7140,3931281270,45596,3931326866,0,8,0,1024,0,10372612096
7141,3931398643,43904,3931442547,0,9,0,512,0,7486189568
7142,3931490515,2470,3931492985,0,4,1,2560,0,4474052608
7143,3931521891,3422,3931525313,0,1,1,3584,0,7307743232
7144,3932104196,45596,3932149792,0,9,0,1024,0,1275416576
7145,3932556921,102908,3932659829,0,8,0,37888,0,7411458048
7146,3933412042,43904,3933455946,0,7,0,512,0,5210824704
7147,3934419387,100100,3934519487,0,1,0,28672,0,894382080
7148,3934831605,110864,3934942469,0,8,0,64000,0,4150042624
7149,3935708303,92864,3935801167,0,0,0,25088,0,9299013632
7150,3936398574,43904,3936442478,0,9,0,512,0,488366080
7151,3936977396,96536,3937073932,0,8,0,22016,0,2941726720
7152,3937051592,1518,3937053110,0,1,1,1536,0,6555287552
7153,3937194777,48980,3937243757,0,7,0,2048,0,1673560064
7154,3937290229,2870,3937293099,0,4,1,8704,0,3377057792
7155,3937290966,6126,3937297092,0,4,1,11264,0,7865622528
7156,3937476325,566,3937476891,0,4,1,512,0,7079809024
7157,3937738682,13770,3937752452,0,4,1,26624,0,9275195392
7158,3937900681,6278,3937906959,0,4,1,6656,0,474562560
7159,3938162763,94664,3938257427,0,7,0,15872,0,3394265088
7160,3938975700,3387,3938979087,0,4,1,9728,0,3234340864
7161,3939130090,3128,3939133218,0,2,1,9216,0,3668680704
7162,3939759145,2946,3939762091,0,3,1,3072,0,4445052928
7163,3939760010,31783,3939791793,0,2,1,51712,0,5230706688
7164,3939923598,120536,3940044134,0,1,0,95744,0,304590848
7165,3939965846,1042,3939966888,0,2,1,1024,0,1156407296
7166,3940062216,43904,3940106120,0,0,0,512,0,3419574272
7167,3940133166,3898,3940137064,0,2,1,4096,0,9551446016
7168,3940271669,97004,3940368673,0,9,0,23552,0,3557740544
7169,3940299818,115076,3940414894,0,8,0,77824,0,9640804352
7170,3941189413,102284,3941291697,0,8,0,35840,0,10591182848
7171,3941762117,43904,3941806021,0,0,0,512,0,5611728896
7172,3941818809,43904,3941862713,0,9,0,512,0,4381728768
7173,3942792123,76052,3942868175,0,9,0,10240,0,3195260928
7174,3943149903,91748,3943241651,0,0,0,16384,0,6695522304
7175,3943969807,45596,3944015403,0,7,0,1024,0,423071744
7176,3944156909,45596,3944202505,0,8,0,1024,0,6759768064
7177,3944940444,96692,3945037136,0,0,0,22528,0,2601730048
7178,3945143006,65900,3945208906,0,8,0,7168,0,4971483136
7179,3945258074,97340,3945355414,0,9,0,29696,0,9522663424
7180,3945492828,5802,3945498630,0,2,1,6144,0,10497622016
7181,3945755248,113984,3945869232,0,9,0,74240,0,6835617792
7182,3946397064,43904,3946440968,0,8,0,512,0,1490628608
7183,3946424938,99320,3946524258,0,7,0,26112,0,1073659904
7184,3946909835,5326,3946915161,0,3,1,5632,0,2539327488
7185,3947093814,1518,3947095332,0,4,1,1536,0,743972864
7186,3947218173,5326,3947223499,0,4,1,5632,0,8157130752
7187,3947929949,70976,3948000925,0,7,0,8704,0,3045179392
7188,3947957554,73058,3948030612,0,4,1,118784,0,5838929920
7189,3948019828,43904,3948063732,0,1,0,512,0,8076005376
7190,3948086967,4937,3948091904,0,4,1,12800,0,783646720
7191,3948095071,43628,3948138699,0,4,1,74752,0,8583815168
7192,3948154287,69284,3948223571,0,1,0,8192,0,718168064
7193,3948258925,4850,3948263775,0,4,1,5120,0,3994615808
7194,3948516120,566,3948516686,0,3,1,512,0,5384593408
7195,3949826739,4374,3949831113,0,4,1,4608,0,9078587392
7196,3950333252,43904,3950377156,0,0,0,512,0,9899638784
7197,3950541168,4374,3950545542,0,3,1,4608,0,6353494016
7198,3950773237,1518,3950774755,0,3,1,1536,0,2593824768
7199,3950784792,25704,3950810496,0,3,1,46592,0,10021244928
7200,3950899278,3645,3950902923,0,3,1,10240,0,8675024896
7201,3950958513,11533,3950970046,0,3,1,18944,0,3980427264
7202,3951005219,43904,3951049123,0,9,0,512,0,8445788160
7203,3951103957,43904,3951147861,0,1,0,512,0,6753234944
7204,3951207516,1042,3951208558,0,3,1,1024,0,7089782784
7205,3951285177,5971,3951291148,0,4,1,14848,0,10232029184
7206,3951404114,97496,3951501610,0,8,0,30208,0,7505252352
7207,3951862099,89900,3951951999,0,1,0,15360,0,9805598720
7208,3951977404,43904,3952021308,0,8,0,512,0,10468175872
7209,3952154138,566,3952154704,0,4,1,512,0,2560831488
7210,3952225611,52364,3952277975,0,8,0,3072,0,6017175552
7211,3952382811,43904,3952426715,0,1,0,512,0,8139198464
7212,3952576559,3898,3952580457,0,3,1,4096,0,3178307584
7213,3953084821,43904,3953128725,0,9,0,512,0,3480313856
7214,3953238765,97784,3953336549,0,1,0,26112,0,2149302272
7215,3954728415,103844,3954832259,0,8,0,40960,0,2297454592
7216,3955482205,101660,3955583865,0,1,0,33792,0,7289094144
7217,3955521192,91640,3955612832,0,7,0,26112,0,10275381248
7218,3956780880,91280,3956872160,0,7,0,14848,0,4490936320
7219,3958031416,43904,3958075320,0,9,0,512,0,9641271296
7220,3958565614,108680,3958674294,0,1,0,56832,0,2869383168
7221,3958789068,10757,3958799825,0,3,1,17408,0,6696312832
7222,3959073176,3387,3959076563,0,1,1,9728,0,745684992
7223,3959433065,43904,3959476969,0,0,0,512,0,9105022976
7224,3959711139,566,3959711705,0,4,1,512,0,5336354816
7225,3960009046,103064,3960112110,0,1,0,38400,0,1857290240
7226,3960294621,3645,3960298266,0,1,1,10240,0,4230144000
7227,3960378238,43904,3960422142,0,8,0,512,0,8732762112
7228,3960506237,4374,3960510611,0,4,1,4608,0,932249600
7229,3960761456,4374,3960765830,0,1,1,4608,0,1730027520
7230,3960908439,96536,3961004975,0,7,0,22016,0,3113025536
7231,3960909906,2946,3960912852,0,4,1,3072,0,2562666496
7232,3961015187,92972,3961108159,0,9,0,15360,0,869474304
7233,3961149875,120380,3961270255,0,8,0,95232,0,6443696128
7234,3961231908,2870,3961234778,0,4,1,8704,0,5113597952
7235,3961277441,6754,3961284195,0,1,1,7168,0,1279426560
7236,3961352198,43904,3961396102,0,9,0,512,0,10630606848
7237,3961608866,566,3961609432,0,1,1,512,0,8736497664
7238,3961655223,4420,3961659643,0,0,1,11776,0,8851496960
7239,3961659455,23466,3961682921,0,0,1,38912,0,875433984
7240,3961833799,1518,3961835317,0,0,1,1536,0,7288348672
7241,3962073661,1518,3962075179,0,4,1,1536,0,7501070336
7242,3962201289,87896,3962289185,0,8,0,13824,0,6379323392
7243,3962274695,1042,3962275737,0,1,1,1024,0,6861545472
7244,3962378022,566,3962378588,0,2,1,512,0,92463104
7245,3962423319,3422,3962426741,0,0,1,3584,0,6408794112
7246,3962616061,107588,3962723649,0,1,0,53248,0,3242057728
7247,3963294784,102128,3963396912,0,9,0,35328,0,3686715392
7248,3963373085,91280,3963464365,0,0,0,14848,0,7839748096
7249,3965218807,43904,3965262711,0,0,0,512,0,5633327104
7250,3966731971,43904,3966775875,0,7,0,512,0,6727413760
7251,3967160110,119132,3967279242,0,1,0,91136,0,1991725056
7252,3967205737,43904,3967249641,0,9,0,512,0,8378826752
7253,3968392955,2946,3968395901,0,0,1,3072,0,8277000192
7254,3968938325,1518,3968939843,0,2,1,1536,0,3266355200
7255,3969473170,43904,3969517074,0,1,0,512,0,2663174144
7256,3969490154,2946,3969493100,0,4,1,3072,0,5626630144
7257,3969618576,3422,3969621998,0,1,1,3584,0,355815424
7258,3969998754,3898,3970002652,0,1,1,4096,0,10576125952
7259,3970931737,79436,3971011173,0,8,0,11264,0,5913321472
7260,3971735835,4937,3971740772,0,8,1,12800,0,455614464
7261,3971875367,4420,3971879787,0,2,1,11776,0,2764685312
7262,3972140835,2946,3972143781,0,1,1,3072,0,6039179264
7263,3972393528,1042,3972394570,0,4,1,1024,0,3803172864
7264,3972419082,43904,3972462986,0,9,0,512,0,1200754688
7265,3972839593,2870,3972842463,0,7,1,8704,0,1834078208
7266,3972879495,566,3972880061,0,2,1,512,0,2379108352
7267,3973387247,3422,3973390669,0,2,1,3584,0,7907545088
7268,3973407207,43904,3973451111,0,7,0,512,0,4952121344
7269,3974396534,101504,3974498038,0,0,0,33280,0,10191937536
7270,3974417859,1994,3974419853,0,1,1,2048,0,944480256
7271,3974433227,2470,3974435697,0,4,1,2560,0,6755921920
7272,3974482510,7230,3974489740,0,4,1,7680,0,8474521600
7273,3974488132,1954,3974490086,0,4,1,512,0,9903984640
7274,3974560549,122876,3974683425,0,8,0,103424,0,303865856
7275,3974686488,109460,3974795948,0,9,0,59392,0,207409152
7276,3974817761,566,3974818327,0,4,1,512,0,6977589248
7277,3974917570,118040,3975035610,0,9,0,87552,0,1060438016
7278,3975032457,566,3975033023,0,7,1,512,0,6639702016
7279,3975182482,43904,3975226386,0,8,0,512,0,305692672
7280,3975221615,67592,3975289207,0,9,0,7680,0,6630227968
7281,3975370726,1994,3975372720,0,6,1,2048,0,6886117376
7282,3975478856,168524,3975647380,0,8,0,142336,0,3732123648
7283,3975643275,7230,3975650505,0,4,1,7680,0,4922830848
7284,3975947330,2870,3975950200,0,2,1,8704,0,7369392128
7285,3976172146,566,3976172712,0,7,1,512,0,3385643008
7286,3976393388,6754,3976400142,0,7,1,7168,0,1983459328
7287,3976405855,7706,3976413561,0,6,1,8192,0,9071489024
7288,3976537517,4162,3976541679,0,4,1,11264,0,5311741952
7289,3976644604,43904,3976688508,0,9,0,512,0,3949596672
7290,3976727710,1518,3976729228,0,6,1,1536,0,4585857024
7291,3976732591,6229,3976738820,0,2,1,15360,0,843096064
7292,3976753380,4850,3976758230,0,2,1,5120,0,3218427904
7293,3976764563,128492,3976893055,0,7,0,121856,0,2140659712
7294,3977232960,4420,3977237380,0,2,1,11776,0,189890560
7295,3977825422,566,3977825988,0,4,1,512,0,191471616
7296,3977910118,2470,3977912588,0,6,1,2560,0,1905233920
7297,3978107501,92084,3978199585,0,7,0,22528,0,9655148544
7298,3978630744,43904,3978674648,0,8,0,512,0,2496745472
7299,3978778893,99788,3978878681,0,0,0,27648,0,221450240
7300,3979645289,45596,3979690885,0,1,0,1024,0,8503664640
7301,3979813158,112268,3979925426,0,0,0,68608,0,3367755776
7302,3980142180,43904,3980186084,0,0,0,512,0,8386338816
7303,3980157449,74360,3980231809,0,8,0,9728,0,2659545088
7304,3980323287,113204,3980436491,0,8,0,71680,0,1640321024
7305,3980539609,43904,3980583513,0,8,0,512,0,3082309632
7306,3980715203,104156,3980819359,0,0,0,41984,0,9366532096
7307,3983575952,89900,3983665852,0,9,0,15360,0,9940516864
7308,3983893655,566,3983894221,0,7,1,512,0,3898904576
7309,3983978117,89744,3984067861,0,8,0,14848,0,9200287744
7310,3984556832,102596,3984659428,0,0,0,36864,0,9714753536
7311,3984576225,43904,3984620129,0,1,0,512,0,168255488
7312,3984716243,43904,3984760147,0,1,0,512,0,878792704
7313,3984889503,52549,3984942052,0,6,1,85504,0,5040369664
7314,3984908683,4374,3984913057,0,1,1,4608,0,3880329216
7315,3985070513,1518,3985072031,0,1,1,1536,0,5861564416
7316,3985202907,566,3985203473,0,1,1,512,0,2697265152
7317,3985328962,43904,3985372866,0,1,0,512,0,9876942848
7318,3985546735,97916,3985644651,0,7,0,21504,0,470818816
7319,3985641835,6229,3985648064,0,2,1,15360,0,5486727168
7320,3986032176,110552,3986142728,0,8,0,62976,0,10180665344
7321,3987556169,45596,3987601765,0,0,0,1024,0,9610158080
7322,3987696520,97340,3987793860,0,7,0,29696,0,5002108928
7323,3988026166,87896,3988114062,0,7,0,13824,0,7673610240
7324,3988148975,47288,3988196263,0,1,0,1536,0,1135423488
7325,3989098529,43904,3989142433,0,8,0,512,0,7167221760
7326,3989171398,43904,3989215302,0,1,0,512,0,7865368576
7327,3989501192,84512,3989585704,0,1,0,12800,0,10522066944
7328,3989733486,69284,3989802770,0,7,0,8192,0,4110229504
7329,3990274279,101036,3990375315,0,7,0,31744,0,444669952
7330,3991239248,43904,3991283152,0,1,0,512,0,7731798016
7331,3991314492,112268,3991426760,0,8,0,68608,0,8384086016
7332,3991709141,45596,3991754737,0,7,0,1024,0,241483776
7333,3991777783,91592,3991869375,0,8,0,15872,0,6806339584
7334,3992455499,43904,3992499403,0,8,0,512,0,4661821440
7335,3992582999,43904,3992626903,0,0,0,512,0,3421327360
7336,3992957531,4850,3992962381,0,1,1,5120,0,8261738496
7337,3992979629,2470,3992982099,0,4,1,2560,0,2475982848
7338,3993017282,93332,3993110614,0,0,0,26624,0,8946270208
7339,3995000675,43904,3995044579,0,7,0,512,0,855179264
7340,3995087497,98228,3995185725,0,1,0,22528,0,1948774400
7341,3995142387,66936,3995209323,0,1,0,3072,0,2147622912
7342,3995670762,43904,3995714666,0,1,0,512,0,5115019264
7343,3996474964,175292,3996650256,0,8,0,144384,0,8513449984
7344,3996823093,48980,3996872073,0,0,0,2048,0,5694283776
7345,3997041521,47288,3997088809,0,9,0,1536,0,7946678272
7346,3997149097,57440,3997206537,0,1,0,4608,0,5605773312
7347,3997415617,45596,3997461213,0,0,0,1024,0,4428718080
7348,3997515326,43904,3997559230,0,9,0,512,0,960032768
7349,3997533666,43904,3997577570,0,1,0,512,0,6056873984
7350,3997644855,54056,3997698911,0,1,0,3584,0,1681817600
7351,3998330860,94664,3998425524,0,9,0,15872,0,3941179392
7352,3998810899,110552,3998921451,0,1,0,62976,0,7130603520
7353,3998844127,111332,3998955459,0,0,0,65536,0,6086422528
7354,4000147806,97028,4000244834,0,0,0,28672,0,4930850816
7355,4000308505,95180,4000403685,0,8,0,27648,0,7090782208
7356,4000583994,82820,4000666814,0,8,0,12288,0,9309569024
7357,4000635038,43904,4000678942,0,1,0,512,0,9270947840
7358,4001058975,566,4001059541,0,8,1,512,0,1438707712
7359,4001137024,7230,4001144254,0,4,1,7680,0,3077246976
7360,4001655504,45596,4001701100,0,1,0,1024,0,5449220096
7361,4001893109,106808,4001999917,0,9,0,50688,0,6151168000
7362,4003095241,43904,4003139145,0,8,0,512,0,10678931456
7363,4003332766,43904,4003376670,0,9,0,512,0,4918620160
7364,4003610227,81128,4003691355,0,7,0,11776,0,928399360
7365,4003833045,60824,4003893869,0,9,0,5632,0,9331847168
7366,4004760156,4679,4004764835,0,4,1,12288,0,4564389888
7367,4004858486,2470,4004860956,0,2,1,2560,0,3177693184
7368,4004887651,79436,4004967087,0,7,0,11264,0,1528565760
7369,4004989737,127556,4005117293,0,9,0,118784,0,2800459776
7370,4005204847,3422,4005208269,0,2,1,3584,0,6122520576
7371,4005803484,89744,4005893228,0,0,0,14848,0,9318207488
7372,4006022920,112424,4006135344,0,9,0,69120,0,5532831744
7373,4006026239,1518,4006027757,0,6,1,1536,0,10188398592
7374,4006637743,113672,4006751415,0,1,0,73216,0,2740985856
7375,4006785838,43904,4006829742,0,9,0,512,0,2898386944
7376,4006867038,43904,4006910942,0,9,0,512,0,2350276608
7377,4007013281,6488,4007019769,0,2,1,15872,0,4604116992
7378,4007063416,566,4007063982,0,5,1,512,0,84439040
7379,4007086482,566,4007087048,0,5,1,512,0,3434033152
7380,4007110741,4374,4007115115,0,5,1,4608,0,365944832
7381,4007384097,144878,4007528975,0,5,1,238592,0,4653539328
7382,4007398365,92684,4007491049,0,8,0,19456,0,7863885824
7383,4007611362,2470,4007613832,0,5,1,2560,0,3123716096
7384,4007642424,55748,4007698172,0,9,0,4096,0,5334384640
7385,4007847085,4850,4007851935,0,6,1,5120,0,9437777920
7386,4007965289,104624,4008069913,0,9,0,43520,0,24719360
7387,4008056463,43904,4008100367,0,1,0,512,0,679084032
7388,4008122599,2470,4008125069,0,5,1,2560,0,2600030208
7389,4008239671,97472,4008337143,0,0,0,25088,0,3123105792
7390,4008646711,107744,4008754455,0,1,0,53760,0,2557165568
7391,4009037052,59132,4009096184,0,7,0,5120,0,9173147648
7392,4009231064,43904,4009274968,0,0,0,512,0,6159286272
7393,4009470680,45596,4009516276,0,8,0,1024,0,8307400704
7394,4009532020,136329,4009668349,0,9,0,115712,0,2527772672
7395,4009541729,140167,4009681896,0,9,0,30720,0,8965656576
7396,4009750848,98384,4009849232,0,9,0,23040,0,1147580416
7397,4010129570,86204,4010215774,0,0,0,13312,0,2453024768
7398,4010451031,106028,4010557059,0,8,0,48128,0,2727280640
7399,4010722522,62516,4010785038,0,1,0,6144,0,699744256
7400,4010829010,87896,4010916906,0,9,0,13824,0,985354240
7401,4011007867,160064,4011167931,0,7,0,139776,0,2733756416
7402,4011472452,101348,4011573800,0,9,0,32768,0,10032365568
7403,4011483692,102440,4011586132,0,7,0,36352,0,6736769024
7404,4012250406,43904,4012294310,0,7,0,512,0,10184294400
7405,4013627649,113360,4013741009,0,1,0,72192,0,6123716608
7406,4013746131,43904,4013790035,0,0,0,512,0,8969052160
7407,4014422370,77744,4014500114,0,8,0,10752,0,4884275200
7408,4014763596,3898,4014767494,0,6,1,4096,0,8990892032
7409,4015020899,118664,4015139563,0,0,0,89600,0,5251633152
7410,4015339545,48980,4015388525,0,9,0,2048,0,7869665280
7411,4015688681,119288,4015807969,0,9,0,91648,0,4608512000
7412,4015804133,7706,4015811839,0,2,1,8192,0,7647866880
7413,4015838427,5712,4015844139,0,5,1,14336,0,9776803840
7414,4015875025,566,4015875591,0,9,1,512,0,3804839936
7415,4015957685,108056,4016065741,0,8,0,54784,0,3142270976
7416,4016555444,87896,4016643340,0,0,0,13824,0,10489344000
7417,4016709864,1518,4016711382,0,5,1,1536,0,4072226816
7418,4017207919,91328,4017299247,0,7,0,25088,0,10106425344
7419,4017682850,55748,4017738598,0,2,0,4096,0,4786831360
7420,4018934201,566,4018934767,0,9,1,512,0,542658560
7421,4019028597,12737,4019041334,0,3,1,24576,0,9123573760
7422,4019246655,43200,4019289855,0,3,1,70656,0,5416910848
7423,4019282098,77744,4019359842,0,8,0,10752,0,2482966528
7424,4019884748,3128,4019887876,0,3,1,9216,0,3979706368
7425,4019970950,1042,4019971992,0,5,1,1024,0,1904922624
7426,4020037783,1518,4020039301,0,2,1,1536,0,9220038656
7427,4021661386,43904,4021705290,0,9,0,512,0,1703878656
7428,4021773797,98876,4021872673,0,2,0,29696,0,2224615424
7429,4022860113,95912,4022956025,0,0,0,19968,0,3455467520
7430,4022900450,97340,4022997790,0,1,0,29696,0,4610957312
7431,4023223459,48980,4023272439,0,7,0,2048,0,10038136832
7432,4023555616,79436,4023635052,0,2,0,11264,0,2590396416
7433,4024153536,98720,4024252256,0,1,0,29184,0,2744995840
7434,4025075224,43904,4025119128,0,7,0,512,0,1701453824
7435,4025776477,45596,4025822073,0,2,0,1024,0,4687405056
7436,4026092017,95624,4026187641,0,1,0,24064,0,4561612800
7437,4027598046,45596,4027643642,0,1,0,1024,0,3448840192
7438,4027636243,4679,4027640922,0,5,1,12288,0,5901565952
7439,4029001345,114296,4029115641,0,0,0,75264,0,8982851584
7440,4029036752,50672,4029087424,0,2,0,2560,0,9699663872
7441,4029532858,45596,4029578454,0,2,0,1024,0,6228647936
7442,4030956593,106496,4031063089,0,8,0,49664,0,1576804352
7443,4032243694,76052,4032319746,0,7,0,10240,0,813277184
7444,4032658980,43904,4032702884,0,2,0,512,0,4192419840
7445,4033663768,52364,4033716132,0,2,0,3072,0,4188975104
7446,4035693723,1518,4035695241,0,2,1,1536,0,1382051840
7447,4035731375,4374,4035735749,0,3,1,4608,0,10526150656
7448,4035913393,95936,4036009329,0,9,0,25088,0,4334215168
7449,4038587528,15579,4038603107,0,3,1,30208,0,7028379648
7450,4038833470,114452,4038947922,0,0,0,75776,0,248172544
7451,4039653197,57440,4039710637,0,1,0,4608,0,4490199040
7452,4040641567,125996,4040767563,0,7,0,113664,0,6103511040
7453,4040963428,55748,4041019176,0,8,0,4096,0,6744735744
7454,4041338600,101348,4041439948,0,8,0,32768,0,20856832
7455,4041539686,92972,4041632658,0,2,0,15360,0,1476014080
7456,4042670139,43904,4042714043,0,2,0,512,0,4833275904
7457,4042788037,62516,4042850553,0,1,0,6144,0,8532443136
7458,4044337308,566,4044337874,0,4,1,512,0,4990504960
7459,4044525062,95756,4044620818,0,8,0,19456,0,3253665792
7460,4044958256,11791,4044970047,0,0,1,19456,0,7408062464
7461,4045304625,566,4045305191,0,9,1,512,0,9062318080
7462,4045546491,62516,4045609007,0,1,0,6144,0,4473716736
7463,4045585643,43904,4045629547,0,7,0,512,0,4831854592
7464,4046005807,126152,4046131959,0,7,0,114176,0,1703796736
7465,4046976769,74360,4047051129,0,7,0,9728,0,3852898304
7466,4048043301,90992,4048134293,0,9,0,18944,0,8900640768
7467,4048241490,52364,4048293854,0,2,0,3072,0,1040097280
7468,4048391013,102284,4048493297,0,1,0,35840,0,4125073408
7469,4049520416,108368,4049628784,0,2,0,55808,0,3154345984
7470,4050645891,43904,4050689795,0,1,0,512,0,3934322688
7471,4051146610,108680,4051255290,0,7,0,56832,0,587808768
7472,4051280936,43904,4051324840,0,8,0,512,0,8833523712
7473,4051911979,101660,4052013639,0,8,0,33792,0,3732893696
7474,4052391161,104000,4052495161,0,9,0,41472,0,7413948416
7475,4052593825,86204,4052680029,0,0,0,13312,0,4493037568
7476,4052953509,96380,4053049889,0,7,0,21504,0,2200219648
7477,4054773900,90368,4054864268,0,0,0,16896,0,9049567232
7478,4055062119,69284,4055131403,0,2,0,8192,0,7892647936
7479,4055178971,101972,4055280943,0,1,0,34816,0,7654162432
7480,4056144157,101816,4056245973,0,1,0,34304,0,5457100800
7481,4056810202,43904,4056854106,0,8,0,512,0,9382060032
7482,4057352390,104156,4057456546,0,9,0,41984,0,2064076800
7483,4057472047,59132,4057531179,0,7,0,5120,0,10131918848
7484,4058303709,43904,4058347613,0,7,0,512,0,6158807040
7485,4061319231,109616,4061428847,0,2,0,59904,0,8159141888
7486,4061585752,103532,4061689284,0,9,0,39936,0,4790099968
7487,4062790594,109928,4062900522,0,8,0,60928,0,861483008
7488,4064121087,107120,4064228207,0,9,0,51712,0,790290432
7489,4064430988,12566,4064443554,0,0,1,20992,0,1570652160
7490,4064517447,47288,4064564735,0,1,0,1536,0,7508496384
7491,4064976538,566,4064977104,0,9,1,512,0,7423926272
7492,4065379639,6278,4065385917,0,9,1,6656,0,1295523840
7493,4065521121,3898,4065525019,0,9,1,4096,0,4015775744
7494,4065746947,3128,4065750075,0,7,1,9216,0,6613303296
7495,4065757396,164280,4065921676,0,7,0,512,0,6390960128
7496,4065795016,2946,4065797962,0,9,1,3072,0,5263876096
7497,4065800301,1042,4065801343,0,9,1,1024,0,7017529344
7498,4066337783,566,4066338349,0,9,1,512,0,6434607104
7499,4066963876,566,4066964442,0,7,1,512,0,7461212160
7500,4067018324,5971,4067024295,0,3,1,14848,0,10132254720
7501,4067319572,13858,4067333430,0,3,1,23552,0,4024557568
7502,4067740789,118976,4067859765,0,1,0,90624,0,2218758144
7503,4067752062,1518,4067753580,0,9,1,1536,0,1394544640
7504,4067781038,3898,4067784936,0,7,1,4096,0,5086728192
7505,4067791877,121784,4067913661,0,0,0,99840,0,9912094720
7506,4067857989,12737,4067870726,0,3,1,24576,0,4421005312
7507,4067965652,43904,4068009556,0,0,0,512,0,478855168
7508,4068109498,1994,4068111492,0,7,1,2048,0,9322508288
7509,4068197177,2870,4068200047,0,3,1,8704,0,6071377920
7510,4068212791,3387,4068216178,0,9,1,9728,0,10388684800
7511,4068260704,70991,4068331695,0,3,1,114688,0,6104227840
7512,4068302612,5326,4068307938,0,9,1,5632,0,6070562816
7513,4068565878,117728,4068683606,0,0,0,86528,0,3924168704
7514,4069442313,45596,4069487909,0,8,0,1024,0,8969531392
7515,4069601083,115076,4069716159,0,9,0,77824,0,9993449472
7516,4069708168,47288,4069755456,0,7,0,1536,0,8937558016
7517,4070006230,57440,4070063670,0,9,0,4608,0,348651520
7518,4073308781,120224,4073429005,0,7,0,94720,0,8546623488
7519,4073386407,120692,4073507099,0,0,0,96256,0,6028554240
7520,4075788055,43904,4075831959,0,0,0,512,0,1858244608
7521,4076383205,105560,4076488765,0,9,0,46592,0,6366154752
7522,4076410579,110240,4076520819,0,8,0,61952,0,8924377088
7523,4078060751,47288,4078108039,0,8,0,1536,0,7101677568
7524,4078200843,118820,4078319663,0,2,0,90112,0,7626756096
7525,4078419350,47288,4078466638,0,9,0,1536,0,3151298560
7526,4079006326,50672,4079056998,0,2,0,2560,0,4348936192
7527,4079548886,60824,4079609710,0,1,0,5632,0,2306285568
7528,4080471891,118664,4080590555,0,9,0,89600,0,8802148352
7529,4080647441,96980,4080744421,0,1,0,18432,0,862609408
7530,4081369036,43904,4081412940,0,2,0,512,0,8355655680
7531,4083403531,95024,4083498555,0,1,0,27136,0,7368880128
7532,4083619267,119912,4083739179,0,9,0,93696,0,4414844928
7533,4084108375,43904,4084152279,0,8,0,512,0,4924268544
7534,4084253637,107900,4084361537,0,9,0,54272,0,7788085248
7535,4084288761,36087,4084324848,0,3,1,63488,0,1081159680
7536,4084339559,1042,4084340601,0,9,1,1024,0,4081688576
7537,4084739355,566,4084739921,0,7,1,512,0,9131843584
7538,4084984461,102752,4085087213,0,2,0,37376,0,3938721792
7539,4085041609,10241,4085051850,0,9,1,16384,0,10663014400
7540,4085060090,144256,4085204346,0,9,0,90624,0,5714087936
7541,4085098874,11016,4085109890,0,9,1,17920,0,8196632576
7542,4085366447,43904,4085410351,0,9,0,512,0,9009012736
7543,4085764501,65900,4085830401,0,0,0,7168,0,7085408256
7544,4086340747,113204,4086453951,0,8,0,71680,0,3831808000
7545,4086641094,116168,4086757262,0,9,0,81408,0,2193297408
7546,4087107337,48980,4087156317,0,0,0,2048,0,144662528
7547,4087508736,105092,4087613828,0,2,0,45056,0,6271275008
7548,4087695399,185912,4087881311,0,9,0,148992,0,729247744
7549,4087843498,62516,4087906014,0,8,0,6144,0,1410428928
7550,4087901350,59132,4087960482,0,9,0,5120,0,6044172288
7551,4088370584,43904,4088414488,0,7,0,512,0,9689280512
7552,4088892920,120068,4089012988,0,9,0,94208,0,3131691008
7553,4089595370,184688,4089780058,0,8,0,150016,0,2691846144
7554,4090514750,1518,4090516268,0,9,1,1536,0,1847967744
7555,4091449812,2946,4091452758,0,7,1,3072,0,8511258624
7556,4091450567,97184,4091547751,0,0,0,29184,0,4266041344
7557,4091469244,101816,4091571060,0,2,0,34304,0,6829895680
7558,4091535035,57440,4091592475,0,2,0,4608,0,5874917376
7559,4092154795,1518,4092156313,0,1,1,1536,0,1671417856
7560,4092222889,43904,4092266793,0,2,0,512,0,8663392256
7561,4092402533,1518,4092404051,0,7,1,1536,0,8429395968
7562,4092681461,1994,4092683455,0,1,1,2048,0,8655138816
7563,4092806276,90680,4092896956,0,7,0,17920,0,9120923648
7564,4092873727,6229,4092879956,0,8,1,15360,0,2629419008
7565,4093388705,107432,4093496137,0,1,0,52736,0,1492496384
7566,4093390069,98384,4093488453,0,9,0,23040,0,1589727232
7567,4093427857,2946,4093430803,0,7,1,3072,0,9965359104
7568,4093633535,5802,4093639337,0,1,1,6144,0,2411266048
7569,4093730571,1518,4093732089,0,6,1,1536,0,9136971776
7570,4093938622,3645,4093942267,0,8,1,10240,0,6746312704
7571,4094322573,96668,4094419241,0,9,0,17408,0,907997184
7572,4094510946,113048,4094623994,0,8,0,71168,0,9014272000
7573,4095232378,43904,4095276282,0,2,0,512,0,1047703552
7574,4095341477,168524,4095510001,0,8,0,142336,0,9383309312
7575,4095384898,125274,4095510172,0,8,0,512,0,8118042624
7576,4095892691,117416,4096010107,0,7,0,85504,0,4017205248
7577,4095899472,69284,4095968756,0,1,0,8192,0,953266176
7578,4096506199,108680,4096614879,0,8,0,56832,0,3527839744
7579,4097096930,64208,4097161138,0,1,0,6656,0,8991936512
7580,4097546127,112112,4097658239,0,9,0,68096,0,7371358208
7581,4097593270,109460,4097702730,0,7,0,59392,0,4985593856
7582,4097935487,96356,4098031843,0,7,0,16384,0,106704896
7583,4098353180,103844,4098457024,0,2,0,40960,0,5652553728
7584,4099104915,5196,4099110111,0,6,1,13312,0,4730351616
7585,4099328401,128024,4099456425,0,1,0,120320,0,8425947136
7586,4099646098,67592,4099713690,0,8,0,7680,0,9558937600
7587,4100124125,109772,4100233897,0,9,0,60416,0,10458353664
7588,4100176834,100880,4100277714,0,7,0,31232,0,8713011200
7589,4100763127,95000,4100858127,0,0,0,22016,0,4443770880
7590,4101035796,130364,4101166160,0,8,0,128000,0,5161676800
7591,4101638371,52364,4101690735,0,7,0,3072,0,4387188736
7592,4101901551,96092,4101997643,0,2,0,25600,0,5101465600
7593,4102403748,566,4102404314,0,1,1,512,0,9751564288
7594,4102933537,5802,4102939339,0,8,1,6144,0,5716983808
7595,4103244887,98876,4103343763,0,8,0,29696,0,10496774144
7596,4103298488,1042,4103299530,0,7,1,1024,0,9829347328
7597,4103371411,566,4103371977,0,8,1,512,0,10609328128
7598,4103917287,208376,4104125663,0,2,0,222720,0,4681928704
7599,4104228162,43904,4104272066,0,9,0,512,0,3428155392
7600,4104739328,4420,4104743748,0,8,1,11776,0,2627825664
7601,4104837269,47288,4104884557,0,0,0,1536,0,145997824
7602,4104905804,108212,4105014016,0,7,0,55296,0,3824332800
7603,4104921733,1518,4104923251,0,7,1,1536,0,8930320384
7604,4105004357,45596,4105049953,0,1,0,1024,0,7090778112
7605,4105024156,65900,4105090056,0,7,0,7168,0,10127237120
7606,4105069824,4162,4105073986,0,7,1,11264,0,1542119424
7607,4105182228,4374,4105186602,0,7,1,4608,0,5448130560
7608,4105652932,43904,4105696836,0,7,0,512,0,6838689792
7609,4105973757,4374,4105978131,0,4,1,4608,0,834240512
7610,4106013910,126776,4106140686,0,9,0,116224,0,6503964672
7611,4106055074,102440,4106157514,0,1,0,36352,0,6593966080
7612,4106142096,48190,4106190286,0,1,0,512,0,3981656064
7613,4106205418,3898,4106209316,0,7,1,4096,0,8568197120
7614,4106306349,43904,4106350253,0,1,0,512,0,8396599296
7615,4106345422,103844,4106449266,0,2,0,40960,0,10401550336
7616,4106352472,1042,4106353514,0,7,1,1024,0,6409277440
7617,4106415154,4374,4106419528,0,7,1,4608,0,1180815360
7618,4106439049,123413,4106562462,0,2,0,71680,0,331554816
7619,4106471390,1518,4106472908,0,7,1,1536,0,6340292608
7620,4106557315,566,4106557881,0,7,1,512,0,9742213120
7621,4106675014,6754,4106681768,0,7,1,7168,0,6475878400
7622,4106810320,16354,4106826674,0,7,1,31744,0,4159905792
7623,4107203782,10757,4107214539,0,4,1,17408,0,1010655232
7624,4107318903,43904,4107362807,0,1,0,512,0,3354800128
7625,4107418043,7230,4107425273,0,5,1,7680,0,3835293696
7626,4107427695,113048,4107540743,0,9,0,71168,0,9971314688
7627,4107591927,6229,4107598156,0,7,1,15360,0,7090122752
7628,4108400095,3904,4108403999,0,8,1,10752,0,2767355904
7629,4108437112,1994,4108439106,0,5,1,2048,0,10004127744
7630,4108540012,4374,4108544386,0,7,1,4608,0,5866020864
7631,4108968810,92528,4109061338,0,2,0,18944,0,6355427328
7632,4109037696,6754,4109044450,0,5,1,7168,0,2470490112
7633,4109411537,43904,4109455441,0,9,0,512,0,6430547968
7634,4109559800,97448,4109657248,0,0,0,19968,0,448004096
7635,4109604975,2946,4109607921,0,4,1,3072,0,10657923072
7636,4109665578,566,4109666144,0,7,1,512,0,8232124416
7637,4110089522,2946,4110092468,0,7,1,3072,0,6617128960
7638,4110268782,59132,4110327914,0,7,0,5120,0,8149131264
7639,4110439194,1518,4110440712,0,2,1,1536,0,916615168
7640,4110521920,3645,4110525565,0,5,1,10240,0,6606106624
7641,4110602389,4374,4110606763,0,7,1,4608,0,7912022016
7642,4110651812,566,4110652378,0,5,1,512,0,3929268224
7643,4111194803,4374,4111199177,0,2,1,4608,0,41201664
7644,4111240489,1042,4111241531,0,5,1,1024,0,7846203392
7645,4111281463,1042,4111282505,0,4,1,1024,0,2586468352
7646,4111452572,189656,4111642228,0,0,0,161280,0,1795555328
7647,4111533636,43904,4111577540,0,8,0,512,0,9309179904
7648,4111696329,4679,4111701008,0,7,1,12288,0,8842555392
7649,4111908471,2946,4111911417,0,8,1,3072,0,604831744
7650,4111920890,32987,4111953877,0,4,1,57344,0,9583824896
7651,4112114309,102440,4112216749,0,9,0,36352,0,529215488
7652,4112159953,114452,4112274405,0,8,0,75776,0,8688099328
7653,4112200718,566,4112201284,0,5,1,512,0,4607750144
7654,4112498080,94664,4112592744,0,8,0,15872,0,33906688
7655,4112919843,90056,4113009899,0,1,0,15872,0,8818253824
7656,4113036035,3898,4113039933,0,4,1,4096,0,2164170752
7657,4113056310,48980,4113105290,0,7,0,2048,0,4997488640
7658,4113080575,108524,4113189099,0,8,0,56320,0,9419161600
7659,4113370485,99164,4113469649,0,8,0,25600,0,1920434176
7660,4113567428,1042,4113568470,0,8,1,1024,0,8406274048
7661,4113732125,91280,4113823405,0,7,0,14848,0,7608979456
7662,4114749332,3898,4114753230,0,5,1,4096,0,4017070080
7663,4114773510,10241,4114783751,0,7,1,16384,0,7498825728
7664,4114986597,43904,4115030501,0,9,0,512,0,7470292992
7665,4115067205,101036,4115168241,0,1,0,31744,0,744534016
7666,4115248037,5196,4115253233,0,7,1,13312,0,282537984
7667,4115326533,43904,4115370437,0,8,0,512,0,936640512
7668,4115906190,2470,4115908660,0,2,1,2560,0,854220800
7669,4116498000,67592,4116565592,0,1,0,7680,0,5071466496
7670,4117837825,43904,4117881729,0,0,0,512,0,4026978304
7671,4117849877,43904,4117893781,0,7,0,512,0,8391872512
7672,4118236865,43904,4118280769,0,7,0,512,0,2468974592
7673,4118839749,43904,4118883653,0,8,0,512,0,9902325760
7674,4119573555,50672,4119624227,0,2,0,2560,0,10451701760
7675,4120482180,43904,4120526084,0,7,0,512,0,123011072
7676,4120515880,98072,4120613952,0,8,0,22016,0,1595592704
7677,4121134640,111800,4121246440,0,8,0,67072,0,4374986752
7678,4121136678,1518,4121138196,0,1,1,1536,0,305373184
7679,4121403082,89588,4121492670,0,2,0,14336,0,3778007040
7680,4121611163,3128,4121614291,0,8,1,9216,0,3988193280
7681,4121627385,20366,4121647751,0,4,1,32768,0,10074083328
7682,4122223009,43904,4122266913,0,9,0,512,0,10702442496
7683,4122481080,119756,4122600836,0,1,0,93184,0,9872044032
7684,4122711748,11533,4122723281,0,4,1,18944,0,8647696384
7685,4122912568,1042,4122913610,0,7,1,1024,0,7718965248
7686,4122961428,7706,4122969134,0,7,1,8192,0,7888957440
7687,4123197649,183752,4123381401,0,2,0,146944,0,3904311296
7688,4123257563,43904,4123301467,0,1,0,512,0,9050140672
7689,4123714890,112268,4123827158,0,7,0,68608,0,9756749824
7690,4124733630,43904,4124777534,0,0,0,512,0,3217080320
7691,4124783066,1518,4124784584,0,7,1,1536,0,8781512704
7692,4125089737,86204,4125175941,0,1,0,13312,0,9913376768
7693,4125159739,3422,4125163161,0,9,1,3584,0,5013512192
7694,4125479526,6278,4125485804,0,2,1,6656,0,8828604416
7695,4125789983,82820,4125872803,0,8,0,12288,0,7296634880
7696,4126240776,2470,4126243246,0,8,1,2560,0,4820377600
7697,4126446793,2870,4126449663,0,2,1,8704,0,2369290240
7698,4126447731,43904,4126491635,0,1,0,512,0,3957817344
7699,4126682589,566,4126683155,0,5,1,512,0,5166612480
7700,4126685041,98228,4126783269,0,9,0,22528,0,900587520
7701,4127270105,43904,4127314009,0,7,0,512,0,4032221184
7702,4127283617,94844,4127378461,0,2,0,21504,0,4099624960
7703,4127772522,107744,4127880266,0,2,0,53760,0,381411328
7704,4127881507,43904,4127925411,0,9,0,512,0,8980017152
7705,4128360434,43904,4128404338,0,8,0,512,0,7907205120
7706,4129582955,88520,4129671475,0,9,0,15872,0,10255073280
7707,4129609723,107744,4129717467,0,0,0,53760,0,758251520
7708,4129830183,65900,4129896083,0,2,0,7168,0,9802559488
7709,4129996479,45596,4130042075,0,7,0,1024,0,199778304
7710,4130217229,43904,4130261133,0,0,0,512,0,9882423296
7711,4130312999,102128,4130415127,0,1,0,35328,0,4819218432
7712,4130454498,43904,4130498402,0,1,0,512,0,696705024
7713,4131013955,77744,4131091699,0,7,0,10752,0,6036660224
7714,4131494668,43904,4131538572,0,8,0,512,0,6899982336
7715,4131800483,130832,4131931315,0,2,0,129536,0,5043343360
7716,4133107890,84512,4133192402,0,0,0,12800,0,9317756928
7717,4133383412,3898,4133387310,0,9,1,4096,0,2554413056
7718,4133520162,4679,4133524841,0,2,1,12288,0,4697137152
7719,4133553537,65900,4133619437,0,1,0,7168,0,615243776
7720,4133583778,1042,4133584820,0,5,1,1024,0,893231104
7721,4133639675,1994,4133641669,0,5,1,2048,0,1200103424
7722,4133978247,1042,4133979289,0,2,1,1024,0,4128591872
7723,4134057798,5802,4134063600,0,5,1,6144,0,5921734656
7724,4135173609,86204,4135259813,0,2,0,13312,0,5676331008
7725,4135299320,47288,4135346608,0,8,0,1536,0,1121611776
7726,4135753862,43904,4135797766,0,1,0,512,0,2296229888
7727,4135832031,108836,4135940867,0,7,0,57344,0,582987776
7728,4136311571,22433,4136334004,0,5,1,36864,0,5701677056
7729,4136341968,1518,4136343486,0,4,1,1536,0,2222096384
7730,4136535465,1518,4136536983,0,8,1,1536,0,1195737088
7731,4136596174,3898,4136600072,0,4,1,4096,0,807071744
7732,4136740348,124280,4136864628,0,7,0,108032,0,10643152896
7733,4137262325,91748,4137354073,0,8,0,16384,0,7022387200
7734,4137297184,4850,4137302034,0,4,1,5120,0,7956086784
7735,4137350357,113360,4137463717,0,9,0,72192,0,2155220992
7736,4137453705,2870,4137456575,0,2,1,8704,0,8308056064
7737,4137851447,4420,4137855867,0,8,1,11776,0,1550352384
7738,4138073928,76052,4138149980,0,9,0,10240,0,5791367168
7739,4138392599,43904,4138436503,0,1,0,512,0,4420677632
7740,4138505144,45596,4138550740,0,8,0,1024,0,904908800
7741,4139343314,45596,4139388910,0,8,0,1024,0,3717517312
7742,4139684333,566,4139684899,0,6,1,512,0,7847579648
7743,4140307591,108368,4140415959,0,1,0,55808,0,6074351616
7744,4140647593,94664,4140742257,0,0,0,15872,0,2971992064
7745,4141291201,48980,4141340181,0,7,0,2048,0,7243202560
7746,4141396896,81128,4141478024,0,9,0,11776,0,10524004352
7747,4143186393,95624,4143282017,0,9,0,24064,0,5006848000
7748,4144583315,2946,4144586261,0,2,1,3072,0,743895040
7749,4144756438,4420,4144760858,0,8,1,11776,0,9621774336
7750,4145337318,102908,4145440226,0,0,0,37888,0,7384555520
7751,4145616306,43904,4145660210,0,2,0,512,0,8755527680
7752,4146229578,179924,4146409502,0,8,0,149504,0,8514883584
7753,4146554801,74360,4146629161,0,7,0,9728,0,1718562816
7754,4146850066,101504,4146951570,0,2,0,33280,0,3586146304
7755,4147710823,114452,4147825275,0,1,0,75776,0,6734364672
7756,4148410289,108680,4148518969,0,7,0,56832,0,6597578752
7757,4148862039,2946,4148864985,0,8,1,3072,0,8440213504
7758,4148906578,43904,4148950482,0,2,0,512,0,4300427264
7759,4149236335,165140,4149401475,0,8,0,141312,0,6272430080
7760,4149428267,106028,4149534295,0,2,0,48128,0,4163567616
7761,4149703550,6278,4149709828,0,4,1,6656,0,32296960
7762,4149813659,108836,4149922495,0,8,0,57344,0,10299793408
7763,4149853441,128336,4149981777,0,1,0,121344,0,3928518656
7764,4149893349,119634,4150012983,0,1,0,20992,0,9887559680
7765,4149963472,4679,4149968151,0,7,1,12288,0,6398099456
7766,4150263139,566,4150263705,0,7,1,512,0,4451323904
7767,4150447226,98252,4150545478,0,7,0,27648,0,2856886272
7768,4150680308,43904,4150724212,0,1,0,512,0,393838592
7769,4151005656,43904,4151049560,0,2,0,512,0,4774252544
7770,4151118955,3898,4151122853,0,7,1,4096,0,4558573568
7771,4151191245,22433,4151213678,0,4,1,36864,0,9533923328
7772,4151448065,97496,4151545561,0,8,0,30208,0,6069411840
7773,4151522816,43904,4151566720,0,1,0,512,0,2907615232
7774,4151715005,94664,4151809669,0,9,0,15872,0,2202243072
7775,4151961497,2870,4151964367,0,4,1,8704,0,1438633984
7776,4152226537,43904,4152270441,0,1,0,512,0,4862291968
7777,4152263012,6488,4152269500,0,6,1,15872,0,83357696
7778,4152455671,74360,4152530031,0,2,0,9728,0,651411456
7779,4152860527,3128,4152863655,0,5,1,9216,0,7302987776
7780,4153353773,566,4153354339,0,7,1,512,0,3676905472
7781,4154221712,95000,4154316712,0,9,0,22016,0,5438959616
7782,4154433883,110864,4154544747,0,7,0,64000,0,3726913536
7783,4154443365,94664,4154538029,0,2,0,15872,0,3779207168
7784,4155156859,108056,4155264915,0,2,0,54784,0,633053184
7785,4155774966,96512,4155871478,0,0,0,16896,0,1394446336
7786,4156217508,91016,4156308524,0,8,0,24064,0,10627653632
7787,4157170613,102128,4157272741,0,7,0,35328,0,5485182976
7788,4157452669,3422,4157456091,0,6,1,3584,0,1190002688
7789,4157476809,99320,4157576129,0,1,0,26112,0,1710694400
7790,4157505034,4850,4157509884,0,4,1,5120,0,4613881856
7791,4157619012,566,4157619578,0,4,1,512,0,8176291840
7792,4157659373,20624,4157679997,0,4,1,33280,0,1784635392
7793,4157783103,52364,4157835467,0,8,0,3072,0,247353344
7794,4157919920,43904,4157963824,0,1,0,512,0,6242914304
7795,4158117548,81632,4158199180,0,4,1,132096,0,3987931136
7796,4158152999,4374,4158157373,0,5,1,4608,0,3487891456
7797,4158196516,84512,4158281028,0,1,0,12800,0,7606595584
7798,4158410979,180704,4158591683,0,0,0,152064,0,8325357568
7799,4158640813,48980,4158689793,0,2,0,2048,0,3233632256
7800,4159491599,119288,4159610887,0,8,0,91648,0,372498432
7801,4159740295,43904,4159784199,0,0,0,512,0,8769740800
7802,4161204446,50672,4161255118,0,2,0,2560,0,1950830592
7803,4162052190,89588,4162141778,0,1,0,14336,0,5610008576
7804,4162529883,43904,4162573787,0,7,0,512,0,1960316928
7805,4163311323,47288,4163358611,0,0,0,1536,0,835178496
7806,4163400293,47288,4163447581,0,7,0,1536,0,9564962816
7807,4163447999,43904,4163491903,0,9,0,512,0,7803604992
7808,4163814364,65900,4163880264,0,8,0,7168,0,2348920832
7809,4164064550,45596,4164110146,0,7,0,1024,0,7076151296
7810,4164073271,5712,4164078983,0,5,1,14336,0,7792975872
7811,4164297358,94244,4164391602,0,9,0,24576,0,6601887744
7812,4164942972,110084,4165053056,0,1,0,61440,0,10389970944
7813,4165241089,43904,4165284993,0,0,0,512,0,10268405760
7814,4165646175,108992,4165755167,0,9,0,57856,0,7088009216
7815,4166387747,45596,4166433343,0,7,0,1024,0,3595706368
7816,4166783198,96224,4166879422,0,8,0,20992,0,2100187136
7817,4166994958,202916,4167197874,0,0,0,204800,0,5413031936
7818,4167737847,43904,4167781751,0,9,0,512,0,5155745792
7819,4167828518,92864,4167921382,0,2,0,25088,0,8060301312
7820,4167998800,101036,4168099836,0,0,0,31744,0,4121620480
7821,4168896504,566,4168897070,0,7,1,512,0,2317611008
7822,4168977762,122720,4169100482,0,8,0,102912,0,6881091584
7823,4169162826,5802,4169168628,0,4,1,6144,0,2140704768
7824,4169205909,60824,4169266733,0,1,0,5632,0,4931153920
7825,4169660638,2470,4169663108,0,4,1,2560,0,7376596992
7826,4169817446,4374,4169821820,0,1,1,4608,0,2314731520
7827,4169856117,96716,4169952833,0,2,0,27648,0,5181509632
7828,4169954539,1042,4169955581,0,4,1,1024,0,8596115456
7829,4169988383,48980,4170037363,0,0,0,2048,0,9467146240
7830,4170409576,81128,4170490704,0,1,0,11776,0,6903902208
7831,4170531510,103532,4170635042,0,7,0,39936,0,7434272768
7832,4170542340,2470,4170544810,0,1,1,2560,0,1570037760
7833,4170560276,3422,4170563698,0,4,1,3584,0,3512864768
7834,4170782716,3904,4170786620,0,4,1,10752,0,4094988288
7835,4170891352,5196,4170896548,0,4,1,13312,0,10487631872
7836,4170936360,92972,4171029332,0,0,0,15360,0,3779891200
7837,4171781618,47288,4171828906,0,7,0,1536,0,4138061824
7838,4172209666,64208,4172273874,0,9,0,6656,0,8917823488
7839,4172274724,117884,4172392608,0,1,0,87040,0,1909862400
7840,4172389002,55748,4172444750,0,0,0,4096,0,7039868928
7841,4173312199,566,4173312765,0,4,1,512,0,5627408384
7842,4173314138,3904,4173318042,0,1,1,10752,0,5091921920
7843,4173756960,3422,4173760382,0,1,1,3584,0,10168938496
7844,4173866525,3422,4173869947,0,8,1,3584,0,8259297280
7845,4174244203,62158,4174306361,0,1,1,100864,0,6731534336
7846,4174357243,2870,4174360113,0,8,1,8704,0,854581248
7847,4174533690,43904,4174577594,0,2,0,512,0,6074081280
7848,4174577689,2946,4174580635,0,8,1,3072,0,9423966208
7849,4174651679,82820,4174734499,0,1,0,12288,0,5775929344
7850,4174865886,566,4174866452,0,2,1,512,0,3956621312
7851,4174906028,1518,4174907546,0,1,1,1536,0,9094377472
7852,4174977284,43904,4175021188,0,0,0,512,0,5522681856
7853,4175366974,43904,4175410878,0,1,0,512,0,7901822976
7854,4175488355,43904,4175532259,0,8,0,512,0,2980052992
7855,4177551557,97316,4177648873,0,9,0,24576,0,3485044736
7856,4178717389,103376,4178820765,0,8,0,39424,0,3511697408
7857,4178754794,4374,4178759168,0,8,1,4608,0,2875678720
7858,4179344686,2470,4179347156,0,1,1,2560,0,7717040128
7859,4179463413,94688,4179558101,0,0,0,20992,0,5658542080
7860,4179729355,566,4179729921,0,2,1,512,0,2755850240
7861,4179820759,43904,4179864663,0,7,0,512,0,7829823488
7862,4179964050,92840,4180056890,0,1,0,19968,0,6390022144
7863,4180546389,1518,4180547907,0,2,1,1536,0,2053554176
7864,4180564342,10757,4180575099,0,1,1,17408,0,4385349632
7865,4181456473,2946,4181459419,0,1,1,3072,0,2321846272
7866,4181458084,2946,4181461030,0,9,1,3072,0,6617137152
7867,4181503261,5802,4181509063,0,9,1,6144,0,9666940928
7868,4181729636,104000,4181833636,0,1,0,41472,0,1982865408
7869,4181910345,94376,4182004721,0,7,0,19968,0,4640354304
7870,4182549448,43904,4182593352,0,7,0,512,0,4500955136
7871,4182647983,23983,4182671966,0,9,1,39936,0,7499935744
7872,4182701217,4679,4182705896,0,6,1,12288,0,7262425088
7873,4182837856,43904,4182881760,0,0,0,512,0,4696383488
7874,4182906156,43904,4182950060,0,0,0,512,0,3501826048
7875,4183107944,175292,4183283236,0,0,0,144384,0,8147034112
7876,4184252675,104468,4184357143,0,8,0,43008,0,7549706240
7877,4184685268,43904,4184729172,0,7,0,512,0,7485689856
7878,4184847651,43904,4184891555,0,0,0,512,0,111013888
7879,4184947159,43904,4184991063,0,0,0,512,0,10215825408
7880,4185517016,106964,4185623980,0,0,0,51200,0,5325053952
7881,4185800762,111020,4185911782,0,7,0,64512,0,2584596480
7882,4188347294,76052,4188423346,0,2,0,10240,0,396300288
7883,4188597966,43904,4188641870,0,7,0,512,0,9550127104
7884,4188713393,5454,4188718847,0,6,1,13824,0,8534630400
7885,4188853621,43904,4188897525,0,9,0,512,0,9979039744
7886,4189059205,20882,4189080087,0,2,1,33792,0,2095648768
7887,4189124258,109304,4189233562,0,1,0,58880,0,2815119360
7888,4190087928,116324,4190204252,0,0,0,81920,0,5548142592
7889,4190193236,95336,4190288572,0,7,0,28160,0,7723307008
7890,4191557452,103220,4191660672,0,9,0,38912,0,9952059392
7891,4191617366,109616,4191726982,0,8,0,59904,0,5625892864
7892,4192103926,118040,4192221966,0,1,0,87552,0,3421732864
7893,4192385153,106964,4192492117,0,7,0,51200,0,5078310912
7894,4193980205,54056,4194034261,0,8,0,3584,0,2457411584
7895,4194344455,117104,4194461559,0,7,0,84480,0,7738191872
7896,4195259799,76052,4195335851,0,1,0,10240,0,2964234240
7897,4195540269,48980,4195589249,0,7,0,2048,0,2173046784
7898,4196430325,130676,4196561001,0,0,0,129024,0,2840502272
7899,4196808578,43904,4196852482,0,7,0,512,0,7709560832
7900,4197701151,43904,4197745055,0,9,0,512,0,7104303104
7901,4197828983,90524,4197919507,0,7,0,17408,0,9398710272
7902,4197871195,108212,4197979407,0,1,0,55296,0,10651246592
7903,4197881388,148125,4198029513,0,1,0,22016,0,2045194240
7904,4198201858,101036,4198302894,0,1,0,31744,0,1354809344
7905,4199291838,87896,4199379734,0,7,0,13824,0,3776159744
7906,4199566726,101348,4199668074,0,8,0,32768,0,5350195200
7907,4200815151,130988,4200946139,0,0,0,130048,0,1836527616
7908,4201117097,88208,4201205305,0,1,0,14848,0,10129719296
7909,4201369846,103532,4201473378,0,8,0,39936,0,4479852544
7910,4202064205,107432,4202171637,0,2,0,52736,0,6875168768
7911,4203215855,1994,4203217849,0,4,1,2048,0,2102980608
7912,4203487372,123500,4203610872,0,1,0,105472,0,8887463936
7913,4203785466,3422,4203788888,0,1,1,3584,0,8469299200
7914,4203788328,1518,4203789846,0,2,1,1536,0,6167470080
7915,4203874145,95312,4203969457,0,8,0,23040,0,5280485376
7916,4203956428,43904,4204000332,0,9,0,512,0,3706580992
7917,4204154507,122876,4204277383,0,9,0,103424,0,6808883200
7918,4204470662,22950,4204493612,0,2,1,37888,0,5984006144
7919,4204600023,5802,4204605825,0,1,1,6144,0,1025253376
7920,4204649766,1994,4204651760,0,9,1,2048,0,1701715968
7921,4204663387,179720,4204843107,0,9,0,13312,0,8941793280
7922,4204731851,100100,4204831951,0,8,0,28672,0,566157312
7923,4204997958,566,4204998524,0,9,1,512,0,39411712
7924,4205101241,91436,4205192677,0,7,0,15360,0,7975800832
7925,4205448389,16613,4205465002,0,1,1,32256,0,1706561536
7926,4205470125,4679,4205474804,0,7,1,12288,0,9683046400
7927,4205513406,1518,4205514924,0,7,1,1536,0,4585689088
7928,4205786289,1518,4205787807,0,2,1,1536,0,9256374272
7929,4206000020,3898,4206003918,0,7,1,4096,0,1534472192
7930,4206470345,566,4206470911,0,9,1,512,0,3973341184
7931,4207001125,114608,4207115733,0,8,0,76288,0,6760976384
7932,4207145875,3422,4207149297,0,7,1,3584,0,1105833984
7933,4207204677,123968,4207328645,0,2,0,107008,0,7864229888
7934,4207505446,128492,4207633938,0,2,0,121856,0,260050944
7935,4207545715,106808,4207652523,0,7,0,50688,0,4281774080
7936,4208292496,4679,4208297175,0,1,1,12288,0,5142503424
7937,4208364783,43904,4208408687,0,0,0,512,0,8130273280
7938,4208757672,43904,4208801576,0,7,0,512,0,9649131520
7939,4208808072,101660,4208909732,0,9,0,33792,0,2831351808
7940,4209013861,82820,4209096681,0,9,0,12288,0,7893684224
7941,4210662051,89588,4210751639,0,2,0,14336,0,8401711104
7942,4211626088,112892,4211738980,0,9,0,70656,0,4948574208
7943,4211872182,90056,4211962238,0,7,0,15872,0,8380223488
7944,4213112207,186248,4213298455,0,1,0,155136,0,1997717504
7945,4214485399,101036,4214586435,0,7,0,31744,0,9571667968
7946,4214654737,98696,4214753433,0,0,0,24064,0,15278080
7947,4215537645,43904,4215581549,0,0,0,512,0,935698432
7948,4215915154,125372,4216040526,0,9,0,111616,0,8932188160
7949,4216037465,43904,4216081369,0,8,0,512,0,4222308352
7950,4216055859,98696,4216154555,0,9,0,24064,0,1787207680
7951,4217512120,47288,4217559408,0,9,0,1536,0,4973023232
7952,4217612420,43904,4217656324,0,8,0,512,0,2536546304
7953,4218069484,45596,4218115080,0,1,0,1024,0,7363289088
7954,4218206349,43904,4218250253,0,8,0,512,0,7484559360
7955,4218560034,119288,4218679322,0,2,0,91648,0,8084344832
7956,4218798792,94088,4218892880,0,0,0,24064,0,7590035456
7957,4219312139,43904,4219356043,0,8,0,512,0,6010085376
7958,4220222693,97472,4220320165,0,7,0,25088,0,3478224896
7959,4220698241,2470,4220700711,0,2,1,2560,0,2395402240
7960,4220823358,43904,4220867262,0,0,0,512,0,389488640
7961,4221019901,22862,4221042763,0,9,1,40960,0,929452032
7962,4221021163,45596,4221066759,0,2,0,1024,0,3376418816
7963,4221078181,40616,4221118797,0,9,1,65536,0,5395415040
7964,4221167293,6754,4221174047,0,7,1,7168,0,9048489984
7965,4221284971,106028,4221390999,0,1,0,48128,0,10612822016
7966,4221340722,43904,4221384626,0,2,0,512,0,1689591808
7967,4221764615,94844,4221859459,0,8,0,21504,0,4748746752
7968,4221982552,47288,4222029840,0,2,0,1536,0,157011968
7969,4222165533,94220,4222259753,0,1,0,19456,0,4836192256
7970,4223130502,108680,4223239182,0,1,0,56832,0,7266529280
7971,4223373096,89924,4223463020,0,2,0,20480,0,10290688000
7972,4223802391,110084,4223912475,0,0,0,61440,0,4385058816
7973,4224066822,116636,4224183458,0,8,0,82944,0,1901948928
7974,4224194150,104780,4224298930,0,2,0,44032,0,6952824832
7975,4224870820,43904,4224914724,0,7,0,512,0,1713242112
7976,4225294063,106496,4225400559,0,2,0,49664,0,8475422720
7977,4225448442,105404,4225553846,0,9,0,46080,0,2920628224
7978,4225896701,48980,4225945681,0,8,0,2048,0,1235259392
7979,4225899690,79436,4225979126,0,0,0,11264,0,4791283712
7980,4225901779,150679,4226052458,0,0,0,90624,0,1624899584
7981,4226150558,197300,4226347858,0,0,0,186368,0,1720864768
7982,4226806594,121628,4226928222,0,9,0,99328,0,4155469824
7983,4227155401,43904,4227199305,0,0,0,512,0,2849292288
7984,4227559072,101348,4227660420,0,2,0,32768,0,5134282752
7985,4228449952,47288,4228497240,0,8,0,1536,0,4473266176
7986,4229299369,65900,4229365269,0,7,0,7168,0,2892644352
7987,4232236920,113048,4232349968,0,1,0,71168,0,5786714112
7988,4233093268,43904,4233137172,0,0,0,512,0,3363823616
7989,4234209867,47288,4234257155,0,2,0,1536,0,1006321664
7990,4234261672,116792,4234378464,0,9,0,83456,0,9392795648
7991,4234627878,43904,4234671782,0,9,0,512,0,10726133760
7992,4235144920,43904,4235188824,0,9,0,512,0,5664059392
7993,4235893159,72668,4235965827,0,7,0,9216,0,7547076608
7994,4236585119,43904,4236629023,0,8,0,512,0,5949640704
7995,4236934345,76052,4237010397,0,0,0,10240,0,1616564224
7996,4237530088,86204,4237616292,0,9,0,13312,0,9073643520
7997,4238634260,195116,4238829376,0,0,0,179200,0,3765870592
7998,4238665551,43904,4238709455,0,2,0,512,0,7511613440
7999,4238796757,105560,4238902317,0,2,0,46592,0,3487506432
8000,4238839019,92372,4238931391,0,8,0,18432,0,7067484160
8001,4239543654,65900,4239609554,0,2,0,7168,0,7934656512
8002,4240430458,42166,4240472624,0,9,1,68608,0,6653001728
8003,4240667217,4850,4240672067,0,5,1,5120,0,9500094464
8004,4240718111,1042,4240719153,0,7,1,1024,0,10658844672
8005,4240926646,3898,4240930544,0,7,1,4096,0,6303997952
8006,4241160197,43904,4241204101,0,8,0,512,0,8196816896
8007,4241509473,4937,4241514410,0,5,1,12800,0,4441468928
8008,4241872446,109148,4241981594,0,7,0,58368,0,6761725952
8009,4241912406,79436,4241991842,0,9,0,11264,0,8454819840
8010,4242416744,120380,4242537124,0,9,0,95232,0,9677074432
8011,4243511327,45596,4243556923,0,2,0,1024,0,5577093120
8012,4244674603,43904,4244718507,0,7,0,512,0,3266289664
8013,4245265967,43904,4245309871,0,9,0,512,0,1136304128
8014,4246160294,99944,4246260238,0,0,0,28160,0,263843840
8015,4246327562,99344,4246426906,0,1,0,31232,0,5401051136
8016,4246383973,43904,4246427877,0,9,0,512,0,3673653248
8017,4246480687,43904,4246524591,0,9,0,512,0,283348992
8018,4248342132,43904,4248386036,0,1,0,512,0,9396031488
8019,4248555510,97916,4248653426,0,9,0,21504,0,1141485568
8020,4249017401,43904,4249061305,0,8,0,512,0,7328296960
8021,4249075971,47288,4249123259,0,0,0,1536,0,8591548416
8022,4249375000,104780,4249479780,0,2,0,44032,0,5346410496
8023,4250047773,103064,4250150837,0,9,0,38400,0,9487286272
8024,4250422452,566,4250423018,0,7,1,512,0,8435863552
8025,4250752030,566,4250752596,0,1,1,512,0,2878099456
8026,4250806141,43904,4250850045,0,0,0,512,0,3298197504
8027,4250972467,3387,4250975854,0,8,1,9728,0,349380608
8028,4251189061,3128,4251192189,0,3,1,9216,0,8841428992
8029,4251231218,108368,4251339586,0,7,0,55808,0,3174436864
8030,4251868105,45179,4251913284,0,8,1,77824,0,391495680
8031,4252769656,1042,4252770698,0,1,1,1024,0,14905344
8032,4252903606,13341,4252916947,0,3,1,22528,0,3990003712
8033,4253198686,43904,4253242590,0,2,0,512,0,9127587840
8034,4253259847,74360,4253334207,0,8,0,9728,0,9322004480
8035,4253463757,45596,4253509353,0,8,0,1024,0,10498789376
8036,4253538381,79436,4253617817,0,7,0,11264,0,3660189696
8037,4253828451,2470,4253830921,0,5,1,2560,0,5372207104
8038,4253972895,82820,4254055715,0,8,0,12288,0,10036277248
8039,4254317146,50672,4254367818,0,7,0,2560,0,9725771776
8040,4254414776,4850,4254419626,0,3,1,5120,0,3581607936
8041,4255188058,7706,4255195764,0,8,1,8192,0,620687360
8042,4255253974,566,4255254540,0,0,1,512,0,1790283776
8043,4255294914,566,4255295480,0,3,1,512,0,1769701376
8044,4255297263,87896,4255385159,0,9,0,13824,0,3943591936
8045,4255783243,2946,4255786189,0,3,1,3072,0,3160686592
8046,4255814081,104000,4255918081,0,0,0,41472,0,6550671360
8047,4256885313,43904,4256929217,0,7,0,512,0,8471699456
8048,4257297365,47288,4257344653,0,8,0,1536,0,8261820416
8049,4258183526,72668,4258256194,0,0,0,9216,0,1228185600
8050,4258200822,43904,4258244726,0,8,0,512,0,4019105792
8051,4258530151,7706,4258537857,0,0,1,8192,0,7358640128
8052,4258749171,1042,4258750213,0,1,1,1024,0,2186731520
8053,4258920846,101816,4259022662,0,8,0,34304,0,4584087552
8054,4259062492,3645,4259066137,0,5,1,10240,0,2810441728
8055,4259106453,43904,4259150357,0,1,0,512,0,3020070912
8056,4259819947,95600,4259915547,0,9,0,18944,0,3419918336
8057,4260123635,5326,4260128961,0,1,1,5632,0,5766168576
8058,4260222964,566,4260223530,0,3,1,512,0,10203144192
8059,4260355726,93128,4260448854,0,1,0,15872,0,4044632064
8060,4260869002,1042,4260870044,0,5,1,1024,0,943005696
8061,4260913489,95648,4261009137,0,7,0,29184,0,6156177408
8062,4261074787,97916,4261172703,0,8,0,21504,0,1960415232
8063,4261326366,2946,4261329312,0,8,1,3072,0,9522794496
8064,4261522990,6754,4261529744,0,3,1,7168,0,2029289472
8065,4261807075,566,4261807641,0,3,1,512,0,6546558976
8066,4262041070,99188,4262140258,0,0,0,30720,0,3209089024
8067,4262170087,97448,4262267535,0,2,0,19968,0,760147968
8068,4262471889,35829,4262507718,0,8,1,62976,0,5244297216
8069,4262622247,151604,4262773851,0,8,0,137216,0,10516770816
8070,4262933978,102284,4263036262,0,1,0,35840,0,3382128640
8071,4263279173,43904,4263323077,0,9,0,512,0,7331115008
8072,4264574062,119756,4264693818,0,2,0,93184,0,10572079104
8073,4264637964,110240,4264748204,0,7,0,61952,0,6438236160
8074,4265818831,43904,4265862735,0,7,0,512,0,2803527680
8075,4266500481,96404,4266596885,0,1,0,26624,0,5864275968
8076,4266594345,103220,4266697565,0,9,0,38912,0,10619047936
8077,4266635126,43904,4266679030,0,8,0,512,0,2796109824
8078,4267869831,43904,4267913735,0,9,0,512,0,9814683648
8079,4268287745,54056,4268341801,0,8,0,3584,0,8645857280
8080,4268393310,43904,4268437214,0,0,0,512,0,10728480768
8081,4269013814,43904,4269057718,0,8,0,512,0,263692288
8082,4269372464,96512,4269468976,0,0,0,16896,0,152109056
8083,4269787618,43904,4269831522,0,1,0,512,0,2991620096
8084,4270529475,123968,4270653443,0,0,0,107008,0,4395061248
8085,4270638130,45596,4270683726,0,2,0,1024,0,9619992576
8086,4270686400,43904,4270730304,0,1,0,512,0,4678709248
8087,4271088630,97004,4271185634,0,2,0,23552,0,2910081024
8088,4271159031,43904,4271202935,0,1,0,512,0,8524443648
8089,4271359900,109148,4271469048,0,7,0,58368,0,2933837824
8090,4271563444,43904,4271607348,0,8,0,512,0,10362232832
8091,4271664148,67592,4271731740,0,1,0,7680,0,5699018752
8092,4271899122,117416,4272016538,0,1,0,85504,0,1067642880
8093,4272262589,45596,4272308185,0,7,0,1024,0,1897566208
8094,4272846716,55748,4272902464,0,9,0,4096,0,2989879296
8095,4273009414,103064,4273112478,0,8,0,38400,0,63143936
8096,4273214745,104624,4273319369,0,2,0,43520,0,836333568
8097,4273458699,65900,4273524599,0,8,0,7168,0,7680356352
8098,4277988065,5326,4277993391,0,3,1,5632,0,684228608
8099,4291632583,5196,4291637779,0,5,1,13312,0,2939109376
8100,4291856719,13253,4291869972,0,1,1,25600,0,6374649856
8101,4292012187,566,4292012753,0,1,1,512,0,7328858112
8102,4292098099,3645,4292101744,0,8,1,10240,0,3803885568
8103,4292414378,3422,4292417800,0,1,1,3584,0,641683456
8104,4292827409,3898,4292831307,0,8,1,4096,0,641613824
8105,4292857818,4162,4292861980,0,1,1,11264,0,5342920704
8106,4293961571,1042,4293962613,0,1,1,1024,0,7349694464
8107,4298059130,4679,4298063809,0,8,1,12288,0,2124361728
8108,4298272783,5971,4298278754,0,6,1,14848,0,1775767552
8109,4298970034,1994,4298972028,0,6,1,2048,0,1777778688
8110,4299019957,2870,4299022827,0,0,1,8704,0,9727340544
8111,4299375088,6754,4299381842,0,0,1,7168,0,2767880192
8112,4300315102,3422,4300318524,0,0,1,3584,0,2500198400
8113,4300404216,3898,4300408114,0,1,1,4096,0,6354223104
8114,4302519719,3898,4302523617,0,6,1,4096,0,2055884800
8115,4303013091,2946,4303016037,0,1,1,3072,0,4203081728
8116,4303037269,4850,4303042119,0,1,1,5120,0,3472560128
8117,4303197540,566,4303198106,0,1,1,512,0,9200226304
8118,4306582249,6754,4306589003,0,1,1,7168,0,6251020288
8119,4306940533,3422,4306943955,0,0,1,3584,0,8110436352
8120,4307425951,3128,4307429079,0,0,1,9216,0,9522585600
8121,4307806989,3422,4307810411,0,0,1,3584,0,8011210752
8122,4308052103,12566,4308064669,0,6,1,20992,0,8599171072
8123,4319443030,1994,4319445024,0,0,1,2048,0,7565643776
8124,4319889480,1518,4319890998,0,6,1,1536,0,9007783936
8125,4320242191,2470,4320244661,0,6,1,2560,0,8035201024
8126,4321641651,69284,4321710935,0,1,0,8192,0,5290881024
8127,4322049327,57440,4322106767,0,0,0,4608,0,1442115584
8128,4323010247,270548,4323280795,0,7,0,280576,0,6720778240
8129,4323212572,566,4323213138,0,8,1,512,0,8602693632
8130,4323966429,105404,4324071833,0,2,0,46080,0,7345487872
8131,4325625993,43904,4325669897,0,8,0,512,0,4801519616
8132,4325908264,55748,4325964012,0,9,0,4096,0,8840269824
8133,4326223628,43904,4326267532,0,0,0,512,0,2482888704
8134,4326338226,43904,4326382130,0,9,0,512,0,506175488
8135,4327478459,77744,4327556203,0,9,0,10752,0,9852506112
8136,4327599953,106340,4327706293,0,0,0,49152,0,9748049920
8137,4328248126,109460,4328357586,0,0,0,59392,0,9971855360
8138,4328261943,43904,4328305847,0,2,0,512,0,4522635264
8139,4330251693,43904,4330295597,0,7,0,512,0,1182502912
8140,4330864530,48980,4330913510,0,2,0,2048,0,4497354752
8141,4331111089,43904,4331154993,0,0,0,512,0,7533166592
8142,4332432359,94400,4332526759,0,2,0,25088,0,7157829632
8143,4332621167,96536,4332717703,0,0,0,22016,0,3482419200
8144,4332818348,102284,4332920632,0,8,0,35840,0,5530435584
8145,4333182460,101348,4333283808,0,9,0,32768,0,7804211200
8146,4333822674,101816,4333924490,0,0,0,34304,0,5741748224
8147,4334011436,566,4334012002,0,6,1,512,0,10237878272
8148,4334121527,43904,4334165431,0,8,0,512,0,379023360
8149,4335139838,5326,4335145164,0,1,1,5632,0,2094342144
8150,4335292270,2470,4335294740,0,7,1,2560,0,4190568448
8151,4335713697,566,4335714263,0,7,1,512,0,6219419648
8152,4335790122,13341,4335803463,0,7,1,22528,0,484851712
8153,4335891401,89588,4335980989,0,9,0,14336,0,9183342592
8154,4336527674,4850,4336532524,0,7,1,5120,0,1853644800
8155,4336533628,154058,4336687686,0,1,1,249856,0,10249175040
8156,4336612456,45596,4336658052,0,8,0,1024,0,9087463424
8157,4336789351,130520,4336919871,0,0,0,128512,0,6704381952
8158,4337123147,4937,4337128084,0,1,1,12800,0,1197797376
8159,4337219525,97472,4337316997,0,0,0,25088,0,2307239936
8160,4337338192,109460,4337447652,0,2,0,59392,0,842256384
8161,4337494496,101660,4337596156,0,8,0,33792,0,4903346176
8162,4337764178,12737,4337776915,0,7,1,24576,0,3135815680
8163,4337910290,12566,4337922856,0,1,1,20992,0,7989870592
8164,4338056951,1518,4338058469,0,1,1,1536,0,3665485824
8165,4338606303,64208,4338670511,0,7,0,6656,0,4549554176
8166,4338989011,43904,4339032915,0,2,0,512,0,10089267200
8167,4339531653,6754,4339538407,0,8,1,7168,0,10585415680
8168,4341302180,125060,4341427240,0,8,0,110592,0,1674829824
8169,4341543565,95024,4341638589,0,0,0,27136,0,7437864960
8170,4342053874,89900,4342143774,0,0,0,15360,0,9981091840
8171,4342109279,13083,4342122362,0,1,1,22016,0,5389893632
8172,4342268694,2470,4342271164,0,7,1,2560,0,752861184
8173,4343027867,94244,4343122111,0,2,0,24576,0,6173900800
8174,4343142521,4374,4343146895,0,7,1,4608,0,5827768320
8175,4343243616,3904,4343247520,0,2,1,10752,0,7888613376
8176,4343558276,106808,4343665084,0,9,0,50688,0,7485390848
8177,4343586773,3387,4343590160,0,2,1,9728,0,8080789504
8178,4343689380,54056,4343743436,0,0,0,3584,0,3564232704
8179,4344773075,43904,4344816979,0,0,0,512,0,6239879168
8180,4344989989,43904,4345033893,0,7,0,512,0,4460675072
8181,4345467945,65900,4345533845,0,7,0,7168,0,1152253952
8182,4346034659,54056,4346088715,0,2,0,3584,0,5767188480
8183,4350421325,50672,4350471997,0,9,0,2560,0,608223232
8184,4350485627,97004,4350582631,0,7,0,23552,0,3870834688
8185,4350863654,110864,4350974518,0,7,0,64000,0,8995897344
8186,4351985292,94064,4352079356,0,2,0,18944,0,4139249664
8187,4353561439,160064,4353721503,0,0,0,139776,0,7462940672
8188,4353848002,43904,4353891906,0,7,0,512,0,5103976448
8189,4354245387,106340,4354351727,0,8,0,49152,0,3846754304
8190,4354644412,50672,4354695084,0,7,0,2560,0,1384476672
8191,4354776268,1042,4354777310,0,2,1,1024,0,4213682176
8192,4354978794,34795,4355013589,0,4,1,60928,0,2124296192
8193,4354984944,43904,4355028848,0,8,0,512,0,9043181568
8194,4355363463,3898,4355367361,0,7,1,4096,0,5543510016
8195,4355431469,153949,4355585418,0,7,0,13312,0,7072591872
8196,4355437478,1518,4355438996,0,8,1,1536,0,599650304
8197,4355585608,5326,4355590934,0,8,1,5632,0,2452180992
8198,4355662821,4850,4355667671,0,4,1,5120,0,9895006208
8199,4356049341,5802,4356055143,0,8,1,6144,0,6686838784
8200,4356123592,566,4356124158,0,4,1,512,0,7761444864
8201,4356180859,2870,4356183729,0,4,1,8704,0,6680862720
8202,4356275034,43904,4356318938,0,2,0,512,0,6811734016
8203,4356423295,566,4356423861,0,4,1,512,0,7723167744
8204,4356473157,1994,4356475151,0,7,1,2048,0,4018446336
8205,4356596062,7230,4356603292,0,7,1,7680,0,9104756736
8206,4356696363,23378,4356719741,0,7,1,41984,0,7953899520
8207,4356795512,103862,4356899374,0,4,1,172032,0,5652574208
8208,4357359579,105716,4357465295,0,8,0,47104,0,5034811392
8209,4357811343,43904,4357855247,0,7,0,512,0,4138962944
8210,4358123380,54056,4358177436,0,0,0,3584,0,448847872
8211,4358192216,109616,4358301832,0,7,0,59904,0,4451041280
8212,4359091215,5326,4359096541,0,8,1,5632,0,7195590656
8213,4359710819,3422,4359714241,0,7,1,3584,0,8218738688
8214,4360040087,4374,4360044461,0,4,1,4608,0,8131506176
8215,4360373265,2946,4360376211,0,4,1,3072,0,2794422272
8216,4360478205,4850,4360483055,0,1,1,5120,0,5938929664
8217,4360514453,43904,4360558357,0,7,0,512,0,5598945280
8218,4360698817,47288,4360746105,0,2,0,1536,0,2129653760
8219,4361163594,566,4361164160,0,7,1,512,0,10202664960
8220,4361211031,5712,4361216743,0,1,1,14336,0,10548400128
8221,4361231483,3422,4361234905,0,4,1,3584,0,728260608
8222,4361434457,3898,4361438355,0,4,1,4096,0,7372263424
8223,4362035688,116480,4362152168,0,0,0,82432,0,4849971200
8224,4362051441,43904,4362095345,0,2,0,512,0,8259227648
8225,4362111445,566,4362112011,0,1,1,512,0,4008525824
8226,4362246432,50672,4362297104,0,2,0,2560,0,4835094528
8227,4362341155,4374,4362345529,0,4,1,4608,0,8997662720
8228,4362343369,21916,4362365285,0,4,1,35840,0,10531897344
8229,4362513393,113516,4362626909,0,8,0,72704,0,5759209472
8230,4362614914,70976,4362685890,0,2,0,8704,0,8146026496
8231,4362775735,33850,4362809585,0,4,1,55808,0,10090950656
8232,4362776597,43904,4362820501,0,2,0,512,0,689430528
8233,4362813576,2470,4362816046,0,7,1,2560,0,392953856
8234,4363099519,1042,4363100561,0,7,1,1024,0,5684236288
8235,4363168206,72668,4363240874,0,8,0,9216,0,3254136832
8236,4363343182,154745,4363497927,0,1,1,254464,0,5953572864
8237,4363646350,6754,4363653104,0,4,1,7168,0,3528257536
8238,4364282384,74867,4364357251,0,7,1,122368,0,6153474048
8239,4365288275,2470,4365290745,0,1,1,2560,0,2858807296
8240,4365429959,1042,4365431001,0,4,1,1024,0,3503280128
8241,4365943438,4374,4365947812,0,4,1,4608,0,7670489088
8242,4366076677,89144,4366165821,0,2,0,17920,0,10379931648
8243,4366077113,5802,4366082915,0,8,1,6144,0,3898843136
8244,4366223969,1994,4366225963,0,7,1,2048,0,10382905344
8245,4366411509,77744,4366489253,0,8,0,10752,0,1872027648
8246,4368201006,43904,4368244910,0,8,0,512,0,10617208832
8247,4369764806,115076,4369879882,0,0,0,77824,0,7847833600
8248,4370185035,45596,4370230631,0,9,0,1024,0,7649591296
8249,4372155554,45596,4372201150,0,7,0,1024,0,10704904192
8250,4372496424,118664,4372615088,0,9,0,89600,0,6651629568
8251,4372504429,80443,4372584872,0,9,0,512,0,129937408
8252,4372574947,73921,4372648868,0,9,0,6656,0,782270464
8253,4373425625,48980,4373474605,0,9,0,2048,0,3859554304
8254,4373956258,47288,4374003546,0,0,0,1536,0,5541896192
8255,4374448128,115544,4374563672,0,8,0,79360,0,9547460608
8256,4377857147,67592,4377924739,0,0,0,7680,0,5335875584
8257,4377988885,77744,4378066629,0,2,0,10752,0,9984548864
8258,4379346317,79436,4379425753,0,9,0,11264,0,5448282112
8259,4379708189,88520,4379796709,0,8,0,15872,0,10435432448
8260,4379771771,69284,4379841055,0,2,0,8192,0,7932203008
8261,4379883141,76052,4379959193,0,2,0,10240,0,7633960960
8262,4379898385,115048,4380013433,0,2,0,47104,0,9367617536
8263,4379932093,160678,4380092771,0,2,0,89600,0,4925730816
8264,4380535967,5326,4380541293,0,8,1,5632,0,7839363072
8265,4380630367,1518,4380631885,0,7,1,1536,0,1222180864
8266,4380638367,52364,4380690731,0,2,0,3072,0,4151779328
8267,4380748373,5712,4380754085,0,7,1,14336,0,2959241216
8268,4380870888,4374,4380875262,0,4,1,4608,0,1216847872
8269,4380939504,1518,4380941022,0,7,1,1536,0,3286208512
8270,4380964750,2470,4380967220,0,1,1,2560,0,3026825216
8271,4380988329,566,4380988895,0,4,1,512,0,4261416960
8272,4381253899,2470,4381256369,0,1,1,2560,0,10302341120
8273,4381279114,118352,4381397466,0,8,0,88576,0,2951847936
8274,4381495927,566,4381496493,0,7,1,512,0,8804237312
8275,4381736413,3898,4381740311,0,4,1,4096,0,4434034688
8276,4382217890,6278,4382224168,0,7,1,6656,0,2323795968
8277,4382226706,3645,4382230351,0,4,1,10240,0,35151872
8278,4382234321,1518,4382235839,0,1,1,1536,0,9737883648
8279,4382338366,2946,4382341312,0,4,1,3072,0,6818635776
8280,4383171998,141452,4383313450,0,7,0,134144,0,3007021056
8281,4383307988,3422,4383311410,0,1,1,3584,0,7261143040
8282,4383613587,59132,4383672719,0,6,0,5120,0,2125279232
8283,4383976956,103376,4384080332,0,8,0,39424,0,9199366144
8284,4384086332,43904,4384130236,0,2,0,512,0,8807317504
8285,4384163272,43904,4384207176,0,2,0,512,0,2665046016
8286,4384305911,94820,4384400731,0,6,0,16384,0,2231361536
8287,4384421877,77744,4384499621,0,2,0,10752,0,2928758784
8288,4384546940,48980,4384595920,0,6,0,2048,0,9108828160
8289,4384800201,108368,4384908569,0,2,0,55808,0,1870184448
8290,4384881254,108368,4384989622,0,9,0,55808,0,5124411392
8291,4384911363,3387,4384914750,0,4,1,9728,0,10045390848
8292,4384925672,191060,4385116732,0,8,0,165888,0,6797811712
8293,4384950969,255541,4385206510,0,8,0,141824,0,2808999936
8294,4385464905,2470,4385467375,0,7,1,2560,0,5398888448
8295,4385491315,108680,4385599995,0,9,0,56832,0,4212457472
8296,4385637475,10499,4385647974,0,5,1,16896,0,6756192256
8297,4385952067,93620,4386045687,0,8,0,22528,0,6719754240
8298,4386146074,2946,4386149020,0,5,1,3072,0,7665262592
8299,4386356797,1518,4386358315,0,1,1,1536,0,1945350144
8300,4386600598,43904,4386644502,0,6,0,512,0,10177527808
8301,4386687509,90056,4386777565,0,2,0,15872,0,8239992832
8302,4386720697,127890,4386848587,0,2,0,20992,0,907620352
8303,4386741161,1994,4386743155,0,7,1,2048,0,5047848960
8304,4386760226,2946,4386763172,0,5,1,3072,0,2028208128
8305,4387186478,3898,4387190376,0,5,1,4096,0,5738143744
8306,4387596886,65900,4387662786,0,2,0,7168,0,4115623936
8307,4387887130,3422,4387890552,0,1,1,3584,0,2239811584
8308,4388660558,67592,4388728150,0,8,0,7680,0,1965400064
8309,4389730285,110084,4389840369,0,9,0,61440,0,4961529856
8310,4391665960,91928,4391757888,0,6,0,22016,0,9123926016
8311,4392175975,94376,4392270351,0,7,0,19968,0,5159227392
8312,4392346523,87896,4392434419,0,2,0,13824,0,9327333376
8313,4392703653,93464,4392797117,0,2,0,22016,0,6186840064
8314,4392771381,62516,4392833897,0,8,0,6144,0,8494997504
8315,4392803464,112399,4392915863,0,8,0,52224,0,3339677696
8316,4393203980,114920,4393318900,0,7,0,77312,0,5352538112
8317,4393781540,99632,4393881172,0,9,0,27136,0,675942400
8318,4394179099,107900,4394286999,0,8,0,54272,0,4906483712
8319,4395497763,566,4395498329,0,7,1,512,0,8194031616
8320,4395707526,1994,4395709520,0,5,1,2048,0,6391394304
8321,4395971392,2470,4395973862,0,4,1,2560,0,2068582400
8322,4396350571,1994,4396352565,0,5,1,2048,0,5226881024
8323,4396525092,96380,4396621472,0,2,0,21504,0,2811101184
8324,4397811967,109304,4397921271,0,0,0,58880,0,1152745472
8325,4398831962,94088,4398926050,0,7,0,24064,0,6496874496
8326,4398993699,92864,4399086563,0,8,0,25088,0,9796558848
8327,4399483216,69284,4399552500,0,8,0,8192,0,4616798208
8328,4399927045,43904,4399970949,0,9,0,512,0,10058997760
8329,4400599221,43904,4400643125,0,6,0,512,0,2014851072
8330,4400631803,50672,4400682475,0,9,0,2560,0,8777695232
8331,4401280930,45596,4401326526,0,9,0,1024,0,801128448
8332,4401364402,1042,4401365444,0,1,1,1024,0,4458778624
8333,4401550647,4420,4401555067,0,4,1,11776,0,8397148160
8334,4401864303,5454,4401869757,0,4,1,13824,0,10683817984
8335,4403944037,101816,4404045853,0,8,0,34304,0,10120826880
8336,4404193810,99476,4404293286,0,7,0,26624,0,577769472
8337,4404223122,98540,4404321662,0,0,0,23552,0,206536704
8338,4404494783,106028,4404600811,0,0,0,48128,0,10684297216
8339,4406110709,45596,4406156305,0,7,0,1024,0,773963776
8340,4406583010,70976,4406653986,0,6,0,8704,0,3615309824
8341,4407986980,43904,4408030884,0,9,0,512,0,1425559552
8342,4408020891,43904,4408064795,0,0,0,512,0,6971109376
8343,4408813561,97628,4408911189,0,0,0,25600,0,3053236224
8344,4409352996,67592,4409420588,0,6,0,7680,0,10089517056
8345,4409716989,54056,4409771045,0,2,0,3584,0,4447272960
8346,4410349569,52364,4410401933,0,6,0,3072,0,6632861696
8347,4411133736,103376,4411237112,0,0,0,39424,0,3565637632
8348,4411232635,113048,4411345683,0,2,0,71168,0,5935042560
8349,4411767507,115232,4411882739,0,2,0,78336,0,4922544128
8350,4412029302,4850,4412034152,0,5,1,5120,0,51830784
8351,4412236424,112580,4412349004,0,9,0,69632,0,8635006976
8352,4412483790,4374,4412488164,0,3,1,4608,0,9726504960
8353,4413071440,43904,4413115344,0,7,0,512,0,3876171776
8354,4413077792,43904,4413121696,0,6,0,512,0,1930170368
8355,4413258092,43904,4413301996,0,6,0,512,0,10316894208
8356,4413383170,3898,4413387068,0,0,1,4096,0,396558336
8357,4413407876,103064,4413510940,0,2,0,38400,0,6001115136
8358,4413602885,22058,4413624943,0,0,0,512,0,345714688
8359,4413921183,2946,4413924129,0,4,1,3072,0,7221338112
8360,4414277219,1994,4414279213,0,3,1,2048,0,836968448
8361,4414464885,5196,4414470081,0,6,1,13312,0,7557263360
8362,4414683408,43904,4414727312,0,6,0,512,0,2667556864
8363,4414851892,7706,4414859598,0,4,1,8192,0,5819895808
8364,4414944783,43904,4414988687,0,2,0,512,0,5130473472
8365,4414984975,43904,4415028879,0,9,0,512,0,2178641920
8366,4415081496,566,4415082062,0,6,1,512,0,10718158848
8367,4415138048,1994,4415140042,0,3,1,2048,0,7158870016
8368,4415186976,104468,4415291444,0,9,0,43008,0,9613496320
8369,4415418155,1994,4415420149,0,3,1,2048,0,798162944
8370,4415447694,45596,4415493290,0,0,0,1024,0,160022528
8371,4415619948,43904,4415663852,0,8,0,512,0,4323975168
8372,4416122523,54056,4416176579,0,9,0,3584,0,4413382656
8373,4416139681,2946,4416142627,0,6,1,3072,0,5715369984
8374,4416372489,6278,4416378767,0,0,1,6656,0,3012947968
8375,4416445833,108680,4416554513,0,2,0,56832,0,2395344896
8376,4416587386,98252,4416685638,0,8,0,27648,0,3531341824
8377,4416727457,1518,4416728975,0,9,1,1536,0,4196392960
8378,4416731531,3128,4416734659,0,4,1,9216,0,5719203840
8379,4416795804,566,4416796370,0,4,1,512,0,6586576896
8380,4417928136,45596,4417973732,0,0,0,1024,0,8123236352
8381,4417962621,45596,4418008217,0,8,0,1024,0,9115844608
8382,4419142998,106964,4419249962,0,8,0,51200,0,1082572800
8383,4419399690,93752,4419493442,0,7,0,17920,0,4537634816
8384,4420656568,105092,4420761660,0,2,0,45056,0,7022104576
8385,4420769113,105560,4420874673,0,9,0,46592,0,399560704
8386,4422264293,91148,4422355441,0,7,0,19456,0,9533255680
8387,4422300030,45596,4422345626,0,9,0,1024,0,5068828672
8388,4422992883,1994,4422994877,0,3,1,2048,0,6745477120
8389,4423138463,2870,4423141333,0,4,1,8704,0,8861368320
8390,4423228049,5454,4423233503,0,0,1,13824,0,696258560
8391,4423520315,59132,4423579447,0,9,0,5120,0,1368584192
8392,4423544820,3422,4423548242,0,4,1,3584,0,313487360
8393,4424407055,1042,4424408097,0,0,1,1024,0,4625362944
8394,4424630825,77744,4424708569,0,6,0,10752,0,3650813952
8395,4424651775,69284,4424721059,0,8,0,8192,0,7826604032
8396,4424717970,1994,4424719964,0,9,1,2048,0,6222405632
8397,4424853235,105560,4424958795,0,8,0,46592,0,8665264128
8398,4425035072,123344,4425158416,0,0,0,104960,0,8384425984
8399,4425182095,3898,4425185993,0,4,1,4096,0,4503859200
8400,4425294328,4374,4425298702,0,6,1,4608,0,1715773440
8401,4425568146,1518,4425569664,0,9,1,1536,0,2888863744
8402,4425669310,2946,4425672256,0,6,1,3072,0,7767879680
8403,4425708956,50672,4425759628,0,2,0,2560,0,4519936000
8404,4425745094,6278,4425751372,0,6,1,6656,0,3013312512
8405,4426394683,2946,4426397629,0,6,1,3072,0,8862109696
8406,4426636181,5454,4426641635,0,9,1,13824,0,7795605504
8407,4426850875,2870,4426853745,0,4,1,8704,0,3483705344
8408,4427104907,2946,4427107853,0,0,1,3072,0,8467202048
8409,4427294377,5326,4427299703,0,9,1,5632,0,918151168
8410,4427353046,6278,4427359324,0,4,1,6656,0,1895399424
8411,4427593643,45596,4427639239,0,0,0,1024,0,8545828864
8412,4427734509,4162,4427738671,0,4,1,11264,0,5030805504
8413,4428219869,4850,4428224719,0,9,1,5120,0,7529402368
8414,4428284608,4850,4428289458,0,0,1,5120,0,9998487552
8415,4428370002,43904,4428413906,0,8,0,512,0,569880576
8416,4428692427,47288,4428739715,0,9,0,1536,0,485654528
8417,4429029802,95024,4429124826,0,6,0,27136,0,6518321152
8418,4429182416,94064,4429276480,0,7,0,18944,0,4700135424
8419,4429978049,62516,4430040565,0,9,0,6144,0,7789334528
8420,4430215031,43904,4430258935,0,7,0,512,0,9541709824
8421,4431003895,48980,4431052875,0,6,0,2048,0,1970888704
8422,4431152017,116012,4431268029,0,2,0,80896,0,9878904832
8423,4431423502,87896,4431511398,0,2,0,13824,0,1902985216
8424,4431764611,103532,4431868143,0,8,0,39936,0,1106141184
8425,4433221917,60824,4433282741,0,7,0,5632,0,4454408192
8426,4433773405,47288,4433820693,0,2,0,1536,0,4407570432
8427,4434459017,70976,4434529993,0,8,0,8704,0,10710421504
8428,4434591931,59132,4434651063,0,9,0,5120,0,7923572736
8429,4435066761,43904,4435110665,0,6,0,512,0,8057135104
8430,4435171108,50672,4435221780,0,9,0,2560,0,9002541056
8431,4435359102,1042,4435360144,0,0,1,1024,0,10540670976
8432,4435454441,5802,4435460243,0,6,1,6144,0,9719357440
8433,4435633452,566,4435634018,0,6,1,512,0,8767561728
8434,4435751870,4850,4435756720,0,4,1,5120,0,1502695424
8435,4435947311,43904,4435991215,0,9,0,512,0,2642677760
8436,4436710603,102284,4436812887,0,2,0,35840,0,5187198976
8437,4437076331,64208,4437140539,0,8,0,6656,0,2166726656
8438,4437257771,113516,4437371287,0,6,0,72704,0,2545106944
8439,4438044144,50672,4438094816,0,0,0,2560,0,10714783744
8440,4438045756,43904,4438089660,0,6,0,512,0,5969862656
8441,4439041945,3898,4439045843,0,4,1,4096,0,1017053184
8442,4439317506,2946,4439320452,0,9,1,3072,0,954368
8443,4439394254,566,4439394820,0,6,1,512,0,5605527552
8444,4439537616,7706,4439545322,0,6,1,8192,0,1383010304
8445,4439712290,102596,4439814886,0,6,0,36864,0,8080384000
8446,4439925065,116636,4440041701,0,8,0,82944,0,6289084416
8447,4439956703,148396,4440105099,0,7,0,38912,0,9230987264
8448,4439961943,163607,4440125550,0,7,0,67072,0,4126461952
8449,4440163091,43904,4440206995,0,7,0,512,0,2901426176
8450,4440226568,1994,4440228562,0,6,1,2048,0,5445971968
8451,4440295727,41391,4440337118,0,9,1,67072,0,2867159040
8452,4440670308,2470,4440672778,0,9,1,2560,0,10376200192
8453,4440678389,45596,4440723985,0,2,0,1024,0,559710208
8454,4441104396,566,4441104962,0,9,1,512,0,838459392
8455,4441566705,122252,4441688957,0,9,0,101376,0,9671815168
8456,4441639169,4420,4441643589,0,6,1,11776,0,7342895104
8457,4442598577,10499,4442609076,0,9,1,16896,0,5487783936
8458,4442740901,566,4442741467,0,6,1,512,0,6734999552
8459,4442804700,96692,4442901392,0,8,0,22528,0,3155742720
8460,4442875799,43904,4442919703,0,7,0,512,0,2246733824
8461,4442939817,4374,4442944191,0,6,1,4608,0,3212763136
8462,4443416595,47288,4443463883,0,7,0,1536,0,5390938112
8463,4443507433,102440,4443609873,0,0,0,36352,0,3771772928
8464,4443588749,45596,4443634345,0,0,0,1024,0,1679085568
8465,4443631981,1042,4443633023,0,1,1,1024,0,7624245248
8466,4444076624,3904,4444080528,0,6,1,10752,0,10275483648
8467,4444597994,4374,4444602368,0,9,1,4608,0,2593427456
8468,4444657582,4420,4444662002,0,6,1,11776,0,5586194432
8469,4445004872,1042,4445005914,0,2,1,1024,0,10094026752
8470,4445224008,82820,4445306828,0,0,0,12288,0,4818464768
8471,4445448506,106496,4445555002,0,2,0,49664,0,576356352
8472,4446101301,47288,4446148589,0,2,0,1536,0,3383627776
8473,4446599555,101504,4446701059,0,7,0,33280,0,9048113152
8474,4447417561,43904,4447461465,0,9,0,512,0,5051023360
8475,4448041717,65900,4448107617,0,7,0,7168,0,8352567296
8476,4448090065,47288,4448137353,0,8,0,1536,0,2942312448
8477,4450793689,47288,4450840977,0,8,0,1536,0,9017552896
8478,4451279302,102440,4451381742,0,6,0,36352,0,5780504576
8479,4453143275,1042,4453144317,0,6,1,1024,0,3938357248
8480,4453374040,1042,4453375082,0,1,1,1024,0,6163529728
8481,4453537258,2470,4453539728,0,2,1,2560,0,5842915328
8482,4453656560,2946,4453659506,0,1,1,3072,0,2764668928
8483,4453738101,3898,4453741999,0,9,1,4096,0,2940993536
8484,4453877880,14804,4453892684,0,9,1,28672,0,1223077888
8485,4453885480,2470,4453887950,0,1,1,2560,0,9071050752
8486,4454182876,566,4454183442,0,1,1,512,0,526745600
8487,4454502672,43904,4454546576,0,2,0,512,0,6091419648
8488,4455248189,5326,4455253515,0,2,1,5632,0,2164764672
8489,4455412033,50672,4455462705,0,9,0,2560,0,5113167872
8490,4455508074,96068,4455604142,0,6,0,20480,0,3306360832
8491,4455655456,4850,4455660306,0,9,1,5120,0,10259058688
8492,4455721689,43904,4455765593,0,7,0,512,0,954527744
8493,4455897862,81128,4455978990,0,6,0,11776,0,676028416
8494,4456503597,43904,4456547501,0,7,0,512,0,10020069376
8495,4456551196,43904,4456595100,0,6,0,512,0,1187684352
8496,4456629195,33591,4456662786,0,1,1,55296,0,432959488
8497,4456715921,45596,4456761517,0,0,0,1024,0,6079340544
8498,4457694728,14545,4457709273,0,4,1,28160,0,4223156224
8499,4457797449,96092,4457893541,0,6,0,25600,0,4831227904
8500,4457807756,1042,4457808798,0,9,1,1024,0,8180895744
8501,4457897878,2946,4457900824,0,9,1,3072,0,9681059840
8502,4458870824,67592,4458938416,0,0,0,7680,0,1287028736
8503,4459195222,43904,4459239126,0,9,0,512,0,5031452672
8504,4459259823,43904,4459303727,0,7,0,512,0,4550991872
8505,4459497201,43904,4459541105,0,7,0,512,0,4088487936
8506,4459909134,47288,4459956422,0,9,0,1536,0,7437307904
8507,4460170931,59132,4460230063,0,7,0,5120,0,7455301632
8508,4460404844,110396,4460515240,0,6,0,62464,0,1099698176
8509,4461969395,119912,4462089307,0,7,0,93696,0,7382622208
8510,4462186883,103844,4462290727,0,9,0,40960,0,7621341184
8511,4462635509,104624,4462740133,0,0,0,43520,0,6586093568
8512,4462686407,107588,4462793995,0,6,0,53248,0,9303035904
8513,4464072186,52364,4464124550,0,6,0,3072,0,3393622016
8514,4464076943,207128,4464284071,0,9,0,218624,0,8532393984
8515,4464126144,158098,4464284242,0,9,0,512,0,4932509696
8516,4465638111,101036,4465739147,0,9,0,31744,0,7118680064
8517,4465647644,88832,4465736476,0,0,0,16896,0,10048901120
8518,4466639907,45596,4466685503,0,0,0,1024,0,7038189568
8519,4466663312,101192,4466764504,0,8,0,32256,0,4771708928
8520,4466715183,58423,4466773606,0,8,0,512,0,5539201024
8521,4466807204,52364,4466859568,0,8,0,3072,0,3824640000
8522,4467102685,51257,4467153942,0,9,1,82944,0,10228297728
8523,4467357596,2870,4467360466,0,7,1,8704,0,2419916800
8524,4467364792,70976,4467435768,0,8,0,8704,0,5805768704
8525,4467852718,45596,4467898314,0,2,0,1024,0,5438193664
8526,4468910065,47288,4468957353,0,8,0,1536,0,10109648896
8527,4469293059,74360,4469367419,0,0,0,9728,0,1444671488
8528,4469668788,43904,4469712692,0,7,0,512,0,7763603456
8529,4469692806,106808,4469799614,0,6,0,50688,0,1756676096
8530,4469823879,22058,4469845937,0,6,0,512,0,4831227904
8531,4470147940,112268,4470260208,0,6,0,68608,0,6958972928
8532,4470325710,107588,4470433298,0,2,0,53248,0,3761078272
8533,4472851480,93776,4472945256,0,9,0,23040,0,6897958912
8534,4472905853,103064,4473008917,0,7,0,38400,0,9822048256
8535,4473410117,102752,4473512869,0,0,0,37376,0,8255696896
8536,4475116256,1518,4475117774,0,2,1,1536,0,8898916352
8537,4475130901,87896,4475218797,0,7,0,13824,0,4682891264
8538,4475572987,62674,4475635661,0,1,1,101888,0,3541757952
8539,4475606603,566,4475607169,0,7,1,512,0,327438336
8540,4475633944,100880,4475734824,0,2,0,31232,0,8152616960
8541,4475710891,1042,4475711933,0,7,1,1024,0,9261813760
8542,4476030829,103532,4476134361,0,6,0,39936,0,7325413376
8543,4476132391,2946,4476135337,0,7,1,3072,0,590012416
8544,4476187216,69284,4476256500,0,0,0,8192,0,6368571392
8545,4476192554,103844,4476296398,0,6,0,40960,0,7667564544
8546,4476822979,60824,4476883803,0,6,0,5632,0,1299005440
8547,4476879891,2946,4476882837,0,4,1,3072,0,1895231488
8548,4476893120,106184,4476999304,0,2,0,48640,0,6170386432
8549,4477446001,566,4477446567,0,3,1,512,0,1972633600
8550,4477534310,4374,4477538684,0,1,1,4608,0,8911368192
8551,4477890332,22862,4477913194,0,1,1,40960,0,8252354560
8552,4477984148,2470,4477986618,0,7,1,2560,0,10060394496
8553,4478072539,566,4478073105,0,7,1,512,0,1400451072
8554,4478177000,5802,4478182802,0,7,1,6144,0,1839722496
8555,4478580289,48980,4478629269,0,8,0,2048,0,2851647488
8556,4478595893,2870,4478598763,0,7,1,8704,0,4605759488
8557,4479126811,45179,4479171990,0,1,1,77824,0,5332119552
8558,4479177373,1994,4479179367,0,3,1,2048,0,9824190464
8559,4479188136,48980,4479237116,0,2,0,2048,0,329637888
8560,4479225206,100880,4479326086,0,0,0,31232,0,7154458624
8561,4479304588,89588,4479394176,0,0,0,14336,0,2784501760
8562,4479932246,566,4479932812,0,3,1,512,0,6979477504
8563,4480123902,45596,4480169498,0,0,0,1024,0,8475049984
8564,4480590674,45596,4480636270,0,6,0,1024,0,7283703808
8565,4481181145,92864,4481274009,0,2,0,25088,0,9910046720
8566,4481355162,45596,4481400758,0,0,0,1024,0,10606886912
8567,4482185282,97628,4482282910,0,6,0,25600,0,3950870528
8568,4483094024,43904,4483137928,0,7,0,512,0,4585836544
8569,4483655898,70976,4483726874,0,0,0,8704,0,3799662592
8570,4484973710,115232,4485088942,0,2,0,78336,0,5449789440
8571,4485271248,94712,4485365960,0,8,0,26112,0,6769704960
8572,4485567246,99476,4485666722,0,0,0,26624,0,1411022848
8573,4485660916,95180,4485756096,0,9,0,27648,0,7359627264
8574,4486372280,1042,4486373322,0,4,1,1024,0,2085707776
8575,4486586715,92791,4486679506,0,7,1,150528,0,199532544
8576,4486708361,43904,4486752265,0,6,0,512,0,8345837568
8577,4487981754,43904,4488025658,0,9,0,512,0,3144634368
8578,4488121572,107900,4488229472,0,8,0,54272,0,3440361472
8579,4488143555,104780,4488248335,0,0,0,44032,0,8463499264
8580,4488463126,106808,4488569934,0,0,0,50688,0,8829030400
8581,4489189603,97496,4489287099,0,7,0,30208,0,6021124096
8582,4489378010,127556,4489505566,0,8,0,118784,0,6873735168
8583,4489622309,70976,4489693285,0,8,0,8704,0,9947316224
8584,4490030189,95648,4490125837,0,0,0,29184,0,9315061760
8585,4490146435,81128,4490227563,0,2,0,11776,0,9865863168
8586,4490452890,24242,4490477132,0,1,1,40448,0,5713174528
8587,4490645018,43904,4490688922,0,8,0,512,0,2648494080
8588,4490654184,566,4490654750,0,7,1,512,0,5735993344
8589,4490851664,2946,4490854610,0,7,1,3072,0,3909931008
8590,4491088946,7706,4491096652,0,3,1,8192,0,3161559040
8591,4491334947,566,4491335513,0,7,1,512,0,10347368448
8592,4491446450,5326,4491451776,0,3,1,5632,0,2933952512
8593,4491830011,1518,4491831529,0,3,1,1536,0,9874186240
8594,4492151155,43904,4492195059,0,2,0,512,0,4811223040
8595,4492666725,92372,4492759097,0,0,0,18432,0,6271705088
8596,4492912922,1518,4492914440,0,7,1,1536,0,973807616
8597,4492948739,3898,4492952637,0,3,1,4096,0,4917334016
8598,4492972279,2470,4492974749,0,3,1,2560,0,8649187328
8599,4493367647,566,4493368213,0,3,1,512,0,2951987200
8600,4493666744,4420,4493671164,0,0,1,11776,0,8948371456
8601,4493852345,4162,4493856507,0,3,1,11264,0,3368067072
8602,4494337667,7230,4494344897,0,0,1,7680,0,7967625216
8603,4494383411,3128,4494386539,0,5,1,9216,0,7275130880
8604,4494407892,4374,4494412266,0,3,1,4608,0,8953454592
8605,4494436507,43904,4494480411,0,7,0,512,0,6064361472
8606,4496437320,120536,4496557856,0,6,0,95744,0,979697664
8607,4496691696,43904,4496735600,0,8,0,512,0,6665551872
8608,4498416241,64208,4498480449,0,9,0,6656,0,9528483840
8609,4498816867,62516,4498879383,0,0,0,6144,0,5438889984
8610,4499375261,110708,4499485969,0,8,0,63488,0,765730816
8611,4499780707,111488,4499892195,0,4,0,66048,0,2759909376
8612,4499918398,101504,4500019902,0,0,0,33280,0,1689763840
8613,4500090750,64208,4500154958,0,0,0,6656,0,5267865600
8614,4500938140,108680,4501046820,0,4,0,56832,0,2550431744
8615,4501392241,89588,4501481829,0,8,0,14336,0,6659309568
8616,4501720985,45596,4501766581,0,0,0,1024,0,5573246976
8617,4501943348,4374,4501947722,0,3,1,4608,0,815853568
8618,4501989396,4850,4501994246,0,5,1,5120,0,8638480384
8619,4502335927,43904,4502379831,0,2,0,512,0,2011217920
8620,4502885418,45596,4502931014,0,0,0,1024,0,6696480768
8621,4502924774,113204,4503037978,0,8,0,71680,0,8284364800
8622,4503316727,43904,4503360631,0,8,0,512,0,7782653952
8623,4504233425,114296,4504347721,0,7,0,75264,0,9235619840
8624,4504261104,86204,4504347308,0,4,0,13312,0,1275080704
8625,4504988797,52364,4505041161,0,4,0,3072,0,6289858560
8626,4505805195,50672,4505855867,0,8,0,2560,0,5481230336
8627,4506155057,95648,4506250705,0,2,0,29184,0,8206684160
8628,4506726759,101192,4506827951,0,0,0,32256,0,4289650688
8629,4506827831,108056,4506935887,0,6,0,54784,0,10263969792
8630,4507663921,101972,4507765893,0,9,0,34816,0,1561882624
8631,4507746547,91436,4507837983,0,6,0,15360,0,6625382400
8632,4508732100,81128,4508813228,0,6,0,11776,0,4671983616
8633,4508732529,43904,4508776433,0,2,0,512,0,6927704064
8634,4508845357,43904,4508889261,0,2,0,512,0,5253853184
8635,4509096166,77744,4509173910,0,2,0,10752,0,7374544896
8636,4509122535,4850,4509127385,0,5,1,5120,0,9324662784
8637,4509208739,1518,4509210257,0,7,1,1536,0,7396921344
8638,4509281342,43904,4509325246,0,0,0,512,0,6210654208
8639,4509542300,3898,4509546198,0,7,1,4096,0,1418022912
8640,4509558196,54787,4509612983,0,0,1,93184,0,2590253056
8641,4509869516,45596,4509915112,0,4,0,1024,0,5340217344
8642,4509957280,4679,4509961959,0,0,1,12288,0,7274786816
8643,4509998750,127400,4510126150,0,7,0,118272,0,1804562432
8644,4510077910,3898,4510081808,0,7,1,4096,0,2086203392
8645,4510181393,94688,4510276081,0,2,0,20992,0,4279111680
8646,4510208056,43904,4510251960,0,8,0,512,0,9649459200
8647,4510445373,108368,4510553741,0,8,0,55808,0,8381394944
8648,4510651217,52364,4510703581,0,7,0,3072,0,7792320512
8649,4511147236,43904,4511191140,0,0,0,512,0,8171630592
8650,4511527004,94688,4511621692,0,2,0,20992,0,4210843648
8651,4511986891,43904,4512030795,0,9,0,512,0,2005569536
8652,4512114409,65900,4512180309,0,7,0,7168,0,1689923584
8653,4512132166,108680,4512240846,0,8,0,56832,0,1483980800
8654,4512161650,3645,4512165295,0,7,1,10240,0,6639542272
8655,4512214290,1994,4512216284,0,0,1,2048,0,2202357760
8656,4512396061,3422,4512399483,0,0,1,3584,0,8771620864
8657,4512461605,43904,4512505509,0,8,0,512,0,9341968384
8658,4512823255,76052,4512899307,0,7,0,10240,0,9076109312
8659,4512856113,5712,4512861825,0,0,1,14336,0,6947500032
8660,4512910717,3645,4512914362,0,8,1,10240,0,182878208
8661,4513337260,7230,4513344490,0,0,1,7680,0,10556358656
8662,4513539780,2946,4513542726,0,8,1,3072,0,1323667456
8663,4513549326,55748,4513605074,0,4,0,4096,0,10663903232
8664,4513564980,7706,4513572686,0,8,1,8192,0,7220998144
8665,4513585018,1042,4513586060,0,8,1,1024,0,10277601280
8666,4513648725,2946,4513651671,0,8,1,3072,0,9919311872
8667,4513687102,43904,4513731006,0,2,0,512,0,445620224
8668,4513749533,2470,4513752003,0,8,1,2560,0,2396299264
8669,4513765666,43904,4513809570,0,6,0,512,0,1235234816
8670,4513978441,43904,4514022345,0,0,0,512,0,10390740992
8671,4514480466,43904,4514524370,0,6,0,512,0,8074121216
8672,4514529107,11791,4514540898,0,8,1,19456,0,1412431872
8673,4514568449,566,4514569015,0,0,1,512,0,2738638848
8674,4514757957,7230,4514765187,0,0,1,7680,0,5252161536
8675,4514839443,43904,4514883347,0,8,0,512,0,9026547712
8676,4514886100,1042,4514887142,0,0,1,1024,0,9631576064
8677,4514890368,2470,4514892838,0,1,1,2560,0,5104148480
8678,4514969431,43904,4515013335,0,2,0,512,0,9912733696
8679,4515155545,43904,4515199449,0,9,0,512,0,1863131136
8680,4515182092,2470,4515184562,0,1,1,2560,0,4284657664
8681,4515240404,5326,4515245730,0,0,1,5632,0,9277624320
8682,4515384656,566,4515385222,0,0,1,512,0,511705088
8683,4515428528,105248,4515533776,0,7,0,45568,0,9532170240
8684,4515790680,5712,4515796392,0,0,1,14336,0,8899346432
8685,4515913048,42166,4515955214,0,1,1,68608,0,3260923904
8686,4515936469,94196,4516030665,0,0,0,23040,0,9253154816
8687,4516018884,5802,4516024686,0,1,1,6144,0,3508232192
8688,4516074788,69284,4516144072,0,2,0,8192,0,8003125248
8689,4516278853,566,4516279419,0,8,1,512,0,986546176
8690,4516777431,101192,4516878623,0,9,0,32256,0,6913650688
8691,4516937780,4374,4516942154,0,1,1,4608,0,9775247360
8692,4517004806,1042,4517005848,0,7,1,1024,0,9067597824
8693,4517400541,45437,4517445978,0,7,1,78336,0,8297308160
8694,4518135445,4937,4518140382,0,0,1,12800,0,5782204416
8695,4518341417,99032,4518440449,0,2,0,30208,0,9097703424
8696,4518359538,566,4518360104,0,8,1,512,0,10678599680
8697,4518514124,111800,4518625924,0,8,0,67072,0,10434203648
8698,4518641834,566,4518642400,0,8,1,512,0,2108010496
8699,4518767404,566,4518767970,0,7,1,512,0,254967808
8700,4519233307,43904,4519277211,0,7,0,512,0,7985643520
8701,4519562324,43904,4519606228,0,6,0,512,0,5918740480
8702,4519780688,6278,4519786966,0,6,1,6656,0,9570787328
8703,4520717550,1518,4520719068,0,7,1,1536,0,7688765440
8704,4520919796,47288,4520967084,0,8,0,1536,0,4813684736
8705,4520988834,5326,4520994160,0,1,1,5632,0,1209626624
8706,4521899505,2470,4521901975,0,8,1,2560,0,7287283712
8707,4521937873,51774,4521989647,0,0,1,83968,0,7632756736
8708,4522054617,1994,4522056611,0,0,1,2048,0,1599184896
8709,4522073086,93176,4522166262,0,4,0,26112,0,9175670784
8710,4522074838,6754,4522081592,0,1,1,7168,0,3434016768
8711,4522122339,1994,4522124333,0,1,1,2048,0,9308348416
8712,4522132420,14117,4522146537,0,1,1,24064,0,10628169728
8713,4522229150,2870,4522232020,0,1,1,8704,0,5704224768
8714,4522422655,566,4522423221,0,0,1,512,0,5710614528
8715,4522579688,43458,4522623146,0,1,1,71168,0,5093154816
8716,4522633453,3128,4522636581,0,0,1,9216,0,8683778048
8717,4522831586,6229,4522837815,0,1,1,15360,0,10724343808
8718,4522918074,1042,4522919116,0,0,1,1024,0,9457520640
8719,4522951842,92996,4523044838,0,0,0,20480,0,6150844416
8720,4523314700,43904,4523358604,0,6,0,512,0,7883325440
8721,4523676308,45596,4523721904,0,9,0,1024,0,1628139520
8722,4523816197,33762,4523849959,0,0,1,58880,0,952393728
8723,4524459822,94868,4524554690,0,7,0,26624,0,7443042304
8724,4524957169,112892,4525070061,0,6,0,70656,0,5286121472
8725,4524958913,113516,4525072429,0,9,0,72704,0,10313740288
8726,4524982891,90924,4525073815,0,9,0,512,0,8096231424
8727,4525239762,96668,4525336430,0,9,0,17408,0,1059885056
8728,4526063840,107744,4526171584,0,0,0,53760,0,9538215936
8729,4526265559,52364,4526317923,0,9,0,3072,0,1834819584
8730,4526273314,97604,4526370918,0,6,0,20480,0,1632927744
8731,4526323940,66124,4526390064,0,6,0,1536,0,8743899136
8732,4526957959,45596,4527003555,0,4,0,1024,0,10382712832
8733,4528486861,77744,4528564605,0,6,0,10752,0,5834584064
8734,4529060092,72668,4529132760,0,9,0,9216,0,4199731200
8735,4529985047,72668,4530057715,0,2,0,9216,0,6311886848
8736,4530370124,43904,4530414028,0,8,0,512,0,3737833472
8737,4530917229,47288,4530964517,0,7,0,1536,0,5286854656
8738,4531526405,43904,4531570309,0,8,0,512,0,10721341440
8739,4532056172,101192,4532157364,0,9,0,32256,0,8864346112
8740,4532542290,52364,4532594654,0,0,0,3072,0,2667155456
8741,4533064190,43904,4533108094,0,4,0,512,0,3522379776
8742,4533105186,105092,4533210278,0,7,0,45056,0,3617366016
8743,4533879940,43904,4533923844,0,7,0,512,0,6066905088
8744,4534249801,107276,4534357077,0,2,0,52224,0,6530510848
8745,4534548108,70976,4534619084,0,0,0,8704,0,7941537792
8746,4534803316,122564,4534925880,0,8,0,102400,0,1135947776
8747,4534881659,43904,4534925563,0,9,0,512,0,6673330176
8748,4534909329,76052,4534985381,0,4,0,10240,0,4402688000
8749,4536117572,102908,4536220480,0,4,0,37888,0,189145088
8750,4536371535,45596,4536417131,0,9,0,1024,0,4077801472
8751,4538019068,43904,4538062972,0,8,0,512,0,5515841536
8752,4538301372,65900,4538367272,0,0,0,7168,0,5787271168
8753,4538386107,52364,4538438471,0,2,0,3072,0,628338688
8754,4539235323,105560,4539340883,0,9,0,46592,0,2297114624
8755,4539392253,43904,4539436157,0,2,0,512,0,3203829760
8756,4539434120,95468,4539529588,0,7,0,23552,0,4423442432
8757,4539744758,98696,4539843454,0,6,0,24064,0,1840553984
8758,4540202476,111020,4540313496,0,7,0,64512,0,8841846784
8759,4540279907,108212,4540388119,0,2,0,55296,0,8881704960
8760,4542415452,74360,4542489812,0,0,0,9728,0,7321448448
8761,4542720632,60824,4542781456,0,2,0,5632,0,2384711680
8762,4542903077,103220,4543006297,0,6,0,38912,0,9421180928
8763,4543017820,106028,4543123848,0,7,0,48128,0,6004727808
8764,4544362882,110708,4544473590,0,6,0,63488,0,10675625984
8765,4544506500,93800,4544600300,0,2,0,28160,0,8212590592
8766,4545106400,79436,4545185836,0,7,0,11264,0,9126060032
8767,4545345057,64208,4545409265,0,2,0,6656,0,981532672
8768,4546016417,47288,4546063705,0,9,0,1536,0,2746814464
8769,4546831242,43904,4546875146,0,4,0,512,0,9815785472
8770,4547423035,108680,4547531715,0,2,0,56832,0,4991676416
8771,4547602806,65900,4547668706,0,7,0,7168,0,2124443648
8772,4548412891,48980,4548461871,0,7,0,2048,0,1303166976
8773,4548571418,109304,4548680722,0,9,0,58880,0,9448615936
8774,4549266875,101192,4549368067,0,2,0,32256,0,4821762048
8775,4549652609,62516,4549715125,0,8,0,6144,0,7526862848
8776,4549769524,45596,4549815120,0,9,0,1024,0,1680035840
8777,4550342254,43904,4550386158,0,4,0,512,0,1114677248
8778,4550439349,43904,4550483253,0,9,0,512,0,6866571264
8779,4551203872,57440,4551261312,0,6,0,4608,0,7521820672
8780,4551913322,101504,4552014826,0,9,0,33280,0,2912141312
8781,4553200681,43904,4553244585,0,8,0,512,0,8580218880
8782,4553214137,3898,4553218035,0,1,1,4096,0,2347388928
8783,4553396231,2470,4553398701,0,7,1,2560,0,6665814016
8784,4553545751,84512,4553630263,0,2,0,12800,0,778158080
8785,4553680459,4374,4553684833,0,6,1,4608,0,7980109824
8786,4553921634,42166,4553963800,0,8,1,68608,0,2348707840
8787,4554083852,4374,4554088226,0,4,1,4608,0,9203126272
8788,4554282117,566,4554282683,0,2,1,512,0,5215535104
8789,4554347317,6229,4554353546,0,7,1,15360,0,6655291392
8790,4554377543,63271,4554440814,0,7,0,512,0,2317930496
8791,4554505447,125528,4554630975,0,4,0,112128,0,1265590272
8792,4554953023,566,4554953589,0,7,1,512,0,5170126848
8793,4554999440,45596,4555045036,0,0,0,1024,0,10693869568
8794,4555858448,43904,4555902352,0,4,0,512,0,9556525056
8795,4555886568,60824,4555947392,0,2,0,5632,0,9456721920
8796,4556896374,103220,4556999594,0,2,0,38912,0,4679876608
8797,4557518214,43904,4557562118,0,9,0,512,0,5133766656
8798,4558288761,70976,4558359737,0,6,0,8704,0,2996584448
8799,4558563976,108680,4558672656,0,0,0,56832,0,3283410944
8800,4558704306,43904,4558748210,0,7,0,512,0,5319520256
8801,4559980483,43904,4560024387,0,0,0,512,0,4599537664
8802,4560671237,105872,4560777109,0,7,0,47616,0,10242666496
8803,4560684943,93464,4560778407,0,9,0,22016,0,6116966400
8804,4561183083,76052,4561259135,0,8,0,10240,0,4530847744
8805,4561334012,107744,4561441756,0,9,0,53760,0,5857525760
8806,4561763513,43904,4561807417,0,4,0,512,0,8093908992
8807,4562492216,113048,4562605264,0,9,0,71168,0,5837467648
8808,4562985017,115076,4563100093,0,6,0,77824,0,10450313216
8809,4563264464,67592,4563332056,0,2,0,7680,0,1397526528
8810,4563507356,45596,4563552952,0,4,0,1024,0,3937947648
8811,4563627753,54056,4563681809,0,8,0,3584,0,9785278464
8812,4563917877,113516,4564031393,0,5,0,72704,0,2448777216
8813,4563994643,43904,4564038547,0,8,0,512,0,3040079872
8814,4564183002,101816,4564284818,0,2,0,34304,0,2991001600
8815,4564266042,43904,4564309946,0,7,0,512,0,7209050112
8816,4565580966,43904,4565624870,0,6,0,512,0,6915272704
8817,4566077079,67592,4566144671,0,8,0,7680,0,8708493312
8818,4566274294,67592,4566341886,0,4,0,7680,0,1323507712
8819,4566671152,55748,4566726900,0,7,0,4096,0,9540882432
8820,4567804459,43904,4567848363,0,2,0,512,0,6771240960
8821,4569232137,65900,4569298037,0,9,0,7168,0,9538420736
8822,4569418390,45596,4569463986,0,5,0,1024,0,1861943296
8823,4570202432,43904,4570246336,0,4,0,512,0,4493570048
8824,4570233261,118508,4570351769,0,5,0,89088,0,609419264
8825,4570265943,85997,4570351940,0,5,0,512,0,10461429760
8826,4571238909,50672,4571289581,0,5,0,2560,0,3777073152
8827,4572106275,109772,4572216047,0,7,0,60416,0,816750592
8828,4572461255,82408,4572543663,0,4,1,133632,0,7926198272
8829,4573230189,6754,4573236943,0,8,1,7168,0,10124316672
8830,4573604334,43904,4573648238,0,0,0,512,0,8365903872
8831,4573678707,98876,4573777583,0,8,0,29696,0,10688995328
8832,4573945677,7230,4573952907,0,6,1,7680,0,8798928896
8833,4574507598,5326,4574512924,0,2,1,5632,0,4715835392
8834,4575012015,43904,4575055919,0,8,0,512,0,192913408
8835,4575022004,566,4575022570,0,0,1,512,0,7183216640
8836,4575147953,11274,4575159227,0,7,1,18432,0,3269267456
8837,4575288556,4679,4575293235,0,2,1,12288,0,6234603520
8838,4575460254,24670,4575484924,0,7,1,44544,0,3980853248
8839,4575772229,2470,4575774699,0,6,1,2560,0,5042286592
8840,4576035576,2470,4576038046,0,8,1,2560,0,3968647168
8841,4576038458,4679,4576043137,0,2,1,12288,0,5089714176
8842,4576639533,48980,4576688513,0,4,0,2048,0,10243850240
8843,4576821160,55748,4576876908,0,2,0,4096,0,2533109760
8844,4577006003,87896,4577093899,0,6,0,13824,0,3547504640
8845,4577207036,89588,4577296624,0,7,0,14336,0,3979747328
8846,4577364639,54056,4577418695,0,5,0,3584,0,788766720
8847,4578011932,43904,4578055836,0,2,0,512,0,8079040512
8848,4578183813,43904,4578227717,0,6,0,512,0,9811210240
8849,4578482949,69284,4578552233,0,7,0,8192,0,8186974208
8850,4578502335,129584,4578631919,0,5,0,125440,0,3034267648
8851,4578508762,134965,4578643727,0,5,0,23040,0,6564306944
8852,4579688494,47288,4579735782,0,5,0,1536,0,10433859584
8853,4579874503,65900,4579940403,0,9,0,7168,0,2038226944
8854,4580502801,90212,4580593013,0,6,0,16384,0,7996661760
8855,4581298765,47288,4581346053,0,9,0,1536,0,5269065728
8856,4581614287,566,4581614853,0,2,1,512,0,1398161408
8857,4581688050,43904,4581731954,0,7,0,512,0,4226887680
8858,4583033064,115232,4583148296,0,8,0,78336,0,2508828672
8859,4583718886,48980,4583767866,0,0,0,2048,0,2440929280
8860,4585647240,43904,4585691144,0,2,0,512,0,1711206400
8861,4585667426,43904,4585711330,0,7,0,512,0,3826008064
8862,4586023209,110708,4586133917,0,7,0,63488,0,9894432768
8863,4586333118,96980,4586430098,0,6,0,18432,0,1716056064
8864,4586384515,92372,4586476887,0,7,0,18432,0,6840193024
8865,4586559010,96224,4586655234,0,6,0,20992,0,3087253504
8866,4586622190,55748,4586677938,0,9,0,4096,0,6098145280
8867,4586892396,127244,4587019640,0,3,0,117760,0,2326392832
8868,4586964684,101036,4587065720,0,4,0,31744,0,7404830720
8869,4587925815,102752,4588028567,0,7,0,37376,0,7325552640
8870,4588042480,102908,4588145388,0,0,0,37888,0,10283659264
8871,4588255029,59132,4588314161,0,9,0,5120,0,5696667648
8872,4589420999,123500,4589544499,0,4,0,105472,0,8262553600
8873,4589489157,91460,4589580617,0,0,0,20480,0,9259204608
8874,4591252384,118820,4591371204,0,6,0,90112,0,8672374784
8875,4591713640,64208,4591777848,0,5,0,6656,0,5073424384
8876,4591969824,52364,4592022188,0,0,0,3072,0,2140684288
8877,4592048372,120536,4592168908,0,9,0,95744,0,3417731072
8878,4592470096,60824,4592530920,0,3,0,5632,0,9503748096
8879,4593394413,65900,4593460313,0,9,0,7168,0,2326528
8880,4593868695,566,4593869261,0,7,1,512,0,3156955136
8881,4594215362,5326,4594220688,0,0,1,5632,0,8270843904
8882,4594233943,4679,4594238622,0,9,1,12288,0,243273728
8883,4594341288,43904,4594385192,0,0,0,512,0,9009623040
8884,4594406279,96560,4594502839,0,8,0,27136,0,4874838016
8885,4595097137,108524,4595205661,0,5,0,56320,0,5034819584
8886,4595741864,97448,4595839312,0,3,0,19968,0,1332326400
8887,4596024501,43904,4596068405,0,8,0,512,0,2255601664
8888,4596392528,109148,4596501676,0,8,0,58368,0,9011740672
8889,4596531869,119288,4596651157,0,7,0,91648,0,7557443584
8890,4596598318,125091,4596723409,0,7,0,24064,0,3881140224
8891,4596607082,61691,4596668773,0,7,0,1024,0,9341038592
8892,4597176150,65900,4597242050,0,7,0,7168,0,4989845504
8893,4597317244,108368,4597425612,0,4,0,55808,0,6738026496
8894,4597888972,43904,4597932876,0,9,0,512,0,1770143744
8895,4597916444,112580,4598029024,0,5,0,69632,0,7621341184
8896,4598080018,107744,4598187762,0,3,0,53760,0,3125690368
8897,4598252799,43904,4598296703,0,8,0,512,0,10605043712
8898,4598729778,43904,4598773682,0,5,0,512,0,10442715136
8899,4599153534,104156,4599257690,0,4,0,41984,0,6990458880
8900,4599526956,119444,4599646400,0,0,0,92160,0,2561503232
8901,4599740791,101036,4599841827,0,2,0,31744,0,515809280
8902,4600344553,165140,4600509693,0,3,0,141312,0,3546513408
8903,4600968951,84512,4601053463,0,8,0,12800,0,6189457408
8904,4601289694,62516,4601352210,0,2,0,6144,0,5886222336
8905,4601850637,43904,4601894541,0,7,0,512,0,3012022272
8906,4602036264,116480,4602152744,0,0,0,82432,0,3094622208
8907,4602293983,102752,4602396735,0,4,0,37376,0,6733819904
8908,4602374155,54056,4602428211,0,5,0,3584,0,5202079744
8909,4602512340,120848,4602633188,0,9,0,96768,0,5225709568
8910,4603130359,43904,4603174263,0,5,0,512,0,7850577920
8911,4603133733,60824,4603194557,0,6,0,5632,0,5776015360
8912,4604566776,81128,4604647904,0,6,0,11776,0,6472359936
8913,4606728751,201980,4606930731,0,2,0,201728,0,9834786816
8914,4606823331,117104,4606940435,0,9,0,84480,0,5626232832
8915,4606883940,2946,4606886886,0,9,1,3072,0,6801997824
8916,4606952597,4162,4606956759,0,8,1,11264,0,275279872
8917,4607076525,2946,4607079471,0,6,1,3072,0,7086153728
8918,4607100552,62516,4607163068,0,0,0,6144,0,6059929600
8919,4607256544,4850,4607261394,0,8,1,5120,0,10027249664
8920,4607529196,6754,4607535950,0,6,1,7168,0,4821516288
8921,4607825187,93752,4607918939,0,9,0,17920,0,4188250112
8922,4608104438,566,4608105004,0,0,1,512,0,4404473856
8923,4608130129,4374,4608134503,0,8,1,4608,0,1223925760
8924,4608132068,3101,4608135169,0,8,1,1024,0,8928579584
8925,4608175794,101660,4608277454,0,4,0,33792,0,2461626368
8926,4609109758,50672,4609160430,0,3,0,2560,0,317169664
8927,4609348404,43904,4609392308,0,8,0,512,0,1213423616
8928,4610510299,103376,4610613675,0,0,0,39424,0,8294952960
8929,4610549782,91280,4610641062,0,7,0,14848,0,2347323392
8930,4611393833,43904,4611437737,0,7,0,512,0,8757723136
8931,4611542327,50672,4611592999,0,8,0,2560,0,5783478272
8932,4611712960,43904,4611756864,0,4,0,512,0,9052536832
8933,4611927729,43904,4611971633,0,5,0,512,0,7842242560
8934,4612068864,95444,4612164308,0,8,0,18432,0,3056394240
8935,4613046952,43904,4613090856,0,4,0,512,0,5498683392
8936,4613130839,86204,4613217043,0,8,0,13312,0,2621046784
8937,4613291013,104468,4613395481,0,5,0,43008,0,3877347328
8938,4613399573,11533,4613411106,0,8,1,18944,0,8609787904
8939,4613413494,3128,4613416622,0,6,1,9216,0,1132011520
8940,4613582249,1994,4613584243,0,6,1,2048,0,2143051776
8941,4613774204,43904,4613818108,0,8,0,512,0,7116730368
8942,4614078882,21916,4614100798,0,6,1,35840,0,61812736
8943,4614712386,10241,4614722627,0,0,1,16384,0,6536892416
8944,4614827821,104000,4614931821,0,9,0,41472,0,9743867904
8945,4614835037,5802,4614840839,0,6,1,6144,0,6372364288
8946,4615273546,143144,4615416690,0,5,0,134656,0,2955603968
8947,4615293051,5326,4615298377,0,6,1,5632,0,5310541824
8948,4616194014,43904,4616237918,0,3,0,512,0,6749048832
8949,4616286812,104312,4616391124,0,7,0,42496,0,10511138816
8950,4616594891,10757,4616605648,0,0,1,17408,0,4218449920
8951,4616620229,566,4616620795,0,5,1,512,0,832536576
8952,4616795957,36346,4616832303,0,6,1,64000,0,6164393984
8953,4616999584,3422,4617003006,0,5,1,3584,0,7003291648
8954,4617059566,24412,4617083978,0,6,1,44032,0,3231838208
8955,4617208841,47288,4617256129,0,8,0,1536,0,9642459136
8956,4617366375,566,4617366941,0,5,1,512,0,9285517312
8957,4617433839,5971,4617439810,0,6,1,14848,0,8540200960
8958,4617539956,48980,4617588936,0,7,0,2048,0,3332579328
8959,4617672792,3898,4617676690,0,6,1,4096,0,6742282240
8960,4617939606,3898,4617943504,0,3,1,4096,0,7061618688
8961,4618201321,566,4618201887,0,5,1,512,0,9141104640
8962,4618248609,1518,4618250127,0,6,1,1536,0,4631605248
8963,4618327660,12049,4618339709,0,3,1,19968,0,3406684160
8964,4618456265,2470,4618458735,0,6,1,2560,0,4851191808
8965,4618668947,166832,4618835779,0,5,0,141824,0,8296255488
8966,4618942157,43904,4618986061,0,6,0,512,0,9888346112
8967,4619305884,70976,4619376860,0,0,0,8704,0,3223973888
8968,4619562835,94688,4619657523,0,4,0,20992,0,3998552064
8969,4619755629,118976,4619874605,0,6,0,90624,0,1426288640
8970,4620514361,43904,4620558265,0,7,0,512,0,993284096
8971,4621730756,45596,4621776352,0,0,0,1024,0,9617100800
8972,4622072881,205100,4622277981,0,6,0,211968,0,5886746624
8973,4622548964,93440,4622642404,0,4,0,16896,0,4892561408
8974,4623415500,55748,4623471248,0,9,0,4096,0,6516027392
8975,4623529205,79436,4623608641,0,3,0,11264,0,6177046528
8976,4623590581,123344,4623713925,0,3,0,104960,0,9045905408
8977,4624333891,110084,4624443975,0,2,0,61440,0,2372349952
8978,4624515440,130208,4624645648,0,3,0,127488,0,1487532032
8979,4624880830,43904,4624924734,0,6,0,512,0,10260025344
8980,4624951269,52364,4625003633,0,8,0,3072,0,7652937728
8981,4626279575,91772,4626371347,0,8,0,21504,0,9791762432
8982,4626563486,93020,4626656506,0,4,0,25600,0,8666755072
8983,4626606406,110552,4626716958,0,3,0,62976,0,2127884288
8984,4626817829,102284,4626920113,0,3,0,35840,0,7646294016
8985,4626855982,95648,4626951630,0,7,0,29184,0,8015360000
8986,4626899688,140334,4627040022,0,7,0,29696,0,9085558784
8987,4629347658,43904,4629391562,0,7,0,512,0,4504403968
8988,4630008328,4850,4630013178,0,3,1,5120,0,5376442368
8989,4630048147,3422,4630051569,0,6,1,3584,0,10568409088
8990,4630404806,2470,4630407276,0,6,1,2560,0,4823703552
8991,4630449591,6229,4630455820,0,5,1,15360,0,9023324160
8992,4630568936,1042,4630569978,0,5,1,1024,0,6060134400
8993,4631264541,98696,4631363237,0,5,0,24064,0,620830720
8994,4631287630,4420,4631292050,0,5,1,11776,0,8600797184
8995,4631799120,2946,4631802066,0,0,1,3072,0,1111203840
8996,4632799170,120380,4632919550,0,6,0,95232,0,7689617408
8997,4633254154,93464,4633347618,0,3,0,22016,0,7731613696
8998,4633482977,45596,4633528573,0,4,0,1024,0,2353688576
8999,4633721008,103064,4633824072,0,9,0,38400,0,3699425280
9000,4635204883,103064,4635307947,0,4,0,38400,0,666882048
9001,4635468166,118664,4635586830,0,2,0,89600,0,6527270912
9002,4635640105,84512,4635724617,0,1,0,12800,0,3707641856
9003,4636182412,104156,4636286568,0,9,0,41984,0,4660129792
9004,4637875470,90992,4637966462,0,0,0,18944,0,9644728320
9005,4638076359,43904,4638120263,0,3,0,512,0,3690815488
9006,4638347116,43904,4638391020,0,1,0,512,0,152317952
9007,4638534925,114764,4638649689,0,2,0,76800,0,4916420608
9008,4638692328,166832,4638859160,0,3,0,141824,0,5776642048
9009,4639469625,43904,4639513529,0,2,0,512,0,8725204992
9010,4639497423,86204,4639583627,0,1,0,13312,0,1915465728
9011,4639514320,102475,4639616795,0,1,0,11264,0,2877485056
9012,4639925442,43904,4639969346,0,1,0,512,0,8229490688
9013,4640601229,67592,4640668821,0,3,0,7680,0,2686427136
9014,4640789237,97316,4640886553,0,9,0,24576,0,3117928448
9015,4641578119,110084,4641688203,0,8,0,61440,0,7782232064
9016,4641914386,47288,4641961674,0,9,0,1536,0,6810808320
9017,4641924769,107588,4642032357,0,1,0,53248,0,8774975488
9018,4642012821,107276,4642120097,0,1,0,52224,0,4433199104
9019,4642191438,43904,4642235342,0,1,0,512,0,27570176
9020,4642830541,45596,4642876137,0,9,0,1024,0,6335893504
9021,4642878368,76052,4642954420,0,1,0,10240,0,6453854208
9022,4643098810,115544,4643214354,0,6,0,79360,0,5991981056
9023,4643295524,79436,4643374960,0,3,0,11264,0,8932855808
9024,4643343837,102908,4643446745,0,2,0,37888,0,7758942208
9025,4643458345,67592,4643525937,0,1,0,7680,0,4691718144
9026,4644443690,43904,4644487594,0,2,0,512,0,8680378368
9027,4644828639,52364,4644881003,0,1,0,3072,0,10436915200
9028,4644928205,43904,4644972109,0,3,0,512,0,7664533504
9029,4645281658,112268,4645393926,0,6,0,68608,0,8129470464
9030,4645503604,69284,4645572888,0,4,0,8192,0,2762342400
9031,4645673231,48980,4645722211,0,8,0,2048,0,7477522432
9032,4645746720,22433,4645769153,0,6,1,36864,0,4441653248
9033,4646290541,57440,4646347981,0,3,0,4608,0,9993887744
9034,4646724319,100724,4646825043,0,5,0,30720,0,571277312
9035,4646740301,122720,4646863021,0,8,0,102912,0,9063534592
9036,4648031906,104468,4648136374,0,4,0,43008,0,1790132224
9037,4648339042,60824,4648399866,0,8,0,5632,0,2905042944
9038,4648356029,110396,4648466425,0,1,0,62464,0,10156142592
9039,4648453999,56322,4648510321,0,1,0,512,0,8467283968
9040,4649367271,43904,4649411175,0,6,0,512,0,10693390336
9041,4649635204,89612,4649724816,0,9,0,19456,0,10021666816
9042,4650121337,115232,4650236569,0,0,0,78336,0,306683904
9043,4650414567,45596,4650460163,0,1,0,1024,0,7444639744
9044,4650722179,81128,4650803307,0,5,0,11776,0,4982476800
9045,4675211230,566,4675211796,0,0,1,512,0,1924722688
9046,4675316193,5326,4675321519,0,5,1,5632,0,2392461312
9047,4676101277,2946,4676104223,0,5,1,3072,0,6578040832
9048,4676369942,7230,4676377172,0,5,1,7680,0,7379996672
9049,4676491486,1994,4676493480,0,5,1,2048,0,6091333632
9050,4685186863,10757,4685197620,0,5,1,17408,0,2416713728
9051,4685399038,5326,4685404364,0,2,1,5632,0,3375509504
9052,4690513964,1994,4690515958,0,2,1,2048,0,6160408576
9053,4690870767,66462,4690937229,0,8,1,112640,0,6038585344
9054,4691720012,2470,4691722482,0,8,1,2560,0,10672271360
9055,4691726977,2870,4691729847,0,8,1,8704,0,1312616448
9056,4692201313,566,4692201879,0,8,1,512,0,8173506560
9057,4692590584,4374,4692594958,0,8,1,4608,0,2491850752
9058,4692809721,2946,4692812667,0,8,1,3072,0,9782001664
9059,4692878430,1518,4692879948,0,8,1,1536,0,9899708416
9060,4700748438,5326,4700753764,0,8,1,5632,0,8523776
9061,4700839241,5326,4700844567,0,2,1,5632,0,8535257088
9062,4700903562,2946,4700906508,0,2,1,3072,0,10658553856
9063,4701715509,4937,4701720446,0,2,1,12800,0,6322221056
9064,4701747872,1042,4701748914,0,2,1,1024,0,2080927744
9065,4701819259,4420,4701823679,0,2,1,11776,0,7444963328
9066,4702014571,4850,4702019421,0,2,1,5120,0,53932032
9067,4708958903,6754,4708965657,0,2,1,7168,0,9317154816
9068,4709551917,2946,4709554863,0,7,1,3072,0,430546944
9069,4709562903,12737,4709575640,0,9,1,24576,0,8629694464
9070,4709905562,566,4709906128,0,9,1,512,0,4228616192
9071,4709908369,566,4709908935,0,7,1,512,0,5293932544
9072,4710119452,2870,4710122322,0,7,1,8704,0,2665095168
9073,4710496058,1518,4710497576,0,7,1,1536,0,3756638208
9074,4710515119,566,4710515685,0,9,1,512,0,2935918592
9075,4710540500,3422,4710543922,0,9,1,3584,0,10051022848
9076,4710714234,566,4710714800,0,9,1,512,0,7601778688
9077,4711743263,53066,4711796329,0,9,1,86528,0,907755520
9078,4712196799,11791,4712208590,0,7,1,19456,0,1417805824
9079,4712265219,3128,4712268347,0,5,1,9216,0,362639360
9080,4712791462,2946,4712794408,0,5,1,3072,0,7399366656
9081,4712856625,2946,4712859571,0,7,1,3072,0,3689226240
9082,4713030631,4374,4713035005,0,7,1,4608,0,3641823232
9083,4713072762,1042,4713073804,0,3,1,1024,0,3274338304
9084,4713556863,4679,4713561542,0,5,1,12288,0,150872064
9085,4714214592,1518,4714216110,0,3,1,1536,0,6128705536
9086,4714866238,1042,4714867280,0,7,1,1024,0,7019646976
9087,4715098529,566,4715099095,0,9,1,512,0,5747458048
9088,4715703659,4850,4715708509,0,5,1,5120,0,1181102080
9089,4716789380,1994,4716791374,0,9,1,2048,0,1409310720
9090,4716945456,6229,4716951685,0,3,1,15360,0,4513366016
9091,4717321114,12995,4717334109,0,7,1,25088,0,8561442816
9092,4717570672,4162,4717574834,0,3,1,11264,0,10422693888
9093,4718228077,1994,4718230071,0,5,1,2048,0,1715507200
9094,4718276970,3128,4718280098,0,3,1,9216,0,10004606976
9095,4718795984,1518,4718797502,0,7,1,1536,0,2602885120
9096,4719103545,15837,4719119382,0,3,1,30720,0,5576593408
9097,4719912270,5326,4719917596,0,3,1,5632,0,5845893120
9098,4719975597,566,4719976163,0,7,1,512,0,4580995072
9099,4720276301,4374,4720280675,0,9,1,4608,0,4530905088
9100,4720284507,3904,4720288411,0,7,1,10752,0,1104838656
9101,4720447121,566,4720447687,0,7,1,512,0,5290598400
9102,4720573645,3898,4720577543,0,5,1,4096,0,9422606336
9103,4721496345,6278,4721502623,0,7,1,6656,0,8342994944
9104,4722647969,7706,4722655675,0,5,1,8192,0,9338068992
9105,4722690672,566,4722691238,0,8,1,512,0,4560445440
9106,4723471143,61899,4723533042,0,9,1,100352,0,10306342912
9107,4723504288,4374,4723508662,0,8,1,4608,0,1238421504
9108,4723701239,3898,4723705137,0,8,1,4096,0,8618668032
9109,4724229195,566,4724229761,0,8,1,512,0,10156367872
9110,4724392831,1994,4724394825,0,3,1,2048,0,5973393408
9111,4724410750,7230,4724417980,0,3,1,7680,0,443281408
9112,4724941729,10241,4724951970,0,3,1,16384,0,3262214144
9113,4731581446,6754,4731588200,0,4,1,7168,0,8568315904
9114,4732061108,3898,4732065006,0,8,1,4096,0,7174209536
9115,4732121927,45596,4732167523,0,8,0,1024,0,3006484480
9116,4732426912,43904,4732470816,0,9,0,512,0,1994465280
9117,4732582919,52808,4732635727,0,9,1,86016,0,2034282496
9118,4732640504,50672,4732691176,0,7,0,2560,0,7725088768
9119,4733282075,47288,4733329363,0,3,0,1536,0,5553340416
9120,4733345350,566,4733345916,0,7,1,512,0,2790674432
9121,4733437859,101972,4733539831,0,1,0,34816,0,7411195904
9122,4733447137,7706,4733454843,0,6,1,8192,0,373538816
9123,4733544756,43904,4733588660,0,2,0,512,0,7039062016
9124,4733708023,111488,4733819511,0,5,0,66048,0,8824082432
9125,4733900059,3645,4733903704,0,6,1,10240,0,3133304832
9126,4734036880,5326,4734042206,0,3,1,5632,0,6478761984
9127,4734292892,43904,4734336796,0,7,0,512,0,9732866048
9128,4734822163,12995,4734835158,0,5,1,25088,0,4275056640
9129,4734894048,97448,4734991496,0,1,0,19968,0,553934848
9130,4734910946,2946,4734913892,0,3,1,3072,0,2437464064
9131,4734948148,98696,4735046844,0,0,0,24064,0,101240832
9132,4735228437,52364,4735280801,0,0,0,3072,0,10329264128
9133,4736000823,103376,4736104199,0,2,0,39424,0,6049263616
9134,4736142638,3422,4736146060,0,8,1,3584,0,8096825344
9135,4736299932,26221,4736326153,0,3,1,47616,0,1102409728
9136,4736490909,54617,4736545526,0,9,1,89600,0,1437229056
9137,4736865151,1994,4736867145,0,3,1,2048,0,5181894656
9138,4736937868,1518,4736939386,0,6,1,1536,0,1909829632
9139,4737333286,4374,4737337660,0,9,1,4608,0,10047852544
9140,4738356089,4374,4738360463,0,6,1,4608,0,172126208
9141,4738399827,2470,4738402297,0,7,1,2560,0,4382199808
9142,4738688421,1994,4738690415,0,7,1,2048,0,387997696
9143,4738771332,3898,4738775230,0,3,1,4096,0,4600418304
9144,4738889473,5802,4738895275,0,9,1,6144,0,4190425088
9145,4739027762,6278,4739034040,0,3,1,6656,0,5788098560
9146,4739499820,566,4739500386,0,5,1,512,0,4020846592
9147,4739583492,566,4739584058,0,7,1,512,0,1994035200
9148,4740203543,3904,4740207447,0,9,1,10752,0,3442606080
9149,4740905664,54012,4740959676,0,7,1,91648,0,4349915136
9150,4740963016,30491,4740993507,0,3,1,49152,0,853753856
9151,4741581254,4420,4741585674,0,3,1,11776,0,8543293440
9152,4741672594,566,4741673160,0,5,1,512,0,10008285184
9153,4741947664,566,4741948230,0,5,1,512,0,602566656
9154,4742031893,7230,4742039123,0,8,1,7680,0,5438451712
9155,4743139740,3422,4743143162,0,8,1,3584,0,54276096
9156,4743207448,3898,4743211346,0,6,1,4096,0,1286516736
9157,4743739215,5802,4743745017,0,9,1,6144,0,5209243648
9158,4743850632,4850,4743855482,0,6,1,5120,0,5746073600
9159,4752423161,1994,4752425155,0,3,1,2048,0,7940804608
9160,4752816940,1518,4752818458,0,7,1,1536,0,9911332864
9161,4753191785,3898,4753195683,0,5,1,4096,0,2297913344
9162,4753453325,566,4753453891,0,6,1,512,0,1114112000
9163,4753986452,3898,4753990350,0,6,1,4096,0,7765532672
9164,4754022316,6754,4754029070,0,2,1,7168,0,8936194048
9165,4754314127,3898,4754318025,0,2,1,4096,0,3812843520
9166,4754989855,115537,4755105392,0,5,1,191488,0,9729953792
9167,4755007890,1042,4755008932,0,7,1,1024,0,1114898432
9168,4755323916,1518,4755325434,0,7,1,1536,0,3608850432
9169,4755395559,1994,4755397553,0,9,1,2048,0,9456472064
9170,4755648555,566,4755649121,0,9,1,512,0,10091151360
9171,4755749734,1518,4755751252,0,2,1,1536,0,5612294144
9172,4756282883,566,4756283449,0,7,1,512,0,8327421952
9173,4756404208,5802,4756410010,0,2,1,6144,0,4178853888
9174,4756644485,566,4756645051,0,9,1,512,0,2120372224
9175,4757109316,1518,4757110834,0,6,1,1536,0,6566014976
9176,4757190324,22691,4757213015,0,2,1,37376,0,9300578304
9177,4757690311,24154,4757714465,0,8,1,43520,0,3336314880
9178,4757753670,7230,4757760900,0,2,1,7680,0,3899695104
9179,4757779420,6754,4757786174,0,9,1,7168,0,7454629888
9180,4757967756,4850,4757972606,0,2,1,5120,0,3579133952
9181,4758161982,566,4758162548,0,9,1,512,0,875044864
9182,4758210014,566,4758210580,0,5,1,512,0,9435004928
9183,4758495602,22174,4758517776,0,5,1,36352,0,3302051840
9184,4758622069,1518,4758623587,0,2,1,1536,0,3214778368
9185,4758834567,2470,4758837037,0,9,1,2560,0,969191424
9186,4759522687,1042,4759523729,0,7,1,1024,0,7092744192
9187,4759651292,1518,4759652810,0,6,1,1536,0,2002018304
9188,4759693761,566,4759694327,0,2,1,512,0,1518977024
9189,4759787353,5802,4759793155,0,2,1,6144,0,3599380480
9190,4760076475,2946,4760079421,0,5,1,3072,0,1291603968
9191,4760095443,2946,4760098389,0,6,1,3072,0,2476118016
9192,4760717370,3422,4760720792,0,6,1,3584,0,8956510208
9193,4761252977,3422,4761256399,0,9,1,3584,0,10310201344
9194,4761554577,1518,4761556095,0,8,1,1536,0,4751892480
9195,4761751640,10499,4761762139,0,2,1,16896,0,2073804800
9196,4762169318,5196,4762174514,0,2,1,13312,0,7663144960
9197,4762257426,566,4762257992,0,5,1,512,0,3149852672
9198,4762369087,2946,4762372033,0,8,1,3072,0,1069268992
9199,4762703070,12049,4762715119,0,5,1,19968,0,6107545600
9200,4762711125,6754,4762717879,0,8,1,7168,0,8250507264
9201,4762833147,3645,4762836792,0,8,1,10240,0,3920797696
9202,4763220077,2470,4763222547,0,7,1,2560,0,6055804928
9203,4763300401,5196,4763305597,0,9,1,13312,0,5306195968
9204,4763539201,7706,4763546907,0,8,1,8192,0,8992440320
9205,4763638925,10241,4763649166,0,9,1,16384,0,10661703680
9206,4764370207,1518,4764371725,0,6,1,1536,0,412053504
9207,4764428249,5326,4764433575,0,2,1,5632,0,6113320960
9208,4765542069,4162,4765546231,0,5,1,11264,0,10526732288
9209,4766501487,566,4766502053,0,2,1,512,0,5614768128
9210,4783940191,2470,4783942661,0,9,1,2560,0,1917468672
9211,4783989947,566,4783990513,0,8,1,512,0,2114912256
9212,4784819564,23466,4784843030,0,8,1,38912,0,7585394688
9213,4784839952,566,4784840518,0,7,1,512,0,8837963776
9214,4790953103,3422,4790956525,0,7,1,3584,0,5462089728
9215,4791423924,566,4791424490,0,6,1,512,0,2452295680
9216,4791880466,1042,4791881508,0,2,1,1024,0,4293599232
9217,4794350908,566,4794351474,0,8,1,512,0,1198571520
9218,4794655558,3898,4794659456,0,5,1,4096,0,2125262848
9219,4794715023,4374,4794719397,0,6,1,4608,0,8922439680
9220,4795042988,55304,4795098292,0,6,1,94208,0,5612113920
9221,4795672747,3422,4795676169,0,5,1,3584,0,5245132800
9222,4795933100,3128,4795936228,0,2,1,9216,0,2663596032
9223,4796222879,2946,4796225825,0,6,1,3072,0,4832628736
9224,4796727408,566,4796727974,0,2,1,512,0,1646379008
9225,4797738304,1518,4797739822,0,6,1,1536,0,3029426176
9226,4798113126,3898,4798117024,0,5,1,4096,0,3687845888
9227,4798292356,566,4798292922,0,2,1,512,0,1126289408
9228,4798802291,5802,4798808093,0,2,1,6144,0,9218994176
9229,4798815810,566,4798816376,0,5,1,512,0,1383907328
9230,4798898567,3422,4798901989,0,4,1,3584,0,3335991296
9231,4799045355,4850,4799050205,0,5,1,5120,0,648269824
9232,4799312531,1518,4799314049,0,4,1,1536,0,4952776704
9233,4800151173,2470,4800153643,0,5,1,2560,0,3955191808
9234,4800925566,1042,4800926608,0,4,1,1024,0,7934795776
9235,4801103932,4374,4801108306,0,6,1,4608,0,6736510976
9236,4801144083,4937,4801149020,0,2,1,12800,0,1918607360
9237,4801289566,566,4801290132,0,2,1,512,0,9002385408
9238,4801482690,1994,4801484684,0,6,1,2048,0,2960769024
9239,4801658600,11791,4801670391,0,2,1,19456,0,6727041024
9240,4801773015,46471,4801819486,0,6,1,80384,0,8843808768
9241,4801963462,6278,4801969740,0,2,1,6656,0,7294988288
9242,4802844040,3898,4802847938,0,6,1,4096,0,8910241792
9243,4803382195,1042,4803383237,0,5,1,1024,0,6236745728
9244,4806804906,3422,4806808328,0,2,1,3584,0,4829577216
9245,4806974484,43904,4807018388,0,9,0,512,0,1261092864
9246,4807461469,4420,4807465889,0,8,1,11776,0,1978740736
9247,4807507961,67592,4807575553,0,5,0,7680,0,3648036864
9248,4807579888,43904,4807623792,0,0,0,512,0,2435129344
9249,4807675917,101972,4807777889,0,6,0,34816,0,580042752
9250,4807792220,2470,4807794690,0,4,1,2560,0,7211401216
9251,4807873558,566,4807874124,0,4,1,512,0,9415528448
9252,4808059680,84512,4808144192,0,0,0,12800,0,4444266496
9253,4808111084,60824,4808171908,0,3,0,5632,0,10187755520
9254,4808177755,7230,4808184985,0,5,1,7680,0,4304896
9255,4808195151,10241,4808205392,0,4,1,16384,0,608382976
9256,4808802224,43904,4808846128,0,6,0,512,0,10688507904
9257,4810450531,98384,4810548915,0,3,0,23040,0,1177174016
9258,4811137664,105248,4811242912,0,7,0,45568,0,8978935808
9259,4811384364,2946,4811387310,0,4,1,3072,0,8041717760
9260,4812151448,103376,4812254824,0,1,0,39424,0,3165110272
9261,4812219265,86204,4812305469,0,4,0,13312,0,1835859968
9262,4812437062,108680,4812545742,0,5,0,56832,0,2109784064
9263,4812854747,43904,4812898651,0,4,0,512,0,4945903616
9264,4813307107,48980,4813356087,0,0,0,2048,0,7803797504
9265,4813414691,100724,4813515415,0,2,0,30720,0,9634271232
9266,4813886988,43904,4813930892,0,5,0,512,0,6741803008
9267,4813903700,43904,4813947604,0,2,0,512,0,8323014656
9268,4814425043,92996,4814518039,0,2,0,20480,0,6590291968
9269,4815462780,48980,4815511760,0,4,0,2048,0,9099567104
9270,4816264635,43904,4816308539,0,6,0,512,0,3877117952
9271,4816555521,70976,4816626497,0,7,0,8704,0,4068253696
9272,4817438221,94220,4817532441,0,0,0,19456,0,4755996672
9273,4817618976,43904,4817662880,0,5,0,512,0,5749026816
9274,4817792404,72668,4817865072,0,2,0,9216,0,8819167232
9275,4817960127,101816,4818061943,0,7,0,34304,0,3270148096
9276,4818569400,43904,4818613304,0,5,0,512,0,1319673856
9277,4820186357,110084,4820296441,0,1,0,61440,0,8283951104
9278,4820232424,43904,4820276328,0,2,0,512,0,3123417088
9279,4821171118,45596,4821216714,0,2,0,1024,0,4293349376
9280,4822189785,153296,4822343081,0,7,0,137728,0,8397885440
9281,4823331790,118508,4823450298,0,6,0,89088,0,151392256
9282,4824211580,190436,4824402016,0,0,0,163840,0,448761856
9283,4825041678,2470,4825044148,0,8,1,2560,0,6054793216
9284,4825060567,52364,4825112931,0,5,0,3072,0,20566016
9285,4825157750,102284,4825260034,0,3,0,35840,0,10290954240
9286,4825263253,4850,4825268103,0,6,1,5120,0,6760718336
9287,4825325658,45596,4825371254,0,4,0,1024,0,2517094400
9288,4825809519,175858,4825985377,0,5,1,285696,0,4709711872
9289,4826003710,6754,4826010464,0,6,1,7168,0,7507648512
9290,4826159276,2946,4826162222,0,6,1,3072,0,4103839744
9291,4826447885,91436,4826539321,0,3,0,15360,0,7425179648
9292,4826563480,5326,4826568806,0,6,1,5632,0,690814976
9293,4826928462,105560,4827034022,0,4,0,46592,0,2602000384
9294,4827533822,123812,4827657634,0,2,0,106496,0,10500055040
9295,4827858036,109616,4827967652,0,7,0,59904,0,2615599104
9296,4828448141,43904,4828492045,0,4,0,512,0,2373074944
9297,4829078922,47288,4829126210,0,5,0,1536,0,8910073856
9298,4829230535,94376,4829324911,0,0,0,19968,0,5286842368
9299,4831575503,54056,4831629559,0,7,0,3584,0,3156463616
9300,4832022188,43904,4832066092,0,6,0,512,0,7185670144
9301,4832259746,90524,4832350270,0,0,0,17408,0,8602402816
9302,4833409168,43904,4833453072,0,1,0,512,0,6269734912
9303,4833637804,45596,4833683400,0,2,0,1024,0,4342562816
9304,4833823509,45596,4833869105,0,3,0,1024,0,2117140480
9305,4834577404,106808,4834684212,0,0,0,50688,0,9762312192
9306,4835335589,43904,4835379493,0,4,0,512,0,10094551040
9307,4836032278,50672,4836082950,0,2,0,2560,0,6679552000
9308,4837090325,104936,4837195261,0,3,0,44544,0,10554540032
9309,4837883141,97916,4837981057,0,6,0,21504,0,1909755904
9310,4838226036,107120,4838333156,0,5,0,51712,0,3132063744
9311,4838404725,106340,4838511065,0,5,0,49152,0,2205077504
9312,4838700396,101504,4838801900,0,5,0,33280,0,6464847872
9313,4839182539,108524,4839291063,0,0,0,56320,0,7767400448
9314,4840048001,50672,4840098673,0,2,0,2560,0,2313392128
9315,4840125517,43904,4840169421,0,4,0,512,0,5762252800
9316,4841360170,102128,4841462298,0,4,0,35328,0,5905936384
9317,4841631941,45596,4841677537,0,6,0,1024,0,553328640
9318,4841906266,109304,4842015570,0,1,0,58880,0,9525170176
9319,4842240955,74360,4842315315,0,5,0,9728,0,6052093952
9320,4842451576,1042,4842452618,0,5,1,1024,0,4030603264
9321,4843137209,52364,4843189573,0,3,0,3072,0,10444537856
9322,4843414518,4937,4843419455,0,6,1,12800,0,3528065024
9323,4843699901,97136,4843797037,0,6,0,18944,0,1508962304
9324,4843758698,91304,4843850002,0,0,0,19968,0,9910489088
9325,4844305048,107276,4844412324,0,1,0,52224,0,6156365824
9326,4844570647,41132,4844611779,0,6,1,66560,0,5590089728
9327,4844605398,5454,4844610852,0,7,1,13824,0,4866465792
9328,4844678066,3422,4844681488,0,7,1,3584,0,3109908480
9329,4845422089,43904,4845465993,0,0,0,512,0,3602644992
9330,4845639600,103220,4845742820,0,5,0,38912,0,4827090944
9331,4847194546,114140,4847308686,0,5,0,74752,0,7353323520
9332,4848658372,104468,4848762840,0,2,0,43008,0,5268463616
9333,4849079222,114140,4849193362,0,6,0,74752,0,5825970176
9334,4850004827,109460,4850114287,0,1,0,59392,0,6974799872
9335,4850088937,45596,4850134533,0,7,0,1024,0,7526805504
9336,4850433702,90056,4850523758,0,7,0,15872,0,9525563392
9337,4851311172,54056,4851365228,0,4,0,3584,0,7731130368
9338,4851939766,57440,4851997206,0,3,0,4608,0,3315732480
9339,4851979310,43904,4852023214,0,6,0,512,0,409554944
9340,4854829198,95288,4854924486,0,6,0,17920,0,3702083584
9341,4855177911,96560,4855274471,0,0,0,27136,0,5647679488
9342,4855286835,43904,4855330739,0,7,0,512,0,1945468928
9343,4855483175,43904,4855527079,0,7,0,512,0,1019199488
9344,4855757722,97340,4855855062,0,1,0,29696,0,4237770752
9345,4856933128,128336,4857061464,0,7,0,121344,0,3750633472
9346,4857822712,93752,4857916464,0,3,0,17920,0,5472718848
9347,4859516353,43904,4859560257,0,0,0,512,0,8672325632
9348,4859601947,104468,4859706415,0,4,0,43008,0,2925518848
9349,4859790082,50672,4859840754,0,1,0,2560,0,2140024832
9350,4859816828,43904,4859860732,0,4,0,512,0,8738500608
9351,4861673361,47288,4861720649,0,4,0,1536,0,1771913216
9352,4862278313,111800,4862390113,0,2,0,67072,0,5139623936
9353,4862348621,43904,4862392525,0,5,0,512,0,737419264
9354,4862817019,89768,4862906787,0,1,0,19968,0,10330849280
9355,4863215441,118352,4863333793,0,5,0,88576,0,2402459648
9356,4863285577,65076,4863350653,0,5,0,512,0,9240293376
9357,4864044510,47288,4864091798,0,3,0,1536,0,10580611072
9358,4864107446,97472,4864204918,0,1,0,25088,0,2726785024
9359,4864349134,45596,4864394730,0,5,0,1024,0,9634177024
9360,4864647959,48980,4864696939,0,2,0,2048,0,5720731648
9361,4865269339,87896,4865357235,0,1,0,13824,0,5915656192
9362,4865877345,43904,4865921249,0,7,0,512,0,7019323392
9363,4866550313,52364,4866602677,0,5,0,3072,0,4680663040
9364,4866592589,43904,4866636493,0,2,0,512,0,1503539200
9365,4866748162,43904,4866792066,0,2,0,512,0,10337673216
9366,4867312316,3128,4867315444,0,3,1,9216,0,8590049280
9367,4867370248,5326,4867375574,0,7,1,5632,0,7566073856
9368,4868400264,101660,4868501924,0,2,0,33792,0,3673239552
9369,4868598214,52364,4868650578,0,1,0,3072,0,10314391552
9370,4868637605,43904,4868681509,0,3,0,512,0,7320358912
9371,4868889549,43904,4868933453,0,3,0,512,0,9478549504
9372,4869735710,55748,4869791458,0,0,0,4096,0,6571634688
9373,4869846692,43904,4869890596,0,7,0,512,0,9902968832
9374,4871922112,50672,4871972784,0,1,0,2560,0,5712486400
9375,4872346035,101816,4872447851,0,5,0,34304,0,10297290752
9376,4872979740,54056,4873033796,0,7,0,3584,0,4819734528
9377,4873356535,124592,4873481127,0,3,0,109056,0,6973558784
9378,4874225256,108368,4874333624,0,4,0,55808,0,4317245440
9379,4874486813,176984,4874663797,0,5,0,144896,0,3218751488
9380,4874905645,110396,4875016041,0,3,0,62464,0,7510683648
9381,4874951489,193556,4875145045,0,6,0,174080,0,7612825600
9382,4874970866,185909,4875156775,0,6,0,14848,0,6110064640
9383,4877033296,43904,4877077200,0,6,0,512,0,5293170688
9384,4877223808,43904,4877267712,0,7,0,512,0,9701203968
9385,4877876291,50672,4877926963,0,5,0,2560,0,1708101632
9386,4877905191,92552,4877997743,0,0,0,24064,0,9726017536
9387,4878548767,95468,4878644235,0,0,0,23552,0,4317683712
9388,4878744373,93152,4878837525,0,7,0,20992,0,6732619776
9389,4878872352,115388,4878987740,0,3,0,78848,0,5670522880
9390,4879525606,3422,4879529028,0,7,1,3584,0,10349703168
9391,4879624304,48980,4879673284,0,3,0,2048,0,3186147328
9392,4879628528,11274,4879639802,0,2,1,18432,0,8854159360
9393,4880040059,23637,4880063696,0,2,1,42496,0,7199166464
9394,4880407606,43904,4880451510,0,7,0,512,0,8874496000
9395,4880567752,84512,4880652264,0,4,0,12800,0,6016831488
9396,4880780845,74608,4880855453,0,4,1,121856,0,809132032
9397,4881194011,110708,4881304719,0,2,0,63488,0,8402677760
9398,4881661207,566,4881661773,0,6,1,512,0,2445541376
9399,4881818506,2470,4881820976,0,1,1,2560,0,3770470400
9400,4883023722,2946,4883026668,0,2,1,3072,0,7381618688
9401,4883206817,13512,4883220329,0,1,1,26112,0,8777723904
9402,4883375572,3387,4883378959,0,1,1,9728,0,3017674752
9403,4883976913,1518,4883978431,0,1,1,1536,0,3673120768
9404,4885253696,1994,4885255690,0,4,1,2048,0,9956454400
9405,4885478869,10241,4885489110,0,6,1,16384,0,7821570048
9406,4885504957,7230,4885512187,0,6,1,7680,0,2585116672
9407,4885930996,566,4885931562,0,6,1,512,0,1409368064
9408,4886633109,566,4886633675,0,1,1,512,0,3824107520
9409,4886861459,566,4886862025,0,2,1,512,0,9892667392
9410,4886958189,566,4886958755,0,2,1,512,0,4513828864
9411,4887797954,3645,4887801599,0,6,1,10240,0,2943197184
9412,4887906032,4937,4887910969,0,2,1,12800,0,7211352064
9413,4888257187,566,4888257753,0,2,1,512,0,5150818304
9414,4889732610,3128,4889735738,0,1,1,9216,0,8993918976
9415,4889753947,5802,4889759749,0,4,1,6144,0,9046765568
9416,4890089614,3422,4890093036,0,4,1,3584,0,8443113472
9417,4890120766,3898,4890124664,0,2,1,4096,0,6596608000
9418,4890176913,4850,4890181763,0,2,1,5120,0,5376999424
9419,4890222087,14287,4890236374,0,2,1,27648,0,6809874432
9420,4890439210,566,4890439776,0,2,1,512,0,8397012992
9421,4890495194,3422,4890498616,0,4,1,3584,0,6849802240
9422,4893031482,91280,4893122762,0,5,0,14848,0,2808963072
9423,4893064114,43904,4893108018,0,4,0,512,0,6888693760
9424,4894107097,151604,4894258701,0,0,0,137216,0,9580802048
9425,4894563621,116324,4894679945,0,4,0,81920,0,3247706112
9426,4894646929,43904,4894690833,0,3,0,512,0,6560714752
9427,4895011041,76052,4895087093,0,7,0,10240,0,6358872064
9428,4895523918,43904,4895567822,0,3,0,512,0,9210195968
9429,4895612206,112580,4895724786,0,4,0,69632,0,10729414656
9430,4895757594,59132,4895816726,0,2,0,5120,0,5737873408
9431,4896045923,566,4896046489,0,4,1,512,0,3508076544
9432,4896493691,92996,4896586687,0,4,0,20480,0,6889771008
9433,4896659233,84512,4896743745,0,1,0,12800,0,4857524224
9434,4896751494,45596,4896797090,0,2,0,1024,0,1898680320
9435,4896997304,92840,4897090144,0,2,0,19968,0,7483539456
9436,4897197832,45596,4897243428,0,1,0,1024,0,7380979712
9437,4898350933,98072,4898449005,0,7,0,22016,0,972443648
9438,4898763122,124436,4898887558,0,3,0,108544,0,745631744
9439,4898766231,62516,4898828747,0,2,0,6144,0,2330300416
9440,4899292635,43904,4899336539,0,2,0,512,0,7379402752
9441,4899334365,125840,4899460205,0,1,0,113152,0,155680768
9442,4899758115,102128,4899860243,0,0,0,35328,0,2840506368
9443,4900214359,102284,4900316643,0,1,0,35840,0,1559367680
9444,4900533032,1518,4900534550,0,6,1,1536,0,2598453248
9445,4900721669,94556,4900816225,0,6,0,25600,0,6740119552
9446,4901591020,82820,4901673840,0,4,0,12288,0,8835072000
9447,4901604948,2470,4901607418,0,2,1,2560,0,373719040
9448,4902505213,2470,4902507683,0,1,1,2560,0,5220167680
9449,4902653791,103532,4902757323,0,3,0,39936,0,8757227520
9450,4902996756,112424,4903109180,0,0,0,69120,0,10259664896
9451,4903048160,54056,4903102216,0,1,0,3584,0,4397383680
9452,4903131344,3645,4903134989,0,2,1,10240,0,7037329408
9453,4903205736,1042,4903206778,0,2,1,1024,0,5519613952
9454,4903536353,12995,4903549348,0,1,1,25088,0,8481693696
9455,4903653206,566,4903653772,0,2,1,512,0,10608050176
9456,4903777286,107432,4903884718,0,2,0,52736,0,10601324544
9457,4903899400,4374,4903903774,0,2,1,4608,0,3612311552
9458,4904138832,5802,4904144634,0,1,1,6144,0,3958788096
9459,4904438220,1994,4904440214,0,2,1,2048,0,6074085376
9460,4904469828,47288,4904517116,0,1,0,1536,0,7656538112
9461,4904647943,4374,4904652317,0,0,1,4608,0,4391751680
9462,4905200848,47288,4905248136,0,6,0,1536,0,7251963904
9463,4905238988,48980,4905287968,0,0,0,2048,0,8287227904
9464,4905283744,99032,4905382776,0,0,0,30208,0,3138355200
9465,4906298425,94532,4906392957,0,0,0,20480,0,4028784640
9466,4906428812,104312,4906533124,0,7,0,42496,0,2028998656
9467,4907054590,102128,4907156718,0,7,0,35328,0,8689176576
9468,4907081171,120224,4907201395,0,4,0,94720,0,10554769408
9469,4908073505,43904,4908117409,0,4,0,512,0,10044469248
9470,4908090794,7230,4908098024,0,1,1,7680,0,8354271232
9471,4908986751,43904,4909030655,0,1,0,512,0,3054313472
9472,4909180016,1518,4909181534,0,2,1,1536,0,7558467584
9473,4909719815,4937,4909724752,0,0,1,12800,0,1262284800
9474,4909820329,113984,4909934313,0,2,0,74240,0,10014167040
9475,4910012526,94712,4910107238,0,3,0,26112,0,6580633600
9476,4910134646,94712,4910229358,0,6,0,26112,0,7661010944
9477,4910186701,113679,4910300380,0,6,0,31232,0,780419072
9478,4910801852,4374,4910806226,0,0,1,4608,0,7958921216
9479,4910992165,11274,4911003439,0,2,1,18432,0,6604292096
9480,4911076252,1518,4911077770,0,2,1,1536,0,4725035008
9481,4911136607,566,4911137173,0,2,1,512,0,7282925568
9482,4911234146,106496,4911340642,0,3,0,49664,0,6201094144
9483,4911286613,4850,4911291463,0,2,1,5120,0,4724961280
9484,4912024755,108836,4912133591,0,6,0,57344,0,1865625600
9485,4913705968,45596,4913751564,0,7,0,1024,0,1904144384
9486,4913988129,92684,4914080813,0,0,0,19456,0,6164471808
9487,4914109970,43904,4914153874,0,2,0,512,0,7892594688
9488,4914482827,74360,4914557187,0,1,0,9728,0,4063162368
9489,4914726642,69284,4914795926,0,0,0,8192,0,10312642560
9490,4914799226,93332,4914892558,0,4,0,26624,0,9453092864
9491,4915711378,123032,4915834410,0,2,0,103936,0,5501136896
9492,4916775903,60824,4916836727,0,4,0,5632,0,1682075648
9493,4917622218,6278,4917628496,0,2,1,6656,0,4241596416
9494,4917882962,4162,4917887124,0,0,1,11264,0,4817629184
9495,4917924836,2470,4917927306,0,0,1,2560,0,9384722432
9496,4917956122,108337,4918064459,0,0,0,512,0,4513095680
9497,4919067977,4850,4919072827,0,6,1,5120,0,3387703296
9498,4919121711,52364,4919174075,0,6,0,3072,0,8427368448
9499,4919175882,82820,4919258702,0,1,0,12288,0,960307200
9500,4919212229,12995,4919225224,0,0,1,25088,0,5777838080
9501,4919221571,115113,4919336684,0,1,0,60416,0,8160890880
9502,4919318842,113434,4919432276,0,1,0,18944,0,3159093248
9503,4919560899,5802,4919566701,0,0,1,6144,0,4325163008
9504,4919674134,12308,4919686442,0,0,1,20480,0,162623488
9505,4919775676,115076,4919890752,0,3,0,77824,0,7502405632
9506,4920277075,1994,4920279069,0,0,1,2048,0,10583580672
9507,4920329985,43904,4920373889,0,1,0,512,0,4278259712
9508,4920387975,113360,4920501335,0,2,0,72192,0,7659544576
9509,4920535961,1518,4920537479,0,4,1,1536,0,1789935616
9510,4920658444,566,4920659010,0,6,1,512,0,3808948224
9511,4920732156,43904,4920776060,0,3,0,512,0,6675959808
9512,4920782243,3387,4920785630,0,0,1,9728,0,4506783744
9513,4920892535,2946,4920895481,0,4,1,3072,0,7061876736
9514,4920965290,1994,4920967284,0,6,1,2048,0,2210246656
9515,4921147665,106808,4921254473,0,2,0,50688,0,9152167936
9516,4921364797,59132,4921423929,0,1,0,5120,0,9642921984
9517,4922764307,94244,4922858551,0,4,0,24576,0,7941283840
9518,4923155327,43904,4923199231,0,7,0,512,0,10658250752
9519,4924163027,93800,4924256827,0,3,0,28160,0,9860231168
9520,4925438086,95132,4925533218,0,1,0,17408,0,3552919552
9521,4925811080,43904,4925854984,0,2,0,512,0,1385005056
9522,4925937346,103844,4926041190,0,0,0,40960,0,2591080448
9523,4926672339,43904,4926716243,0,6,0,512,0,1038217216
9524,4926700308,115544,4926815852,0,0,0,79360,0,468525056
9525,4928587940,97004,4928684944,0,0,0,23552,0,2763804672
9526,4929081771,43904,4929125675,0,7,0,512,0,6532796416
9527,4929331551,208064,4929539615,0,2,0,221696,0,4381642752
9528,4929588108,116636,4929704744,0,2,0,82944,0,6256701440
9529,4929780971,100724,4929881695,0,7,0,30720,0,1203822592
9530,4930226932,50672,4930277604,0,6,0,2560,0,4624990208
9531,4930340010,193400,4930533410,0,2,0,173568,0,3408912384
9532,4930890493,192152,4931082645,0,7,0,169472,0,10594656256
9533,4930917853,43904,4930961757,0,3,0,512,0,7421075456
9534,4931580236,89900,4931670136,0,3,0,15360,0,8657498112
9535,4931742008,103376,4931845384,0,2,0,39424,0,9876623360
9536,4932897271,45596,4932942867,0,4,0,1024,0,9916833792
9537,4933266442,119912,4933386354,0,2,0,93696,0,10703376384
9538,4933576754,65900,4933642654,0,1,0,7168,0,1648611328
9539,4934024826,93596,4934118422,0,6,0,17408,0,5312794624
9540,4934526182,106028,4934632210,0,7,0,48128,0,6861365248
9541,4934623470,70976,4934694446,0,1,0,8704,0,4987940864
9542,4934853512,108524,4934962036,0,2,0,56320,0,1633173504
9543,4934919940,6488,4934926428,0,6,1,15872,0,5707980800
9544,4935002225,5802,4935008027,0,1,1,6144,0,1739833344
9545,4935077843,43904,4935121747,0,1,0,512,0,5918908416
9546,4935157493,1994,4935159487,0,4,1,2048,0,6314258432
9547,4935238652,566,4935239218,0,0,1,512,0,7444598784
9548,4935326583,2946,4935329529,0,1,1,3072,0,9741799424
9549,4935340454,114764,4935455218,0,3,0,76800,0,4391673856
9550,4935341010,89900,4935430910,0,6,0,15360,0,8117252096
9551,4935812703,45596,4935858299,0,6,0,1024,0,1536258048
9552,4937280473,4374,4937284847,0,0,1,4608,0,4528209920
9553,4937337848,43904,4937381752,0,2,0,512,0,7338762240
9554,4937544671,43904,4937588575,0,1,0,512,0,4247134208
9555,4937718571,103532,4937822103,0,3,0,39936,0,2724139008
9556,4938135212,105092,4938240304,0,7,0,45056,0,5076258816
9557,4938712058,100412,4938812470,0,1,0,29696,0,1028104192
9558,4939174980,43904,4939218884,0,3,0,512,0,7875125248
9559,4939507037,43904,4939550941,0,0,0,512,0,5218103296
9560,4939729833,82820,4939812653,0,6,0,12288,0,10324705280
9561,4939777249,62516,4939839765,0,4,0,6144,0,10674950144
9562,4939787857,135434,4939923291,0,4,0,57344,0,2243371008
9563,4939981203,57440,4940038643,0,4,0,4608,0,5107691520
9564,4940002300,62416,4940064716,0,4,1,101376,0,5941374976
9565,4940434393,1518,4940435911,0,1,1,1536,0,3150639104
9566,4940962837,45596,4941008433,0,6,0,1024,0,4585672704
9567,4941275506,43904,4941319410,0,7,0,512,0,10257948672
9568,4941426903,45596,4941472499,0,0,0,1024,0,5855641600
9569,4942201322,43904,4942245226,0,3,0,512,0,5139914752
9570,4942203112,47288,4942250400,0,4,0,1536,0,1930211328
9571,4942574654,102440,4942677094,0,4,0,36352,0,6368489472
9572,4944636283,43904,4944680187,0,0,0,512,0,8515735552
9573,4944702296,47288,4944749584,0,1,0,1536,0,1438240768
9574,4944762213,2470,4944764683,0,1,1,2560,0,3208642560
9575,4944775348,2470,4944777818,0,9,1,2560,0,2211975168
9576,4945516159,101660,4945617819,0,1,0,33792,0,5308481536
9577,4946063929,127868,4946191797,0,7,0,119808,0,1118679040
9578,4946193459,95156,4946288615,0,4,0,22528,0,4753924096
9579,4946480022,79436,4946559458,0,4,0,11264,0,1839824896
9580,4946671577,102752,4946774329,0,7,0,37376,0,4911181824
9581,4947369982,47288,4947417270,0,2,0,1536,0,9710727168
9582,4947738051,43904,4947781955,0,3,0,512,0,10444886016
9583,4948284795,48980,4948333775,0,4,0,2048,0,9493217280
9584,4949062239,90860,4949153099,0,6,0,23552,0,10218405888
9585,4950907961,43904,4950951865,0,7,0,512,0,8868126720
9586,4952001436,105404,4952106840,0,1,0,46080,0,6905966592
9587,4952081193,122876,4952204069,0,3,0,103424,0,7144873984
9588,4954442561,4850,4954447411,0,9,1,5120,0,4719325184
9589,4954942383,4850,4954947233,0,0,1,5120,0,5590233088
9590,4955231507,11274,4955242781,0,8,1,18432,0,9191735296
9591,4955343700,3128,4955346828,0,0,1,9216,0,9742176256
9592,4955524572,24154,4955548726,0,8,1,43520,0,5298077696
9593,4955724080,2470,4955726550,0,0,1,2560,0,1523142656
9594,4955748464,2470,4955750934,0,8,1,2560,0,6727802880
9595,4956046134,1994,4956048128,0,8,1,2048,0,9402331136
9596,4956146126,566,4956146692,0,0,1,512,0,8614694912
9597,4956417163,3422,4956420585,0,4,1,3584,0,6576996352
9598,4956629851,2870,4956632721,0,0,1,8704,0,9063477248
9599,4957625394,4374,4957629768,0,8,1,4608,0,7710007296
9600,4957965247,7706,4957972953,0,4,1,8192,0,5455355904
9601,4958396701,1042,4958397743,0,7,1,1024,0,1997946880
9602,4958597043,5712,4958602755,0,0,1,14336,0,1262792704
9603,4959002941,5802,4959008743,0,0,1,6144,0,6568054784
9604,4959182386,7230,4959189616,0,4,1,7680,0,2372726784
9605,4959268345,566,4959268911,0,7,1,512,0,5064142848
9606,4959493960,2946,4959496906,0,4,1,3072,0,3736190976
9607,4960266516,3645,4960270161,0,7,1,10240,0,6428786688
9608,4960395418,1994,4960397412,0,0,1,2048,0,6617219072
9609,4967066671,33075,4967099746,0,4,1,54272,0,10604326912
9610,4967126563,2470,4967129033,0,0,1,2560,0,7208321024
9611,4967574463,1042,4967575505,0,0,1,1024,0,829788160
9612,4967907764,2946,4967910710,0,8,1,3072,0,7482716160
9613,4968667436,1518,4968668954,0,8,1,1536,0,5580980224
9614,4968908017,1994,4968910011,0,0,1,2048,0,3244969984
9615,4969550236,2946,4969553182,0,7,1,3072,0,2297856000
9616,4969711115,4162,4969715277,0,2,1,11264,0,3524272128
9617,4970017592,5802,4970023394,0,0,1,6144,0,1936461824
9618,4970214883,1042,4970215925,0,2,1,1024,0,2941136896
9619,4970465794,2470,4970468264,0,2,1,2560,0,7849897984
9620,4970471065,1994,4970473059,0,1,1,2048,0,4160204800
9621,4970788041,2946,4970790987,0,1,1,3072,0,4879167488
9622,4971377379,566,4971377945,0,0,1,512,0,301563904
9623,4971434303,566,4971434869,0,7,1,512,0,4029714432
9624,4972640702,3422,4972644124,0,8,1,3584,0,2621169664
9625,4972939942,1042,4972940984,0,7,1,1024,0,5107331072
9626,4973625150,3387,4973628537,0,2,1,9728,0,9062322176
9627,4973702286,3422,4973705708,0,5,1,3584,0,710868992
9628,4973791553,5802,4973797355,0,1,1,6144,0,6110101504
9629,4974170539,4937,4974175476,0,5,1,12800,0,506896384
9630,4974246964,1518,4974248482,0,1,1,1536,0,4621217792
9631,4975223494,566,4975224060,0,1,1,512,0,1313501184
9632,4975699424,3645,4975703069,0,7,1,10240,0,9240109056
9633,4976109212,4420,4976113632,0,0,1,11776,0,5744939008
9634,4976335695,3898,4976339593,0,5,1,4096,0,6045593600
9635,4976519388,2470,4976521858,0,5,1,2560,0,7930601472
9636,4976555265,566,4976555831,0,2,1,512,0,247934976
9637,4976592917,1994,4976594911,0,2,1,2048,0,4279402496
9638,4976695874,566,4976696440,0,2,1,512,0,10620682240
9639,4976855137,566,4976855703,0,7,1,512,0,1894612992
9640,4977056867,2470,4977059337,0,0,1,2560,0,676102144
9641,4977138288,2946,4977141234,0,2,1,3072,0,4591710208
9642,4978078846,5326,4978084172,0,5,1,5632,0,6608150528
9643,4978158617,6754,4978165371,0,7,1,7168,0,2751086592
9644,4978229086,1042,4978230128,0,2,1,1024,0,78770176
9645,4979335877,1042,4979336919,0,0,1,1024,0,8973312000
9646,4979696195,1518,4979697713,0,7,1,1536,0,1909604352
9647,4979796840,13600,4979810440,0,2,1,23040,0,1654796288
9648,4980476869,1994,4980478863,0,2,1,2048,0,994013184
9649,4981041976,7230,4981049206,0,8,1,7680,0,8111464448
9650,4981202164,42166,4981244330,0,1,1,68608,0,7561523200
9651,4981487477,4850,4981492327,0,7,1,5120,0,4810686464
9652,4981535225,107120,4981642345,0,3,0,51712,0,10420506624
9653,4981637737,2470,4981640207,0,1,1,2560,0,148295680
9654,4981678785,84512,4981763297,0,4,0,12800,0,8270159872
9655,4981739934,45596,4981785530,0,2,0,1024,0,1204977664
9656,4981798242,3422,4981801664,0,1,1,3584,0,10208346112
9657,4981927247,4374,4981931621,0,7,1,4608,0,1975582720
9658,4982371186,11274,4982382460,0,1,1,18432,0,1917063168
9659,4982595972,43904,4982639876,0,4,0,512,0,8368463872
9660,4982730035,82820,4982812855,0,2,0,12288,0,605286400
9661,4982934260,43904,4982978164,0,6,0,512,0,3478667264
9662,4983028401,60824,4983089225,0,2,0,5632,0,605990912
9663,4983031603,54617,4983086220,0,8,1,89600,0,5530402816
9664,4983532638,5326,4983537964,0,7,1,5632,0,9380397056
9665,4983627165,20624,4983647789,0,2,1,33280,0,4861698048
9666,4983636053,1518,4983637571,0,5,1,1536,0,10185539584
9667,4983876514,47288,4983923802,0,2,0,1536,0,8575332352
9668,4983925810,11016,4983936826,0,5,1,17920,0,7620333568
9669,4984571883,104000,4984675883,0,6,0,41472,0,6696488960
9670,4984594394,5712,4984600106,0,2,1,14336,0,6423207936
9671,4984641086,5326,4984646412,0,0,1,5632,0,9820409856
9672,4984677812,5802,4984683614,0,5,1,6144,0,5973356544
9673,4984699950,43904,4984743854,0,1,0,512,0,7061229568
9674,4984713605,43904,4984757509,0,0,0,512,0,6994153472
9675,4984732401,566,4984732967,0,1,1,512,0,9438584832
9676,4984851466,95780,4984947246,0,0,0,24576,0,4889305088
9677,4984963166,6488,4984969654,0,5,1,15872,0,8477278208
9678,4984997828,104936,4985102764,0,1,0,44544,0,1409462272
9679,4985009737,43904,4985053641,0,0,0,512,0,3713556480
9680,4985414591,54056,4985468647,0,0,0,3584,0,6965612544
9681,4985604633,69284,4985673917,0,1,0,8192,0,6993772544
9682,4985654370,109616,4985763986,0,4,0,59904,0,9389121536
9683,4985984460,118040,4986102500,0,4,0,87552,0,10526625792
9684,4986325611,99944,4986425555,0,6,0,28160,0,1992036352
9685,4986537649,45596,4986583245,0,1,0,1024,0,10484928512
9686,4986902562,123500,4987026062,0,2,0,105472,0,1330335744
9687,4987217820,117884,4987335704,0,0,0,87040,0,2564112384
9688,4987676033,101660,4987777693,0,1,0,33792,0,9773871104
9689,4990163293,48980,4990212273,0,7,0,2048,0,4566851584
9690,4990792365,67592,4990859957,0,4,0,7680,0,5836873728
9691,4990967407,47288,4991014695,0,6,0,1536,0,3766718464
9692,4991059218,43904,4991103122,0,2,0,512,0,3399462912
9693,4991363384,43904,4991407288,0,0,0,512,0,3666075648
9694,4991930890,43904,4991974794,0,6,0,512,0,3123388416
9695,4992781681,48980,4992830661,0,2,0,2048,0,4138004480
9696,4994985990,43904,4995029894,0,1,0,512,0,9696964608
9697,4995611910,102440,4995714350,0,0,0,36352,0,2118881280
9698,4997000052,52364,4997052416,0,4,0,3072,0,9474670592
9699,4997197912,43904,4997241816,0,6,0,512,0,7262969856
9700,4998158141,65900,4998224041,0,6,0,7168,0,9444773888
9701,4998470846,101504,4998572350,0,2,0,33280,0,3544084480
9702,4999079256,107744,4999187000,0,0,0,53760,0,2131177472
9703,4999574833,100724,4999675557,0,2,0,30720,0,9055641600
9704,4999678942,43904,4999722846,0,0,0,512,0,7891738624
9705,4999745169,180368,4999925537,0,0,0,145920,0,3254534144
9706,4999783738,165025,4999948763,0,0,0,14336,0,3919622144
9707,5000037801,6754,5000044555,0,0,1,7168,0,375586816
9708,5000134039,94556,5000228595,0,5,0,25600,0,6541328384
9709,5000440821,91796,5000532617,0,2,0,26624,0,10313494528
9710,5000987368,43904,5001031272,0,0,0,512,0,2208636928
9711,5001346487,1518,5001348005,0,1,1,1536,0,6763302912
9712,5001746315,48980,5001795295,0,6,0,2048,0,7592042496
9713,5002084395,104156,5002188551,0,4,0,41984,0,5634883584
9714,5002216579,1518,5002218097,0,7,1,1536,0,8492208128
9715,5002571102,3422,5002574524,0,5,1,3584,0,10415972352
9716,5002593022,61124,5002654146,0,8,1,98816,0,8831668224
9717,5003016062,60824,5003076886,0,2,0,5632,0,5566623744
9718,5003159567,79436,5003239003,0,5,0,11264,0,10010222592
9719,5003814925,2470,5003817395,0,8,1,2560,0,6462529536
9720,5003954457,1994,5003956451,0,2,1,2048,0,9151115264
9721,5004031566,3898,5004035464,0,2,1,4096,0,9431465984
9722,5004617891,13253,5004631144,0,5,1,25600,0,2545061888
9723,5004655650,1518,5004657168,0,2,1,1536,0,9499176960
9724,5004873965,4679,5004878644,0,2,1,12288,0,10760192
9725,5006125301,1994,5006127295,0,2,1,2048,0,3426963456
9726,5006265314,1994,5006267308,0,7,1,2048,0,1252356096
9727,5006490214,566,5006490780,0,7,1,512,0,4052418560
9728,5006578278,5802,5006584080,0,5,1,6144,0,5263880192
9729,5007701935,566,5007702501,0,5,1,512,0,1852542976
9730,5008234845,5712,5008240557,0,1,1,14336,0,1840812032
9731,5008609180,566,5008609746,0,7,1,512,0,3861929984
9732,5008784496,2870,5008787366,0,8,1,8704,0,3853750272
9733,5021223553,5454,5021229007,0,8,1,13824,0,6993117184
9734,5022145845,566,5022146411,0,7,1,512,0,1265664
9735,5023132052,1042,5023133094,0,1,1,1024,0,1888403456
9736,5023298516,1994,5023300510,0,2,1,2048,0,4144336896
9737,5023689099,2470,5023691569,0,2,1,2560,0,2123866112
9738,5024955137,566,5024955703,0,5,1,512,0,7462612992
9739,5026057951,566,5026058517,0,7,1,512,0,5041229824
9740,5026105832,1518,5026107350,0,2,1,1536,0,4305596416
9741,5026436744,566,5026437310,0,2,1,512,0,5090463744
9742,5027072006,566,5027072572,0,1,1,512,0,547614720
9743,5027162380,1994,5027164374,0,2,1,2048,0,6344359936
9744,5027263302,5326,5027268628,0,2,1,5632,0,3824099328
9745,5027330465,26479,5027356944,0,4,1,48128,0,5478739968
9746,5027797715,2946,5027800661,0,2,1,3072,0,6204915712
9747,5027971201,1994,5027973195,0,4,1,2048,0,10525442048
9748,5028838105,1518,5028839623,0,4,1,1536,0,7068024832
9749,5029316265,2946,5029319211,0,1,1,3072,0,7444353024
9750,5029351643,4420,5029356063,0,5,1,11776,0,2555211776
9751,5029503118,20882,5029524000,0,5,1,33792,0,4492713984
9752,5029526559,73487,5029600046,0,2,1,122880,0,2324623360
9753,5030845138,1518,5030846656,0,2,1,1536,0,9508753408
9754,5030905676,4374,5030910050,0,7,1,4608,0,9299259392
9755,5030988754,1518,5030990272,0,7,1,1536,0,2261422080
9756,5031910732,3898,5031914630,0,5,1,4096,0,4413751296
9757,5032186395,3128,5032189523,0,7,1,9216,0,3392397312
9758,5044139525,50672,5044190197,0,4,0,2560,0,10704470016
9759,5046039554,82820,5046122374,0,5,0,12288,0,6687801344
9760,5046364898,79436,5046444334,0,7,0,11264,0,5912195072
9761,5046388634,59132,5046447766,0,0,0,5120,0,3086004224
9762,5047267486,104780,5047372266,0,0,0,44032,0,9485111296
9763,5047563886,43904,5047607790,0,1,0,512,0,2436448256
9764,5047696046,93284,5047789330,0,6,0,16384,0,5069594624
9765,5048081786,43904,5048125690,0,7,0,512,0,7612301312
9766,5048116700,43904,5048160604,0,6,0,512,0,196739072
9767,5048184882,48980,5048233862,0,6,0,2048,0,4002349056
9768,5049652548,106964,5049759512,0,1,0,51200,0,5497131008
9769,5049936864,116168,5050053032,0,6,0,81408,0,7340113920
9770,5050774292,43904,5050818196,0,7,0,512,0,6180864
9771,5051487065,102440,5051589505,0,2,0,36352,0,4835434496
9772,5051552461,43904,5051596365,0,6,0,512,0,2300973056
9773,5051649175,64208,5051713383,0,6,0,6656,0,4879831040
9774,5051741105,52364,5051793469,0,0,0,3072,0,1131888640
9775,5052826462,115232,5052941694,0,6,0,78336,0,10625409024
9776,5052988673,65900,5053054573,0,0,0,7168,0,8764522496
9777,5053177217,123344,5053300561,0,0,0,104960,0,10372419584
9778,5053889952,188276,5054078228,0,0,0,161792,0,7875235840
9779,5055381019,113204,5055494223,0,2,0,71680,0,3066400768
9780,5055526445,43904,5055570349,0,7,0,512,0,8820908032
9781,5056159963,105248,5056265211,0,7,0,45568,0,4325961728
9782,5056563270,105716,5056668986,0,5,0,47104,0,2863620096
9783,5056606983,94400,5056701383,0,1,0,25088,0,6469603328
9784,5057757739,92060,5057849799,0,1,0,17408,0,6351613952
9785,5058448223,43904,5058492127,0,6,0,512,0,5732311040
9786,5058619464,43904,5058663368,0,0,0,512,0,2983198720
9787,5059042485,43904,5059086389,0,5,0,512,0,10241372160
9788,5059071491,92972,5059164463,0,0,0,15360,0,3807531008
9789,5059081684,101787,5059183471,0,0,0,7168,0,4289105920
9790,5059232918,86204,5059319122,0,0,0,13312,0,9714143232
9791,5059738130,43904,5059782034,0,7,0,512,0,4494577664
9792,5060465540,48980,5060514520,0,0,0,2048,0,6004457472
9793,5060528127,43904,5060572031,0,5,0,512,0,5577080832
9794,5061857133,43904,5061901037,0,6,0,512,0,3507851264
9795,5061886460,97940,5061984400,0,5,0,26624,0,2685956096
9796,5061890577,131401,5062021978,0,5,0,7680,0,3460419584
9797,5061920133,121507,5062041640,0,5,0,512,0,10393559040
9798,5061981263,143063,5062124326,0,5,0,69120,0,10676760576
9799,5062014751,98696,5062113447,0,7,0,24064,0,1273167872
9800,5062754305,98540,5062852845,0,7,0,23552,0,723451904
9801,5062928748,102752,5063031500,0,5,0,37376,0,8237649920
9802,5065410129,105248,5065515377,0,2,0,45568,0,1150156800
9803,5067249099,101816,5067350915,0,5,0,34304,0,8317235200
9804,5068023387,132992,5068156379,0,1,0,131584,0,602644480
9805,5068391144,92528,5068483672,0,0,0,18944,0,6523678720
9806,5068580347,165140,5068745487,0,0,0,141312,0,4924391424
9807,5068712157,95444,5068807601,0,7,0,18432,0,2470326272
9808,5069228899,76052,5069304951,0,7,0,10240,0,2722975744
9809,5069249053,93596,5069342649,0,0,0,17408,0,4138659840
9810,5070421511,108368,5070529879,0,0,0,55808,0,10293870592
9811,5070550401,92552,5070642953,0,1,0,24064,0,8686444544
9812,5070718309,43904,5070762213,0,1,0,512,0,179273728
9813,5070879892,79436,5070959328,0,6,0,11264,0,7403397120
9814,5070988159,104156,5071092315,0,1,0,41984,0,6169890816
9815,5072240054,154988,5072395042,0,6,0,138240,0,2345467904
9816,5073789923,97136,5073887059,0,7,0,18944,0,381775872
9817,5073924611,128960,5074053571,0,1,0,123392,0,3409305600
9818,5075426588,112892,5075539480,0,1,0,70656,0,3820158976
9819,5075498008,92972,5075590980,0,5,0,15360,0,887885824
9820,5076423770,126620,5076550390,0,0,0,115712,0,47386624
9821,5076789289,103532,5076892821,0,5,0,39936,0,10547896320
9822,5077377054,47288,5077424342,0,5,0,1536,0,8902844416
9823,5077687962,180080,5077868042,0,2,0,150016,0,9584508928
9824,5078752813,90836,5078843649,0,6,0,18432,0,8201367552
9825,5078990402,67592,5079057994,0,2,0,7680,0,9295867904
9826,5080580243,98720,5080678963,0,7,0,29184,0,2383994880
9827,5081211830,48980,5081260810,0,0,0,2048,0,4362731520
9828,5081809557,95444,5081905001,0,5,0,18432,0,2813636608
9829,5081912760,45596,5081958356,0,1,0,1024,0,4501327872
9830,5082322334,43904,5082366238,0,2,0,512,0,9837465600
9831,5082609932,50672,5082660604,0,1,0,2560,0,5004374016
9832,5082642363,92684,5082735047,0,1,0,19456,0,7149146112
9833,5082930612,183908,5083114520,0,2,0,147456,0,3652366336
9834,5083834893,105092,5083939985,0,1,0,45056,0,6401994752
9835,5083862581,111488,5083974069,0,0,0,66048,0,7572836352
9836,5085679975,43904,5085723879,0,5,0,512,0,8870912000
9837,5085764468,45596,5085810064,0,0,0,1024,0,3037741056
9838,5085765356,99032,5085864388,0,6,0,30208,0,9637539840
9839,5085932205,43904,5085976109,0,6,0,512,0,1652850688
9840,5086442868,111800,5086554668,0,0,0,67072,0,1656254464
9841,5086716985,65900,5086782885,0,2,0,7168,0,8259375104
9842,5086741581,59132,5086800713,0,6,0,5120,0,8007409664
9843,5086845920,43904,5086889824,0,6,0,512,0,2486849536
9844,5087433413,108836,5087542249,0,6,0,57344,0,10477969408
9845,5087613227,43904,5087657131,0,2,0,512,0,3279675392
9846,5088085983,43904,5088129887,0,2,0,512,0,309583872
9847,5088439944,101972,5088541916,0,0,0,34816,0,6041448448
9848,5089023510,92240,5089115750,0,1,0,23040,0,9424076800
9849,5089754125,89588,5089843713,0,7,0,14336,0,1151291392
9850,5089979108,96980,5090076088,0,6,0,18432,0,976908288
9851,5090087221,99500,5090186721,0,0,0,31744,0,3054649344
9852,5090561427,97160,5090658587,0,2,0,24064,0,3216846848
9853,5090745648,43904,5090789552,0,0,0,512,0,8510849024
9854,5102009800,105248,5102115048,0,6,0,45568,0,808042496
9855,5102430478,79436,5102509914,0,0,0,11264,0,6557560832
9856,5102623843,43904,5102667747,0,1,0,512,0,4811616256
9857,5105094922,87896,5105182818,0,1,0,13824,0,6368485376
9858,5105151776,90368,5105242144,0,2,0,16896,0,9418297344
9859,5105349926,43904,5105393830,0,2,0,512,0,917442560
9860,5106092645,99500,5106192145,0,7,0,31744,0,3344891904
9861,5106650619,64208,5106714827,0,0,0,6656,0,2335215616
9862,5107564144,43904,5107608048,0,2,0,512,0,5476192256
9863,5107958802,95492,5108054294,0,5,0,28672,0,7470190592
9864,5108187158,90056,5108277214,0,5,0,15872,0,9393565696
9865,5108292961,89900,5108382861,0,0,0,15360,0,8922476544
9866,5108847406,67592,5108914998,0,0,0,7680,0,1458040832
9867,5108872907,43904,5108916811,0,7,0,512,0,4048039936
9868,5109193194,128648,5109321842,0,7,0,122368,0,1808723968
9869,5110043091,59132,5110102223,0,5,0,5120,0,3022729216
9870,5110071432,124436,5110195868,0,7,0,108544,0,4252499968
9871,5110591161,43904,5110635065,0,2,0,512,0,9420918784
9872,5110648500,96872,5110745372,0,7,0,28160,0,5059534848
9873,5111252788,100568,5111353356,0,7,0,30208,0,10137985024
9874,5111365672,89588,5111455260,0,0,0,14336,0,9165197312
9875,5111405798,136240,5111542038,0,0,0,71168,0,1447227392
9876,5112276210,97184,5112373394,0,0,0,29184,0,5117579264
9877,5113302495,48980,5113351475,0,2,0,2048,0,6753718272
9878,5113820609,43904,5113864513,0,5,0,512,0,4294668288
9879,5114568777,64208,5114632985,0,7,0,6656,0,3464056832
9880,5115324174,96536,5115420710,0,5,0,22016,0,2841026560
9881,5115625000,123032,5115748032,0,0,0,103936,0,6112178176
9882,5117279522,121784,5117401306,0,1,0,99840,0,9148026880
9883,5117315059,98720,5117413779,0,7,0,29184,0,2409844736
9884,5118347085,67592,5118414677,0,7,0,7680,0,3455852544
9885,5118581323,43904,5118625227,0,0,0,512,0,8655298560
9886,5118895048,124124,5119019172,0,2,0,107520,0,7151628288
9887,5119026346,217112,5119243458,0,0,0,251392,0,6695301120
9888,5119891348,72668,5119964016,0,5,0,9216,0,9505697792
9889,5119899890,94820,5119994710,0,2,0,16384,0,3841036288
9890,5121969053,103376,5122072429,0,2,0,39424,0,6184660992
9891,5123968265,198080,5124166345,0,0,0,188928,0,5403426816
9892,5124947243,48980,5124996223,0,7,0,2048,0,2297999360
9893,5125053615,57440,5125111055,0,5,0,4608,0,55664640
9894,5125169240,107120,5125276360,0,5,0,51712,0,6277922816
9895,5126009448,59132,5126068580,0,5,0,5120,0,5570281472
9896,5128135945,114608,5128250553,0,1,0,76288,0,5467295744
9897,5128459965,102440,5128562405,0,7,0,36352,0,3271344128
9898,5129372538,104000,5129476538,0,5,0,41472,0,1873326080
9899,5130352864,91748,5130444612,0,7,0,16384,0,6337806336
9900,5130528195,45596,5130573791,0,0,0,1024,0,8558452736
9901,5130677758,59132,5130736890,0,2,0,5120,0,7579246592
9902,5130899654,106496,5131006150,0,0,0,49664,0,3469975552
9903,5131411153,74360,5131485513,0,2,0,9728,0,2012688384
9904,5131962746,146528,5132109274,0,0,0,135680,0,10699898880
9905,5132347045,84512,5132431557,0,2,0,12800,0,7929245696
9906,5132628706,43904,5132672610,0,5,0,512,0,6647369728
9907,5132803670,86204,5132889874,0,7,0,13312,0,8034009088
9908,5133152101,43904,5133196005,0,0,0,512,0,1930756096
9909,5133329090,110084,5133439174,0,7,0,61440,0,7405301760
9910,5133352934,47288,5133400222,0,5,0,1536,0,4476043264
9911,5135054977,96356,5135151333,0,2,0,16384,0,227094528
9912,5135084144,62516,5135146660,0,5,0,6144,0,6825017344
9913,5136056967,67592,5136124559,0,5,0,7680,0,7297581056
9914,5136545210,104468,5136649678,0,1,0,43008,0,8255635456
9915,5136599888,92972,5136692860,0,7,0,15360,0,1265299456
9916,5136960591,70976,5137031567,0,0,0,8704,0,5611474944
9917,5137299433,93488,5137392921,0,7,0,27136,0,8274903040
9918,5138453412,101192,5138554604,0,7,0,32256,0,8633614336
9919,5139856326,48980,5139905306,0,0,0,2048,0,2697207808
9920,5141372799,52364,5141425163,0,1,0,3072,0,1921875968
9921,5141386392,47288,5141433680,0,5,0,1536,0,5291884544
9922,5141496282,79436,5141575718,0,5,0,11264,0,6567387136
9923,5141815722,104624,5141920346,0,5,0,43520,0,8316215296
9924,5142785025,76052,5142861077,0,5,0,10240,0,323440640
9925,5143485405,92084,5143577489,0,7,0,22528,0,8451883008
9926,5144885066,97496,5144982562,0,2,0,30208,0,5522558976
9927,5145138666,109460,5145248126,0,0,0,59392,0,8119373824
9928,5145206629,74360,5145280989,0,1,0,9728,0,4149821440
9929,5146050254,72668,5146122922,0,1,0,9216,0,6386884608
9930,5146062791,92216,5146155007,0,0,0,17920,0,7729541120
9931,5146838821,112580,5146951401,0,0,0,69632,0,7468179456
9932,5146876465,92972,5146969437,0,7,0,15360,0,5817475072
9933,5147045166,121316,5147166482,0,5,0,98304,0,1769619456
9934,5147501491,43904,5147545395,0,7,0,512,0,6326464512
9935,5148180047,86204,5148266251,0,5,0,13312,0,5393874944
9936,5148928963,101816,5149030779,0,7,0,34304,0,8040349696
9937,5149724759,43904,5149768663,0,0,0,512,0,162856960
9938,5150383936,107432,5150491368,0,1,0,52736,0,5996093440
9939,5150548999,43904,5150592903,0,2,0,512,0,1596395520
9940,5151927776,43904,5151971680,0,2,0,512,0,3217514496
9941,5152262953,43904,5152306857,0,5,0,512,0,5758050304
9942,5152658683,109148,5152767831,0,5,0,58368,0,117948416
9943,5152708479,54056,5152762535,0,7,0,3584,0,9181913088
9944,5152780087,54056,5152834143,0,1,0,3584,0,1827651584
9945,5153153116,43904,5153197020,0,7,0,512,0,2005012480
9946,5153383864,45596,5153429460,0,1,0,1024,0,10109558784
9947,5154295734,105404,5154401138,0,0,0,46080,0,10461921280
9948,5154497743,45596,5154543339,0,1,0,1024,0,1357815808
9949,5155006595,43904,5155050499,0,5,0,512,0,10644545536
9950,5156288191,43904,5156332095,0,7,0,512,0,6041481216
9951,5156502964,109148,5156612112,0,1,0,58368,0,10668478464
9952,5156836482,104156,5156940638,0,1,0,41984,0,8070782976
9953,5157066639,101036,5157167675,0,5,0,31744,0,1791254528
9954,5157777779,67592,5157845371,0,2,0,7680,0,6526840832
9955,5158271381,112736,5158384117,0,0,0,70144,0,9134768128
9956,5159936485,112268,5160048753,0,6,0,68608,0,1793544192
9957,5160609190,47288,5160656478,0,1,0,1536,0,10665639936
9958,5160880376,95600,5160975976,0,5,0,18944,0,2977693696
9959,5160957620,63788,5161021408,0,5,0,512,0,9484165120
9960,5160974430,45442,5161019872,0,5,0,512,0,2267697152
9961,5161449575,55748,5161505323,0,5,0,4096,0,10273730560
9962,5161471153,92972,5161564125,0,0,0,15360,0,2090803200
9963,5162424875,122876,5162547751,0,0,0,103424,0,7023337472
9964,5162632544,101036,5162733580,0,7,0,31744,0,1633673216
9965,5164341823,113204,5164455027,0,2,0,71680,0,4551155712
9966,5164776579,87896,5164864475,0,1,0,13824,0,4738883584
9967,5165613218,74360,5165687578,0,7,0,9728,0,7472087040
9968,5165645384,106964,5165752348,0,5,0,51200,0,5016432640
9969,5166281279,93776,5166375055,0,5,0,23040,0,7604121600
9970,5166660495,52364,5166712859,0,1,0,3072,0,552230912
9971,5166813160,72668,5166885828,0,0,0,9216,0,6207877120
9972,5166922454,43904,5166966358,0,1,0,512,0,1092120576
9973,5167145971,95780,5167241751,0,5,0,24576,0,4142972928
9974,5167173331,55748,5167229079,0,1,0,4096,0,5172473856
9975,5167322841,43904,5167366745,0,0,0,512,0,10214793216
9976,5168402772,43904,5168446676,0,1,0,512,0,8869015552
9977,5168680493,43904,5168724397,0,6,0,512,0,7808339968
9978,5168783200,43904,5168827104,0,7,0,512,0,5417324544
9979,5169782420,52364,5169834784,0,0,0,3072,0,1764200448
9980,5170216579,69284,5170285863,0,5,0,8192,0,10664947712
9981,5170344494,43904,5170388398,0,7,0,512,0,5691711488
9982,5171415487,111332,5171526819,0,7,0,65536,0,7800258560
9983,5171429605,91148,5171520753,0,6,0,19456,0,8623763456
9984,5171705518,97136,5171802654,0,6,0,18944,0,1824378880
9985,5171712759,43904,5171756663,0,5,0,512,0,3951697920
9986,5172637181,43904,5172681085,0,5,0,512,0,3237478400
9987,5173305630,89744,5173395374,0,6,0,14848,0,9931255808
9988,5173724935,64208,5173789143,0,2,0,6656,0,4087468032
9989,5174106622,104468,5174211090,0,1,0,43008,0,8699752448
9990,5174176240,96980,5174273220,0,0,0,18432,0,366993408
9991,5174706124,43904,5174750028,0,2,0,512,0,3169136640
9992,5175215908,129116,5175345024,0,0,0,123904,0,7394783232
9993,5175440365,48980,5175489345,0,6,0,2048,0,4466356224
9994,5175890876,92240,5175983116,0,7,0,23040,0,8701382656
9995,5175989439,104936,5176094375,0,1,0,44544,0,4026982400
9996,5176308274,102752,5176411026,0,6,0,37376,0,4233797632
9997,5176566777,110084,5176676861,0,5,0,61440,0,3889987584
9998,5177026828,50672,5177077500,0,1,0,2560,0,7997841408
9999,5177792749,104156,5177896905,0,2,0,41984,0,228487168
